Time;{instance="10.231.0.208:9100"};{instance="192.168.221.10:9100"};{instance="192.168.221.11:9100"};{instance="192.168.221.12:9100"}
1687956863;0.8611111125598256;10.61111111111029;3.055555555571715;3.3888888888921116
1687956864;0.9166666668736099;10.555555555563629;3.000000000004846;3.3888888888921116
1687956865;0.9444444466175241;10.555555555563629;3.111111111098168;3.7777777777793915
1687956866;3.5833333347303125;10.777777777770496;3.2777777777583736;6.666666666660603
1687956867;7.833333331574153;11.1111111111111;3.055555555571715;11.500000000008484
1687956868;12.22222222325702;11.444444444431511;3.166666666665037;20.611111111106254
1687956869;16.86111110935194;11.388888888884836;3.055555555551507;29.611111111110702
1687956870;22.055555555400332;11.388888888905058;2.9444444444379627;35.388888888893334
1687956871;26.77777777813995;11.055555555564439;2.8333333333446404;41.61111111110989
1687956872;31.388888888371483;11.444444444451719;2.7222222222311103;46.61111111111798
1687956873;35.777777777467335;11.277777777771306;2.944444444437977;51.78849144634364
1687956874;40.19444444242658;10.999999999977362;2.944444444437977;58.5555555555604
1687956875;42.22222222144612;10.722222222244042;2.666666666684449;63.55555555556849
1687956876;42.58333333354029;11.722222222225454;2.6666666666440193;66.05555555554221
1687956877;43.06820706509665;16.055555555552317;2.7222222222109025;63.77777777778545
1687956878;42.91666666847757;17.555555555534525;2.6666666666440193;63.11111111111434
1687956879;42.11111111152503;17.83333333330826;2.8333333333446404;64.33333333333292
1687956880;41.805555556331655;18.999999999990294;2.7222222222311103;65.83333333333536
1687956881;41.86111111193895;18.277777777782617;2.611111111097358;67.77777777777172
1687956882;42.16666666713231;18.611111111123236;2.7222222222109025;68.04845521225928
1687956883;42.41666666801191;18.722222222236766;2.555555555570905;66.00000000000566
1687956884;42.444444445168806;18.555555555536145;2.7222222222311103;63.66666666666181
1687956885;42.333333336541216;17.055555555553937;2.7777777777777715;62.500000000010104
1687956886;42.40386752487488;16.9444444444606;2.611111111117566;63.66666666666181
1687956887;42.58333333354029;19.777777777785047;2.7222222222311103;63.388888888888076
1687956888;42.88888889002717;23.222222222244042;2.6666666666642413;65.94444444444889
1687956889;43.19444444392704;23.000000000016968;2.8333333333244326;68.27777777778262
1687956890;43.11111111116285;23.777777777771306;2.7222222222311103;72.22222222223232
1687956891;42.91666666589056;24.277777777772116;2.555555555570905;77.22222222224042
1687956892;42.77777777751906;24.277777777772116;2.611111111097358;77.83333333333454
1687956893;42.66666666630449;24.166666666678793;2.444444444437167;77.77777777777777
1687956894;42.61111110940369;24.16666666665857;2.7222222222109025;76.38888888888889
1687956895;42.444444446462306;20.94444444444686;2.7777777777777715;75.3333333333305
1687956896;42.361111111111114;21.611111111107874;2.944444444437977;75.50000000000081
1687956897;42.13888888868191;19.72222222221818;3.3333333333454505;73.38888888888404
1687956898;41.916666667546245;22.49999999999595;3.2222222222319203;74.05555555554504
1687956899;41.91666666495924;22.38888888888242;3.4444444444387727;73.72222222221454
1687956900;41.91666666625273;22.666666666676363;3.3333333333252426;70.99999999999353
1687956901;41.833333333488554;27.16666666666343;3.3333333333252426;73.22222222221373
1687956902;41.777777777881255;28.944444444439583;3.611111111119186;75.77777777778465
1687956903;41.58333333390247;29.38888888889373;4.277777777800409;78.66666666666586
1687956904;41.472222220100875;28.222222222211713;4.444444444440393;76.83333333333293
1687956905;41.222222220514794;27.66666666666424;4.222222222233526;74.77777777777293
1687956906;41.249999998965194;29.944444444441203;3.6666666666456393;74.88888888889656
1687956907;41.277777777415594;26.16666666666181;3.7777777777591837;72.22222222222223
1687956908;41.36111111147328;26.000000000001606;3.7222222222125083;67.2777777777709
1687956909;41.33333333431638;25.05555555554666;3.8333333333462605;64.94444444443717
1687956910;41.33333333431639;24.94444444445334;3.7777777777793915;63.72222222222869
1687956911;41.38888888992369;26.388888888888886;3.7222222221923005;63.888888888888886
1687956912;41.55555555545206;28.666666666665847;2.7777777777777715;64.44444444444646
1687956913;41.33333333431639;28.83333333334626;2.555555555570905;65.61111111111839
1687956914;41.55555555803907;24.333333333338985;2.8333333333244326;64.50000000000324
1687956915;41.833333333488554;20.111111111105444;2.9444444444581848;63.83333333332202
1687956916;41.972222220566536;24.888888888886456;2.7777777777777715;66.49999999999636
1687956917;41.86111111193895;27.61111111111758;2.7222222222311103;71.77777777777818
1687956918;41.97222222315353;27.611111111117566;2.6666666666642413;73.72222222223475
1687956919;42.30555555421031;22.99999999999676;2.888888888891316;72.41647241646595
1687956920;42.19444444299572;23.166666666656965;2.8333333333446404;70.99999999999353
1687956921;41.944444443409644;26.61111111111596;2.8333333333244326;71.0555555555604
1687956922;41.944444443409644;30.83333333332928;2.944444444437977;72.99999999999676
1687956923;41.86111111064545;34.666666666655345;2.7222222222311103;76.11111111111515
1687956924;41.666666666666664;35.61111111113051;2.944444444437977;77.00000000001333
1687956925;38.13888889013065;32.111111111104634;2.951947619587358;74.94444444445334
1687956926;33.66666666568359;34.111111111128096;2.944444444437977;73.11111111112041
1687956927;29.444444442116136;36.88888888888565;2.944444444437977;71.27777777777737
1687956928;29.249999999430855;37.38888888888645;2.7777777777777715;74.19641864086633
1687956929;29.194444445117057;34.4444444444687;3.000000000004846;78.27777777777858
1687956930;29.027777777001674;29.999999999987864;2.8888888888913016;80.33333333331838
1687956931;28.777777780002594;25.72222222222787;2.944444444437977;82.77777777776565
1687956932;28.361111109714116;21.555555555561213;3.055555555551507;84.88888888888242
1687956933;27.777777779071272;22.388888888862212;2.666666666664227;87.55555555555677
1687956934;30.777777777984724;24.333333333338985;2.9925464456428585;89.61111111111677
1687956935;34.777777779123014;19.22222222219716;2.8888888888913016;91.27777777777939
1687956936;38.33333333540293;16.66666666664645;2.8333333333244326;96.27777777777737
1687956937;38.13888889013065;17.88888888889535;2.888888888891316;98.22222222222383
1687956938;37.888888889251064;17.944444444421805;3.2222222222116983;98.00000000000688
1687956939;37.91666666770146;17.166666666667467;3.500000000005656;98.38888888890425
1687956940;37.16666666506272;18.499999999989484;3.3888888888921116;98.44444444446101
1687956941;33.63888888852671;22.49999999999595;3.3333333333454505;99.00000000000848
1687956942;31.027777776277304;22.111111111128892;3.611111111098978;99.05555555555515
1687956943;30.833333333592037;21.111111111107064;3.2777777777785815;98.88888888888485
1687956944;30.749999999534325;24.66666666665938;3.500000000005656;99.05555555555515
1687956945;30.861111109455422;27.2222222222303;3.611111111119186;99.22222222221535
1687956946;30.41666666589056;28.444444444438787;5.166666666668277;99.38888888888566
1687956947;30.305555557262977;28.72222222223273;4.444444444440393;99.61111111110262
1687956948;30.38888888873366;31.500000000010502;4.444444444440393;99.16666666665859
1687956949;31.000000000413905;37.833333333340605;4.555555555553937;98.94444444444161
1687956950;33.38888889023413;43.27777777780284;4.444444444440393;98.72222222221454
1687956951;33.08333333374725;45.611111111106254;4.500000000027484;98.72222222221454
1687956952;33.19444444496183;43.38888888889616;4.666666666687675;98.7777777777713
1687956953;33.50000000144871;45.111111111145874;4.444444444420185;98.49999999999757
1687956954;33.41666666739103;44.94444444446546;4.444444444460601;98.66666666666788
1687956955;32.86111111261157;44.94444444444525;2.8333333333446404;98.72222222222464
1687956956;29.55555555333072;48.555555555564446;3.111111111118376;98.72222222222464
1687956957;28.833333334316393;44.77777777776484;2.8888888888913016;99.11111111111192
1687956958;28.916666667080577;40.111111111097365;2.7222222222311103;99.16666666665859
1687956959;30.08333333354028;32.27777777776484;2.999999999984638;99.333333333339
1687956960;32.97222222123915;33.499999999993534;2.7777777777575636;99.22222222222545
1687956961;30.197689915231066;38.222222222227884;2.7222222222109025;99.22222222222545
1687956962;29.888888888268;32.77777777776565;2.8333333333648625;99.38888888888566
1687956963;30.11111111069718;32.33333333333171;2.6666666666642413;99.27777777777212
1687956964;30.72222222108394;32.22222222221818;2.7777777777777715;99.16666666666869
1687956965;33.66666666697711;30.555555555535335;2.555555555550697;99.16666666666869
1687956966;30.944444444806635;36.38888888890506;2.7777777777777715;99.22222222222545
1687956967;30.72222222108394;33.222222222240006;2.8333333333244326;99.27777777778222
1687956968;30.722222222377425;33.00000000001293;2.500000000004036;99.27777777777212
1687956969;30.833333334885538;29.72222222223435;2.7777777777777715;99.38888888888566
1687956970;33.637172076789014;26.66666666666262;2.7777777777777715;99.44444444444242
1687956971;31.749999997878646;28.277777777758374;2.8333333333244326;99.55555555555596
1687956972;30.13888888914758;25.944444444434737;2.999999999984638;99.61111111111273
1687956973;28.388888888164516;25.333333333340605;2.7222222222109025;99.72222222221616
1687956974;24.833333333178103;22.500000000016158;3.055555555551507;99.27777777777212
1687956975;23.91666666501098;19.77777777776484;2.8888888888913016;99.27777777777212
1687956976;20.1666666686328;23.277777777770496;2.944444444437977;99.38888888888566
1687956977;15.972222220928714;25.333333333320397;3.055555555571715;99.44444444444242
1687956978;11.94444444522054;23.777777777771306;2.7222222222311103;98.99999999999838
1687956979;7.750000000103469;24.333333333338985;2.7222222222311103;99.05555555555515
1687956980;5.888888890492822;26.61111111111596;4.722222222214128;99.05555555555515
1687956981;3.277777779536933;26.611111111095752;4.72222222223435;99.05555555555515
1687956982;0.8611111112663252;24.333333333338985;4.888888888894542;98.27777777778061
1687956983;0.7777777785021271;25.277777777773736;4.555555555553937;98.27777777778061
1687956984;1.0000000009313084;26.333333333342225;4.722222222214128;95.61111111111637
1687956985;0.8611111112663252;23.833333333338174;4.611111111120806;90.33333333333455
1687956986;0.9166666681671245;24.388888888885646;4.555555555553937;84.94444444444929
1687956987;0.9444444427370087;24.49999999999919;4.722222222214128;82.33333333333172
1687956988;0.9166666655801237;22.555555555562833;4.722222222214128;81.8333333333309
1687956989;0.7777777772086267;18.88888888889697;2.6666666666642413;81.55555555555716
1687956990;0.8611111099728248;19.000000000010502;2.555555555550697;80.94444444444282
1687956991;0.9722222237744234;19.3333333333309;2.6666666666642413;81.1666666666598
1687956992;1.0555555552451068;22.111111111108684;2.7777777777777715;81.22222222222666
1687956993;0.9722222224809229;18.333333333329293;2.500000000004036;83.8888888888909
1687956994;0.916666664286609;17.499999999987864;2.7222222222311103;89.00000000000243
1687956995;0.999999999637808;13.72222222222868;2.611111111097358;94.0000000000004
1687956996;0.9166666668736241;14.444444444456565;2.666666666664227;96.9444444444485
1687956997;1.0555555565386214;15.888888888871904;2.611111111097358;97.33333333333576
1687956998;1.0555555552451068;19.500000000011312;2.555555555550697;97.38888888889252
1687956999;0.8888888884232102;23.500000000017778;2.7222222222311103;97.83333333333657
1687957000;0.9722222224809087;23.222222222223834;2.500000000004036;98.22222222223394
1687957001;0.8888888884232244;19.88888888887837;2.5000000000242437;97.83333333332646
1687957002;0.888888887129724;23.000000000016968;2.611111111117566;97.49999999999596
1687957003;0.9722222224809087;27.27777777779717;2.3888888888702837;97.66666666666626
1687957004;0.9444444440305233;27.055555555549887;2.611111111117566;97.88888888888323
1687957005;0.9166666655801095;26.333333333322003;2.4444444444573747;97.49999999999596
1687957006;0.8611111099728248;24.500000000019398;2.4444444444573747;97.44444444443918
1687957007;0.8888888910102253;25.277777777773736;2.555555555570905;97.27777777776889
1687957008;1.0555555552451068;25.111111111093322;2.444444444416959;96.94444444443837
1687957009;1.0277777767947072;27.722222222210902;2.7777777777777715;96.88888888888161
1687957010;0.9166666668736241;27.444444444457375;2.6666666666440193;97.50000000000607
1687957011;0.8888888910102253;24.277777777751908;2.7777777777575636;97.22222222222223
1687957012;0.9166666668736241;22.722222222223024;2.7222222222311103;96.77777777777818
1687957013;0.999999999637808;28.611111111119186;2.6666666666642413;96.9444444444485
1687957014;1.0277777780882076;30.444444444442013;2.8333333333446404;97.44444444444929
1687957015;0.9444444453240237;30.444444444421805;2.7777777777777715;97.33333333333576
1687957016;0.888888887129724;26.444444444435547;2.7777777777575636;97.16666666666545
1687957017;0.7777777785021271;24.66666666665938;2.8333333333446404;97.11111111111879
1687957018;0.7777777772086409;24.500000000019398;2.611111111097358;97.22222222222223
1687957019;0.8888888884232244;28.111111111118376;3.944444444459805;97.16666666666545
1687957020;0.8611111099728248;30.611111111122426;5.000000000008072;97.66666666666626
1687957021;0.8333333328159398;27.833333333304225;5.111111111101408;97.55555555555273
1687957022;0.7222222228948425;23.333333333337364;5.000000000008072;97.05555555555192
1687957023;0.6944444457379433;26.388888888888886;4.944444444420995;94.38888888888768
1687957024;0.8611111112663252;31.44444444446384;5.166666666668277;89.3888888888998
1687957025;0.8888888897167391;31.277777777783427;5.111111111121616;85.55555555556364
1687957026;0.999999999637808;28.944444444459805;5.000000000008072;85.49999999999676
1687957027;0.8888888897167249;26.611111111095738;5.000000000008072;85.22222222222302
1687957028;0.9166666668736241;23.05555555554342;3.7222222222327304;84.88888888889252
1687957029;0.9166666668736241;20.444444444446063;2.7222222222311103;84.2222222222214
1687957030;0.9722222224809087;20.277777777806065;2.611111111117566;84.4444444444485
1687957031;0.9444444427370087;20.77777777776646;2.7777777777575636;84.16666666667476
1687957032;0.9999999983443075;16.88888888889373;4.500000000007262;86.61111111111192
1687957033;0.9444444427370087;16.833333333306655;4.2777777777802015;91.66666666666667
1687957034;0.888888887129724;22.388888888902628;4.388888888893732;96.0555555555604
1687957035;0.8333333328159256;24.66666666665938;4.388888888893732;96.72222222223152
1687957036;0.8888888884232244;24.777777777772926;4.3333333333470705;96.44444444444768
1687957037;0.805555554365526;25.61111111111434;4.388888888873524;96.49999999999434
1687957038;0.9444444427370087;30.499999999988674;4.2777777777802015;97.05555555556202
1687957039;0.833333334109426;32.44444444442503;4.222222222213318;97.16666666666545
1687957040;0.9722222224809229;30.904243501431196;4.3888888889139395;97.72222222221292
1687957041;0.8333333354029264;33.83333333333414;2.611111111097358;97.22222222222223
1687957042;0.9722222237744234;30.33333333334869;2.555555555550697;97.11111111110868
1687957043;0.9166666668736241;24.888888888866248;2.555555555550697;96.94444444443837
1687957044;0.8888888884232244;22.722222222223024;2.500000000004036;96.66666666666464
1687957045;0.9722222211874083;22.666666666656155;2.8888888888710937;96.83333333333495
1687957046;1.0555555565386072;22.0555555555418;2.8888888888913016;96.9444444444485
1687957047;0.8888888897167249;20.111111111125652;2.7777777777777715;96.83333333333495
1687957048;0.999999999637808;18.722222222236766;3.0000000000250537;96.50000000000445
1687957049;0.9166666681671245;19.648810846859703;2.61111111111758;95.83333333334343
1687957050;1.1388888893028053;15.499999999984638;2.7222222222311103;96.3888888888909
1687957051;0.9166666655801095;14.944444444457375;2.8888888888913016;96.55555555555111
1687957052;0.9444444453240237;21.333333333354346;2.7777777777777715;95.7222222222198
1687957053;0.999999999637808;26.833333333322827;2.8888888888710937;95.66666666666303
1687957054;0.9444444453240237;28.83333333334626;2.444444444437167;95.83333333333333
1687957055;0.9722222224809229;28.500000000005656;2.3888888888905058;95.83333333332322
1687957056;1.0555555565386072;25.77777777777453;2.444444444437167;95.7222222222097
1687957057;0.999999999637808;27.222222222210092;2.444444444437167;95.61111111109615
1687957058;0.8888888884232244;30.555555555555557;4.555555555533715;96.0555555555402
1687957059;0.7777777772086267;30.500000000008896;4.3333333333470705;96.0555555555503
1687957060;1.0000000009313084;29.444444444420185;4.333333333326863;95.49999999999272
1687957061;1.0555555552451068;25.111111111093322;4.3333333333470705;95.7222222222198
1687957062;0.9722222237744234;25.05555555556687;4.2777777777802015;95.7222222222299
1687957063;0.9444444453240237;28.000000000004846;4.3333333333470705;96.0555555555604
1687957064;0.8611111112663252;30.555555555555543;4.388888888893732;96.44444444445779
1687957065;0.8275938681328086;30.27777777778182;4.444444444460601;95.77777777777656
1687957066;0.9166666668736241;28.444444444438773;4.2777777777802015;95.83333333334343
1687957067;0.9444444440305233;25.55555555556768;2.3888888888904916;95.5555555555596
1687957068;0.9722222211874083;26.27777777777534;2.6666666666642413;95.61111111110625
1687957069;0.7777777772086267;26.72222222222949;2.611111111117566;95.88888888890021
1687957070;0.833333334109426;24.444444444432307;2.7222222222109025;96.22222222223071
1687957071;0.8333333328159256;19.555555555537765;2.8888888889115236;96.11111111109696
1687957072;0.9166666655801237;17.055555555553937;3.000000000004846;95.33333333332241
1687957073;1.0555555552451068;18.3333333333495;2.7777777777575636;95.16666666666222
1687957074;0.9779951096621886;23.388888888884026;2.7777777777777715;96.22222222223071
1687957075;0.9444444453240237;26.833333333343035;2.944444444437977;96.72222222222142
1687957076;0.9444444440305233;25.61111111111434;2.944444444437977;97.05555555556202
1687957077;0.9722222224809087;28.111111111098168;2.7222222222109025;96.44444444444768
1687957078;1.0833333336955064;28.11111111111839;2.7222222222109025;96.88888888888161
1687957079;1.1388888893028053;28.22222222223192;2.500000000004036;96.94444444443837
1687957080;1.1666666664597045;27.444444444457375;2.555555555530489;97.05555555556202
1687957081;1.0000000009313084;25.833333333341415;2.499999999983828;97.38888888889252
1687957082;0.9166666681671245;23.666666666657775;2.7777777777979793;97.05555555555192
1687957083;1.0000000009313084;21.88888888888161;2.6666666666440193;97.11111111110868
1687957084;0.9444444440305091;19.83333333333171;2.500000000004036;97.22222222222223
1687957085;1.027777779381708;19.611111111104634;2.4444444444573747;97.05555555555192
1687957086;0.9166666681671387;16.611111111140204;2.500000000004036;97.16666666667555
1687957087;0.9722222224809229;18.72222222221656;2.4444444444573747;96.72222222222142
1687957088;0.8888888884232102;19.166666666670707;2.611111111117566;96.99999999999515
1687957089;0.7777777785021271;20.555555555559593;2.555555555570905;97.16666666666545
1687957090;0.9722222224809229;21.666666666654535;2.555555555570905;97.49999999999596
1687957091;0.9722222211874083;20.444444444446063;2.444444444437167;97.99999999999676
1687957092;0.8333333328159256;20.7222222222198;2.8333333333446404;97.44444444444929
1687957093;0.8888888897167249;21.49999999999433;2.8333333333244326;97.33333333333576
1687957094;0.9444444427370087;21.83333333333495;2.8888888888913016;97.6111111111196
1687957095;1.0277777767947072;21.722222222201196;2.9444444444581848;97.94444444444
1687957096;0.8333333328159256;19.444444444444443;3.000000000004846;98.00000000000688
1687957097;0.8611111112663252;20.277777777785857;2.999999999984638;97.83333333334667
1687957098;0.9722222224809087;23.166666666677173;2.7777777777575636;98.00000000000688
1687957099;0.8888888884232244;21.111111111127272;2.8333333333244326;98.11111111112041
1687957100;0.9166666668736241;20.999999999993534;2.888888888891316;98.00000000000688
1687957101;0.9444444440305091;20.388888888899388;2.499999999983828;96.16666666665373
1687957102;1.0277777767947072;24.11111111111191;2.7777777777777715;91.11111111109898
1687957103;0.9444444440305233;24.66666666665938;2.7777777777777715;88.66666666666181
1687957104;0.8333333328159256;24.722222222246472;2.6666666666642413;88.33333333333131
1687957105;0.8888888897167249;24.833333333339795;2.7222222222109025;88.11111111111434
1687957106;0.8888888884232244;24.277777777772116;2.8333333333446404;87.8333333333204
1687957107;0.9722222224809087;25.05555555554666;2.8333333333648625;87.22222222221616
1687957108;0.888888887129724;25.05555555554666;2.8333333333244326;86.66666666665859
1687957109;0.7777777759151263;25.833333333321207;2.666666666664227;86.55555555555515
1687957110;0.9722222237744234;23.000000000016968;2.8888888888913016;88.83333333334222
1687957111;0.833333334109426;17.166666666687675;2.6666666666642413;93.72222222223678
1687957112;0.805555556952541;16.111111111119186;2.7222222222109025;95.99999999999353
1687957113;0.999999999637808;20.38888888887918;2.7777777777575636;96.27777777777737
1687957114;1.0277777780882076;26.11111111111515;3.055555555571715;96.72222222221131
1687957115;0.9166666668736241;25.222222222227074;2.999999999984638;97.00000000000526
1687957116;0.8611111099728248;24.222222222225454;3.055555555531299;97.33333333333576
1687957117;0.9166666681671387;27.72222222223111;2.9444444444581848;97.33333333332565
1687957118;0.9444444466175241;27.77777777779798;3.111111111118376;97.38888888888242
1687957119;0.9444444427370087;28.888888888872714;2.8333333333446404;97.27777777776889
1687957120;0.9166666655801237;28.7222222221923;3.111111111118376;96.61111111110787
1687957121;1.1388888893028053;28.944444444439597;2.888888888891316;96.55555555556121
1687957122;0.999999999637808;24.66666666665938;3.0000000000250537;96.49999999999434
1687957123;0.9166666668736241;23.11111111111029;2.7222222222109025;96.16666666667395
1687957124;1.0277777767947072;26.444444444435547;2.555555555570905;96.0555555555604
1687957125;0.9722222224809229;22.94444444442989;2.7222222222311103;96.16666666666384
1687957126;1.0277777780882218;20.44444444442584;2.6666666666642413;96.44444444445779
1687957127;1.0277777780882076;19.38888888889778;2.555555555550697;96.16666666666384
1687957128;1.0277777780882218;18.27777777776241;2.7777777777777715;95.94444444445698
1687957129;1.0000000009313226;18.44444444446303;2.500000000004036;96.61111111110787
1687957130;0.9166666668736241;22.611111111129702;2.7777777777979793;96.83333333333495
1687957131;0.833333334109426;24.888888888906664;2.555555555550697;97.00000000000526
1687957132;0.9722222211874083;21.94444444444848;2.611111111117566;97.49999999999596
1687957133;0.9444444453240237;18.666666666669897;2.6666666666642413;97.83333333332646
1687957134;0.9444444453240237;21.222222222240816;2.499999999983828;97.33333333333576
1687957135;0.9166666668736241;24.66666666665938;2.6666666666642413;97.6111111111095
1687957136;0.9166666655801095;26.388888888868678;2.7222222222311103;98.05555555556364
1687957137;0.9166666655801237;26.500000000002416;2.555555555550697;98.05555555554344
1687957138;0.8888888897167249;26.27777777777534;2.7222222222109025;97.33333333332565
1687957139;0.7500000000517275;25.777777777754324;2.444444444437167;96.88888888888161
1687957140;0.9166666655801237;24.66666666665938;2.7777777777777715;97.11111111110868
1687957141;4.777777778346916;26.77777777777615;2.555555555550697;96.44444444443758
1687957142;8.944444443720073;29.72222222223435;2.611111111117566;96.27777777777737
1687957143;12.972222222015262;27.722222222210902;2.7222222222311103;96.88888888889171
1687957144;17.63888888914758;23.388888888904248;2.555555555550697;96.22222222222061
1687957145;22.277777776536013;21.722222222221404;2.555555555550697;92.72222222221495
1687957146;26.638888889768467;21.777777777788287;2.61111111111758;87.3333333333398
1687957147;31.277777777156885;21.94444444444848;2.444444444437167;83.2222222222299
1687957148;35.694444442116136;18.38888888889616;2.555555555550697;78.22222222223192
1687957149;40.08333333509248;18.444444444442823;2.3888888888702837;75.55555555556768
1687957150;40.0555555553486;16.833333333326863;2.6666666666642413;75.83333333335152
1687957151;40.33333333338508;16.05555555553211;2.555555555550697;76.00000000001172
1687957152;40.94444444377182;19.33333333335112;2.611111111097358;76.05555555555839
1687957153;40.63888888857845;19.666666666671517;2.666666666684449;73.7777777777713
1687957154;40.69444444547924;21.500000000014552;2.611111111097358;71.61111111111798
1687957155;40.63888888857845;22.49999999999595;2.7777777777575636;75.50000000000081
1687957156;40.80555555410683;22.666666666676363;2.888888888891316;76.05555555554828
1687957157;40.80555555669384;22.277777777768875;2.7222222222109025;76.66666666666262
1687957158;40.80555555540033;24.222222222205232;2.666666666664227;73.38888888888404
1687957159;41.805555555038154;25.944444444454945;2.4444444444573747;68.33333333331917
1687957160;41.749999999430855;24.000000000018588;2.611111111117566;63.88888888887878
1687957161;41.777777779174755;21.888888888861402;2.4444444444573747;61.22222222221454
1687957162;41.916666667546245;21.166666666673933;2.7777777777777715;59.61111111111879
1687957163;41.638888889509765;19.444444444424235;2.7777777777777715;60.05555555555272
1687957164;41.69444444382356;19.72222222221818;2.611111111137788;56.38888888889697
1687957165;41.527777778295174;21.499999999974122;2.555555555570905;56.83333333334101
1687957166;41.49999999984478;23.777777777791513;2.7777777777979793;61.22222222221454
1687957167;41.66666666537316;23.111111111130512;2.666666666684449;67.16666666665736
1687957168;41.166666664907495;19.499999999991104;2.8888888888913016;69.05555555556728
1687957169;41.36111111147329;19.33333333331069;2.7222222222109025;68.11111111111232
1687957170;41.05555555498641;17.000000000007276;2.9444444444581848;65.83333333333536
1687957171;41.02777777782951;20.7222222222198;2.611111111097358;69.50000000000121
1687957172;40.88888888945803;24.44444444445253;2.7777777777777715;74.72222222222626
1687957173;40.58333333426465;23.166666666677173;2.611111111097358;79.83333333332767
1687957174;40.25000000062089;21.277777777787477;2.7222222222109025;78.66666666666586
1687957175;40.19444444501358;19.055555555536955;2.7777777777777715;75.50000000001091
1687957176;40.08333333379899;19.94444444442503;2.8888888888710937;72.72222222223314
1687957177;39.972222225171414;22.44444444444929;2.611111111097358;73.99999999999838
1687957178;39.52777777901954;22.444444444469497;3.499999999985448;76.66666666667273
1687957179;39.72222222041132;26.77777777777615;3.055555555551507;79.05555555555313
1687957180;39.61111110919672;23.277777777770496;3.2777777777987893;76.77777777777617
1687957181;39.77777777601861;23.000000000016968;3.2222222222319203;73.83333333332808
1687957182;39.86111111136981;22.611111111109494;3.3888888888921116;70.05555555554868
1687957183;40.08333333250549;23.000000000016968;3.2777777777785815;70.22222222222909
1687957184;40.19444444501358;22.99999999999676;3.111111111098168;68.05555555555556
1687957185;40.13888888940629;23.388888888904248;3.055555555571715;66.49999999999636
1687957186;40.33333333209157;26.499999999982208;3.2222222222117125;67.16666666665736
1687957187;40.61111111142155;30.72222222221575;2.2777777777971693;69.94444444443515
1687957188;40.66666666961585;28.77777777777939;2.7222222222109025;71.33333333333414
1687957189;41.19444444465139;28.88888888889292;2.555555555550697;69.72222222221818
1687957190;41.833333333488554;25.666666666640793;2.555555555550697;67.99999999999878
1687957191;42.527777777933;27.27777777777696;2.500000000004036;71.99999999999514
1687957192;42.72222222191178;27.944444444417755;2.611111111117566;77.11111111109656
1687957193;42.99999999994826;28.000000000004846;2.611111111117566;79.72222222221414
1687957194;43.305555556435124;24.66666666665938;2.6666666666440193;78.11111111110827
1687957195;43.47222222325702;18.944444444443633;2.61111111111758;76.00000000000162
1687957196;43.88888888837148;19.38888888887756;2.7222222222311103;74.94444444444323
1687957197;43.70695400887502;23.500000000017778;2.4444444444573747;76.11111111110505
1687957198;43.13888888831974;29.111111111099788;2.499999999983828;79.49999999999717
1687957199;42.388888890855014;30.33333333334869;3.611111111119186;81.27777777778343
1687957200;37.66666666552838;31.11111111110303;3.888888888872714;77.61111111111758
1687957201;33.029764548779;33.11111111112646;3.666666666665847;72.27777777777898
1687957202;29.194444443823556;33.00000000001293;3.8888888888929216;71.2222222222206
1687957203;28.777777776122093;32.999999999992724;3.8888888888929216;75.11111111111353
1687957204;28.472222220928714;33.11111111112646;3.7777777777793915;78.66666666666586
1687957205;27.666666666563188;28.500000000005656;3.9444444444395828;79.55555555556404
1687957206;27.483885306293644;22.166666666655345;4.055555555553127;79.2777777777802
1687957207;27.138888890234128;18.055555555555557;3.944444444459805;80.55555555555556
1687957208;27.194444444547912;22.166666666655345;2.8888888888710937;83.33333333332322
1687957209;31.027777777570805;24.888888888886456;2.8333333333446404;87.1666666666695
1687957210;34.10960426996141;30.88888888889616;2.944444444437977;92.44444444445132
1687957211;33.50000000144871;36.111111111111114;3.055555555551507;96.9444444444485
1687957212;32.361111112145906;35.55555555556363;3.0000000000250537;98.99999999999838
1687957213;31.972222221601342;38.166666666661;3.111111111098168;98.99999999999838
1687957214;32.055555554365526;40.16666666666424;2.8333333333244326;99.05555555554504
1687957215;31.861111111680245;42.83333333334869;2.7222222222109025;99.33333333332888
1687957216;32.444444444910104;46.388888888901015;3.055555555551507;99.333333333339
1687957217;31.111111109041502;42.500000000008086;2.7777777777979793;99.44444444445253
1687957218;31.361111112508084;42.44444444444121;2.7222222222311103;99.22222222222545
1687957219;32.888888888474966;36.33333333333818;2.6666666666642413;99.22222222222545
1687957220;36.86111110986934;37.55555555554666;2.2222222222303003;99.11111111111192
1687957221;37.69444444397877;44.38888888889778;2.555555555550697;99.11111111111192
1687957222;35.47222222356746;45.61111111112647;2.666666666684449;99.27777777778222
1687957223;35.38888888950976;45.05555555555878;2.7777777777777715;99.22222222222545
1687957224;35.97222222403312;44.444444444424235;2.7777777777979793;99.16666666666869
1687957225;35.750000000310436;44.38888888887757;2.4444444444573747;99.11111111111192
1687957226;36.41666666759799;46.88888888890182;2.7222222222109025;99.11111111111192
1687957227;34.80555555498641;42.77777777780203;2.611111111097358;99.44444444444242
1687957228;34.472222222636134;40.5555555555313;2.6666666666642413;99.49999999999919
1687957229;34.638888888164516;38.94444444445575;2.8333333333244326;99.55555555555596
1687957230;34.97222222180831;33.111111111106254;2.555555555550697;99.27777777777212
1687957231;37.4722222215496;30.388888888875144;2.611111111097358;99.22222222221535
1687957232;38.00000000046566;29.999999999987864;2.7777777777777715;99.27777777778222
1687957233;37.91666666640796;30.44444444446222;2.8888888888710937;98.83333333333819
1687957234;37.72222221984217;28.055555555551507;2.944444444437977;98.94444444444161
1687957235;38.25000000134524;27.333333333323623;2.7222222222311103;98.88888888888485
1687957236;39.9722222225844;31.055555555536145;2.8333333333446404;98.7777777777713
1687957237;39.9722222225844;35.722222222223834;2.7222222222311103;98.66666666665778
1687957238;39.52777777772602;32.88888888889939;2.7777777777575636;98.72222222221454
1687957239;36.333333334833796;32.38888888887837;2.6666666666642413;98.99999999999838
1687957240;34.25000000150045;31.555555555557163;2.4444444444573747;98.88888888889495
1687957241;33.86111111095589;33.94444444446788;2.3888888888904916;98.7777777777713
1687957242;33.36111111178373;34.277777777768065;2.500000000004036;98.99999999999838
1687957243;33.33333333462683;34.00000000001455;2.500000000004036;98.88888888888485
1687957244;32.74999999751647;31.22222222221656;2.666666666664227;98.72222222222464
1687957245;29.833333333954215;28.38888888889211;2.499999999983828;98.83333333333819
1687957246;29.083333333902473;28.500000000005656;2.7222222222109025;98.83333333333819
1687957247;25.944444445324024;32.111111111104634;2.611111111117566;98.44444444445091
1687957248;24.694444442219606;34.50000000001536;2.7777777777777715;98.33333333333738
1687957249;22.527777776122093;36.61111111111192;2.7777777777777715;98.16666666666707
1687957250;18.38888888790582;36.277777777771306;2.611111111117566;97.83333333333657
1687957251;14.333333332453748;34.16666666667474;3.7777777777793915;97.72222222222302
1687957252;10.222222221394375;34.38888888888161;3.888888888872714;97.05555555556202
1687957253;6.500000000879567;33.83333333333414;3.8333333333260526;97.277777777779
1687957254;5.13888888785408;33.33333333333333;3.7777777777995993;97.277777777779
1687957255;1.6111111100245665;27.77777777779798;3.611111111119186;96.77777777777818
1687957256;0.8611111099728248;22.722222222202817;3.9444444444395828;96.3888888888909
1687957257;0.8611111125598256;19.83333333333171;3.7777777777793915;96.27777777777737
1687957258;0.8611111125598256;19.72222222221818;3.8333333333462605;95.27777777777575
1687957259;0.8888888884232244;16.833333333326863;3.8888888888929216;94.27777777777413
1687957260;1.0000000009313084;17.999999999988674;2.555555555550697;91.49999999999636
1687957261;0.9166666668736241;15.611111111118376;2.61111111111758;89.44444444444646
1687957262;0.9722222224809229;15.22222222223111;2.666666666684449;89.05555555554909
1687957263;0.8611111112663394;13.888888888888886;2.7222222222109025;88.44444444444485
1687957264;0.8888888897167391;14.888888888870284;2.7777777777777715;88.83333333334222
1687957265;0.833333334109426;18.166666666689295;2.2777777777971693;89.27777777777617
1687957266;0.9166666655801237;21.611111111107874;2.555555555550697;89.27777777778627
1687957267;1.0277777767947072;21.777777777788287;2.555555555550697;90.38888888889132
1687957268;0.833333334109426;21.166666666673933;2.6666666666440193;91.66666666667678
1687957269;0.8055555530720255;19.222222222237576;2.611111111117566;94.50000000000121
1687957270;0.8611111112663252;19.055555555536955;2.3888888888702837;97.05555555556202
1687957271;0.9166666655801237;22.166666666675553;2.500000000004036;97.4444444444594
1687957272;0.8611111112663252;25.666666666661;2.555555555550697;98.05555555556364
1687957273;0.9444444440305233;24.722222222226264;2.555555555550697;98.05555555555354
1687957274;0.8888888897167391;21.27777777776727;2.7222222222311103;97.94444444444
1687957275;1.0277777780882076;17.833333333328483;2.500000000004036;97.99999999998666
1687957276;0.8333333328159256;16.611111111119996;2.6666666666440193;97.94444444444
1687957277;0.9722222224809229;16.7777777777802;2.4444444444573747;98.22222222221373
1687957278;1.000000002224823;17.499999999987864;2.666666666664227;98.55555555555435
1687957279;1.0000000009313226;17.27777777778101;2.7222222222311103;98.7777777777713
1687957280;0.9166666681671245;15.722222222211713;2.444444444416945;98.49999999998747
1687957281;1.0277777780882218;13.944444444455755;2.5000000000242437;98.4444444444307
1687957282;1.0277777767947072;13.777777777775341;2.611111111117566;98.16666666666707
1687957283;0.9722222224809087;13.500000000001606;2.7777777777575636;98.27777777778061
1687957284;0.8888888897167391;14.833333333343845;2.7222222222109025;98.22222222223394
1687957285;1.0555555565386072;15.05555555553049;2.555555555570905;98.22222222222383
1687957286;1.0277777780882076;18.11111111110222;2.8333333333244326;98.22222222222383
1687957287;0.9444444440305233;20.77777777776646;2.61111111111758;98.22222222222383
1687957288;0.9722222224809229;22.055555555562023;2.611111111117566;98.33333333332727
1687957289;0.9999999983443075;24.05555555554504;2.7777777777979793;98.16666666667717
1687957290;1.1111111108524057;22.44444444444929;2.7222222222109025;97.9444444444501
1687957291;0.999999999637808;25.888888888888076;2.7222222222311103;97.99999999999676
1687957292;1.083333332402006;25.666666666661;2.6666666666642413;98.00000000000688
1687957293;0.9722222224809087;24.611111111092512;2.8333333333446404;97.72222222222302
1687957294;0.9166666655801095;23.166666666677173;2.8333333333244326;97.66666666666626
1687957295;0.9722222224809229;23.05555555556363;2.555555555550697;97.44444444444929
1687957296;0.9444444440305091;24.777777777793133;2.7777777777777715;97.00000000000526
1687957297;1.0277777767947072;27.055555555549887;2.7222222222109025;96.0555555555604
1687957298;1.0277777793817222;23.722222222224644;2.7222222222109025;92.99999999998869
1687957299;0.9722222224809087;23.777777777771306;2.555555555530489;92.66666666666828
1687957300;0.9166666668736241;25.277777777773736;2.3333333333236226;92.16666666666748
1687957301;1.083333332402006;25.55555555556768;2.3888888889107136;92.44444444444122
1687957302;1.0833333336955064;25.388888888907474;2.3333333333438446;92.44444444444122
1687957303;1.1388888893028053;25.55555555554747;2.3333333333236226;92.22222222222425
1687957304;1.0555555552451068;24.111111111091702;2.4444444444573747;91.83333333333697
1687957305;1.1111111108524057;19.555555555557973;2.2777777777769614;92.1111111111107
1687957306;0.9166666668736241;20.33333333333252;2.3333333333438304;92.99999999999879
1687957307;0.999999999637808;22.83333333333657;2.3333333333236226;96.50000000000445
1687957308;0.8888888884232244;22.9444444444501;2.555555555570905;96.44444444443758
1687957309;1.0277777780882076;17.83333333334869;2.61111111111758;96.94444444443837
1687957310;0.833333334109426;21.166666666653725;2.444444444437167;96.44444444444768
1687957311;0.8888888871297098;23.05555555554342;2.555555555550697;96.77777777777818
1687957312;0.8611111099728248;22.83333333333657;2.611111111137788;97.33333333333576
1687957313;0.8888888884232244;21.722222222221404;2.611111111117566;97.94535761883162
1687957314;0.9444444440305233;21.33333333331393;2.555555555550697;97.7777777777798
1687957315;0.9722222224809229;22.222222222222214;2.500000000004036;97.55555555555273
1687957316;0.9166666668736241;22.222222222222214;2.555555555570905;97.55555555555273
1687957317;0.9722222224809229;21.83333333333495;2.3333333333438304;97.99999999999676
1687957318;0.9722222224809087;22.277777777748668;2.611111111117566;98.05555555556364
1687957319;1.0277777780882076;18.88888888889697;2.7222222222109025;98.1111111111103
1687957320;1.0833333336955064;19.166666666670707;2.499999999983828;98.1111111111103
1687957321;0.9722222224809087;22.222222222222214;2.555555555550697;98.05555555555354
1687957322;1.1111111108524057;24.722222222246472;2.499999999983828;98.0546909737641
1687957323;0.9166666681671245;27.388888888910714;2.7222222222311103;98.1111111111103
1687957324;1.0555555552451068;27.61111111111758;2.7777777777777715;97.9444444444501
1687957325;1.083333332402006;26.66666666666262;3.6666666666456393;97.66666666666626
1687957326;1.0277777780882076;27.499999999983828;3.8888888888929216;97.38888888889252
1687957327;1.0000000009313084;27.2222222222303;3.555555555552317;97.55555555555273
1687957328;1.0555555552451068;27.27777777777696;3.500000000005656;97.66666666666626
1687957329;0.9166666668736241;25;3.611111111119186;97.44444444444929
1687957330;0.9444444453240237;21.94444444444848;3.444444444438787;97.277777777779
1687957331;0.8611111125598256;23.777777777771306;4.222222222233526;97.11111111110868
1687957332;1.0277777780882076;20.88888888887999;4.166666666666657;97.22222222222223
1687957333;0.9444444453240237;17.94444444446222;4.166666666666657;97.66666666666626
1687957334;0.8888888910102253;19.277777777784237;3.111111111118376;97.9444444444501
1687957335;0.9444444440305233;22.055555555562023;2.999999999984638;96.61111111111798
1687957336;0.8888888884232244;21.88888888888161;3.2777777777785815;93.8333333333301
1687957337;0.8333333328159256;21.99999999999514;3.2222222222319203;93.88888888888687
1687957338;1.0277777780882076;21.99999999999514;3.2222222222116983;93.6666666666598
1687957339;0.8888888884232244;21.94444444442827;3.2222222222319203;93.38888888888606
1687957340;0.9444444440305233;17.38888888889454;2.444444444437167;93.22222222222587
1687957341;0.916666664286609;20.22222222221899;2.3333333333236226;92.88888888888525
1687957342;0.9166666655801237;24.05555555554504;2.500000000004036;92.66666666666828
1687957343;0.9722222211874083;21.94444444442827;2.611111111137788;92.38888888888444
1687957344;0.8888888897167391;19.38888888889778;2.555555555550697;93.61111111111313
1687957345;0.9722222211874083;19.666666666691725;2.3888888888904916;96.50000000000445
1687957346;1.0000000009313226;23.05555555556363;2.611111111097358;96.72222222222142
1687957347;0.8055555556590264;31.22222222221656;2.500000000004036;97.05555555555192
1687957348;1.0000000009313084;33.222222222240006;2.6666666666642413;97.33333333333576
1687957349;0.999999999637808;33.055555555539385;2.611111111117566;97.33333333332565
1687957350;0.9166666681671387;30.38888888889535;2.666666666664227;96.9444444444485
1687957351;0.8888888897167391;26.16666666666181;2.500000000004036;96.83333333333495
1687957352;0.888888887129724;30.777777777782617;2.49999999996362;96.9444444444485
1687957353;0.9166666655801095;29.944444444441203;2.555555555550697;97.49999999999596
1687957354;0.8888888897167249;30.22222222221494;2.555555555550697;97.44444444444929
1687957355;0.8055555556590264;26.833333333343035;2.3333333333438446;97.277777777779
1687957356;0.9722222211874083;22.111111111128892;2.500000000004036;97.22222222223233
1687957357;0.8611111112663252;24.388888888885646;2.3333333333236226;97.277777777779
1687957358;0.8611111125598256;24.388888888885646;2.3888888888905058;97.277777777779
1687957359;0.9722222211874083;24.333333333338985;2.3333333333438446;97.72222222221292
1687957360;0.9444444440305233;22.55555555554261;2.2777777777567536;97.49999999999596
1687957361;0.9722222224809229;20.444444444446063;2.2777777777971693;97.44444444443918
1687957362;0.8611111112663394;25.888888888888076;2.4444444444573747;97.49999999999596
1687957363;0.8611111112663252;28.722222222212523;2.444444444437167;97.66666666665616
1687957364;0.8611111112663252;30.444444444421805;2.499999999983828;97.94444444444
1687957365;0.805555556952541;31.77777777776403;2.3888888888904916;97.88888888889333
1687957366;0.8888888897167391;31.500000000010502;2.555555555550697;97.88888888889333
1687957367;0.8333333315224252;31.44444444446384;2.555555555550697;98.16666666667717
1687957368;0.8055555556590264;31.499999999990294;2.7222222222109025;98.33333333333738
1687957369;0.8333333328159256;31.222222222236766;2.7222222222109025;98.4444444444408
1687957370;0.8055555569525268;29.33333333334707;2.611111111117566;98.27777777778061
1687957371;0.9444444453240237;28.72222222223273;2.611111111097358;97.7777777777798
1687957372;0.8611111112663252;28.444444444458995;2.7777777777979793;97.7777777777798
1687957373;0.9166666655801237;30.833333333329293;2.944444444437977;97.7777777777798
1687957374;0.9051532640776969;27.444444444437167;2.888888888891316;98.16666666665697
1687957375;0.9722222224809087;24.222222222205247;2.61111111111758;96.77777777777818
1687957376;0.9166666681671245;30.888888888875954;2.611111111117566;96.3888888888909
1687957377;0.8888888884232244;34.88888888888242;2.61111111111758;96.50000000000445
1687957378;0.9444444453240237;35.166666666656155;2.722222222251318;96.49999999999434
1687957379;0.9166666668736241;33.5555555555604;2.7777777777575636;96.33333333333414
1687957380;0.9444444440305091;28.888888888872714;2.500000000004036;96.33333333333414
1687957381;0.999999999637808;28.944444444439583;2.2777777777567536;96.16666666667395
1687957382;0.833333334109426;30.33333333334869;2.2777777777971693;96.16666666667395
1687957383;0.9559804366809601;28.88888888889292;2.3333333333438446;96.0555555555604
1687957384;0.888888887129724;28.22222222223192;2.500000000004036;97.22222222221211
1687957385;0.8611111099728248;22.055555555562023;2.500000000004036;97.11111111110868
1687957386;0.8888888897167249;19.000000000010502;2.2777777777769614;96.50000000000445
1687957387;0.9166666655801237;19.166666666670707;2.2777777777567536;96.77777777778829
1687957388;0.8333333328159256;21.888888888861402;2.3888888888904916;97.33333333333576
1687957389;0.8611111112663252;23.05555555556363;2.4444444444573747;97.83333333333657
1687957390;0.8333333328159256;20.111111111125652;2.500000000004036;97.83333333332646
1687957391;0.9444444440305091;18.388888888875954;2.3333333333438304;97.49999999999596
1687957392;0.8611111112663252;20.833333333353536;2.499999999983828;97.55555555555273
1687957393;0.9166666681671245;20.944444444446873;2.555555555550697;97.72222222222302
1687957394;0.8888888897167249;20.666666666652915;2.500000000004036;97.83333333332646
1687957395;0.8888888897167249;19.611111111104634;2.500000000004036;98.1111111111002
1687957396;0.8888888897167249;23.222222222223834;2.4444444444573747;97.83333333333657
1687957397;0.8611111112663252;27.555555555570905;2.3888888888904916;97.7777777777798
1687957398;0.8611111099728248;30.944444444442823;2.555555555550697;97.6111111111095
1687957399;0.9444444453240237;30.66666666664888;2.444444444437167;97.277777777779
1687957400;0.8888888897167249;27.77777777777777;2.3888888888905058;97.16666666666545
1687957401;0.8611111112663252;28.833333333326053;2.1666666666634313;96.61111111110787
1687957402;0.8055555543655402;32.38888888887837;2.1666666666634313;96.72222222222142
1687957403;0.8611111112663252;34.72222222224242;2.444444444437167;97.11111111111879
1687957404;0.8333333328159256;34.777777777768875;2.499999999983828;97.55555555556283
1687957405;0.8333333328159398;30.77777777778263;2.444444444437167;97.55555555555273
1687957406;0.9444444440305233;28.88888888889292;2.500000000004036;97.22222222221211
1687957407;0.8888888910102253;29.444444444440393;2.555555555550697;97.38888888888242
1687957408;0.8333333328159398;29.72222222221413;2.6666666666642413;97.6111111111095
1687957409;0.9722222211874083;28.944444444459805;2.6666666666642413;97.55555555556283
1687957410;0.8611111112663252;25.500000000000796;2.7222222222311103;97.44444444443918
1687957411;0.9166666668736241;23.55555555556444;2.6666666666642413;97.33333333333576
1687957412;0.8888888884232244;21.33333333333414;2.7222222222311103;97.38888888888242
1687957413;0.9166666668736241;22.9444444444501;2.8333333333446404;97.44444444443918
1687957414;0.9722222237744234;24.388888888885646;2.9444444444581848;97.88888888888323
1687957415;0.9722222224809229;20.888888888900198;2.8333333333446404;97.11111111110868
1687957416;0.9444444427370087;16.166666666665847;2.7777777777979793;92.94444444445213
1687957417;0.9444444453240237;16.444444444459805;2.8333333333446404;85.2777777777697
1687957418;0.9166666681671387;16.388888888872714;3.055555555531299;75.27777777777374
1687957419;1.0277777767947072;16.333333333326053;3.111111111098168;65.3888888888913
1687957420;0.9166666655801237;14.722222222210092;3.111111111118376;54.944444444451314
1687957421;0.999999999637808;14.666666666643223;2.8333333333042248;44.333333333330906
1687957422;1.0555555552451068;12.944444444454135;3.2222222222117125;33.61111111111717
1687957423;0.8611111099728248;11.777777777772116;3.2222222222117125;22.72222222223313
1687957424;0.8611111112663252;10.333333333336554;3.3333333333252426;13.166666666671105
1687957425;0.9444444440305233;9.833333333335759;3.166666666665037;6.611111111113942
1687957426;0.8611111099728248;9.88888888888242;3.055555555551507;3.7222222222226264
1687957427;0.8611111112663252;10.000000000016158;2.9444444444581848;3.4444444444387727
1687957428;0.833333334109426;10.277777777769685;3.111111111138598;3.2777777777886854
1687957429;0.8611111125598256;10.388888888903438;3.166666666665037;3.3888888888820077
1687957430;0.9166666668736099;10.722222222244042;3.2222222222319203;3.3888888888921116
1687957431;0.9166666668736241;11.277777777771306;2.7777777777979793;3.444444444438787
1687957432;0.8888888897167391;11.166666666657775;3.055555555551507;3.444444444428669
1687957433;0.9722222224809087;10.944444444410479;2.9444444444581848;3.3888888888921116
1687957434;0.9444444453240237;11.277777777771306;2.944444444437977;3.611111111098978
1687957435;0.9166666681671245;10.88888888888404;3.055555555571715;3.611111111119186
1687957436;0.9722222198939079;11.166666666657761;3.166666666665037;3.555555555562421
1687957437;1.0555555539516064;11.111111111131322;3.055555555531299;3.6666666666557433
1687957438;1.083333332402006;11.166666666657761;3.2222222222319203;3.3888888888921116
1687957439;0.9722222211874083;11.1111111111111;3.2222222222319203;3.3333333333353465
1687957440;1.0277777780882218;10.888888888884026;3.2222222222117125;3.2777777777785815
1687957441;1.0277777755012067;11.166666666677983;2.8333333333446404;3.3888888888921116
1687957442;1.0555555552451068;11.333333333358382;3.111111111098168;3.999999999996348
1687957443;0.9444444440305233;10.888888888904248;3.2777777777785815;3.8888888888929216
1687957444;0.9999999983443075;11.222222222224644;3.1666666666448293;4.166666666666657
1687957445;1.000000002224823;10.722222222244042;3.000000000004846;4.166666666666657
1687957446;0.8888888910102253;11.1111111111111;2.9444444444581848;3.999999999996362
1687957447;0.999999999637808;10.99999999999757;2.8333333333244326;3.999999999996362
1687957448;0.9166666681671245;10.833333333337364;2.8333333333446404;4.111111111109892
1687957449;0.7777777772086267;10.722222222223834;2.7777777777777715;4.222222222223422
1687957450;1.0000000009313226;10.277777777789893;2.8888888888710937;4.277777777790305
1687957451;0.7777777785021414;10.722222222203627;2.500000000004036;3.666666666665847
1687957452;0.8888888884232244;11.222222222224644;2.7222222222109025;3.444444444448891
1687957453;0.9166666681671245;10.722222222223834;2.9444444444581848;3.555555555552317
1687957454;0.9166666655801237;11.111111111090892;2.8333333333244326;3.8333333333361566
1687957455;0.8611111112663252;10.722222222223834;2.8888888888913016;4.055555555563231
1687957456;0.8333333341094402;10.777777777790703;2.8333333333244326;4.055555555563231
1687957457;0.9444444440305091;10.38888888888323;2.8888888888710937;4.055555555553127
1687957458;0.9166666655801237;10.49999999999676;3.055555555551507;3.8333333333361566
1687957459;0.7777777785021271;10.555555555543421;2.9444444444581848;3.999999999996362
1687957460;0.9444444427370087;10.055555555562819;3.000000000004846;4.166666666666657
1687957461;0.8888888884232244;9.833333333315537;2.7777777777979793;4.2222222222234365
1687957462;0.9166666655801237;10.166666666656155;2.8333333333244326;3.7222222222226264
1687957463;0.8888888884232244;9.777777777789083;2.9444444444581848;3.4444444444387727
1687957464;1.0555555552451068;10.166666666656155;2.944444444437977;3.444444444448891
1687957465;0.8888888897167249;9.888888888862198;2.8888888888913016;3.444444444438787
1687957466;0.9166666668736241;10.49999999999676;2.9444444444581848;2.944444444448081
1687957467;0.8888888897167249;10.555555555563629;2.8888888888913016;3.055555555551507
1687957468;0.999999999637808;10.666666666656965;3.2222222222319203;2.7222222222210064
1687957469;0.9444444440305233;10.777777777770496;3.2222222222319203;2.611111111117566
1687957470;0.8888888910102253;10.777777777790703;3.111111111098168;2.7777777777676675
1687957471;0.8611111112663252;11.222222222224644;2.8333333333446404;2.888888888891316
1687957472;0.8333333328159256;11.333333333317967;3.111111111098168;2.8333333333244326
1687957473;0.8333333328159256;11.055555555544231;3.055555555551507;2.888888888891316
1687957474;0.9166666655801237;11.166666666677983;3.111111111118376;3.1666666666650514
1687957475;0.7499999987582271;10.88888888888404;2.8888888888710937;3.3888888888820077
1687957476;0.9722222211874225;10.99999999999757;2.8888888888913016;3.1666666666650514
1687957477;0.8055555556590264;11.111111111131322;2.7222222222109025;3.4444444444387727
1687957478;0.8888888897167249;11.222222222224644;2.7777777777575636;3.3888888888921116
1687957479;0.8611111099728248;11.1111111111111;2.7222222222311103;3.2777777777886854
1687957480;0.9166666655801095;10.666666666677173;2.7222222222109025;3.555555555552317
1687957481;0.8888888897167249;10.777777777790703;2.3333333333236226;3.611111111119186
1687957482;0.8055555543655402;10.666666666677173;2.7222222222311103;3.444444444438787
1687957483;0.7500000000517275;10.722222222244042;2.7222222222311103;3.166666666675141
1687957484;0.9722222224809229;10.555555555563629;2.7777777777777715;3.3888888888921116
1687957485;0.8888888910102253;10.333333333336554;2.8333333333244326;3.4444444444488767
1687957486;1.0000000009313226;10.333333333316347;2.7222222222109025;3.2777777777785815
1687957487;0.8055555556590264;10.388888888903438;2.8333333333446404;3.3888888888820077
1687957488;0.8611111112663394;10.444444444429891;3.2222222222117125;3.2777777777684776
1687957489;0.9444444466175241;10.666666666677173;3.3888888888921116;3.1666666666650514
1687957490;0.8611111112663252;10.833333333337364;3.444444444458995;3.2222222222117125
1687957491;0.9166666668736241;10.944444444450909;3.055555555551507;3.3333333333353465
1687957492;0.999999999637808;11.055555555544231;3.2222222222117125;3.3333333333252426
1687957493;0.8611111112663252;10.888888888884026;3.166666666665037;3.1666666666650514
1687957494;0.8611111112663252;10.722222222203627;3.166666666685259;3.3888888888820077
1687957495;0.8055555556590406;10.722222222244042;3.111111111118376;3.500000000005656
1687957496;0.999999999637808;10.833333333317157;2.944444444437977;3.2777777777785815
1687957497;1.027777779381708;10.722222222244042;2.9444444444581848;3.2222222222218164
1687957498;0.8888888884232387;10.444444444450099;2.7777777777777715;3.166666666665037
1687957499;0.9444444440305233;10.555555555543421;2.9444444444581848;3.444444444458995
1687957500;0.9722222237744091;10.777777777770496;2.8888888888913016;3.500000000005656
1687957501;0.9722222237744234;11.1111111111111;2.7222222222311103;3.499999999995552
1687957502;1.0000000009313084;11.61111111111191;3.055555555571715;3.611111111119186
1687957503;0.9166666668736241;11.833333333338985;3.055555555551507;4.000000000006466
1687957504;0.888888887129724;11.888888888885646;3.3333333333454505;3.999999999996348
1687957505;0.8888888897167391;12.055555555566059;3.3888888888921116;4.055555555553127
1687957506;0.9166666655801237;12.611111111093322;3.1666666666448293;4.166666666666657
1687957507;0.8888888884232387;12.944444444433927;3.3333333333252426;4.166666666676761
1687957508;1.0277777780882076;12.61111111111353;3.1111111110779603;3.999999999996348
1687957509;0.8888888884232244;12.5;3.2777777777785815;3.999999999996362
1687957510;0.8333333315224252;12.611111111093322;3.3333333333252426;4.2777777777802015
1687957511;0.9166666681671387;12.777777777773736;3.111111111098168;4.055555555553127
1687957512;0.9166666668736241;13.444444444454945;3.3333333333252426;3.555555555552317
1687957513;1.000000002224823;13.500000000001606;3.055555555551507;3.555555555552317
1687957514;0.9166666655801237;13.333333333341415;3.2222222222319203;3.666666666675951
1687957515;0.9722222224809087;13.11111111111434;3.166666666685259;3.8333333333361566
1687957516;1.0277777780882076;13.166666666661001;3.055555555571715;3.7222222222226264
1687957517;0.8333333328159398;13.000000000000796;3.3888888888921116;3.7777777777793915
1687957518;0.999999999637808;12.666666666680399;3.3333333333454505;3.499999999995552
1687957519;0.9444444453240237;12.222222222246472;3.3333333333454505;3.611111111109082
1687957520;0.9166666655801095;11.555555555565249;3.3888888888921116;3.666666666665847
1687957521;0.9166666668736241;11.388888888884836;3.055555555551507;3.7222222222226264
1687957522;0.8888888884232244;11.055555555544231;3.444444444438787;3.611111111119186
1687957523;0.8888888897167249;10.61111111111029;3.2222222222117125;3.7777777777692876
1687957524;0.805555554365526;10.166666666676363;3.2777777777583736;3.7222222222327304
1687957525;0.8055555556590264;9.99999999999595;3.2777777777785815;3.7777777777793915
1687957526;0.833333334109426;10.333333333336569;3.111111111138584;3.444444444448891
1687957527;0.9166666668736241;10.499999999976552;3.055555555531299;3.499999999995552
1687957528;0.9444444453240237;10.277777777769685;3.1666666666448293;3.111111111118376
1687957529;0.8888888884232244;10.666666666656951;3.111111111118376;3.3333333333353465
1687957530;0.9166666655801237;10.166666666676363;3.055555555551507;3.3333333333353465
1687957531;0.9166666655801095;10.833333333337364;2.7222222222109025;3.3888888888820077
1687957532;0.9444444440305233;10.944444444430701;3.055555555551507;3.166666666675141
1687957533;0.9444444453240237;11.166666666657761;2.9444444444581848;3.111111111098168
1687957534;0.9444444427370229;10.777777777770496;2.888888888891316;3.2222222222218164
1687957535;1.0555555552451068;10.833333333317157;2.8888888888710937;3.4444444444387727
1687957536;0.8333333328159398;11.222222222244852;2.8888888888913016;3.3888888888921116
1687957537;0.7222222216013421;11.444444444431497;2.7222222222311103;3.2777777777785815
1687957538;1.111111112145906;11.333333333338174;2.7777777777777715;3.3888888888921116
1687957539;1.0277777767947072;11.49999999999838;2.8333333333446404;3.3888888888820077
1687957540;1.0555555539516064;11.055555555544231;2.7222222222311103;3.2777777777785815
1687957541;1.0555555565386072;11.333333333338174;2.4444444444573747;3.3333333333252426
1687957542;0.9722222211874083;11.222222222224644;2.611111111097358;3.2222222222319203
1687957543;1.027777779381708;11.666666666678793;2.8333333333244326;3.1666666666549332
1687957544;1.0555555552451068;11.166666666677983;2.8333333333446404;3.2222222222218164
1687957545;1.0555555552451068;10.777777777770496;2.61111111111758;3.2777777777785815
1687957546;1.277777777674288;10.500000000016968;2.6666666666642413;3.4444444444387727
1687957547;0.9722222198939079;10.99999999999757;2.500000000004036;2.999999999994742
1687957548;0.9722222224809229;10.777777777770496;2.7777777777777715;2.944444444448081
1687957549;0.9722222237744234;10.888888888904248;3.111111111118376;3.1666666666650514
1687957550;0.9444444453240237;10.99999999999757;3.111111111098168;3.111111111108272
1687957551;1.0277777793817222;11.555555555545041;3.055555555571715;3.3888888888921116
1687957552;0.9166666668736241;11.61111111111191;3.055555555551507;3.3333333333353465
1687957553;0.9722222237744091;12.11111111111272;3.1666666666448293;3.3333333333353465
1687957554;0.8611111112663252;12.055555555545851;3.4444444444387727;3.3333333333353465
1687957555;0.9444444440305233;12.444444444433117;3.555555555552317;3.555555555562421
1687957556;0.9166666668736241;12.277777777772926;3.9444444444395828;3.555555555552317
1687957557;0.8611111125598256;12.777777777793943;3.666666666665847;3.666666666665847
1687957558;0.9444444440305233;12.722222222227074;3.7222222222327304;3.611111111109082
1687957559;0.9166666655801237;12.555555555546661;3.8333333333260526;3.611111111109082
1687957560;0.8888888884232244;12.444444444453325;3.7222222222125225;3.4444444444387727
1687957561;0.9166666655801095;12.388888888886456;3.611111111119186;3.666666666665847
1687957562;0.8333333328159398;12.222222222226264;3.555555555572525;3.7777777777692876
1687957563;1.0000000009313084;12.555555555566869;3.7222222222327304;3.9444444444395828
1687957564;0.8611111112663252;12.333333333339795;3.7222222222327304;3.666666666665847
1687957565;0.8055555556590264;12.333333333319587;3.3888888888719038;4.055555555563231
1687957566;0.9444444427370087;11.777777777772116;3.3333333333454505;4.055555555553127
1687957567;0.8611111112663252;12.333333333319587;3.111111111098168;4.000000000006466
1687957568;0.9444444440305233;12.11111111111272;3.2222222222319203;3.9444444444496867
1687957569;0.9722222211874083;11.888888888885646;3.3888888888921116;3.8333333333260526
1687957570;0.9166666681671387;11.722222222225454;3.444444444438787;4.055555555563231
1687957571;0.9444444427370087;12.055555555566059;3.2222222222117125;3.8333333333361566
1687957572;0.9722222211874225;11.99999999999919;3.2777777777785815;3.6666666666759653
1687957573;1.0277777767947072;12.388888888886456;3.2222222222117125;3.8333333333260526
1687957574;0.9444444453240237;11.833333333359192;3.444444444458995;3.611111111109082
1687957575;0.9444444440305091;12.277777777772926;3.444444444438787;3.6666666666759653
1687957576;1.0277777780882076;11.666666666678793;3.500000000005656;3.6666666666557433
1687957577;0.8611111112663252;12.22222222222625;3.166666666665037;3.7222222222226264
1687957578;0.8611111125598256;12.11111111111272;3.3333333333252426;3.8333333333361566
1687957579;1.0555555539516064;12.11111111111272;3.3333333333252426;3.555555555552317
1687957580;0.8888888897167391;11.833333333318777;3.444444444458995;3.7222222222226264
1687957581;0.8055555556590264;12.055555555545851;3.1666666666448293;3.8333333333260526
1687957582;0.8888888884232244;11.666666666678793;3.166666666685259;3.7222222222226264
1687957583;0.9166666668736383;12.055555555545851;3.3333333333252426;3.7777777777793915
