Time;{instance="10.231.0.208:9100"};{instance="192.168.221.10:9100"};{instance="192.168.221.11:9100"};{instance="192.168.221.12:9100"}
1687956863;0;48304.55172413793;0;706.2068965517242
1687956864;0;51129.379310344826;0;706.2068965517242
1687956865;0;49575.724137931036;0;1694.896551724138
1687956866;0;53248;706.2068965517242;62711.1724137931
1687956867;0;52541.793103448275;706.2068965517242;1145750.0689655172
1687956868;141.24137931034483;55507.862068965514;706.2068965517242;1161992.8275862068
1687956869;3389.793103448276;58332.68965517241;706.2068965517242;7284100.413793104
1687956870;5225.931034482758;56920.275862068964;706.2068965517242;7462205.793103448
1687956871;6779.586206896552;59462.620689655174;706.2068965517242;18697251.310344826
1687956872;6779.586206896552;59603.862068965514;706.2068965517242;18697251.310344826
1687956873;6779.586206896552;63134.89655172414;706.2068965517242;18695961.933659747
1687956874;6779.586206896552;63982.3448275862;706.2068965517242;23644371.862068966
1687956875;6779.586206896552;63982.3448275862;706.2068965517242;29325806.344827585
1687956876;7344.551724137931;64829.793103448275;706.2068965517242;36376717.24137931
1687956877;7344.04523825943;66665.93103448275;706.2068965517242;36376858.48275862
1687956878;7344.551724137931;71185.6551724138;706.2068965517242;42183856.551724136
1687956879;7344.551724137931;69773.24137931035;706.2068965517242;48263874.20689655
1687956880;7344.551724137931;74857.93103448275;706.2068965517242;48278422.06896552
1687956881;7344.551724137931;73445.5172413793;706.2068965517242;54391490.20689655
1687956882;7344.551724137931;75281.6551724138;706.2068965517242;58621952
1687956883;7344.551724137931;74434.20689655172;706.2068965517242;60755261.79310345
1687956884;7344.551724137931;75281.6551724138;706.2068965517242;66829771.034482755
1687956885;7344.551724137931;72315.58620689655;706.2068965517242;66857030.62068965
1687956886;7344.551724137931;70761.93103448275;706.2068965517242;66857030.62068965
1687956887;7344.551724137931;73728;706.2068965517242;66857030.62068965
1687956888;7344.551724137931;74716.6896551724;706.2068965517242;76626555.5862069
1687956889;7344.551724137931;79518.89655172413;706.2068965517242;86235630.34482759
1687956890;7344.551724137931;79236.41379310345;706.2068965517242;90569622.06896551
1687956891;7344.551724137931;79660.13793103448;5084.689655172414;97933523.86206897
1687956892;7344.551724137931;79660.13793103448;5084.689655172414;97933523.86206897
1687956893;7344.551724137931;76976.55172413793;5084.689655172414;103072591.44827586
1687956894;7344.551724137931;76835.31034482758;5084.689655172414;103071602.7586207
1687956895;7344.551724137931;78247.72413793103;4378.482758620689;114803817.93103448
1687956896;7344.551724137931;78247.72413793103;4660.9655172413795;113720779.03448276
1687956897;7203.310344827586;75705.37931034483;5367.172413793103;114195491.31034483
1687956898;3954.758620689655;74575.44827586207;5367.172413793103;110998633.93103448
1687956899;2118.6206896551726;75705.37931034483;5367.172413793103;116226259.86206897
1687956900;564.9655172413793;72456.8275862069;5367.172413793103;116275129.37931034
1687956901;564.9655172413793;72033.10344827586;5367.172413793103;116275129.37931034
1687956902;1129.9310344827586;69914.4827586207;5367.172413793103;117963895.99282709
1687956903;1129.9310344827586;70620.6896551724;5367.172413793103;118959421.79310344
1687956904;1129.9310344827586;70196.96551724138;5367.172413793103;118213526.06896551
1687956905;564.9655172413793;69773.24137931035;5367.172413793103;112304834.20689654
1687956906;565.0044830677979;69208.27586206897;5367.172413793103;117312547.31034483
1687956907;564.9655172413793;68643.31034482758;5367.172413793103;115790388.96551724
1687956908;564.9655172413793;70620.6896551724;6779.586206896552;115794202.48275863
1687956909;564.9655172413793;66807.1724137931;6779.586206896552;115779654.62068966
1687956910;564.9655172413793;70761.93103448275;6779.586206896552;114804524.13793103
1687956911;564.9655172413793;68502.06896551725;6779.586206896552;112499464.8275862
1687956912;564.9655172413793;70479.44827586207;6779.586206896552;111423911.72413793
1687956913;564.9655172413793;68219.58620689655;6779.586206896552;117263395.31034483
1687956914;564.9655172413793;71468.13793103448;6779.586206896552;117236135.72413793
1687956915;564.9655172413793;70479.44827586207;6779.586206896552;123674624
1687956916;564.9655172413793;67795.86206896552;6779.586206896552;123674624
1687956917;564.9655172413793;67372.13793103448;6779.586206896552;118443043.31034483
1687956918;564.9655172413793;65112.275862068964;6779.586206896552;119447693.2413793
1687956919;564.9655172413793;65959.72413793103;6779.586206896552;124119855.7688993
1687956920;564.9655172413793;64547.31034482759;2401.103448275862;116797863.72413793
1687956921;564.9655172413793;64688.55172413793;2401.103448275862;118060420.4137931
1687956922;564.9655172413793;63417.379310344826;2401.103448275862;112921352.8275862
1687956923;564.9655172413793;64406.06896551724;2401.103448275862;116265948.68965517
1687956924;564.9655172413793;58615.1724137931;2401.103448275862;111647355.5862069
1687956925;564.9655172413793;66665.93103448275;2117.817379614629;114992375.1724138
1687956926;1694.896551724138;66242.20689655172;1412.4137931034484;122937908.96551724
1687956927;1694.896551724138;64971.03448275862;1412.4137931034484;120011952.55172414
1687956928;1694.896551724138;66100.96551724138;2824.8275862068967;114858760.8275862
1687956929;1694.896551724138;68784.55172413793;2824.8275862068967;103574845.79310344
1687956930;1694.896551724138;68219.58620689655;2824.8275862068967;109704439.1724138
1687956931;1129.9310344827586;66948.41379310345;2824.8275862068967;118403072
1687956932;1694.896551724138;65536;2824.8275862068967;118526799.44827586
1687956933;1977.3793103448274;63417.379310344826;9321.931034482759;115691661.2413793
1687956934;1977.3793103448274;62852.41379310345;9321.931034482759;114549442.20689654
1687956935;1977.3793103448274;63276.13793103448;9321.931034482759;125668104.8275862
1687956936;1977.3793103448274;59603.862068965514;9321.931034482759;133911375.44827586
1687956937;1977.3793103448274;59038.89655172414;7909.51724137931;127827544.27586207
1687956938;2824.8275862068967;57908.96551724138;8333.241379310344;133652480
1687956939;2824.8275862068967;57485.24137931034;8333.241379310344;130476102.62068966
1687956940;2824.8275862068967;58756.41379310345;8333.241379310344;128550700.13793103
1687956941;2824.8275862068967;61016.275862068964;8333.241379310344;127492943.44827586
1687956942;2824.8275862068967;61298.75862068965;8333.241379310344;115578950.62068966
1687956943;2824.8275862068967;59038.89655172414;8333.241379310344;143262260.96551725
1687956944;2824.8275862068967;59886.3448275862;8333.241379310344;136823772.68965518
1687956945;2824.8275862068967;61157.51724137931;8333.241379310344;140783757.24137932
1687956946;2824.8275862068967;63276.13793103448;9039.448275862069;147110664.8275862
1687956947;2824.8275862068967;59886.3448275862;9039.448275862069;139534194.75862068
1687956948;2824.8275862068967;59603.862068965514;9039.448275862069;138267091.44217172
1687956949;2824.8275862068967;60027.58620689655;9039.448275862069;138220791.1724138
1687956950;2824.8275862068967;60310.06896551724;9039.448275862069;136958234.4827586
1687956951;2824.8275862068967;62852.41379310345;9039.448275862069;136958234.4827586
1687956952;2824.8275862068967;62852.41379310345;9039.448275862069;153129948.68965518
1687956953;2824.8275862068967;61016.275862068964;9039.448275862069;151782364.68965518
1687956954;2824.8275862068967;51835.58620689655;9042.878333160856;150400741.5172414
1687956955;1694.896551724138;51553.10344827586;9039.448275862069;141964252.68965518
1687956956;1694.896551724138;57202.75862068965;9039.448275862069;141964252.68965518
1687956957;2259.862068965517;53954.206896551725;7627.0344827586205;156780614.62068966
1687956958;2259.862068965517;54942.89655172414;7627.0344827586205;166148449.10344827
1687956959;2259.862068965517;54095.448275862065;7627.0344827586205;161596945.6551724
1687956960;2259.862068965517;55366.620689655174;7627.0344827586205;151217681.6551724
1687956961;1694.662805130327;56637.793103448275;7627.0344827586205;145143172.4137931
1687956962;1412.4137931034484;56496.55172413793;1129.9310344827586;160841728
1687956963;1412.4137931034484;55507.862068965514;1129.9310344827586;167784165.5172414
1687956964;1412.4137931034484;53812.96551724138;1129.9310344827586;153828952.27586207
1687956965;1412.4137931034484;53954.206896551725;1129.9310344827586;141300841.93103448
1687956966;1412.4137931034484;54377.93103448276;1129.9310344827586;141300841.93103448
1687956967;564.9655172413793;53954.206896551725;706.2068965517242;151711885.24137932
1687956968;564.9655172413793;50988.137931034486;706.2068965517242;160316592.55172414
1687956969;564.9655172413793;49999.448275862065;1271.1724137931035;162241995.03448275
1687956970;564.9655172413793;48869.51724137931;1271.1724137931035;162241995.03448275
1687956971;564.9655172413793;51835.58620689655;1271.1724137931035;162241995.03448275
1687956972;564.9655172413793;53389.24137931034;1271.1724137931035;146367876.4137931
1687956973;564.9655172413793;53954.206896551725;1271.1724137931035;163323904
1687956974;564.9655172413793;51553.10344827586;5649.6551724137935;159363919.44827586
1687956975;564.9655172413793;49858.206896551725;4943.448275862069;150433792
1687956976;564.9655172413793;50988.137931034486;4943.448275862069;147396537.37931034
1687956977;564.9655172413793;52118.06896551724;4943.448275862069;139661876.96551725
1687956978;1694.896551724138;50281.93103448276;4943.448275862069;159447110.62068966
1687956979;1694.896551724138;49858.206896551725;4943.448275862069;159447110.62068966
1687956980;1694.896551724138;49716.96551724138;5367.172413793103;159447110.62068966
1687956981;1694.896551724138;50423.1724137931;5367.172413793103;143407739.58620688
1687956982;1694.896551724138;58473.93103448276;5367.172413793103;143671578.4827586
1687956983;2259.862068965517;58897.65517241379;5367.172413793103;141708182.06896552
1687956984;2259.862068965517;59038.89655172414;5367.172413793103;154606486.06896552
1687956985;2259.862068965517;52118.06896551724;5367.172413793103;154606486.06896552
1687956986;1694.896551724138;54236.68965517241;5367.172413793103;139537584.55172414
1687956987;1694.896551724138;51694.3448275862;5367.172413793103;131323833.37931034
1687956988;1694.896551724138;55225.379310344826;5367.172413793103;129745743.44827586
1687956989;1694.896551724138;52965.51724137931;5367.172413793103;129745743.44827586
1687956990;1695.1303628086634;53106.75862068965;5367.172413793103;135820252.68965518
1687956991;1694.896551724138;52824.275862068964;5367.172413793103;118021296.55172414
1687956992;1694.896551724138;59886.3448275862;5367.172413793103;117157040.55172414
1687956993;1694.896551724138;59038.89655172414;5367.172413793103;118022991.44827586
1687956994;1694.896551724138;59603.862068965514;5367.172413793103;121060387.31034483
1687956995;1694.896551724138;57626.48275862069;5367.172413793103;127134896.55172414
1687956996;1694.896551724138;60592.55172413793;5932.137931034483;122045687.1724138
1687956997;1694.896551724138;60310.06896551724;5932.137931034483;113384059.5862069
1687956998;1694.896551724138;60592.55172413793;5367.172413793103;111458657.10344827
1687956999;1694.896551724138;59180.137931034486;5367.172413793103;112884488.8275862
1687957000;1694.896551724138;56214.06896551724;5367.172413793103;117536273.65517241
1687957001;1694.896551724138;55649.10344827586;5367.172413793103;111801591.1724138
1687957002;1694.896551724138;55084.137931034486;5367.172413793103;95619707.5862069
1687957003;1694.896551724138;58473.93103448276;988.6896551724137;96263485.79310344
1687957004;1694.896551724138;56637.793103448275;988.6896551724137;107857001.93103448
1687957005;1694.896551724138;57061.51724137931;988.6896551724137;107857001.93103448
1687957006;1694.896551724138;55366.620689655174;988.6896551724137;107857001.93103448
1687957007;564.9655172413793;57485.24137931034;988.6896551724137;94148254.89655173
1687957008;1836.1379310344828;58756.41379310345;988.6896551724137;95981144.27586207
1687957009;1836.1379310344828;57485.24137931034;564.9655172413793;95981144.27586207
1687957010;1836.1379310344828;56214.06896551724;564.9655172413793;95698802.7586207
1687957011;1836.1379310344828;49434.48275862069;847.448275862069;99622205.79310344
1687957012;1271.1724137931035;50423.1724137931;847.448275862069;102660872.8275862
1687957013;1271.1724137931035;51270.620689655174;847.448275862069;91658734.34482759
1687957014;1271.1724137931035;51835.58620689655;847.448275862069;92128926.89655173
1687957015;1271.1724137931035;50705.65517241379;847.448275862069;101912434.7586207
1687957016;1271.1724137931035;52259.31034482759;847.448275862069;113503267.31034483
1687957017;1271.1724137931035;48869.51724137931;847.448275862069;113504962.20689654
1687957018;1271.1724137931035;49716.96551724138;847.448275862069;113504962.20689654
1687957019;1271.1724137931035;48163.31034482759;1553.655172413793;108426628.4137931
1687957020;1271.1724137931035;49293.24137931034;1553.655172413793;108426628.4137931
1687957021;1271.1724137931035;44349.793103448275;1553.655172413793;116665944.27586207
1687957022;1271.1724137931035;45056;1553.655172413793;120177204.96551724
1687957023;1271.1724137931035;44914.75862068965;1553.655172413793;117140797.79310344
1687957024;1271.1724137931035;47174.620689655174;1553.655172413793;111066288.55172414
1687957025;1271.1724137931035;45197.24137931035;1694.896551724138;99935479.1724138
1687957026;1271.1724137931035;45479.724137931036;5790.896551724138;98030839.1724138
1687957027;1271.1724137931035;46327.1724137931;5790.896551724138;100283356.68965517
1687957028;1271.1724137931035;49010.75862068965;5790.896551724138;107899374.34482758
1687957029;1271.1724137931035;50988.137931034486;5790.896551724138;103247589.51724137
1687957030;1271.1724137931035;49858.206896551725;5790.896551724138;103247589.51724137
1687957031;1271.1724137931035;51129.379310344826;5790.896551724138;105992192
1687957032;1271.1724137931035;47880.8275862069;5932.137931034483;107907848.8275862
1687957033;1271.1724137931035;49434.48275862069;5932.137931034483;96196537.37931034
1687957034;1271.1724137931035;48728.275862068964;5932.137931034483;96196537.37931034
1687957035;1271.1724137931035;50281.93103448276;5932.137931034483;96196537.37931034
1687957036;1271.1724137931035;50281.93103448276;5932.137931034483;103344904.8275862
1687957037;0;48304.55172413793;5932.137931034483;104551106.20689654
1687957038;0;49010.75862068965;5932.137931034483;106612100.4137931
1687957039;0;48445.793103448275;5932.137931034483;103417502.89655173
1687957040;0;48018.75732708089;5649.6551724137935;103492360.8275862
1687957041;0;48445.793103448275;5649.6551724137935;113294230.06896551
1687957042;0;48304.55172413793;5649.6551724137935;111399759.44827586
1687957043;0;49575.724137931036;5649.6551724137935;110929566.89655173
1687957044;0;49575.724137931036;5649.6551724137935;101146059.03448276
1687957045;0;53389.24137931034;5649.6551724137935;91440798.89655173
1687957046;0;54519.1724137931;5649.6551724137935;94476358.62068966
1687957047;0;54519.1724137931;5649.6551724137935;107598106.48275863
1687957048;0;55649.10344827586;4943.448275862069;106601931.03448276
1687957049;0;54801.65517241379;4943.448275862069;106601931.03448276
1687957050;0;52824.275862068964;4943.448275862069;98363745.10344827
1687957051;0;53530.48275862069;4943.448275862069;91815229.79310344
1687957052;0;54660.41379310345;5508.413793103448;101497043.86206897
1687957053;0;53389.24137931034;5508.413793103448;101497043.86206897
1687957054;0;52541.793103448275;4802.206896551724;106842606.34482758
1687957055;0;53389.24137931034;706.2068965517242;106842606.34482758
1687957056;0;54942.89655172414;706.2068965517242;111296370.7586207
1687957057;0;51270.620689655174;706.2068965517242;104661698.20689654
1687957058;0;54236.68965517241;847.448275862069;106788793.37931034
1687957059;0;54377.93103448276;847.448275862069;101822887.72413793
1687957060;0;52965.51724137931;847.448275862069;109966018.20689654
1687957061;0;55507.862068965514;706.2068965517242;107406583.1724138
1687957062;0;54942.89655172414;706.2068965517242;108629451.03448276
1687957063;0;55507.862068965514;706.2068965517242;110430702.34482758
1687957064;0;53954.206896551725;706.2068965517242;110430702.34482758
1687957065;0;54942.89655172414;706.2068965517242;98457811.86206897
1687957066;0;56920.275862068964;706.2068965517242;104750256.55172414
1687957067;0;55225.379310344826;706.2068965517242;102692652.13793103
1687957068;0;56779.03448275862;706.2068965517242;105566208
1687957069;0;56924.20166908063;706.2068965517242;104901949.79310344
1687957070;0;55084.137931034486;706.2068965517242;92061413.51724137
1687957071;0;55507.862068965514;706.2068965517242;92972702.89655173
1687957072;0;54519.1724137931;706.2068965517242;104818617.37931034
1687957073;0;54801.65517241379;706.2068965517242;104818617.37931034
1687957074;0;49716.96551724138;706.2068965517242;101778961.65517241
1687957075;0;49010.75862068965;706.2068965517242;100557082.48275863
1687957076;0;51835.58620689655;706.2068965517242;97771943.72413793
1687957077;0;50564.41379310345;706.2068965517242;97773356.13793103
1687957078;0;50564.41379310345;706.2068965517242;99785763.31034483
1687957079;0;51835.58620689655;706.2068965517242;106695150.34482758
1687957080;0;51270.620689655174;706.2068965517242;106695150.34482758
1687957081;0;51411.862068965514;141.24137931034483;97012347.5862069
1687957082;0;50564.41379310345;141.24137931034483;100808492.13793103
1687957083;0;51411.862068965514;141.24137931034483;96231000.27586207
1687957084;0;50564.41379310345;141.24137931034483;96231000.27586207
1687957085;0;50423.1724137931;141.24137931034483;103170189.2413793
1687957086;0;51835.58620689655;141.24137931034483;105975525.51724137
1687957087;0;47315.862068965514;0;111415860.96551724
1687957088;0;46327.1724137931;0;110307257.37931034
1687957089;0;47315.862068965514;706.2068965517242;98645380.4137931
1687957090;0;45338.48275862069;706.2068965517242;100367536.55172414
1687957091;0;46750.89655172414;706.2068965517242;107324804.4137931
1687957092;0;45903.448275862065;706.2068965517242;105955186.7586207
1687957093;0;47033.379310344826;706.2068965517242;107839205.51724137
1687957094;0;50564.41379310345;706.2068965517242;119570714.48275863
1687957095;0;49575.724137931036;706.2068965517242;110239179.03448276
1687957096;0;52965.51724137931;706.2068965517242;116311710.89655173
1687957097;0;50846.89655172414;706.2068965517242;113439708.68965517
1687957098;0;50423.1724137931;706.2068965517242;105961825.10344827
1687957099;0;49575.724137931036;706.2068965517242;105961825.10344827
1687957100;0;49293.24137931034;706.2068965517242;117998980.4137931
1687957101;0;49293.24137931034;706.2068965517242;106154054.62068966
1687957102;0;49152;706.2068965517242;106154054.62068966
1687957103;0;48728.275862068964;706.2068965517242;106171851.03448276
1687957104;0;48445.793103448275;706.2068965517242;114183768.27586207
1687957105;0;48163.31034482759;1412.4137931034484;103847159.1724138
1687957106;0;49293.24137931034;1412.4137931034484;109921385.93103448
1687957107;0;50988.137931034486;1412.4137931034484;107908978.7586207
1687957108;0;48869.51724137931;1412.4137931034484;100998603.03448276
1687957109;0;50564.41379310345;1412.4137931034484;100998603.03448276
1687957110;0;47598.3448275862;1412.4137931034484;103403096.27586207
1687957111;0;49293.24137931034;1412.4137931034484;112244241.65517241
1687957112;0;47598.3448275862;1412.4137931034484;111460210.7586207
1687957113;0;49293.24137931034;1412.4137931034484;111841280
1687957114;0;47033.379310344826;5649.6551724137935;102814967.1724138
1687957115;0;48022.06896551724;5649.6551724137935;110862053.51724137
1687957116;0;49152;5649.6551724137935;103294622.89655173
1687957117;0;50423.1724137931;5649.6551724137935;103294622.89655173
1687957118;0;49293.24137931034;4943.448275862069;109371250.7586207
1687957119;0;49434.48275862069;5367.172413793103;109584807.72413793
1687957120;0;48022.06896551724;5508.413793103448;113123469.2413793
1687957121;0;48587.03448275862;5508.413793103448;112691835.5862069
1687957122;0;48304.55172413793;5508.413793103448;110807816.8275862
1687957123;0;42654.89655172414;5508.413793103448;100863858.7586207
1687957124;0;43219.862068965514;5508.413793103448;102015399.72413793
1687957125;0;39971.31034482759;5508.413793103448;95939478.06896551
1687957126;0;44773.51724137931;5508.413793103448;107385538.20689654
1687957127;0;44208.55172413793;5508.413793103448;108028327.72413793
1687957128;0;46609.65517241379;5508.413793103448;121016178.7586207
1687957129;0;44773.51724137931;5508.413793103448;108068157.79310344
1687957130;0;45338.48275862069;5508.413793103448;108067169.10344827
1687957131;0;44491.03448275862;5508.413793103448;109885510.62068966
1687957132;0;45479.724137931036;5508.413793103448;109867714.20689654
1687957133;0;46468.41379310345;5508.413793103448;110371522.20689654
1687957134;0;43926.06896551724;4802.206896551724;113781371.5862069
1687957135;0;43643.58620689655;4802.206896551724;107705732.4137931
1687957136;0;44067.31034482759;4802.206896551724;116446596.4137931
1687957137;0;48445.793103448275;4802.206896551724;113116265.93103448
1687957138;0;45903.448275862065;4802.206896551724;116154509.2413793
1687957139;0;47598.3448275862;4802.206896551724;115037572.4137931
1687957140;0;50423.1724137931;4802.206896551724;102400282.48275863
1687957141;0;53954.206896551725;4802.206896551724;106736251.5862069
1687957142;0;53248;4802.206896551724;115511013.51724137
1687957143;0;53106.75862068965;564.9655172413793;115876122.48275863
1687957144;0;52118.06896551724;564.9655172413793;107310680.27586207
1687957145;0;50281.93103448276;564.9655172413793;107319578.48275863
1687957146;1553.655172413793;52683.03448275862;564.9655172413793;107319578.48275863
1687957147;1553.655172413793;52965.51724137931;564.9655172413793;110565446.62068966
1687957148;1553.655172413793;53812.96551724138;141.24137931034483;108629733.51724137
1687957149;1553.655172413793;53671.724137931036;0;95095137.10344827
1687957150;1553.655172413793;53248;0;99262181.51724137
1687957151;2118.6206896551726;59462.620689655174;0;104975960.27586207
1687957152;2118.6206896551726;60733.793103448275;0;107799516.68965517
1687957153;2118.6206896551726;59038.89655172414;0;108458266.48275863
1687957154;2118.6206896551726;60592.55172413793;0;111242416.55172414
1687957155;2118.6206896551726;55790.3448275862;0;103054230.06896551
1687957156;2118.6206896551726;59603.862068965514;0;106486819.31034483
1687957157;2118.6206896551726;57202.75862068965;0;99573760
1687957158;2118.6206896551726;59603.862068965514;0;99571641.37931034
1687957159;2118.6206896551726;59038.89655172414;0;105248414.89655173
1687957160;2118.6206896551726;58897.65517241379;0;108859109.51724137
1687957161;2118.6206896551726;58615.1724137931;0;108859250.7586207
1687957162;2118.6206896551726;56637.793103448275;0;104458028.13793103
1687957163;2118.6206896551726;57485.24137931034;0;106688794.48275863
1687957164;2118.6206896551726;58615.1724137931;0;110421804.13793103
1687957165;2118.6206896551726;57908.96551724138;0;103627811.31034483
1687957166;2118.6206896551726;56496.55172413793;0;102823300.4137931
1687957167;2118.6206896551726;58473.93103448276;0;99785057.10344827
1687957168;2118.6206896551726;57626.48275862069;706.2068965517242;110515729.65517241
1687957169;2118.6206896551726;55649.10344827586;706.2068965517242;116590238.89655173
1687957170;2118.6206896551726;52118.06896551724;706.2068965517242;112257094.62068966
1687957171;2118.6206896551726;52118.06896551724;706.2068965517242;106807437.2413793
1687957172;2118.6206896551726;52400.55172413793;706.2068965517242;101823170.20689654
1687957173;2118.6206896551726;50281.93103448276;706.2068965517242;108175360
1687957174;2118.6206896551726;53106.75862068965;706.2068965517242;108302053.51724137
1687957175;564.9655172413793;49434.48275862069;706.2068965517242;118835976.8275862
1687957176;564.9655172413793;50846.89655172414;706.2068965517242;109513480.8275862
1687957177;1129.9310344827586;51553.10344827586;706.2068965517242;112369946.48275863
1687957178;1129.9310344827586;50846.89655172414;1412.4137931034484;116700548.4137931
1687957179;1129.9310344827586;53248;1412.4137931034484;118285276.68965517
1687957180;564.9655172413793;45197.24137931035;1412.4137931034484;114354952.8275862
1687957181;564.9655172413793;49575.724137931036;1412.4137931034484;115716519.72413793
1687957182;564.9655172413793;49575.724137931036;1412.4137931034484;113906228.96551724
1687957183;564.9655172413793;49999.448275862065;1412.4137931034484;119904326.62068966
1687957184;564.9655172413793;50705.65517241379;1412.4137931034484;116644899.31034483
1687957185;564.9655172413793;46892.137931034486;1412.4137931034484;115370337.10344827
1687957186;564.9655172413793;49434.48275862069;1412.4137931034484;113987019.03448276
1687957187;564.9655172413793;50281.93103448276;1412.4137931034484;113987019.03448276
1687957188;564.9655172413793;50140.68965517241;1412.4137931034484;116057193.93103448
1687957189;564.9655172413793;50988.137931034486;1412.4137931034484;116558035.86206897
1687957190;564.9655172413793;49999.448275862065;1412.4137931034484;116560578.20689654
1687957191;564.9655172413793;51129.379310344826;1412.4137931034484;114879240.8275862
1687957192;564.9655172413793;51411.862068965514;1412.4137931034484;113631514.48275863
1687957193;564.9655172413793;48587.03448275862;5790.896551724138;119553624.27586207
1687957194;564.9655172413793;48869.51724137931;5790.896551724138;117606753.10344827
1687957195;564.9655172413793;45903.448275862065;5790.896551724138;118703351.1724138
1687957196;564.9655172413793;45762.206896551725;5790.896551724138;121821113.37931034
1687957197;564.926556789187;45903.448275862065;5084.689655172414;109802884.4137931
1687957198;564.9655172413793;47315.862068965514;5084.689655172414;114200434.7586207
1687957199;564.9655172413793;48869.51724137931;5508.413793103448;117607318.06896551
1687957200;564.9655172413793;49152;5508.413793103448;113901144.27586207
1687957201;1694.662805130327;49858.206896551725;5508.413793103448;120755164.68965517
1687957202;1694.896551724138;49858.206896551725;5508.413793103448;114308625.65517241
1687957203;1694.896551724138;47880.8275862069;6073.379310344828;114204530.7586207
1687957204;1694.896551724138;48869.51724137931;6073.379310344828;103670607.44827586
1687957205;1694.896551724138;48869.51724137931;6073.379310344828;113260473.37931034
1687957206;1694.896551724138;47457.10344827586;6073.379310344828;117012126.89655173
1687957207;1977.3793103448274;50281.93103448276;5367.172413793103;118067906.20689654
1687957208;1977.3793103448274;49293.24137931034;5367.172413793103;117361416.8275862
1687957209;1977.3793103448274;49575.724137931036;5367.172413793103;115577961.93103448
1687957210;1977.3793103448274;45479.724137931036;5367.172413793103;108353324.13793103
1687957211;1977.3793103448274;47739.58620689655;5367.172413793103;108353324.13793103
1687957212;1977.3793103448274;44914.75862068965;5367.172413793103;116801536
1687957213;1977.3793103448274;49575.724137931036;5367.172413793103;127114557.79310344
1687957214;2824.8275862068967;51553.10344827586;5367.172413793103;122366728.8275862
1687957215;2824.8275862068967;51835.58620689655;5367.172413793103;121652612.4137931
1687957216;2824.8275862068967;50281.93103448276;5367.172413793103;121652612.4137931
1687957217;2824.8275862068967;56214.06896551724;5367.172413793103;120676916.96551724
1687957218;2824.8275862068967;56214.06896551724;5367.172413793103;134828455.72413793
1687957219;2824.8275862068967;56779.03448275862;5367.172413793103;134825772.13793102
1687957220;2824.8275862068967;56779.03448275862;5367.172413793103;132011255.1724138
1687957221;2824.8275862068967;57626.48275862069;5367.172413793103;127618365.79310344
1687957222;2824.8275862068967;61440;988.6896551724137;117963246.34482758
1687957223;2824.8275862068967;59603.862068965514;988.6896551724137;144175386.4827586
1687957224;2824.8275862068967;59886.3448275862;988.6896551724137;141135307.03448275
1687957225;2824.8275862068967;59603.862068965514;988.6896551724137;139802977.10344827
1687957226;2825.0224153389895;61863.724137931036;988.6896551724137;139802977.10344827
1687957227;2824.8275862068967;58615.1724137931;988.6896551724137;132083147.03448276
1687957228;2824.8275862068967;57202.75862068965;564.9655172413793;149516288
1687957229;2824.8275862068967;56355.31034482759;564.9655172413793;155277806.3448276
1687957230;1695.1303628086634;54660.41379310345;564.9655172413793;150142552.27586207
1687957231;1694.896551724138;58615.1724137931;564.9655172413793;155251252.96551725
1687957232;2259.862068965517;58191.448275862065;0;161294265.37931034
1687957233;2259.862068965517;58897.65517241379;0;167203945.93103448
1687957234;2259.862068965517;57344;0;169382452.96551725
1687957235;1694.896551724138;58191.448275862065;0;165829526.06896552
1687957236;1412.4137931034484;56920.275862068964;0;167009032.8275862
1687957237;1412.4137931034484;56637.793103448275;0;163688730.4827586
1687957238;1412.4137931034484;58191.448275862065;0;163688730.4827586
1687957239;1412.4137931034484;56355.31034482759;0;163688730.4827586
1687957240;1412.4137931034484;54942.89655172414;0;172875917.24137932
1687957241;1412.4137931034484;58473.93103448276;0;173891584
1687957242;1412.4137931034484;55084.137931034486;0;163578562.20689654
1687957243;564.9655172413793;57061.51724137931;0;165380802.20689654
1687957244;564.9655172413793;55084.137931034486;0;161403444.96551725
1687957245;564.9655172413793;56779.03448275862;0;161403444.96551725
1687957246;564.9655172413793;51553.10344827586;0;171056587.03448275
1687957247;564.9655172413793;52400.55172413793;0;163483083.03448275
1687957248;564.9655172413793;51976.8275862069;0;163483083.03448275
1687957249;564.9655172413793;51694.3448275862;0;162339451.58620688
1687957250;564.9655172413793;50564.41379310345;0;168628647.72413793
1687957251;564.9655172413793;47739.58620689655;706.2068965517242;171194297.37931034
1687957252;706.2068965517242;50564.41379310345;706.2068965517242;155854777.37931034
1687957253;1129.9310344827586;55790.3448275862;706.2068965517242;158954884.4137931
1687957254;1129.9310344827586;55225.379310344826;706.2068965517242;157169452.13793102
1687957255;1129.9310344827586;53671.724137931036;706.2068965517242;157289083.58620688
1687957256;1129.9310344827586;54801.65517241379;706.2068965517242;160614188.13793102
1687957257;1129.9310344827586;55507.862068965514;706.2068965517242;139771339.03448275
1687957258;1129.9310344827586;57202.75862068965;706.2068965517242;146605868.13793102
1687957259;1129.9310344827586;58756.41379310345;706.2068965517242;144887101.79310346
1687957260;1129.9310344827586;56496.55172413793;706.2068965517242;135182265.37931034
1687957261;564.9655172413793;57485.24137931034;706.2068965517242;129123998.89655173
1687957262;564.9655172413793;58897.65517241379;706.2068965517242;131480611.31034483
1687957263;564.9655172413793;58897.65517241379;706.2068965517242;120505732.4137931
1687957264;564.9655172413793;57202.75862068965;706.2068965517242;117450540.13793103
1687957265;564.9655172413793;57202.75862068965;706.2068965517242;119036822.06896551
1687957266;564.9655172413793;56355.31034482759;706.2068965517242;117311841.10344827
1687957267;564.9655172413793;56637.793103448275;706.2068965517242;121765181.79310344
1687957268;564.9655172413793;55931.58620689655;706.2068965517242;129461000.8275862
1687957269;564.9655172413793;56214.06896551724;706.2068965517242;120273814.06896551
1687957270;564.9655172413793;52683.03448275862;706.2068965517242;110874624
1687957271;564.9655172413793;52400.55172413793;706.2068965517242;110874624
1687957272;564.9655172413793;49999.448275862065;706.2068965517242;109072384
1687957273;564.9655172413793;51694.3448275862;706.2068965517242;115127543.1724138
1687957274;564.9655172413793;51835.58620689655;706.2068965517242;124042840.27586207
1687957275;564.9655172413793;50281.93103448276;706.2068965517242;107620281.37931034
1687957276;564.9655172413793;50423.1724137931;4943.448275862069;97144408.27586207
1687957277;564.9655172413793;50423.1724137931;4943.448275862069;100604680.8275862
1687957278;564.9655172413793;51694.3448275862;4943.448275862069;104224414.89655173
1687957279;564.9655172413793;50423.1724137931;4943.448275862069;103430779.5862069
1687957280;564.9655172413793;50281.93103448276;4237.241379310345;104833165.2413793
1687957281;423.7241379310345;47739.58620689655;4237.241379310345;103193635.31034483
1687957282;0;44349.793103448275;4378.482758620689;101438287.44827586
1687957283;141.24137931034483;47033.379310344826;4378.482758620689;101438287.44827586
1687957284;141.24137931034483;45479.724137931036;4378.482758620689;107393165.2413793
1687957285;141.24137931034483;45197.24137931035;4378.482758620689;103305074.7586207
1687957286;141.24137931034483;45620.96551724138;4802.206896551724;103305074.7586207
1687957287;141.24137931034483;45197.24137931035;4802.206896551724;90709027.31034483
1687957288;141.24137931034483;50564.41379310345;4802.206896551724;92096865.10344827
1687957289;141.24137931034483;51976.8275862069;4802.206896551724;112775450.48275863
1687957290;141.24137931034483;49716.96551724138;4802.206896551724;112760902.62068966
1687957291;141.24137931034483;49293.24137931034;4802.206896551724;106240353.10344827
1687957292;141.24137931034483;48445.793103448275;4802.206896551724;105446859.03448276
1687957293;141.24137931034483;52824.275862068964;4802.206896551724;113108356.4137931
1687957294;141.24137931034483;51411.862068965514;4802.206896551724;110106270.89655173
1687957295;141.24137931034483;50564.41379310345;4802.206896551724;117582318.34482758
1687957296;141.24137931034483;50140.68965517241;4802.206896551724;113128977.65517241
1687957297;141.24137931034483;51270.620689655174;4802.206896551724;105434288.55172414
1687957298;141.24137931034483;54095.448275862065;4802.206896551724;108337646.34482758
1687957299;141.24137931034483;55084.137931034486;4802.206896551724;102394350.34482758
1687957300;141.24137931034483;54801.65517241379;4802.206896551724;109465035.03448276
1687957301;141.24137931034483;52683.03448275862;4802.206896551724;109465176.27586207
1687957302;141.24137931034483;51976.8275862069;4802.206896551724;109198936.27586207
1687957303;141.24137931034483;52118.06896551724;4802.206896551724;106068886.06896551
1687957304;141.24137931034483;53954.206896551725;4802.206896551724;108416741.51724137
1687957305;141.24137931034483;51976.8275862069;564.9655172413793;109821669.51724137
1687957306;141.24137931034483;52683.03448275862;564.9655172413793;108096971.03448276
1687957307;141.24137931034483;51694.3448275862;564.9655172413793;104186985.93103448
1687957308;141.24137931034483;52965.51724137931;564.9655172413793;111852861.79310344
1687957309;141.24137931034483;54236.68965517241;564.9655172413793;107884826.48275863
1687957310;141.24137931034483;53954.206896551725;564.9655172413793;104438678.06896551
1687957311;141.24137931034483;54660.41379310345;423.7241379310345;104518903.1724138
1687957312;0;51553.10344827586;423.7241379310345;104815368.8275862
1687957313;0;56355.31034482759;423.7241379310345;105235735.76058474
1687957314;0;54942.89655172414;423.7241379310345;109942713.37931034
1687957315;0;54660.41379310345;0;111573203.86206897
1687957316;0;53954.206896551725;0;111573203.86206897
1687957317;0;47880.8275862069;0;127232776.8275862
1687957318;0;47880.8275862069;0;106550519.1724138
1687957319;0;48728.275862068964;5225.931034482758;106548824.27586207
1687957320;0;46892.137931034486;5225.931034482758;107842171.5862069
1687957321;0;47315.862068965514;5225.931034482758;109697659.5862069
1687957322;0;45056;5225.931034482758;104373707.03448276
1687957323;0;46044.68965517241;5225.931034482758;116952805.51724137
1687957324;0;47739.58620689655;5225.931034482758;109476758.06896551
1687957325;0;47880.8275862069;5932.137931034483;109476758.06896551
1687957326;0;47739.58620689655;5932.137931034483;113047057.65517241
1687957327;0;45762.206896551725;5932.137931034483;112648615.72413793
1687957328;0;45620.96551724138;5932.137931034483;115820755.86206897
1687957329;0;45197.24137931035;5932.137931034483;112935900.68965517
1687957330;0;49010.75862068965;5932.137931034483;121423660.13793103
1687957331;0;49999.448275862065;10734.344827586207;115636435.86206897
1687957332;0;46327.1724137931;10734.344827586207;109851188.96551724
1687957333;0;46185.93103448276;10734.344827586207;109028457.93103448
1687957334;0;49010.75862068965;10734.344827586207;105591490.20689654
1687957335;0;49010.75862068965;10734.344827586207;111443826.7586207
1687957336;0;48869.51724137931;10734.344827586207;116596877.2413793
1687957337;0;48445.793103448275;10734.344827586207;108795692.13793103
1687957338;0;48445.793103448275;10734.344827586207;108795692.13793103
1687957339;0;49434.48275862069;10734.344827586207;109083259.5862069
1687957340;0;46609.65517241379;10734.344827586207;107658275.31034483
1687957341;0;46468.41379310345;10734.344827586207;113440132.4137931
1687957342;0;42654.89655172414;10734.344827586207;108649239.34335771
1687957343;0;43078.620689655174;10734.344827586207;101952547.31034483
1687957344;0;45620.96551724138;10734.344827586207;104397153.10344827
1687957345;0;49858.206896551725;10734.344827586207;113515696.55172414
1687957346;0;49010.75862068965;10734.344827586207;99407377.65517241
1687957347;0;47880.8275862069;10734.344827586207;99407377.65517241
1687957348;0;48587.03448275862;5508.413793103448;108621824
1687957349;0;48022.06896551724;5508.413793103448;118023273.93103448
1687957350;0;49010.75862068965;5508.413793103448;116167785.93103448
1687957351;0;46892.137931034486;5508.413793103448;113832077.2413793
1687957352;0;49293.24137931034;5508.413793103448;97128730.48275863
1687957353;0;47315.862068965514;5508.413793103448;97165029.51724137
1687957354;0;48163.31034482759;4802.206896551724;104600681.93103448
1687957355;0;49716.96551724138;4802.206896551724;104679918.34482758
1687957356;0;48445.793103448275;4802.206896551724;105515502.34482758
1687957357;0;49152;4802.206896551724;110997645.2413793
1687957358;0;48022.06896551724;4802.206896551724;106811815.72413793
1687957359;0;46750.89655172414;4802.206896551724;98323915.03448276
1687957360;0;45338.48275862069;0;101359474.7586207
1687957361;0;46185.93103448276;282.48275862068965;107435678.89655173
1687957362;0;45479.724137931036;282.48275862068965;107809544.8275862
1687957363;0;43784.8275862069;282.48275862068965;107809544.8275862
1687957364;0;44349.793103448275;282.48275862068965;105254347.03448276
1687957365;0;46185.93103448276;282.48275862068965;108066039.1724138
1687957366;0;47315.862068965514;282.48275862068965;104670878.89655173
1687957367;0;45197.24137931035;282.48275862068965;104670878.89655173
1687957368;0;46044.68965517241;282.48275862068965;117634577.65517241
1687957369;0;46892.137931034486;282.48275862068965;118541347.31034483
1687957370;0;47598.3448275862;282.48275862068965;112463024.55172414
1687957371;0;52965.51724137931;282.48275862068965;111896646.62068966
1687957372;0;53248;282.48275862068965;111896646.62068966
1687957373;0;51976.8275862069;282.48275862068965;107821550.34482758
1687957374;0;46609.65517241379;282.48275862068965;102419067.5862069
1687957375;0;47598.3448275862;282.48275862068965;100725300.96551724
1687957376;0;48022.06896551724;282.48275862068965;111078152.8275862
1687957377;0;47739.58620689655;282.48275862068965;101863706.48275863
1687957378;0;48445.793103448275;282.48275862068965;95502194.7586207
1687957379;0;48728.275862068964;282.48275862068965;95502194.7586207
1687957380;0;49434.48275862069;282.48275862068965;101574867.86206897
1687957381;0;49716.96551724138;282.48275862068965;102274577.65517241
1687957382;0;51835.58620689655;282.48275862068965;102238278.62068966
1687957383;0;49152;282.48275862068965;107973949.79310344
1687957384;0;48445.793103448275;282.48275862068965;104323283.86206897
1687957385;0;47880.8275862069;282.48275862068965;104020038.62068966
1687957386;0;49999.448275862065;282.48275862068965;98538319.44827586
1687957387;0;51129.379310344826;282.48275862068965;98538319.44827586
1687957388;0;49010.75862068965;282.48275862068965;102443643.5862069
1687957389;0;49293.24137931034;282.48275862068965;99695792.55172414
1687957390;0;50140.68965517241;0;104322295.1724138
1687957391;0;50564.41379310345;0;102422881.10344827
1687957392;0;50423.1724137931;0;104076252.68965517
1687957393;0;50423.1724137931;0;106502073.37931034
1687957394;0;48445.793103448275;0;107936097.10344827
1687957395;0;46892.137931034486;0;109349640.8275862
1687957396;0;49575.724137931036;0;109351194.48275863
1687957397;0;48728.275862068964;0;92172994.20689654
1687957398;0;49716.96551724138;0;91266224.55172414
1687957399;0;49575.724137931036;0;92505900.13793103
1687957400;0;44067.31034482759;0;109664750.34482758
1687957401;0;45197.24137931035;0;109666304
1687957402;0;43926.06896551724;0;109666304
1687957403;0;43784.8275862069;0;107849657.37931034
1687957404;0;43643.58620689655;0;110780133.51724137
1687957405;0;42089.93103448276;0;106501790.89655173
1687957406;0;42796.137931034486;0;108512926.89655173
1687957407;0;43502.3448275862;0;102433897.93103448
1687957408;0;43643.58620689655;0;115345337.37931034
1687957409;0;45479.724137931036;706.2068965517242;109270828.13793103
1687957410;0;42372.41379310345;706.2068965517242;113618944
1687957411;0;41666.206896551725;706.2068965517242;113621627.5862069
1687957412;0;48163.31034482759;706.2068965517242;102241809.65517241
1687957413;0;46468.41379310345;706.2068965517242;105225816.27586207
1687957414;0;47174.620689655174;706.2068965517242;102188702.89655173
1687957415;0;45762.206896551725;706.2068965517242;104874125.2413793
1687957416;0;50140.68965517241;706.2068965517242;104947712
1687957417;0;51129.379310344826;706.2068965517242;101137160.8275862
1687957418;0;51270.620689655174;706.2068965517242;100852135.72413793
1687957419;0;50423.1724137931;706.2068965517242;90149428.96551724
1687957420;0;51694.3448275862;1412.4137931034484;90148016.55172414
1687957421;0;51129.379310344826;1412.4137931034484;88494644.96551724
1687957422;0;49858.206896551725;1412.4137931034484;81042891.03448276
1687957423;0;49010.75862068965;1412.4137931034484;71643983.44827586
1687957424;0;49999.448275862065;1412.4137931034484;68265348.4137931
1687957425;0;47315.862068965514;1412.4137931034484;68263794.7586207
1687957426;0;47598.3448275862;1412.4137931034484;66403787.034482755
1687957427;0;45762.206896551725;1412.4137931034484;66406329.37931035
1687957428;0;47880.8275862069;1412.4137931034484;65166653.79310345
1687957429;0;48587.03448275862;1412.4137931034484;46902024.827586204
1687957430;0;49575.724137931036;1412.4137931034484;46900471.17241379
1687957431;0;49010.75862068965;1412.4137931034484;46900471.17241379
1687957432;0;50705.65517241379;1412.4137931034484;45001057.10344827
1687957433;0;49716.96551724138;1412.4137931034484;40825255.72413793
1687957434;0;49858.206896551725;5932.137931034483;34750746.48275862
1687957435;0;47880.8275862069;5932.137931034483;32739610.48275862
1687957436;0;49716.96551724138;5932.137931034483;32739610.48275862
1687957437;0;47880.8275862069;5932.137931034483;19828171.03448276
1687957438;0;47033.379310344826;5225.931034482758;19828171.03448276
1687957439;0;49010.75862068965;5649.6551724137935;13753379.310344828
1687957440;0;49575.724137931036;6073.379310344828;13750695.72413793
1687957441;0;46044.68965517241;6073.379310344828;11959190.068965517
1687957442;0;47174.620689655174;6073.379310344828;8975183.448275862
1687957443;0;46327.1724137931;6073.379310344828;8975042.206896551
1687957444;0;45338.48275862069;6073.379310344828;214121.93103448275
1687957445;0;39830.06896551724;6073.379310344828;140535.1724137931
1687957446;0;40677.51724137931;6073.379310344828;45762.206896551725
1687957447;0;40818.75862068965;6073.379310344828;49293.24137931034
1687957448;0;41948.68965517241;6073.379310344828;49293.24137931034
1687957449;0;41666.206896551725;5367.172413793103;49293.24137931034
1687957450;0;42231.1724137931;5367.172413793103;50423.1724137931
1687957451;0;42654.89655172414;5367.172413793103;43643.58620689655
1687957452;0;43643.58620689655;5367.172413793103;43643.58620689655
1687957453;0;41807.448275862065;5367.172413793103;48022.06896551724
1687957454;0;43784.8275862069;5367.172413793103;48022.06896551724
1687957455;0;41807.448275862065;5367.172413793103;48022.06896551724
1687957456;0;43926.06896551724;5367.172413793103;45479.724137931036
1687957457;0;40818.75862068965;5367.172413793103;48022.06896551724
1687957458;0;47598.3448275862;5367.172413793103;16666.48275862069
1687957459;0;46185.93103448276;5367.172413793103;21186.206896551725
1687957460;0;47598.3448275862;5367.172413793103;21186.206896551725
1687957461;0;46468.41379310345;5367.172413793103;21186.206896551725
1687957462;0;47457.10344827586;5367.172413793103;21186.206896551725
1687957463;0;46468.41379310345;847.448275862069;21186.206896551725
1687957464;0;47598.3448275862;847.448275862069;21186.206896551725
1687957465;0;44632.275862068964;847.448275862069;21186.206896551725
1687957466;0;47174.620689655174;847.448275862069;21186.206896551725
1687957467;0;45338.48275862069;847.448275862069;21186.206896551725
1687957468;0;46750.89655172414;423.7241379310345;21186.206896551725
1687957469;0;45620.96551724138;0;21186.206896551725
1687957470;0;44491.03448275862;0;21186.206896551725
1687957471;0;44632.275862068964;141.24137931034483;21186.206896551725
1687957472;0;46750.89655172414;847.448275862069;21186.206896551725
1687957473;0;45479.724137931036;847.448275862069;35451.58620689655
1687957474;0;46468.41379310345;847.448275862069;35451.58620689655
1687957475;0;43784.8275862069;847.448275862069;35451.58620689655
1687957476;0;44632.275862068964;847.448275862069;27542.068965517243
1687957477;0;42654.89655172414;847.448275862069;27542.068965517243
1687957478;0;41242.48275862069;847.448275862069;27542.068965517243
1687957479;0;41101.24137931035;847.448275862069;27259.58620689655
1687957480;0;43219.862068965514;847.448275862069;27259.58620689655
1687957481;0;43502.3448275862;847.448275862069;27259.58620689655
1687957482;0;44491.03448275862;847.448275862069;22881.103448275862
1687957483;0;42513.65517241379;847.448275862069;22881.103448275862
1687957484;0;44349.793103448275;847.448275862069;22881.103448275862
1687957485;0;42231.1724137931;847.448275862069;22881.103448275862
1687957486;0;44208.55172413793;847.448275862069;20338.758620689656
1687957487;0;35734.06896551724;847.448275862069;20338.758620689656
1687957488;0;35734.06896551724;1553.655172413793;15819.03448275862
1687957489;0;34886.620689655174;1553.655172413793;16384
1687957490;0;37005.24137931035;1553.655172413793;16384
1687957491;0;36440.275862068964;1553.655172413793;16384
1687957492;0;38417.65517241379;1553.655172413793;16384
1687957493;0;37287.724137931036;1553.655172413793;16384
1687957494;0;37711.448275862065;1553.655172413793;16384
1687957495;0;35169.10344827586;1553.655172413793;16384
1687957496;0;38417.65517241379;1553.655172413793;16384
1687957497;0;34180.41379310345;1553.655172413793;16384
1687957498;0;34321.65517241379;1553.655172413793;16384
1687957499;0;38276.41379310345;1553.655172413793;16384
1687957500;0;40395.03448275862;1412.4137931034484;16384
1687957501;0;38700.137931034486;5084.689655172414;16384
1687957502;0;42372.41379310345;5084.689655172414;1412.4137931034484
1687957503;0;42372.41379310345;5084.689655172414;1412.4137931034484
1687957504;0;43502.3448275862;5084.689655172414;1412.4137931034484
1687957505;0;40677.51724137931;5084.689655172414;1412.4137931034484
1687957506;0;43078.620689655174;5084.689655172414;1412.4137931034484
1687957507;0;43643.58620689655;6779.586206896552;1412.4137931034484
1687957508;0;43078.620689655174;6779.586206896552;11723.034482758621
1687957509;0;41948.68965517241;6779.586206896552;11723.034482758621
1687957510;0;44067.31034482759;6779.586206896552;11723.034482758621
1687957511;0;44208.55172413793;6779.586206896552;11723.034482758621
1687957512;0;45338.48275862069;6779.586206896552;11723.034482758621
1687957513;0;44349.793103448275;6779.586206896552;12146.758620689656
1687957514;0;46327.1724137931;6779.586206896552;12146.758620689656
1687957515;0;45479.724137931036;6779.586206896552;12146.758620689656
1687957516;0;51694.3448275862;6779.586206896552;12146.758620689656
1687957517;0;51270.620689655174;6073.379310344828;12146.758620689656
1687957518;0;50281.93103448276;6073.379310344828;11581.793103448275
1687957519;0;49716.96551724138;6073.379310344828;11581.793103448275
1687957520;0;50281.93103448276;6073.379310344828;11581.793103448275
1687957521;0;52541.793103448275;6073.379310344828;11581.793103448275
1687957522;0;53671.724137931036;6073.379310344828;12288
1687957523;0;54377.93103448276;6073.379310344828;12288
1687957524;0;54377.93103448276;6073.379310344828;12288
1687957525;0;52824.275862068964;6073.379310344828;12288
1687957526;0;53812.96551724138;6073.379310344828;12288
1687957527;0;53954.206896551725;6073.379310344828;12288
1687957528;0;48163.31034482759;6073.379310344828;12288
1687957529;0;45620.96551724138;6073.379310344828;12288
1687957530;0;48022.06896551724;1694.896551724138;12288
1687957531;0;46750.89655172414;1694.896551724138;12288
1687957532;0;47315.862068965514;1694.896551724138;12288
1687957533;0;47174.620689655174;1694.896551724138;12288
1687957534;0;47174.620689655174;1694.896551724138;12288
1687957535;0;58191.448275862065;1694.896551724138;12288
1687957536;0;59321.379310344826;0;12288
1687957537;0;60168.8275862069;9886.896551724138;1129.9310344827586
1687957538;0;57767.724137931036;9886.896551724138;1129.9310344827586
1687957539;0;57344;9886.896551724138;2542.344827586207
1687957540;0;58050.206896551725;9886.896551724138;2542.344827586207
1687957541;0;60451.31034482759;10734.344827586207;2542.344827586207
1687957542;0;59603.862068965514;10734.344827586207;2118.6206896551726
1687957543;0;58756.41379310345;10734.344827586207;2118.6206896551726
1687957544;0;57626.48275862069;10734.344827586207;2118.6206896551726
1687957545;0;53248;10734.344827586207;2118.6206896551726
1687957546;0;52965.51724137931;10734.344827586207;2118.6206896551726
1687957547;0;53954.206896551725;10734.344827586207;2118.6206896551726
1687957548;0;51129.379310344826;10734.344827586207;2118.6206896551726
1687957549;0;51129.379310344826;10734.344827586207;6779.586206896552
1687957550;0;50705.65517241379;10734.344827586207;6779.586206896552
1687957551;0;52683.03448275862;10734.344827586207;6073.379310344828
1687957552;0;51835.58620689655;10734.344827586207;6073.379310344828
1687957553;0;53530.48275862069;10734.344827586207;6073.379310344828
1687957554;0;51835.58620689655;10734.344827586207;6073.379310344828
1687957555;0;52965.51724137931;10734.344827586207;6214.620689655172
1687957556;0;52824.275862068964;11440.551724137931;6214.620689655172
1687957557;0;53812.96551724138;11440.551724137931;6214.620689655172
1687957558;0;52824.275862068964;11440.551724137931;6214.620689655172
1687957559;0;51835.58620689655;11440.551724137931;6214.620689655172
1687957560;0;50281.93103448276;11440.551724137931;6214.620689655172
1687957561;0;52683.03448275862;11440.551724137931;6214.620689655172
1687957562;0;51694.3448275862;11440.551724137931;6214.620689655172
1687957563;0;53530.48275862069;11440.551724137931;6214.620689655172
1687957564;0;40112.55172413793;11440.551724137931;6214.620689655172
1687957565;0;38558.89655172414;11440.551724137931;6214.620689655172
1687957566;0;39123.862068965514;1553.655172413793;6214.620689655172
1687957567;0;40112.55172413793;1553.655172413793;6214.620689655172
1687957568;0;37146.48275862069;1553.655172413793;4802.206896551724
1687957569;0;36299.03448275862;1553.655172413793;4802.206896551724
1687957570;0;38982.620689655174;706.2068965517242;4802.206896551724
1687957571;0;42654.89655172414;706.2068965517242;4802.206896551724
1687957572;0;41524.96551724138;1271.1724137931035;4802.206896551724
1687957573;0;44208.55172413793;1271.1724137931035;4802.206896551724
1687957574;0;42372.41379310345;1271.1724137931035;4802.206896551724
1687957575;0;42372.41379310345;1271.1724137931035;4802.206896551724
1687957576;0;42372.41379310345;1271.1724137931035;4802.206896551724
1687957577;0;44208.55172413793;1271.1724137931035;4802.206896551724
1687957578;0;43219.862068965514;1271.1724137931035;141.24137931034483
1687957579;0;40395.03448275862;1271.1724137931035;141.24137931034483
1687957580;0;38135.1724137931;1271.1724137931035;141.24137931034483
1687957581;0;41242.48275862069;1271.1724137931035;141.24137931034483
1687957582;0;39547.58620689655;5367.172413793103;141.24137931034483
1687957583;0;40677.51724137931;5367.172413793103;141.24137931034483
