Time;{instance="10.231.0.208:9100"};{instance="192.168.221.10:9100"};{instance="192.168.221.11:9100"};{instance="192.168.221.12:9100"}
1687956863;0;0;0;0
1687956864;0;0;0;0
1687956865;0;0;0;43502.3448275862
1687956866;1212980.9655172413;0;0;160873.93103448275
1687956867;4712094.8965517245;0;0;160873.93103448275
1687956868;8408523.034482758;0;0;161297.6551724138
1687956869;11316259.310344828;0;0;166382.3448275862
1687956870;13287282.758620689;0;0;169348.41379310345
1687956871;15246724.413793104;0;0;174574.3448275862
1687956872;17341334.068965517;0;0;174574.3448275862
1687956873;19961079.172413792;0;0;174562.3060478588
1687956874;23356239.44827586;0;0;174715.58620689655
1687956875;26731625.931034483;0;0;174715.58620689655
1687956876;29858145.103448275;0;0;174715.58620689655
1687956877;33175876.974001795;0;0;174715.58620689655
1687956878;36305390.344827585;0;0;174715.58620689655
1687956879;39732471.172413796;0;0;176128
1687956880;43224805.51724138;0;0;176128
1687956881;46940301.24137931;0;0;176128
1687956882;51084182.06896552;0;0;176128
1687956883;54833858.20689655;0;0;176128
1687956884;58877457.655172415;0;0;176128
1687956885;62927130.48275862;0;0;176128
1687956886;66976803.31034483;0;0;176128
1687956887;70809529.37931034;0;0;176128
1687956888;74786886.62068966;0;0;176128
1687956889;78935993.37931034;0;0;176128
1687956890;82596969.93103448;0;0;176128
1687956891;86646642.7586207;0;0;176128
1687956892;90696315.5862069;0;0;176128
1687956893;94601357.2413793;0;0;176128
1687956894;98669108.96551724;0;0;132625.6551724138
1687956895;101632353.10344827;0;0;15254.068965517241
1687956896;102182912;0;0;15254.068965517241
1687956897;102301131.03448276;0;0;14830.344827586207
1687956898;103678093.2413793;0;0;9745.655172413793
1687956899;105612111.44827586;0;0;6779.586206896552
1687956900;107557711.44827586;0;0;1553.655172413793
1687956901;109657405.79310344;0;0;1553.655172413793
1687956902;111087333.51724137;0;0;1553.7623284364438
1687956903;111597214.89655173;0;988.6896551724137;2118.6206896551726
1687956904;112416132.4137931;0;988.6896551724137;2118.6206896551726
1687956905;113050023.72413793;0;988.6896551724137;2118.6206896551726
1687956906;113841764.53548522;0;988.6896551724137;2118.6206896551726
1687956907;114846755.31034483;0;988.6896551724137;2118.6206896551726
1687956908;115469347.31034483;0;988.6896551724137;1694.896551724138
1687956909;115592792.27586207;0;988.6896551724137;1694.896551724138
1687956910;116071600.55172414;0;988.6896551724137;1836.1379310344828
1687956911;115968353.10344827;0;988.6896551724137;3672.2758620689656
1687956912;116132758.06896551;0;988.6896551724137;3672.2758620689656
1687956913;116138831.44827586;0;988.6896551724137;3672.2758620689656
1687956914;116138831.44827586;0;988.6896551724137;3672.2758620689656
1687956915;115994200.27586207;0;988.6896551724137;3672.2758620689656
1687956916;116211147.03448276;0;988.6896551724137;3672.2758620689656
1687956917;116229225.93103448;0;988.6896551724137;3672.2758620689656
1687956918;116039397.51724137;0;988.6896551724137;3672.2758620689656
1687956919;116428093.79310344;0;988.6896551724137;3671.1365438312246
1687956920;116283462.62068966;0;988.6896551724137;3672.2758620689656
1687956921;115816659.86206897;0;988.6896551724137;3672.2758620689656
1687956922;115732903.72413793;0;988.6896551724137;3672.2758620689656
1687956923;115714824.8275862;0;988.6896551724137;3672.2758620689656
1687956924;115488838.62068966;0;988.6896551724137;3672.2758620689656
1687956925;112378844.68965517;0;988.3147771534935;3672.2758620689656
1687956926;108564197.51724137;0;988.6896551724137;3672.2758620689656
1687956927;104505485.2413793;0;988.6896551724137;3672.2758620689656
1687956928;105129207.1724138;0;988.6896551724137;926260.9655172414
1687956929;105183443.86206897;0;988.6896551724137;2621157.5172413792
1687956930;105183443.86206897;0;988.6896551724137;4103627.0344827585
1687956931;105038812.68965517;0;988.6896551724137;5260676.413793104
1687956932;105183443.86206897;0;0;6709389.24137931
1687956933;105038812.68965517;0;0;8350049.1034482755
1687956934;105472706.20689654;0;0;10013307.586206896
1687956935;105219601.65517241;0;0;10998607.448275862
1687956936;104894181.51724137;0;0;12359044.413793104
1687956937;105038812.68965517;0;0;13985156.413793104
1687956938;105328075.03448276;0;0;15472145.655172413
1687956939;105183443.86206897;0;0;16993174.068965517
1687956940;104469327.44827586;0;0;18496406.068965517
1687956941;101133771.03448276;0;0;18754454.068965517
1687956942;98331542.06896551;0;0;18754454.068965517
1687956943;98241147.5862069;0;0;19604162.20689655
1687956944;98241147.5862069;0;0;21317137.655172415
1687956945;98241147.5862069;0;0;22903560.827586208
1687956946;98295384.27586207;0;0;24349872.551724136
1687956947;98241147.5862069;0;0;26007057.655172415
1687956948;98385778.7586207;0;0;27402410.955124006
1687956949;98530409.93103448;0;0;28974539.03448276
1687956950;97695532.13793103;0;0;30538363.586206894
1687956951;94696836.4137931;0;0;30625085.79310345
1687956952;94742033.65517241;0;0;31633125.517241377
1687956953;94841467.5862069;0;0;33052318.896551725
1687956954;97806830.34482758;0;0;34706820.4137931
1687956955;101277978.48275863;0;0;36342819.31034483
1687956956;101630516.96551724;0;0;36604963.31034483
1687956957;99994376.8275862;0;0;36135900.68965517
1687956958;99940140.13793103;0;0;35737600
1687956959;99795508.96551724;0;0;35912739.31034483
1687956960;99940140.13793103;0;0;36301435.5862069
1687956961;97034132.67135566;0;0;35452574.89655172
1687956962;96902885.51724137;0;0;34588318.89655172
1687956963;96758254.34482758;0;0;34488884.96551724
1687956964;96957122.20689654;0;0;35171363.31034483
1687956965;96613623.1724138;0;0;35311474.75862069
1687956966;93142475.03448276;0;0;33996235.034482755
1687956967;92563950.34482759;0;0;32983816.827586208
1687956968;92563950.34482759;0;0;33027884.137931034
1687956969;93287106.20689654;0;0;33099211.03448276
1687956970;96758254.34482758;0;0;34500608
1687956971;97391015.72413793;0;0;35552997.51724138
1687956972;96059674.48275863;0;0;34914021.51724138
1687956973;93962522.48275863;0;0;34496370.75862069
1687956974;89912849.65517241;0;0;35142691.31034483
1687956975;85863176.8275862;0;0;36001438.89655172
1687956976;81958135.1724138;0;0;36569935.448275864
1687956977;77763831.1724138;0;0;37483625.93103448
1687956978;73714158.34482759;0;0;37683764.96551724
1687956979;70966166.06896551;0;0;38293927.72413793
1687956980;70143576.27586207;0;0;40507745.10344827
1687956981;66048706.20689655;0;0;41685980.68965517
1687956982;61999033.37931035;0;0;42377498.48275862
1687956983;58093991.72413793;0;0;42953198.344827585
1687956984;54622843.5862069;0;0;42349673.93103448
1687956985;54044318.89655172;0;0;42091060.96551724
1687956986;51151695.448275864;0;0;41645303.172413796
1687956987;47246653.79310345;0;0;41388667.5862069
1687956988;43196980.96551724;0;0;41977361.655172415
1687956989;39147308.137931034;0;0;42768454.62068965
1687956990;37995499.51717479;0;0;44287646.89655172
1687956991;34085217.10344827;0;0;45775624.827586204
1687956992;30035544.275862068;0;0;46408386.20689655
1687956993;25985871.44827586;0;0;46857251.31034483
1687956994;22514723.310344826;0;0;47616564.96551724
1687956995;21791567.44827586;0;0;49488295.72413793
1687956996;18465050.48275862;0;0;51177260.137931034
1687956997;14415377.655172413;0;0;51935161.37931035
1687956998;10365704.827586208;0;0;52677384.827586204
1687956999;6316032;0;0;53195316.96551724
1687957000;4435826.75862069;0;0;54321434.48275862
1687957001;1807889.6551724137;0;0;56185255.72413793
1687957002;0;0;0;57213069.24137931
1687957003;0;0;0;57237786.48275862
1687957004;0;0;0;56302203.5862069
1687957005;0;0;0;56209831.72413793
1687957006;0;0;0;56273107.862068966
1687957007;0;0;0;56720560.551724136
1687957008;0;0;0;56756718.344827585
1687957009;0;0;0;56779316.96551724
1687957010;0;0;0;56717312
1687957011;0;0;0;56785107.862068966
1687957012;0;0;0;56751492.4137931
1687957013;0;0;0;58024077.24137931
1687957014;0;0;0;60361057.10344827
1687957015;0;0;0;62427842.20689655
1687957016;0;0;0;63390260.96551724
1687957017;0;0;0;63375571.862068966
1687957018;0;0;0;63271476.96551724
1687957019;0;0;0;63325713.655172415
1687957020;0;0;0;63411588.4137931
1687957021;0;0;0;62953401.37931035
1687957022;0;0;0;62911735.17241379
1687957023;0;0;0;61632229.51724138
1687957024;0;0;0;59448637.79310345
1687957025;0;0;0;57751340.137931034
1687957026;0;0;0;57575070.89655172
1687957027;0;0;0;57525071.448275864
1687957028;0;0;0;57362078.89655172
1687957029;0;0;0;57388773.51724138
1687957030;0;0;0;57578601.93103448
1687957031;0;0;0;57421117.79310345
1687957032;0;0;0;57373660.68965517
1687957033;0;0;0;58186787.31034483
1687957034;0;0;0;58424779.034482755
1687957035;0;0;0;58280147.862068966
1687957036;0;0;0;58004444.68965517
1687957037;0;0;0;58000066.20689655
1687957038;0;0;0;57914191.448275864
1687957039;0;0;0;57992580.4137931
1687957040;0;0;0;57015472.551724136
1687957041;0;0;0;56748808.827586204
1687957042;0;0;0;56721690.48275862
1687957043;0;0;0;56156866.20689655
1687957044;0;0;0;55650657.10344827
1687957045;0;0;0;55062951.72413793
1687957046;0;1271.1724137931035;0;55501364.96551724
1687957047;0;1271.1724137931035;0;55343174.62068965
1687957048;0;1271.1724137931035;0;55129193.93103448
1687957049;0;1271.1724137931035;0;54621148.68965517
1687957050;0;1271.1724137931035;0;55039364.4137931
1687957051;0;1271.1724137931035;0;55297694.89655172
1687957052;0;1271.1724137931035;0;56235113.93103448
1687957053;0;1271.1724137931035;0;58545822.89655172
1687957054;0;1271.1724137931035;0;60296086.06896552
1687957055;0;1271.1724137931035;0;60508513.10344827
1687957056;0;1271.1724137931035;0;60436480
1687957057;0;1271.1724137931035;0;60739301.51724138
1687957058;0;1271.1724137931035;0;60829413.51724138
1687957059;0;1271.1724137931035;0;60834215.72413793
1687957060;0;1271.1724137931035;0;60485490.75862069
1687957061;0;1271.1724137931035;0;60440434.75862069
1687957062;0;1271.1724137931035;0;60008518.62068965
1687957063;0;1271.1724137931035;0;58447236.4137931
1687957064;0;1271.1724137931035;0;56252486.62068965
1687957065;0;1271.1724137931035;0;55267469.24137931
1687957066;0;1271.1724137931035;0;55050946.20689655
1687957067;0;1271.1724137931035;0;54802220.137931034
1687957068;0;1271.1724137931035;0;54678633.93103448
1687957069;0;1271.260086902545;0;55520150.06896552
1687957070;0;1271.1724137931035;0;55881728
1687957071;0;1271.1724137931035;0;55893874.75862069
1687957072;3954.758620689655;1271.1724137931035;0;56044014.344827585
1687957073;3954.758620689655;1271.1724137931035;0;56825926.62068965
1687957074;3954.758620689655;1271.1724137931035;0;57831000.27586207
1687957075;3954.758620689655;0;0;57348519.72413793
1687957076;3954.758620689655;0;0;57371118.344827585
1687957077;3954.758620689655;0;0;57580579.31034483
1687957078;3954.758620689655;0;0;57984670.89655172
1687957079;3954.758620689655;0;0;57721820.68965517
1687957080;3954.758620689655;0;0;57664194.20689655
1687957081;3954.758620689655;0;0;57978315.034482755
1687957082;3954.758620689655;0;0;57660804.4137931
1687957083;3954.758620689655;0;0;57731425.10344827
1687957084;3954.758620689655;0;0;57659109.51724138
1687957085;3954.758620689655;0;0;57374225.655172415
1687957086;3954.758620689655;0;0;57194849.10344827
1687957087;3954.758620689655;0;0;57000500.96551724
1687957088;3954.758620689655;0;0;57037223.72413793
1687957089;3954.758620689655;0;0;57477190.62068965
1687957090;3954.758620689655;0;0;57689617.655172415
1687957091;3954.758620689655;0;0;57981422.344827585
1687957092;3954.758620689655;0;0;59510501.51724138
1687957093;3954.758620689655;0;0;61718810.48275862
1687957094;3955.031381474585;0;0;62807640.27586207
1687957095;3954.758620689655;0;0;63137015.17241379
1687957096;3954.758620689655;0;0;63367662.344827585
1687957097;3954.758620689655;0;0;63548451.31034483
1687957098;3954.758620689655;0;0;63775849.93103448
1687957099;3954.758620689655;0;0;63807488
1687957100;3954.758620689655;0;0;63551417.37931035
1687957101;0;0;0;62939700.96551724
1687957102;0;0;0;60589444.4137931
1687957103;0;0;0;58563336.827586204
1687957104;0;0;0;58432264.827586204
1687957105;0;0;0;58650482.75862069
1687957106;0;0;0;58645115.5862069
1687957107;0;0;0;58647375.448275864
1687957108;0;0;0;58843983.448275864
1687957109;0;0;0;58635793.655172415
1687957110;0;0;0;58676471.17241379
1687957111;0;0;0;58788758.06896552
1687957112;0;0;0;58772091.5862069
1687957113;0;0;0;58816017.655172415
1687957114;0;0;0;59118274.20689655
1687957115;0;0;0;59151042.20689655
1687957116;0;0;0;59391293.79310345
1687957117;0;0;0;59333243.5862069
1687957118;0;0;0;59333949.79310345
1687957119;0;0;0;59267283.862068966
1687957120;0;0;0;59010083.31034483
1687957121;0;0;0;58980563.862068966
1687957122;0;0;0;59052879.448275864
1687957123;0;0;0;59193132.137931034
1687957124;0;0;0;59062060.137931034
1687957125;0;0;0;59136211.862068966
1687957126;0;0;0;58898926.344827585
1687957127;0;0;0;58856553.93103448
1687957128;0;0;0;58598223.448275864
1687957129;0;0;0;59068557.24137931
1687957130;0;0;0;59961202.75862069
1687957131;0;0;0;62261177.37931035
1687957132;0;0;0;64186156.137931034
1687957133;0;0;0;64215675.5862069
1687957134;0;0;0;64127964.68965517
1687957135;0;0;0;64372877.24137931
1687957136;0;0;0;64185308.68965517
1687957137;0;0;0;64273443.31034483
1687957138;0;0;0;64225986.20689655
1687957139;0;0;0;63069643.034482755
1687957140;0;0;0;60966982.62068965
1687957141;714116.4137931034;0;0;59368412.68965517
1687957142;3174823.724137931;0;0;57076630.06896552
1687957143;5549797.517241379;0;0;54874535.72413793
1687957144;8197084.689655173;0;0;52729079.17241379
1687957145;10193390.344827587;0;0;50905794.20689655
1687957146;12441388.137931034;0;0;48657937.655172415
1687957147;16016066.206896551;0;0;46400335.448275864
1687957148;19599218.75862069;0;0;44094852.4137931
1687957149;22879549.79310345;0;0;42312527.448275864
1687957150;26040955.586206894;0;0;40002948.4137931
1687957151;29833427.862068966;0;0;37697889.10344827
1687957152;33634798.344827585;0;0;35538308.4137931
1687957153;37900288;0;0;33382682.48275862
1687957154;41803211.034482755;0;0;31089346.20689655
1687957155;45561079.172413796;0;0;29066769.655172415
1687957156;49897330.75862069;0;0;26839534.344827585
1687957157;53657035.034482755;0;0;24774726.620689657
1687957158;57703600.551724136;0;0;22270375.724137932
1687957159;61993101.24137931;0;0;20066304
1687957160;65748003.31034483;0;0;17769860.413793102
1687957161;69824512;0;0;15454349.24137931
1687957162;73657520.55172414;0;0;13391377.655172413
1687957163;77139685.51724137;0;0;11163718.620689655
1687957164;80465355.03448276;0;0;8755553.103448275
1687957165;83790459.5862069;0;0;7049922.206896552
1687957166;87982362.48275863;0;0;4887657.931034483
1687957167;91886415.44827586;0;0;2871154.7586206896
1687957168;95928884.96551724;0;0;1763822.344827586
1687957169;100119092.96551724;0;0;1760997.5172413792
1687957170;103020332.13793103;0;0;1090665.9310344828
1687957171;104897288.8275862;0;0;1051542.0689655172
1687957172;106716477.79310344;0;0;1039960.275862069
1687957173;107829318.62068966;0;0;1033745.6551724138
1687957174;110025622.06896551;0;0;515813.5172413793
1687957175;111881110.06896551;0;0;515954.7586206896
1687957176;112147915.03448276;0;0;515954.7586206896
1687957177;112572204.13793103;0;0;615671.172413793
1687957178;113323043.31034483;0;0;615106.2068965518
1687957179;113919081.93103448;0;0;615106.2068965518
1687957180;114451985.65517241;0;0;615106.2068965518
1687957181;114564696.27586207;0;0;583750.6206896552
1687957182;114204248.27586207;0;0;556067.3103448276
1687957183;114206366.89655173;0;0;695048.8275862068
1687957184;114543368.8275862;0;0;698579.8620689656
1687957185;114356224;0;0;705500.6896551724
1687957186;114700429.2413793;0;0;709596.6896551724
1687957187;114360037.51724137;0;0;709596.6896551724
1687957188;114120209.65517241;0;0;713127.724137931
1687957189;114270349.2413793;0;0;709596.6896551724
1687957190;114388144.55172414;0;0;711150.3448275862
1687957191;114458624;0;0;711291.5862068966
1687957192;114881500.68965517;0;0;712986.4827586206
1687957193;115750135.1724138;0;0;712139.0344827586
1687957194;116474703.44827586;0;0;363979.0344827586
1687957195;116187842.20689654;0;0;364685.2413793103
1687957196;116091515.5862069;0;0;361154.2068965517
1687957197;115635805.53065306;0;0;352256
1687957198;115403811.31034483;0;0;353809.6551724138
1687957199;115596182.06896551;0;0;352256
1687957200;111282811.5862069;0;0;383470.3448275862
1687957201;107073880.01654944;0;0;383187.8620689655
1687957202;104187833.37931034;0;0;366380.1379310345
1687957203;104234725.51724137;0;0;1255635.8620689656
1687957204;104180912.55172414;0;0;2891634.7586206896
1687957205;104389102.34482758;0;0;4383143.724137931
1687957206;104431333.51724137;0;0;5756151.172413793
1687957207;104160573.79310344;0;0;7276897.1034482755
1687957208;104597433.37931034;0;0;8847077.51724138
1687957209;104267493.51724137;0;0;10516268.137931034
1687957210;102866379.03448276;0;0;11618939.586206896
1687957211;98961337.37931034;0;0;11631651.310344828
1687957212;98382812.68965517;0;0;12038285.24137931
1687957213;98196797.79310344;0;0;13164685.24137931
1687957214;97952732.68965517;0;0;14577946.48275862
1687957215;97898496;0;0;16088099.310344828
1687957216;97808101.51724137;0;0;17489213.79310345
1687957217;96505997.2413793;0;0;18142878.896551725
1687957218;96361366.06896551;0;0;19096540.689655174
1687957219;96216734.89655173;0;0;20740307.862068966
1687957220;96362919.72413793;0;0;22335205.517241377
1687957221;96073657.37931034;0;0;23595078.620689657
1687957222;93181033.93103448;0;0;23899877.517241377
1687957223;93181033.93103448;0;0;24525718.068965517
1687957224;93280467.86206897;0;0;25984035.310344826
1687957225;93468177.65517241;0;0;27622152.827586208
1687957226;93450470.23932686;0;0;28991629.24137931
1687957227;91952516.4137931;0;0;29612385.103448275
1687957228;92194462.89655173;0;0;30810959.44827586
1687957229;96075211.03448276;0;0;32371959.172413792
1687957230;100337591.39191613;0;0;33948071.72413793
1687957231;103315244.13793103;0;0;35460343.172413796
1687957232;102980784.55172414;0;0;36056946.75862069
1687957233;103125415.72413793;0;0;35840141.24137931
1687957234;102980784.55172414;0;0;35826864.551724136
1687957235;103125415.72413793;0;0;35976156.68965517
1687957236;103414678.06896551;0;0;35936609.10344827
1687957237;103270046.89655173;0;0;35889575.72413793
1687957238;103179652.4137931;0;0;35359638.06896552
1687957239;101679104;0;0;34765718.06896552
1687957240;103703940.4137931;0;0;34814587.5862069
1687957241;104183031.1724138;0;0;35357095.72413793
1687957242;104278651.5862069;0;0;35549325.24137931
1687957243;104423282.7586207;0;0;35580115.862068966
1687957244;103989389.2413793;0;0;35403705.37931035
1687957245;101530659.31034483;0;0;34573629.79310345
1687957246;102157771.03448276;0;0;34470241.10344827
1687957247;98880123.5862069;0;0;34888598.06896552
1687957248;94831156.96551724;0;0;35547771.5862069
1687957249;90781484.13793103;0;0;36185193.93103448
1687957250;87165704.8275862;0;0;37038433.10344827
1687957251;85864024.27586207;0;0;38987422.89655172
1687957252;81814351.44827586;0;0;40311419.5862069
1687957253;77809875.86206897;0;0;40426813.79310345
1687957254;73814439.72413793;0;0;40536275.862068966
1687957255;70243857.65517241;0;0;41214234.48275862
1687957256;67785127.72413793;0;0;42580603.5862069
1687957257;63735454.89655172;0;0;43687512.27586207
1687957258;59830413.24137931;0;0;43909967.448275864
1687957259;55581872.551724136;0;0;44015192.27586207
1687957260;51731067.5862069;0;0;43449661.79310345
1687957261;47826025.93103448;0;0;43151924.96551724
1687957262;43631721.93103448;0;0;43902199.172413796
1687957263;39726680.27586207;0;0;44602615.172413796
1687957264;35532376.27586207;0;0;45268992
1687957265;31482703.44827586;0;0;45914323.862068966
1687957266;27433030.620689657;0;0;46653581.24137931
1687957267;23527988.96551724;0;0;47584361.93103448
1687957268;22515570.75862069;0;0;49243948.137931034
1687957269;20490734.344827585;0;0;51524855.17241379
1687957270;16685126.620689655;0;0;52447161.37931035
1687957271;12680651.034482758;0;0;53443619.31034483
1687957272;8630978.206896551;0;0;54157735.72413793
1687957273;5015198.8965517245;0;0;54987105.10344827
1687957274;3858149.5172413792;0;0;56562935.17241379
1687957275;483469.2413793103;0;0;58338904.27586207
1687957276;706.2068965517242;0;0;58435795.862068966
1687957277;0;0;0;58482829.24137931
1687957278;0;0;0;58288339.862068966
1687957279;0;0;0;58446953.93103448
1687957280;0;0;0;58300345.37931035
1687957281;0;0;0;58010518.06896552
1687957282;0;0;0;58728589.24137931
1687957283;0;0;0;59251041.10344827
1687957284;0;0;0;59499625.93103448
1687957285;0;0;0;59779848.827586204
1687957286;0;0;0;59764029.79310345
1687957287;0;0;0;60029846.06896552
1687957288;0;0;0;59365446.62068965
1687957289;0;0;0;60332526.344827585
1687957290;0;0;0;61573190.62068965
1687957291;0;0;0;61557089.10344827
1687957292;0;0;0;61593105.655172415
1687957293;0;0;0;61399322.48275862
1687957294;0;0;0;61454689.10344827
1687957295;0;0;0;61503841.10344827
1687957296;0;0;0;61643952.551724136
1687957297;0;0;0;61501440
1687957298;0;0;0;59921937.655172415
1687957299;0;0;0;60109082.48275862
1687957300;0;0;0;59792843.034482755
1687957301;0;0;0;60017981.79310345
1687957302;0;0;0;60002162.75862069
1687957303;0;0;0;60034507.034482755
1687957304;0;0;0;59871514.48275862
1687957305;0;0;0;60658228.96551724
1687957306;0;0;0;60567975.72413793
1687957307;0;0;0;60825600
1687957308;0;0;0;60482383.448275864
1687957309;0;0;0;60594529.10344827
1687957310;0;0;0;61042546.75862069
1687957311;0;0;0;61059213.24137931
1687957312;0;0;0;61143816.827586204
1687957313;0;0;0;59775276.237760305
1687957314;0;0;0;59728436.96551724
1687957315;0;0;0;59733662.89655172
1687957316;0;0;0;59984790.06896552
1687957317;0;0;0;60929412.4137931
1687957318;0;0;0;61268815.448275864
1687957319;0;0;0;61081811.862068966
1687957320;0;0;0;61245510.62068965
1687957321;0;0;0;61317543.72413793
1687957322;0;0;0;61506524.68965517
1687957323;0;0;0;61211471.448275864
1687957324;0;0;0;61174183.72413793
1687957325;0;0;0;61325170.75862069
1687957326;0;0;0;61377288.827586204
1687957327;0;0;0;62915266.20689655
1687957328;0;0;0;62900718.344827585
1687957329;0;0;0;63018089.93103448
1687957330;0;0;0;62769646.344827585
1687957331;0;0;0;62918797.24137931
1687957332;0;0;0;63071761.655172415
1687957333;0;0;0;63186590.89655172
1687957334;0;0;0;63004954.48275862
1687957335;0;0;0;60848904.827586204
1687957336;0;0;0;59639596.137931034
1687957337;0;0;0;59872220.68965517
1687957338;0;0;0;59768125.79310345
1687957339;0;0;0;59628014.344827585
1687957340;0;0;0;59595105.10344827
1687957341;0;0;0;59287905.10344827
1687957342;0;0;0;60670128.29355773
1687957343;0;0;0;60730403.31034483
1687957344;0;0;0;60419672.27586207
1687957345;0;0;0;60347921.655172415
1687957346;0;0;0;60890994.75862069
1687957347;0;0;0;60886475.034482755
1687957348;0;0;0;60687183.448275864
1687957349;0;0;0;60350746.48275862
1687957350;0;0;0;60110636.137931034
1687957351;0;0;0;59964168.827586204
1687957352;0;0;0;60199194.48275862
1687957353;0;0;0;60060919.17241379
1687957354;0;0;0;60064450.20689655
1687957355;0;0;0;58817006.344827585
1687957356;0;0;0;58705143.17241379
1687957357;0;0;0;58545399.17241379
1687957358;0;0;0;58694550.06896552
1687957359;0;0;0;58839040
1687957360;0;0;0;58734238.89655172
1687957361;0;0;0;58667996.68965517
1687957362;0;0;0;58738476.137931034
1687957363;0;0;0;58806836.96551724
1687957364;0;0;0;60734499.31034483
1687957365;0;0;0;61853413.51724138
1687957366;0;0;0;62063439.448275864
1687957367;0;0;0;62199031.17241379
1687957368;0;0;0;62104681.93103448
1687957369;0;0;0;62142534.62068965
1687957370;0;0;0;62455243.034482755
1687957371;0;0;0;62421627.5862069
1687957372;0;0;0;62326007.17241379
1687957373;0;0;0;60460208.551724136
1687957374;0;0;0;58289469.79310345
1687957375;0;0;0;56454179.31034483
1687957376;0;0;0;56173956.4137931
1687957377;0;0;0;56255735.17241379
1687957378;0;0;0;56489630.89655172
1687957379;0;0;0;56684826.48275862
1687957380;0;0;0;56727622.62068965
1687957381;0;0;0;56908411.5862069
1687957382;0;0;0;57103465.93103448
1687957383;0;0;0;56786237.79310345
1687957384;0;0;0;58296108.137931034
1687957385;0;0;0;58295260.68965517
1687957386;0;0;0;58206419.862068966
1687957387;0;0;0;57867864.27586207
1687957388;0;0;0;57583121.655172415
1687957389;0;0;0;57055302.62068965
1687957390;0;0;0;56625363.862068966
1687957391;0;0;0;56586522.48275862
1687957392;0;0;0;56686097.655172415
1687957393;0;0;0;56406439.72413793
1687957394;0;0;0;56261808.551724136
1687957395;0;0;0;56139211.034482755
1687957396;0;0;0;56166329.37931035
1687957397;0;0;0;56613217.10344827
1687957398;0;0;0;56529178.48275862
1687957399;0;0;0;56192317.79310345
1687957400;0;0;0;55855315.862068966
1687957401;0;0;0;55783141.51724138
1687957402;0;0;0;57825209.37931035
1687957403;0;0;0;59938321.655172415
1687957404;0;0;0;61519801.37931035
1687957405;423.7241379310345;0;0;61758781.79310345
1687957406;423.7241379310345;0;0;61880814.344827585
1687957407;423.7241379310345;0;0;61948610.20689655
1687957408;423.7241379310345;0;0;61102291.862068966
1687957409;423.7241379310345;0;0;61122771.862068966
1687957410;423.7241379310345;0;0;60853848.27586207
1687957411;423.7241379310345;0;0;60642692.4137931
1687957412;423.7241379310345;0;0;59463044.4137931
1687957413;423.7241379310345;0;0;57691312.551724136
1687957414;423.7241379310345;0;282.48275862068965;55498822.62068965
1687957415;423.7241379310345;0;282.48275862068965;53564380.68965517
1687957416;423.7241379310345;0;282.48275862068965;52328518.62068965
1687957417;423.7241379310345;0;282.48275862068965;50684468.96551724
1687957418;423.7241379310345;0;282.48275862068965;49074034.75862069
1687957419;423.7241379310345;0;282.48275862068965;47239874.20689655
1687957420;423.7241379310345;0;282.48275862068965;44923939.31034483
1687957421;423.7241379310345;0;282.48275862068965;42687382.06896552
1687957422;423.7241379310345;0;282.48275862068965;40931045.51724138
1687957423;423.7241379310345;0;282.48275862068965;38855927.172413796
1687957424;423.7241379310345;0;282.48275862068965;36605669.51724138
1687957425;423.7241379310345;0;282.48275862068965;34327728.551724136
1687957426;423.7241379310345;0;282.48275862068965;32000070.620689657
1687957427;423.7241379310345;0;282.48275862068965;29755745.103448275
1687957428;423.7241379310345;0;282.48275862068965;27732462.344827585
1687957429;423.7241379310345;0;282.48275862068965;25798020.413793102
1687957430;423.7241379310345;0;282.48275862068965;23683354.48275862
1687957431;423.7241379310345;0;282.48275862068965;21523067.586206898
1687957432;423.7241379310345;0;282.48275862068965;19320832
1687957433;423.7241379310345;0;282.48275862068965;17070009.379310343
1687957434;0;0;282.48275862068965;14860429.24137931
1687957435;0;0;282.48275862068965;12614126.344827587
1687957436;0;0;282.48275862068965;10331665.655172413
1687957437;0;0;282.48275862068965;8936200.827586208
1687957438;0;0;282.48275862068965;6734530.206896552
1687957439;0;0;282.48275862068965;4698394.482758621
1687957440;0;0;282.48275862068965;2578502.620689655
1687957441;0;0;282.48275862068965;1710715.5862068965
1687957442;0;0;282.48275862068965;1448995.3103448276
1687957443;0;0;0;1476537.3793103448
1687957444;0;0;0;1482893.2413793104
1687957445;0;0;0;788409.3793103448
1687957446;0;0;0;430221.2413793103
1687957447;0;0;0;372736
1687957448;0;0;0;370899.8620689655
1687957449;0;0;0;370899.8620689655
1687957450;0;0;0;365532.6896551724
1687957451;0;0;0;365532.6896551724
1687957452;0;0;0;357058.2068965517
1687957453;0;0;0;358753.1034482759
1687957454;0;0;0;358753.1034482759
1687957455;0;0;0;363272.8275862069
1687957456;0;0;0;361295.4482758621
1687957457;0;0;0;487988.9655172414
1687957458;0;0;0;483469.2413793103
1687957459;0;0;0;483469.2413793103
1687957460;0;0;0;483328
1687957461;0;0;0;483328
1687957462;0;0;0;483328
1687957463;0;0;0;483328
1687957464;0;0;0;483328
1687957465;0;0;0;483328
1687957466;0;0;0;483328
1687957467;0;0;0;479373.2413793103
1687957468;0;0;0;479373.2413793103
1687957469;0;0;0;479373.2413793103
1687957470;0;0;0;479373.2413793103
1687957471;0;0;0;166806.06896551725
1687957472;0;0;0;140817.6551724138
1687957473;0;0;0;136862.89655172414
1687957474;0;0;0;141382.62068965516
1687957475;0;0;0;141382.62068965516
1687957476;0;0;0;141382.62068965516
1687957477;0;0;0;141382.62068965516
1687957478;0;0;0;141382.62068965516
1687957479;0;0;0;141382.62068965516
1687957480;0;0;0;141382.62068965516
1687957481;0;0;0;141382.62068965516
1687957482;0;0;0;139687.72413793104
1687957483;0;0;0;139687.72413793104
1687957484;0;0;0;135168
1687957485;0;0;0;135168
1687957486;0;0;0;8474.48275862069
1687957487;0;0;0;8474.48275862069
1687957488;0;0;0;8474.48275862069
1687957489;0;0;0;8474.48275862069
1687957490;0;0;0;8474.48275862069
1687957491;0;0;0;9463.172413793103
1687957492;0;0;0;9463.172413793103
1687957493;0;0;0;9463.172413793103
1687957494;0;0;0;9463.172413793103
1687957495;0;0;0;9463.172413793103
1687957496;0;0;0;9463.172413793103
1687957497;141.24137931034483;0;0;11158.068965517241
1687957498;141.24137931034483;0;0;11158.068965517241
1687957499;141.24137931034483;0;0;11158.068965517241
1687957500;141.24137931034483;0;0;11158.068965517241
1687957501;141.24137931034483;0;0;9604.413793103447
1687957502;141.24137931034483;0;0;7203.310344827586
1687957503;141.24137931034483;0;0;43361.10344827586
1687957504;141.24137931034483;0;0;43361.10344827586
1687957505;141.24137931034483;0;0;43361.10344827586
1687957506;141.24137931034483;0;0;43361.10344827586
1687957507;141.24137931034483;0;0;43361.10344827586
1687957508;141.24137931034483;0;0;85451.03448275862
1687957509;141.24137931034483;0;0;85451.03448275862
1687957510;141.24137931034483;0;0;85451.03448275862
1687957511;141.24137931034483;0;0;87428.41379310345
1687957512;141.24137931034483;0;0;87428.41379310345
1687957513;141.24137931034483;0;0;88134.62068965517
1687957514;141.24137931034483;141.24137931034483;0;88134.62068965517
1687957515;141.24137931034483;141.24137931034483;0;88134.62068965517
1687957516;141.24137931034483;141.24137931034483;0;99575.1724137931
1687957517;141.24137931034483;141.24137931034483;0;99575.1724137931
1687957518;141.24137931034483;141.24137931034483;0;99575.1724137931
1687957519;141.24137931034483;141.24137931034483;0;99575.1724137931
1687957520;141.24137931034483;141.24137931034483;0;98586.48275862068
1687957521;141.24137931034483;141.24137931034483;0;98586.48275862068
1687957522;141.24137931034483;141.24137931034483;0;98586.48275862068
1687957523;141.24137931034483;141.24137931034483;0;98586.48275862068
1687957524;141.24137931034483;141.24137931034483;0;98586.48275862068
1687957525;141.24137931034483;141.24137931034483;0;98586.48275862068
1687957526;0;141.24137931034483;0;96891.58620689655
1687957527;0;141.24137931034483;0;96891.58620689655
1687957528;0;141.24137931034483;0;96891.58620689655
1687957529;0;141.24137931034483;0;96891.58620689655
1687957530;0;141.24137931034483;0;96891.58620689655
1687957531;0;141.24137931034483;0;96891.58620689655
1687957532;0;141.24137931034483;0;56214.06896551724
1687957533;0;141.24137931034483;0;56637.793103448275
1687957534;0;141.24137931034483;0;56637.793103448275
1687957535;0;141.24137931034483;0;56637.793103448275
1687957536;0;1553.655172413793;0;56637.793103448275
1687957537;0;1553.655172413793;0;14547.862068965516
1687957538;0;1553.655172413793;0;14547.862068965516
1687957539;0;1553.655172413793;0;14547.862068965516
1687957540;0;1553.655172413793;0;12570.48275862069
1687957541;0;1553.655172413793;0;12711.724137931034
1687957542;0;1553.655172413793;0;12005.51724137931
1687957543;0;1412.4137931034484;0;12005.51724137931
1687957544;141.24137931034483;1412.4137931034484;0;12146.758620689656
1687957545;141.24137931034483;1412.4137931034484;0;706.2068965517242
1687957546;141.24137931034483;1412.4137931034484;0;706.2068965517242
1687957547;141.24137931034483;1412.4137931034484;0;706.2068965517242
1687957548;141.24137931034483;1412.4137931034484;0;706.2068965517242
1687957549;141.24137931034483;1412.4137931034484;0;706.2068965517242
1687957550;141.24137931034483;1412.4137931034484;0;706.2068965517242
1687957551;141.24137931034483;1412.4137931034484;0;706.2068965517242
1687957552;141.24137931034483;1412.4137931034484;0;706.2068965517242
1687957553;141.24137931034483;1412.4137931034484;0;706.2068965517242
1687957554;141.24137931034483;1412.4137931034484;0;2683.5862068965516
1687957555;141.24137931034483;1412.4137931034484;0;2683.5862068965516
1687957556;141.24137931034483;1412.4137931034484;0;2683.5862068965516
1687957557;141.24137931034483;1412.4137931034484;0;2683.5862068965516
1687957558;141.24137931034483;1412.4137931034484;0;2683.5862068965516
1687957559;141.24137931034483;1412.4137931034484;0;2683.5862068965516
1687957560;141.24137931034483;1412.4137931034484;0;2683.5862068965516
1687957561;141.24137931034483;1412.4137931034484;0;2683.5862068965516
1687957562;141.24137931034483;1412.4137931034484;0;2259.862068965517
1687957563;141.24137931034483;1412.4137931034484;0;2259.862068965517
1687957564;141.24137931034483;1412.4137931034484;0;2259.862068965517
1687957565;141.24137931034483;0;0;2259.862068965517
1687957566;141.24137931034483;0;0;2259.862068965517
1687957567;141.24137931034483;0;0;2259.862068965517
1687957568;141.24137931034483;0;0;2259.862068965517
1687957569;141.24137931034483;0;0;2259.862068965517
1687957570;141.24137931034483;0;0;2118.6206896551726
1687957571;141.24137931034483;0;0;2118.6206896551726
1687957572;141.24137931034483;0;0;2118.6206896551726
1687957573;0;0;0;1977.3793103448274
1687957574;0;0;0;1977.3793103448274
1687957575;0;0;0;11016.827586206897
1687957576;0;0;0;11016.827586206897
1687957577;0;0;0;11016.827586206897
1687957578;0;0;0;11016.827586206897
1687957579;0;0;0;11016.827586206897
1687957580;0;0;0;11016.827586206897
1687957581;0;0;0;11016.827586206897
1687957582;0;0;0;11016.827586206897
1687957583;0;0;0;9039.448275862069
