Time;{instance="10.231.0.208:9100"};{instance="192.168.221.10:9100"};{instance="192.168.221.11:9100"};{instance="192.168.221.12:9100"}
1687956863;14.69725711611326;24.57988828813792;13.558028768487008;14.511215894797713
1687956864;14.69725711611326;24.579391526033312;13.558028768487008;14.512010714165068
1687956865;14.69725711611326;24.579292173612398;13.558028768487008;14.514593877109006
1687956866;14.848018641055127;24.57750383003583;13.55783006364516;14.967640916506209
1687956867;14.363072388434983;24.58376303255382;13.55783006364516;15.014336554338815
1687956868;14.333497637505166;24.5841604422375;13.56567890489787;15.109516173580605
1687956869;14.171085453106091;24.57492066709189;13.559419702379882;15.422973061584589
1687956870;14.704526330988266;24.576510305826627;13.55783006364516;15.525504759974485
1687956871;14.684112782366675;24.575914191301095;13.55783006364516;15.557993001615467
1687956872;14.594691481575527;24.58863130117892;13.564089266163148;15.589388366626334
1687956873;14.688494226948867;24.586942310023264;13.559419702379882;15.653371325699094
1687956874;14.594691481575527;24.58684295760235;13.559419702379882;15.430126435890868
1687956875;14.648762490851242;24.586445547918668;13.558624883012527;15.934638029324866
1687956876;14.497403496193616;24.586147490655907;13.558624883012527;15.966232099177557
1687956877;14.753220112822197;24.579689583296073;13.55783006364516;15.997925521451183
1687956878;14.639402131971103;24.585750080972225;13.55783006364516;16.022862979102214
1687956879;14.644480624555012;24.585153966446704;13.55783006364516;15.647906942548474
1687956880;14.546296434599471;24.590419644755478;13.558624883012527;15.803194776447116
1687956881;14.720757591599575;24.590419644755478;13.558624883012527;16.28773653327611
1687956882;14.728126384760543;24.601646468319494;13.557035244277793;16.340989430889465
1687956883;14.5316584265635;24.595983380327024;13.557035244277793;16.363244373175647
1687956884;14.454385676659342;24.59489050369691;13.556240424910438;16.405667856908668
1687956885;14.60245858788033;24.595685323064266;13.55783006364516;15.984413592206003
1687956886;14.831389067299982;24.595685323064266;13.559419702379882;16.033294983298862
1687956887;14.726732288757116;24.594294389171377;13.559419702379882;16.087740109963256
1687956888;14.55655299805324;24.595089208538745;13.558624883012527;16.120128999183326
1687956889;14.566909139792973;24.58803518665339;13.558624883012527;16.151425011773256
1687956890;14.68799633551907;24.577106420352145;13.558624883012527;16.269058278143067
1687956891;14.600068709017311;24.576808363089388;13.558624883012527;16.24809491732885
1687956892;14.553665227760437;24.577106420352145;13.559419702379882;16.292704154322124
1687956893;14.70233560869717;24.575218724354652;13.558624883012527;16.35231560687439
1687956894;14.642090745691993;24.575814838880184;13.564089266163148;16.297572422947226
1687956895;14.71000313671601;24.57511937193374;13.564089266163148;16.289524876852678
1687956896;14.799026124363323;24.574622609829134;13.563294446795782;16.31744290713132
1687956897;14.863154540520895;24.58137857445173;13.563294446795782;16.298466594735515
1687956898;14.665491642892349;24.581279222030805;13.564685380688669;16.30820313198572
1687956899;14.923698138383944;24.580086992979755;13.564089266163148;16.31446233450371
1687956900;14.864747793096234;24.580086992979755;13.564089266163148;16.340989430889465
1687956901;14.837562921029445;24.580086992979755;13.564089266163148;16.325788510488636
1687956902;14.802710520943807;24.579689583296073;13.570348468681138;16.342579069624186
1687956903;14.854789964500338;24.59071770201825;13.582866873717114;16.316946145026712
1687956904;14.545001916882006;24.591214464122846;13.583065578558951;16.337611448578173
1687956905;14.436262428614821;24.596579494852556;13.584655217293683;16.319827365233408
1687956906;14.884763028573989;24.597871076324516;13.583860397926317;16.318535783761444
1687956907;14.862855805663022;24.596678847273466;13.576806376040961;16.33671727678988
1687956908;14.551076192325496;24.595884027906113;13.576806376040961;16.370497099902835
1687956909;14.769053060289671;24.585849433393147;13.577104433303722;16.376557597578977
1687956910;14.867237250245214;24.58535267128854;13.577104433303722;16.409244544061806
1687956911;14.813564554113334;24.584557851921176;13.576905728461885;16.402587931860136
1687956912;14.60255816616629;24.584557851921176;13.576905728461885;16.39404362366098
1687956913;14.758796496835902;24.584557851921176;13.576110909094519;16.39583196723755
1687956914;14.50965162536657;24.58505461402578;13.583164930979875;16.39344750913545
1687956915;14.766961916284538;24.58505461402578;13.582370111612507;16.391957222821652
1687956916;14.761684267128706;24.584259794658415;13.582370111612507;16.421564244255936
1687956917;14.679034289782766;24.584259794658415;13.576110909094519;16.418086909523723
1687956918;14.789864922055095;24.583067565607376;13.56985170657653;16.41113224005929
1687956919;14.75869691854994;24.58286886076553;13.569056887209175;16.429015675824978
1687956920;14.740175357361574;24.582173393819083;13.56985170657653;16.458423992417426
1687956921;14.542213724875152;24.583564327711972;13.56985170657653;16.40596591417143
1687956922;14.587422266700523;24.583365622870133;13.56985170657653;16.423948702358025
1687956923;14.338775286660987;24.589624825388125;13.569056887209175;16.4023892270183
1687956924;14.398123945092534;24.588730653599832;13.576309613936367;16.427426037090243
1687956925;14.52409047683062;24.59111511170192;13.577899252671088;16.42216035878147
1687956926;14.529467704272403;24.5856507285513;13.564586028267755;16.43457941139652
1687956927;14.813664132399285;24.58386238497473;13.564586028267755;16.43875221307518
1687956928;14.747643728808491;24.575914191301095;13.564586028267755;16.461603269886883
1687956929;14.798129919789693;24.57869605908687;13.564586028267755;16.47441973218562
1687956930;14.461953626392232;24.57780188729859;13.563791208900389;16.52995773548014
1687956931;14.520505658536099;24.571145275096917;13.562996389533023;16.47720159997139
1687956932;14.691381997241681;24.570747865413235;13.563791208900389;16.460808450519515
1687956933;14.536736919147408;24.576808363089388;13.563791208900389;16.45077385600655
1687956934;14.493420364755261;24.57760318245674;13.562996389533023;16.436864517077687
1687956935;14.662105981169749;24.57720577277307;13.562996389533023;16.401594407650933
1687956936;14.472708081275798;24.576212248563856;13.562996389533023;16.477797714496912
1687956937;14.752921377964324;24.57601354372202;13.563791208900389;16.420372015204897
1687956938;14.448510557787763;24.577007067931223;13.563791208900389;16.34625510919825
1687956939;14.406090207969246;24.576112896142945;13.563791208900389;16.333239942057666
1687956940;14.828401718721217;24.582173393819083;13.56359250405854;16.380929104099483
1687956941;14.511842347657666;24.58267015592369;13.56359250405854;16.922201093274037
1687956942;14.460260795530921;24.58267015592369;13.56359250405854;16.92110821664391
1687956943;14.512838130517258;24.575516781617413;13.56359250405854;16.333836056583195
1687956944;14.328917036351053;24.574721962250056;13.56359250405854;16.329563902483613
1687956945;14.440643873197011;24.575218724354652;13.56359250405854;16.32857037827441
1687956946;14.330809023784274;24.568065350048386;13.562797684691185;16.35678646581581
1687956947;14.568104079224486;24.575914191301095;13.564188618584073;16.38897665019403
1687956948;14.39533575308568;24.57511937193374;13.564188618584073;16.350825320560592
1687956949;14.5760703421012;24.57631160098478;13.57044782110206;16.40755555290616
1687956950;14.747643728808491;24.5754174291965;13.569653001734693;16.422061006360543
1687956951;14.682121216647491;24.57511937193374;13.569653001734693;16.941972225037205
1687956952;14.458667542955583;24.57511937193374;13.569653001734693;16.373080262846763
1687956953;14.576468655245034;24.580981164768044;13.569653001734693;16.390466936507842
1687956954;14.570195223229621;24.5817759841354;13.575912204252683;16.36662235548694
1687956955;14.60674045417656;24.580981164768044;13.575912204252683;16.37059645232375
1687956956;14.656629175442005;24.580086992979755;13.581376587403305;16.961445299537615
1687956957;14.764372880849596;24.58018634540068;13.586840970553926;16.390764993770603
1687956958;14.649160803995077;24.580583755084362;13.58843060928866;16.48077828712452
1687956959;14.587521844986483;24.586048138234982;13.58336363582171;16.4267305701438
1687956960;14.78588179061674;24.5856507285513;13.582171406770671;16.4344800589756
1687956961;14.793449740349619;24.586147490655907;13.581376587403305;16.932633097470685
1687956962;14.492125847037796;24.586147490655907;13.581376587403305;16.41470892721243
1687956963;14.494714882472726;24.59250604559481;13.581376587403305;16.426233808039203
1687956964;14.430984779458988;24.59250604559481;13.588629314130497;16.44829004548354
1687956965;14.382689310768892;24.610687538623253;13.590020248023382;16.438950917917015
1687956966;14.380598166763757;24.610786891044178;13.589225428656015;17.011220862418753
1687956967;14.350127211260311;24.616251274194802;13.589225428656015;16.412523173952177
1687956968;14.506763855073768;24.61148235799062;13.58843060928866;16.462894851358843
1687956969;14.461654891534348;24.610687538623253;13.582171406770671;16.511577537609856
1687956970;14.36705551987334;24.604925098209872;13.582171406770671;16.47332685555549
1687956971;14.506564698501844;24.604925098209872;13.582171406770671;16.745353784035654
1687956972;14.353612451268871;24.603732869158822;13.581376587403305;16.542376788095194
1687956973;14.34923100668668;24.603434811896065;13.581376587403305;16.48981935742828
1687956974;14.34923100668668;24.6046270409471;13.581376587403305;16.44143472844003
1687956975;14.34923100668668;24.59757301906176;13.581376587403305;16.426929274985646
1687956976;14.34923100668668;24.597374314219913;13.581376587403305;16.41292058363586
1687956977;14.355504438702093;24.596281437589784;13.582171406770671;16.420769424888583
1687956978;14.361777870717507;24.60422963126343;13.582171406770671;16.44203084296555
1687956979;14.361777870717507;24.60422963126343;13.568858182367327;16.368311346642585
1687956980;14.361578714145596;24.602341935265937;13.568858182367327;16.39672613902583
1687956981;14.361578714145596;24.603931574000658;13.567864658158124;16.39553390997478
1687956982;14.361578714145596;24.607408908732875;13.568659477525491;16.40477368512039
1687956983;14.361578714145596;24.61992731376885;13.570249116260214;16.364237897384847
1687956984;14.361379557573672;24.61923184682241;13.569454296892857;16.377352416946344
1687956985;14.361379557573672;24.61863573229689;13.569454296892857;16.36940422327271
1687956986;14.361379557573672;24.61376746367179;13.559419702379882;16.371589976532963
1687956987;14.367652989589086;24.612475882199824;13.556141072489513;16.360561857810787
1687956988;14.367652989589086;24.606514736944597;13.557730711224236;16.361754086861836
1687956989;14.37392642160451;24.60730955631196;13.557730711224236;16.367715232117064
1687956990;14.37392642160451;24.6075082611538;13.557730711224236;16.3805316944158
1687956991;14.37392642160451;24.60641538452367;13.556935891856881;16.375564073369773
1687956992;14.37392642160451;24.60691214662828;13.556935891856881;16.356587760973973
1687956993;14.37392642160451;24.625888459024083;13.556935891856881;16.332643827532145
1687956994;14.380199853619924;24.624298820289358;13.557730711224236;16.34933503424678
1687956995;14.380199853619924;24.61803961777137;13.556935891856881;16.36393984012209
1687956996;14.386473285635336;24.617046093562166;13.556935891856881;16.34208230751959
1687956997;14.386473285635336;24.618536379875966;13.556935891856881;16.305719321462707
1687956998;14.386473285635336;24.617840912929523;13.556935891856881;16.315654563554748
1687956999;14.386473285635336;24.611581710411535;13.562996389533023;16.329365197641778
1687957000;14.386473285635336;24.612078472516142;13.557929416066084;16.32052283217985
1687957001;14.386473285635336;24.611283653148774;13.556737187015033;16.340790726047626
1687957002;14.386473285635336;24.604925098209872;13.562201570165655;16.32549045322588
1687957003;14.386473285635336;24.58525331886762;13.562996389533023;16.35231560687439
1687957004;14.386473285635336;24.58445849950026;13.562996389533023;16.354203302871884
1687957005;14.386473285635336;24.59250604559481;13.562996389533023;16.352514311716238
1687957006;14.386473285635336;24.591512521385607;13.563791208900389;16.34059202120578
1687957007;14.386473285635336;24.592307340752974;13.562996389533023;16.33125289363926
1687957008;14.386274129063414;24.598367838429112;13.562996389533023;16.37238479590032
1687957009;14.386274129063414;24.598963952954644;13.568659477525491;16.366224945803253
1687957010;14.386274129063414;24.598963952954644;13.568460772683643;16.369602928114546
1687957011;14.386274129063414;24.598169133587277;13.569255592051011;16.37327896768861
1687957012;14.386274129063414;24.59886460053372;13.569255592051011;16.37625954031622
1687957013;14.386274129063414;24.598467190850037;13.56349315163763;16.405866561750514
1687957014;14.386274129063414;24.59757301906176;13.568659477525491;16.389970174403235
1687957015;14.386274129063414;24.59757301906176;13.568460772683643;16.416397918368077
1687957016;14.386274129063414;24.597274961799;13.563393799216705;16.40864842953629
1687957017;14.386274129063414;24.598069781166355;13.562996389533023;16.419676548258455
1687957018;14.386274129063414;24.598069781166355;13.562996389533023;16.411827707005735
1687957019;14.386274129063414;24.597175609378073;13.562797684691185;16.409145191640885
1687957020;14.386274129063414;24.59618208516887;13.561208045956452;16.396328729342148
1687957021;14.386274129063414;24.59648014243163;13.561208045956452;16.432294305715345
1687957022;14.392547561078828;24.595685323064266;13.561208045956452;16.425438988671836
1687957023;14.392547561078828;24.595585970643352;13.562797684691185;16.394639738186502
1687957024;14.392547561078828;24.60154711589857;13.56359250405854;16.396229376921223
1687957025;14.392547561078828;24.60065294411029;13.562797684691185;16.41202641184758
1687957026;14.392547561078828;24.60224258284501;13.562797684691185;16.40507174238315
1687957027;14.392547561078828;24.60224258284501;13.562598979849339;16.38738701145931
1687957028;14.392547561078828;24.60870049020485;13.561804160481984;16.413715403003227
1687957029;14.392547561078828;24.608203728100243;13.563393799216705;16.422359063623304
1687957030;14.392547561078828;24.608998547467607;13.563393799216705;16.431300781506142
1687957031;14.392547561078828;24.608203728100243;13.562598979849339;16.41053612553377
1687957032;14.392547561078828;24.607408908732875;13.561804160481984;16.417888204681887
1687957033;14.39882099309424;24.601646468319494;13.561704808061059;16.434380706554673
1687957034;14.39882099309424;24.60154711589857;13.569951058997454;16.444216596225804
1687957035;14.39882099309424;24.60065294411029;13.568758829946415;16.45017774148103
1687957036;14.39882099309424;24.60035488684753;13.568758829946415;16.453058961687717
1687957037;14.39882099309424;24.60035488684753;13.568758829946415;16.445408825276843
1687957038;14.39882099309424;24.601149706214887;13.568758829946415;16.45136997053207
1687957039;14.39882099309424;24.601149706214887;13.568758829946415;16.45683435368269
1687957040;14.39882099309424;24.60025553442661;13.568758829946415;16.444614005909486
1687957041;14.39882099309424;24.606216679681836;13.567964010579047;16.450078389060106
1687957042;14.39882099309424;24.606216679681836;13.569752354155618;16.463490965884365
1687957043;14.39882099309424;24.599957477163848;13.56955364931377;16.445806234960525
1687957044;14.39882099309424;24.599262010217405;13.568758829946415;16.476605485445862
1687957045;14.39882099309424;24.599758772322;13.568758829946415;16.463789023147125
1687957046;14.39882099309424;24.59886460053372;13.56955364931377;16.466769595774743
1687957047;14.39882099309424;24.599560067480162;13.56955364931377;16.449184217271817
1687957048;14.39882099309424;24.612177824937064;13.56955364931377;16.463590318305286
1687957049;14.39882099309424;24.60641538452367;13.568758829946415;16.480877639545444
1687957050;14.39882099309424;24.605620565156315;13.570050411418377;16.49250187279313
1687957051;14.39882099309424;24.605620565156315;13.569752354155618;16.48922324290276
1687957052;14.39882099309424;24.60631603210276;13.569752354155618;16.48822971869356
1687957053;14.39882099309424;24.618536379875966;13.570249116260214;16.52161213212282
1687957054;14.405094425109667;24.61843702745505;13.570249116260214;16.510484660979728
1687957055;14.348832693542846;24.623901410605676;13.574819327622556;16.507007326247514
1687957056;14.348832693542846;24.623603353342915;13.574819327622556;16.516147748972198
1687957057;14.348832693542846;24.624398172710272;13.573229688887833;16.47183656924168
1687957058;14.348832693542846;24.617344150824927;13.574819327622556;16.487136842063432
1687957059;14.348832693542846;24.623901410605676;13.574819327622556;16.506411211721993
1687957060;14.348832693542846;24.623901410605676;13.573925155834276;16.490018062270128
1687957061;14.348832693542846;24.622808533975547;13.573925155834276;16.492005110688535
1687957062;14.348832693542846;24.610886243465092;13.574719975201631;16.24282923902006
1687957063;14.348832693542846;24.591214464122846;13.575514794569;16.252466423849356
1687957064;14.348832693542846;24.59757301906176;13.580979177719621;16.251075489956467
1687957065;14.348832693542846;24.597175609378073;13.580979177719621;16.267866049092017
1687957066;14.348832693542846;24.59797042874544;13.580979177719621;16.29041904864096
1687957067;14.348832693542846;24.598765248112798;13.580979177719621;16.276807766974855
1687957068;14.348832693542846;24.59797042874544;13.581773997086987;16.289524876852678
1687957069;14.348832693542846;24.58992288265088;13.580979177719621;16.303235510939697
1687957070;14.348832693542846;24.58992288265088;13.580979177719621;16.312177228822534
1687957071;14.348832693542846;24.59618208516887;13.580184358352266;16.306017378725468
1687957072;14.348832693542846;24.59618208516887;13.580184358352266;16.31476039176647
1687957073;14.346044501535992;24.595089208538745;13.580184358352266;16.299559471365644
1687957074;14.346044501535992;24.602838697370544;13.586443560870244;16.313468810294495
1687957075;14.346044501535992;24.602639992528697;13.58723838023761;16.293797030952252
1687957076;14.346044501535992;24.608899195046686;13.582171406770671;16.304129682727975
1687957077;14.346044501535992;24.607706965995636;13.580780472877784;16.300354290732997
1687957078;14.346044501535992;24.607706965995636;13.579985653510418;16.318337078919598
1687957079;14.346044501535992;24.61476098788099;13.580184358352266;16.351123377823352
1687957080;14.346044501535992;24.61476098788099;13.580979177719621;16.352216254453477
1687957081;14.346044501535992;24.61446293061823;13.580979177719621;16.342479717203272
1687957082;14.346044501535992;24.61287329188351;13.580979177719621;16.329166492799928
1687957083;14.346044501535992;24.61992731376885;13.580979177719621;16.331054188797424
1687957084;14.346044501535992;24.625391696919475;13.580979177719621;16.306116731146393
1687957085;14.346044501535992;24.625093639656715;13.580979177719621;16.304427739990746
1687957086;14.346044501535992;24.625888459024083;13.581773997086987;16.32012542249617
1687957087;14.346044501535992;24.627478097758804;13.576707023620049;16.30432838756982
1687957088;14.346044501535992;24.621218895240816;13.576707023620049;16.333339294478588
1687957089;14.346044501535992;24.62638522112869;13.574719975201631;16.39285139460993
1687957090;14.346044501535992;24.627080688075132;13.575514794569;16.369602928114546
1687957091;14.346044501535992;24.626285868707765;13.574521270359796;16.36393984012209
1687957092;14.346044501535992;24.626285868707765;13.56955364931377;16.359170923917898
1687957093;14.346044501535992;24.61267458704166;13.568262067841808;16.360661210231708
1687957094;14.346044501535992;24.614264225776395;13.568262067841808;16.338903030050133
1687957095;14.346044501535992;24.613469406409028;13.566672429107085;16.369900985377306
1687957096;14.346044501535992;24.61863573229689;13.568262067841808;16.386393487250107
1687957097;14.346044501535992;24.61863573229689;13.568262067841808;16.412721878794024
1687957098;14.346044501535992;24.60601797483999;13.568262067841808;16.376557597578977
1687957099;14.346044501535992;24.60601797483999;13.56746724847444;16.390665641349678
1687957100;14.346044501535992;24.60601797483999;13.567665953316288;16.39136110829612
1687957101;14.346044501535992;24.605819269998154;13.567665953316288;16.369801632956392
1687957102;14.346044501535992;24.60631603210276;13.567665953316288;16.370099690219153
1687957103;14.346044501535992;24.612475882199824;13.568460772683643;16.40298534154382
1687957104;14.346044501535992;24.611681062832456;13.568460772683643;16.432791067819952
1687957105;14.346044501535992;24.6113830055697;13.574719975201631;16.416994032893594
1687957106;14.346044501535992;24.612177824937064;13.574521270359796;16.426929274985646
1687957107;14.346044501535992;24.606514736944597;13.572931631625062;16.40785361016892
1687957108;14.346044501535992;24.606514736944597;13.572931631625062;16.420769424888583
1687957109;14.346044501535992;24.60542186031447;13.574521270359796;16.412721878794024
1687957110;14.346044501535992;24.606216679681836;13.580184358352266;16.416894680472684
1687957111;14.346044501535992;24.606216679681836;13.580184358352266;16.411032887638378
1687957112;14.346044501535992;24.60542186031447;13.580184358352266;16.411330944901138
1687957113;14.346044501535992;24.612277177357978;13.580283710773177;16.38291615251789
1687957114;14.346044501535992;24.612078472516142;13.581078530140545;16.421166834572254
1687957115;14.346044501535992;24.612078472516142;13.581078530140545;16.450376446322867
1687957116;14.346044501535992;24.617443503245838;13.581078530140545;16.409741306166403
1687957117;14.346044501535992;24.623205943659233;13.581078530140545;16.447395873695257
1687957118;14.346044501535992;24.624000763026586;13.576110909094519;16.40328339880658
1687957119;14.346044501535992;24.623205943659233;13.574024508255189;16.42832020887853
1687957120;14.346044501535992;24.622411124291865;13.574024508255189;16.418881728891087
1687957121;14.346044501535992;24.622411124291865;13.573925155834276;16.425935750776443
1687957122;14.346044501535992;24.62131824766174;13.574719975201631;16.42792279919485
1687957123;14.346044501535992;24.61654933145756;13.574719975201631;16.432294305715345
1687957124;14.346044501535992;24.621815009766344;13.574719975201631;16.415106336896113
1687957125;14.346044501535992;24.621815009766344;13.574719975201631;16.423352587832508
1687957126;14.346044501535992;24.623007238817387;13.575514794569;16.398017720497794
1687957127;14.346044501535992;24.62221241945003;13.575514794569;16.4126225263731
1687957128;14.346044501535992;24.622113067029105;13.575514794569;16.424842874146318
1687957129;14.346044501535992;24.6211195428199;13.574719975201631;16.41719273773544
1687957130;14.346044501535992;24.6211195428199;13.574719975201631;16.42216035878147
1687957131;14.346044501535992;24.622709181554626;13.574719975201631;16.41560309900071
1687957132;14.346044501535992;24.62191436218726;13.574719975201631;16.443421776858436
1687957133;14.346044501535992;24.6211195428199;13.580979177719621;16.43249301055719
1687957134;14.346044501535992;24.634730824485995;13.580184358352266;16.413715403003227
1687957135;14.346044501535992;24.633836652697717;13.580184358352266;16.42951243792957
1687957136;14.346044501535992;24.62876967923078;13.580184358352266;16.40517109480407
1687957137;14.346044501535992;24.626683278391447;13.579389538984898;16.4495816269555
1687957138;14.346044501535992;24.62638522112869;13.579389538984898;16.407356848064314
1687957139;14.346044501535992;24.627180040496043;13.574719975201631;16.40636332385511
1687957140;14.346044501535992;24.62608716386592;13.573925155834276;16.41202641184758
1687957141;14.486151149880255;24.62608716386592;13.573925155834276;17.035562205544263
1687957142;14.26817428191609;24.6249942872358;13.574719975201631;17.00724676558194
1687957143;14.115321612969078;24.62638522112869;13.575514794569;17.01320791083716
1687957144;14.533550413996721;24.62410011544751;13.574719975201631;16.997708933173573
1687957145;14.454485254945304;24.632545071225753;13.573925155834276;16.818079756149416
1687957146;14.582144617544701;24.631253489753778;13.573925155834276;16.82294802477452
1687957147;14.625759906794721;24.631253489753778;13.573925155834276;16.836559306440623
1687957148;14.766663181426654;24.632048309121146;13.57313033646691;16.797911214702566
1687957149;14.535741136287816;24.63761204469269;13.574719975201631;16.355693589185684
1687957150;14.713886689868405;24.63761204469269;13.573925155834276;16.310984999771495
1687957151;14.501685362489859;24.635227586590602;13.573925155834276;16.343771298675236
1687957152;14.59399443357382;24.63463147206508;13.573925155834276;16.337710800999083
1687957153;14.57875895582209;24.629961908281818;13.567665953316288;16.35986639086434
1687957154;14.557847515770717;24.622907886396472;13.568460772683643;16.36672170790786
1687957155;14.870025442252066;24.622907886396472;13.574719975201631;16.376557597578977
1687957156;14.538031436864873;24.62340464850107;13.574719975201631;16.370497099902835
1687957157;14.720359278455742;24.61843702745505;13.574719975201631;16.366026240961418
1687957158;14.56422052607208;24.616052569352952;13.573925155834276;16.375862130632534
1687957159;14.44651899206859;24.609694014414053;13.57313033646691;16.339201087312894
1687957160;14.553565649474475;24.609694014414053;13.57313033646691;16.337114686473562
1687957161;14.523592585400824;24.59638079001071;13.57313033646691;16.36662235548694
1687957162;14.53345083571076;24.590121587492717;13.574719975201631;16.36215149654552
1687957163;14.66310176402934;24.595784675485188;13.574719975201631;16.351918197190706
1687957164;14.777417636310231;24.595089208538745;13.574719975201631;16.346652518881932
1687957165;14.627054424512187;24.597175609378073;13.575514794569;16.356885818236734
1687957166;14.77731805802427;24.59608273274795;13.575514794569;16.371888033795724
1687957167;14.759294388265698;24.595983380327024;13.575514794569;16.35599164644845
1687957168;14.60425099702759;24.595983380327024;13.574521270359796;16.397123548709512
1687957169;14.498299700767248;24.595685323064266;13.574521270359796;16.33363735174135
1687957170;14.603255214167998;24.595685323064266;13.580780472877784;16.35738258034134
1687957171;14.758398183692067;24.594791151275984;13.580780472877784;16.343373888991554
1687957172;14.565415465503595;24.594592446434138;13.580780472877784;16.33820756310369
1687957173;14.775923962020842;24.601944525582255;13.580780472877784;16.339896554259337
1687957174;14.624564967363218;24.613469406409028;13.580780472877784;16.354600712555566
1687957175;14.585131966123466;24.613469406409028;13.57372645099243;16.38470449609446
1687957176;14.858175626222947;24.612078472516142;13.574521270359796;16.374371844318738
1687957177;14.646571768560147;24.613568758829953;13.574521270359796;16.345261584989046
1687957178;14.899898928039757;24.613568758829953;13.574521270359796;16.371391271691117
1687957179;14.77662101002255;24.612277177357978;13.57372645099243;16.375365368527937
1687957180;14.438453150905916;24.612475882199824;13.579985653510418;16.42822085645761
1687957181;14.84224310046951;24.611879767674296;13.581376587403305;16.400104121337122
1687957182;14.696759224683465;24.611681062832456;13.581376587403305;16.405369799645907
1687957183;14.534844931714186;24.599560067480162;13.581376587403305;16.385002553357218
1687957184;14.673457905769071;24.599659419901087;13.581376587403305;16.374669901581495
1687957185;14.533849148854605;24.600454239268444;13.587635789921293;16.36513206917313
1687957186;14.74077282707733;24.600851648952126;13.586840970553926;16.394540385765577
1687957187;14.850607676490068;24.599659419901087;13.586840970553926;16.432691715399027
1687957188;14.77233914372632;24.59886460053372;13.593894992439282;16.394142976081895
1687957189;14.70651789670745;24.59906330537556;13.593894992439282;16.384505791252614
1687957190;14.711198076147515;24.599858124742923;13.586840970553926;16.378147236313712
1687957191;14.82093334727429;24.60611732726091;13.586840970553926;16.432989772661788
1687957192;14.642389480549866;24.605024450630786;13.586840970553926;16.427227332248407
1687957193;14.492922473325464;24.605024450630786;13.579786948668582;16.430406609717863
1687957194;14.43357381489393;24.612078472516142;13.580581768035938;16.40030282617897
1687957195;14.741370296793077;24.611283653148774;13.580581768035938;16.40715814322248
1687957196;14.460459952102845;24.610786891044178;13.57432256551795;16.46398772798897
1687957197;14.481670127012103;24.609793366834964;13.57432256551795;16.405369799645907
1687957198;14.68281826464921;24.610091424097735;13.573527746150592;16.36632429822418
1687957199;14.346343236393878;24.60909789988852;13.573527746150592;16.390268231666006
1687957200;14.319158364327079;24.608998547467607;13.568063362999972;16.393050099451777
1687957201;14.325133061484607;24.61019077651865;13.568063362999972;16.392652689768095
1687957202;14.782994020323926;24.61019077651865;13.567864658158124;16.391162403454285
1687957203;14.771343360866728;24.60999207167681;13.567864658158124;16.446601054327893
1687957204;14.840749426180121;24.60959466199313;13.567069838790758;16.46637218609106
1687957205;14.764372880849596;24.60989271925589;13.568659477525491;16.486043965433307
1687957206;14.650953213142337;24.60870049020485;13.57491868004348;16.471439159558
1687957207;14.775027757447212;24.608501785363003;13.573329041308746;16.533633775054202
1687957208;14.706816631565323;24.608303080521164;13.573329041308746;16.49458827363246
1687957209;14.920113320089424;24.6075082611538;13.573329041308746;16.488726480798157
1687957210;15.357062838877356;24.608601137783925;13.574123860676114;16.597418029285116
1687957211;15.293731049007453;24.608303080521164;13.57342839372967;17.049074134789443
1687957212;14.648762490851242;24.60730955631196;13.574223213097037;16.47481714186929
1687957213;14.842940148471229;24.631253489753778;13.567964010579047;16.48147375407096
1687957214;14.831687802157866;24.63194895670022;13.567964010579047;16.45494665768521
1687957215;14.635916891962541;24.650527859412353;13.567169191211681;16.462696146516997
1687957216;14.713886689868405;24.655992242562974;13.566374371844315;16.48803101385171
1687957217;14.714782894442035;24.655992242562974;13.567964010579047;16.95568285912423
1687957218;14.79115943977256;24.656687709509416;13.567964010579047;16.46090780294044
1687957219;14.86624146738562;24.64953433520315;13.567964010579047;16.48683878480067
1687957220;14.676445254347836;24.648938220677618;13.567964010579047;16.5122730045563
1687957221;15.028454495212774;24.659866986978873;13.56895753478825;16.520121845809022
1687957222;14.660911041738235;24.660264396662555;13.568162715420884;17.095372362938367
1687957223;14.956260237892527;24.65946957729519;13.568162715420884;16.502337762464258
1687957224;14.77901088888557;24.679836823583877;13.568162715420884;16.492303167951295
1687957225;14.818742624983194;24.6799361760048;13.568162715420884;16.490117414691042
1687957226;14.821032925560251;24.673080858961292;13.562698332270262;16.573176038580527
1687957227;14.777716371168104;24.672286039593928;13.562698332270262;16.866961147242275
1687957228;14.700244464692025;24.673080858961292;13.562698332270262;16.511974947293538
1687957229;14.944211265291496;24.679340061479284;13.562698332270262;16.513167176344588
1687957230;14.704327174416342;24.672286039593928;13.561903512902894;16.537111109786416
1687957231;14.64258863712179;24.67844588969099;13.561903512902894;16.570493523215678
1687957232;14.719562652168072;24.678247184849155;13.561903512902894;16.55847188028431
1687957233;14.665591221178309;24.678247184849155;13.567367896053529;16.49071352921657
1687957234;14.74087240536328;24.69036818020145;13.567367896053529;16.523301123278465
1687957235;14.714982051013958;24.689573360834082;13.567367896053529;16.553007497133688
1687957236;14.785483477472905;24.690268827780525;13.567367896053529;16.514856167500234
1687957237;14.797333293502025;24.695137096405627;13.566573076686161;16.52727522011529
1687957238;14.769252216861595;24.688778541466718;13.568162715420884;16.546152180090168
1687957239;14.745950897947191;24.688778541466718;13.56895753478825;17.04957089689404
1687957240;14.554063540904272;24.688679189045803;13.56895753478825;16.88325494427323
1687957241;14.687697600661199;24.701694356186376;13.573627098571507;16.57387150552697
1687957242;14.735296021349587;24.6969254399822;13.573627098571507;16.541780673569672
1687957243;14.779707936887288;24.670100286333675;13.573627098571507;16.53482600410524
1687957244;14.738084213356439;24.67029899117552;13.574421917938873;16.535521471051684
1687957245;15.037416540949078;24.671590572647485;13.573627098571507;16.92945382000123
1687957246;14.837463342743485;24.670795753280117;13.579886301089495;16.50452351572451
1687957247;14.69038621438209;24.66960352422908;13.579886301089495;16.536514995260887
1687957248;14.689390431522497;24.669504171808153;13.579091481722138;16.505119630250032
1687957249;14.689390431522497;24.670100286333675;13.579091481722138;16.507106678668436
1687957250;14.689390431522497;24.67000093391276;13.573627098571507;16.52210889422743
1687957251;14.689390431522497;24.669206114545396;13.579886301089495;16.486242670275143
1687957252;14.687199709231402;24.668709352440786;13.578892776880291;16.5210160175973
1687957253;14.687199709231402;24.66970287664999;13.578892776880291;16.526579753168846
1687957254;14.687000552659491;24.66970287664999;13.578892776880291;16.520022493388097
1687957255;14.687000552659491;24.67576337432614;13.579687596247659;16.518532207074287
1687957256;14.687000552659491;24.674968554958777;13.579687596247659;16.494985683316145
1687957257;14.687000552659491;24.674968554958777;13.578892776880291;16.509093727086842
1687957258;14.687000552659491;24.667914533073432;13.572633574362303;16.506609916563843
1687957259;14.687000552659491;24.66761647581066;13.57342839372967;16.54227743567428
1687957260;14.687000552659491;24.667715828231586;13.57342839372967;16.517240625602327
1687957261;14.687000552659491;24.668610000019875;13.574223213097037;16.53532276620985
1687957262;14.687000552659491;24.6673184185479;13.57342839372967;16.54833793335042
1687957263;14.687000552659491;24.668113237915268;13.57342839372967;16.525387524117797
1687957264;14.687000552659491;24.662648854764647;13.57342839372967;16.50829890771949
1687957265;14.687000552659491;24.66185403539728;13.57342839372967;16.516346453814034
1687957266;14.687000552659491;24.66155597813452;13.574223213097037;16.50333128667346
1687957267;14.687000552659491;24.66076115876715;13.574223213097037;16.496873379313637
1687957268;14.687000552659491;24.661357273292683;13.574223213097037;16.533931832316963
1687957269;14.687000552659491;24.66125792087176;13.57342839372967;16.541581968727836
1687957270;14.687000552659491;24.660463101504394;13.572633574362303;16.559664109335348
1687957271;14.687000552659491;24.66006569182071;13.578892776880291;16.506510564142918
1687957272;14.687000552659491;24.661357273292683;13.578992129301215;16.530057087901064
1687957273;14.687000552659491;24.635426291432438;13.572732926783226;16.530156440321985
1687957274;14.693273984674903;24.635128234169677;13.572732926783226;16.537409167049177
1687957275;14.693273984674903;24.640691969741223;13.572732926783226;16.530951259689342
1687957276;14.693273984674903;24.640691969741223;13.57193810741586;16.51098142308434
1687957277;14.693273984674903;24.640691969741223;13.57223616467862;16.496475969629955
1687957278;14.693273984674903;24.640592617320312;13.580879825298709;16.500946828571372
1687957279;14.693273984674903;24.640592617320312;13.580879825298709;16.50601380203831
1687957280;14.693273984674903;24.64118873184583;13.580879825298709;16.40517109480407
1687957281;14.693273984674903;24.640393912478466;13.580085005931341;16.387983125984828
1687957282;14.693273984674903;24.641983551213198;13.579290186563975;16.394142976081895
1687957283;14.693273984674903;24.647050524680136;13.580085005931341;16.41202641184758
1687957284;14.693273984674903;24.65410454656548;13.579985653510418;16.406860085959718
1687957285;14.693273984674903;24.666622951601457;13.579985653510418;16.382419390413283
1687957286;14.693273984674903;24.671987982331167;13.57491868004348;16.38679089693379
1687957287;14.693273984674903;24.66543072255042;13.572931631625062;16.4072574956434
1687957288;14.693273984674903;24.665629427392254;13.572931631625062;16.412423821531263
1687957289;14.699547416690317;24.665629427392254;13.57372645099243;16.430009200034178
1687957290;14.699547416690317;24.671093810542878;13.57372645099243;16.431996248452585
1687957291;14.699547416690317;24.670795753280117;13.572931631625062;16.396527434183994
1687957292;14.699547416690317;24.671590572647485;13.572931631625062;16.398017720497794
1687957293;14.699547416690317;24.66960352422908;13.572931631625062;16.381127808941322
1687957294;14.699547416690317;24.66960352422908;13.57134199289034;16.390466936507842
1687957295;14.699547416690317;24.6750679073797;13.572931631625062;16.420372015204897
1687957296;14.699547416690317;24.682817396211497;13.572931631625062;16.356687113394898
1687957297;14.699547416690317;24.682817396211497;13.572931631625062;16.364734659489443
1687957298;14.699547416690317;24.681625167160448;13.579985653510418;16.360462505389872
1687957299;14.699547416690317;24.681625167160448;13.579985653510418;16.374371844318738
1687957300;14.699547416690317;24.683016101053333;13.579985653510418;16.3858967251455
1687957301;14.699547416690317;24.682121929265055;13.580780472877784;16.392752042189006
1687957302;14.70582084870573;24.68291674863241;13.580085005931341;16.38082975167856
1687957303;14.70582084870573;24.650527859412353;13.580085005931341;16.408251019852603
1687957304;14.70582084870573;24.650527859412353;13.580085005931341;16.418981081312012
1687957305;14.70582084870573;24.657581881297695;13.579290186563975;16.396527434183994
1687957306;14.70582084870573;24.65648900466758;13.578495367196608;16.404972389962225
1687957307;14.70582084870573;24.65559483287929;13.580085005931341;16.389274707456792
1687957308;14.70582084870573;24.65559483287929;13.580085005931341;16.392155927663488
1687957309;14.70582084870573;24.65559483287929;13.579290186563975;16.39106305103336
1687957310;14.70582084870573;24.65638965224666;13.579290186563975;16.375564073369773
1687957311;14.70582084870573;24.655992242562974;13.579091481722138;16.40745620048524
1687957312;14.70582084870573;24.655197423195606;13.580085005931341;16.408946486799046
1687957313;14.70582084870573;24.655197423195606;13.580085005931341;16.401296350388172
1687957314;14.70582084870573;24.668212590336193;13.580085005931341;16.40864842953629
1687957315;14.70582084870573;24.6673184185479;13.580085005931341;16.37119256684928
1687957316;14.70582084870573;24.6799361760048;13.580085005931341;16.411827707005735
1687957317;14.70582084870573;24.67268344927761;13.579290186563975;16.41868302404925
1687957318;14.70582084870573;24.673180211382206;13.581674644666064;16.39732225355135
1687957319;14.70582084870573;24.67298150654037;13.580482415615025;16.39732225355135
1687957320;14.70582084870573;24.672286039593928;13.579687596247659;16.391758517979802
1687957321;14.70582084870573;24.67377632590774;13.579687596247659;16.396030672079387
1687957322;14.70582084870573;24.67377632590774;13.579687596247659;16.374669901581495
1687957323;14.70582084870573;24.679737471162955;13.580482415615025;16.37904140810199
1687957324;14.70582084870573;24.685599263997272;13.580482415615025;16.400501531020804
1687957325;14.629643459947129;24.691063647147892;13.580482415615025;16.385399963040904
1687957326;14.635916891962541;24.692653285882614;13.580482415615025;16.384605143673536
1687957327;14.635916891962541;24.692355228619856;13.579687596247659;16.383015504938815
1687957328;14.635916891962541;24.69156040925249;13.579687596247659;16.40298534154382
1687957329;14.635916891962541;24.69156040925249;13.579687596247659;16.36761587969614
1687957330;14.635916891962541;24.686592788206475;13.579687596247659;16.384903200936296
1687957331;14.635916891962541;24.69156040925249;13.585847446344722;16.36731782243338
1687957332;14.635916891962541;24.691162999568807;13.584158455189076;16.347944100353896
1687957333;14.635916891962541;24.671590572647485;13.58336363582171;16.37725306452542
1687957334;14.642190323977955;24.672186687173003;13.584953274556444;16.389970174403235
1687957335;14.638505927397471;24.677551717902713;13.584953274556444;16.41172835458482
1687957336;14.63581731367658;24.666324894338697;13.584953274556444;16.401991817334615
1687957337;14.63581731367658;24.66185403539728;13.578694072038456;16.421464891835026
1687957338;14.63581731367658;24.66076115876715;13.578694072038456;16.400104121337122
1687957339;14.63581731367658;24.662350797501887;13.578694072038456;16.408052315010757
1687957340;14.642090745691993;24.674869202537863;13.579488891405822;16.407754257747996
1687957341;14.642090745691993;24.674769850116938;13.579488891405822;16.392056575242563
1687957342;14.642090745691993;24.674670497696017;13.578694072038456;16.39394427124006
1687957343;14.642090745691993;24.673676973486813;13.578694072038456;16.437957393707812
1687957344;14.629543881661167;24.67327956380313;13.577104433303722;16.404276923015782
1687957345;14.629543881661167;24.678942651795598;13.577104433303722;16.39374556639822
1687957346;14.63581731367658;24.680333585688487;13.578694072038456;16.3985144826024
1687957347;14.642090745691993;24.685996673680943;13.578694072038456;16.245313049543075
1687957348;14.642090745691993;24.678942651795598;13.57372645099243;16.235179102609198
1687957349;14.642090745691993;24.67874394695375;13.57372645099243;16.25147289964014
1687957350;14.642090745691993;24.67874394695375;13.5716400501531;16.237861617974048
1687957351;14.642090745691993;24.67874394695375;13.5716400501531;16.230906948509617
1687957352;14.642090745691993;24.677452365481788;13.572434869520468;16.22196523062678
1687957353;14.642090745691993;24.678942651795598;13.572434869520468;16.25355930047947
1687957354;14.642090745691993;24.685201854313586;13.560015816905413;16.22444904114979
1687957355;14.642090745691993;24.689573360834082;13.559121645117123;16.22623738472635
1687957356;14.642090745691993;24.689573360834082;13.560115169326325;16.24422017291295
1687957357;14.642090745691993;24.689374655992246;13.560711283851855;16.232099177560656
1687957358;14.642090745691993;24.690169475359603;13.560711283851855;16.246008516489518
1687957359;14.642090745691993;24.69007012293869;13.560711283851855;16.20010769802428
1687957360;14.642090745691993;24.67655819369351;13.55991646448449;16.22464774599163
1687957361;14.642090745691993;24.67804848000731;13.55991646448449;16.2376629131322
1687957362;14.642090745691993;24.67864459453284;13.55991646448449;16.2327946445071
1687957363;14.642090745691993;24.659072167611505;13.561704808061059;16.204181147282014
1687957364;14.642090745691993;24.65887346276967;13.56081063627277;16.226138032305435
1687957365;14.642090745691993;24.659072167611505;13.56081063627277;16.221567820943093
1687957366;14.648364177707407;24.665629427392254;13.561704808061059;16.278794815393272
1687957367;14.648364177707407;24.66463590318305;13.560015816905413;16.242034419652708
1687957368;14.648364177707407;24.663741731394772;13.560015816905413;16.27005180235227
1687957369;14.648364177707407;24.665132665287658;13.560015816905413;16.239053847025087
1687957370;14.648364177707407;24.664337845920294;13.559220997538047;16.216500847476144
1687957371;14.648364177707407;24.664337845920294;13.559220997538047;16.22266069757322
1687957372;14.648364177707407;24.66423849349937;13.559220997538047;16.243326001124668
1687957373;14.648364177707407;24.65768123371862;13.559220997538047;16.23825902765773
1687957374;14.648364177707407;24.663841083815687;13.560015816905413;16.21153322643013
1687957375;14.648364177707407;24.67029899117552;13.560015816905413;16.22713155651464
1687957376;14.648364177707407;24.66910676212447;13.56081063627277;16.269256982984903
1687957377;14.648364177707407;24.668709352440786;13.56081063627277;16.217395019264437
1687957378;14.648364177707407;24.668709352440786;13.560015816905413;16.20199539402176
1687957379;14.648364177707407;24.671093810542878;13.560015816905413;16.202094746442686
1687957380;14.648364177707407;24.669504171808153;13.56081063627277;16.193649790664445
1687957381;14.648364177707407;24.675465317063384;13.560015816905413;16.221865878205854
1687957382;14.648364177707407;24.676160784009827;13.565480200056035;16.204081794861093
1687957383;14.648364177707407;24.675266612221535;13.552961795020057;16.19076857045776
1687957384;14.648364177707407;24.6750679073797;13.55216697565269;16.20765848201423
1687957385;14.648364177707407;24.675266612221535;13.55216697565269;16.20040575528704
1687957386;14.648364177707407;24.67576337432614;13.553756614387424;16.191066627720517
1687957387;14.648364177707407;24.67576337432614;13.560015816905413;16.24272988659915
1687957388;14.648364177707407;24.674968554958777;13.559220997538047;16.232993349348945
1687957389;14.648364177707407;24.674670497696017;13.559220997538047;16.20010769802428
1687957390;14.648364177707407;24.674670497696017;13.559220997538047;16.199412231077837
1687957391;14.648364177707407;24.674670497696017;13.559220997538047;16.21391768453222
1687957392;14.648364177707407;24.67387567832865;13.566374371844315;16.204081794861093
1687957393;14.648364177707407;24.668212590336193;13.565579552476958;16.202889565810054
1687957394;14.648364177707407;24.668013885494343;13.565579552476958;16.206863662646864
1687957395;14.648364177707407;24.66721906612699;13.567169191211681;16.19086792287868
1687957396;14.648364177707407;24.673378916224053;13.566374371844315;16.167023341857767
1687957397;14.648364177707407;24.673080858961292;13.572633574362303;16.172189667745627
1687957398;14.648364177707407;24.673478268644978;13.57342839372967;16.20736042475147
1687957399;14.648364177707407;24.674273088012335;13.57342839372967;16.199114173815076
1687957400;14.648364177707407;24.673478268644978;13.578892776880291;16.209546178011724
1687957401;14.648364177707407;24.67327956380313;13.578892776880291;16.203684385177407
1687957402;14.648364177707407;24.67387567832865;13.578892776880291;16.21809048621088
1687957403;14.648364177707407;24.67298150654037;13.578892776880291;16.223157459677818
1687957404;14.648364177707407;24.67844588969099;13.585946798765647;16.21302351274394
1687957405;14.648364177707407;24.67844588969099;13.585946798765647;16.22464774599163
1687957406;14.648364177707407;24.67417373559142;13.58515197939828;16.2327946445071
1687957407;14.648364177707407;24.68490379705083;13.584456512451837;16.214116389374055
1687957408;14.648364177707407;24.68490379705083;13.584456512451837;16.22593932746359
1687957409;14.648364177707407;24.677551717902713;13.584456512451837;16.202293451284532
1687957410;14.648364177707407;24.67834653727007;13.585251331819205;16.21391768453222
1687957411;14.648364177707407;24.69007012293869;13.584456512451837;16.186397063937253
1687957412;14.648364177707407;24.690169475359603;13.584257807610001;16.186794473620935
1687957413;14.648364177707407;24.683115453474258;13.584257807610001;16.175070887952327
1687957414;14.648065442849534;24.690864942306046;13.583462988242633;16.175070887952327
1687957415;14.648065442849534;24.69613062061483;13.585648741502887;16.180535271102947
1687957416;14.648065442849534;24.706661977232404;13.585648741502887;16.569698703848314
1687957417;14.648065442849534;24.707059386916086;13.585648741502887;16.38023363715304
1687957418;14.654338874864948;24.707556149020682;13.584059102768153;16.37357702495137
1687957419;14.654338874864948;24.707556149020682;13.584059102768153;16.386890249354703
1687957420;14.654338874864948;24.70805291112529;13.584059102768153;16.391162403454285
1687957421;14.654338874864948;24.707357444178847;13.584059102768153;15.98520841157336
1687957422;14.654338874864948;24.707357444178847;13.584655217293683;15.973981588009355
1687957423;14.654338874864948;24.694044219775503;13.579588243826734;15.967623033070444
1687957424;14.654338874864948;24.68828177936212;13.578396014775695;15.967623033070444
1687957425;14.654338874864948;24.687486959994754;13.577601195408329;15.966828213703089
1687957426;14.654338874864948;24.687486959994754;13.577601195408329;15.966828213703089
1687957427;14.654338874864948;24.687486959994754;13.572136812257707;15.972193244432786
1687957428;14.654338874864948;24.686394083364625;13.57859471961753;15.97139842506542
1687957429;14.654338874864948;24.687884369678436;13.577601195408329;15.974378997693039
1687957430;14.654338874864948;24.686990197890157;13.577601195408329;15.980638200211029
1687957431;14.654338874864948;24.69225587619893;13.576806376040961;15.990374737461233
1687957432;14.654338874864948;24.6930506955663;13.564287971004985;15.990374737461233
1687957433;14.654338874864948;24.69225587619893;13.565082790372351;15.986698697887169
1687957434;14.654338874864948;24.69225587619893;13.566771781527997;15.984612297047839
1687957435;14.654338874864948;24.69225587619893;13.566771781527997;15.984612297047839
1687957436;14.654338874864948;24.69722349724496;13.565976962160642;15.984612297047839
1687957437;14.654338874864948;24.70507233849767;13.566175667002478;15.971299072644507
1687957438;14.654338874864948;24.705867157865036;13.560711283851855;15.967722385491367
1687957439;14.654338874864948;24.704774281234908;13.560711283851855;15.975571226744078
1687957440;14.654338874864948;24.71262312248762;13.55991646448449;15.974776407376723
1687957441;14.654338874864948;24.705171690918593;13.55991646448449;15.973981588009355
1687957442;14.654338874864948;24.704774281234908;13.55812812090792;15.930167170383436
1687957443;14.654338874864948;24.70358205218387;13.559717759642654;15.924504082390978
1687957444;14.654338874864948;24.703184642500187;13.559717759642654;15.925199549337421
1687957445;14.654338874864948;24.704376871551226;13.558922940275286;15.925497606600182
1687957446;14.654338874864948;24.722757069421508;13.558922940275286;15.923311853339928
1687957447;14.654338874864948;24.71649786690352;13.553855966808348;15.923311853339928
1687957448;14.654338874864948;24.715703047536163;13.553657261966501;15.923311853339928
1687957449;14.654338874864948;24.71619980964076;13.552862442599134;15.928776236490549
1687957450;14.66061230688036;24.709344492597253;13.552862442599134;15.930365875225283
1687957451;14.66061230688036;24.709046435334493;13.552862442599134;15.929372351016081
1687957452;14.66061230688036;24.708649025650807;13.557631358803324;15.928577531648713
1687957453;14.66061230688036;24.691262351989728;13.559220997538047;15.935134791429462
1687957454;14.66061230688036;24.684506387367144;13.56081063627277;15.942983632682173
1687957455;14.66061230688036;24.689374655992246;13.56081063627277;15.939705002791804
1687957456;14.66061230688036;24.689374655992246;13.559220997538047;15.938214716477994
1687957457;14.66061230688036;24.690169475359603;13.565480200056035;15.970007491172533
1687957458;14.66061230688036;24.692057171357096;13.565480200056035;15.9746770549558
1687957459;14.66061230688036;24.684605739788058;13.567069838790758;15.987394164833614
1687957460;14.66061230688036;24.684307682525297;13.5662750194234;15.986897402729017
1687957461;14.66061230688036;24.689772065675918;13.5662750194234;15.973782883167509
1687957462;14.66061230688036;24.691361704410653;13.5662750194234;15.972988063800154
1687957463;14.66061230688036;24.691361704410653;13.571739402574023;15.966728861282164
1687957464;14.66061230688036;24.69076558988513;13.571739402574023;15.967424328228608
1687957465;14.66061230688036;24.69642867787759;13.57253422194139;15.96662950886124
1687957466;14.66061230688036;24.698614431137845;13.571739402574023;15.96662950886124
1687957467;14.66061230688036;24.691063647147892;13.571739402574023;15.96662950886124
1687957468;14.66061230688036;24.689970770517768;13.570944583206657;15.959575486975897
1687957469;14.66061230688036;24.689970770517768;13.570944583206657;15.965834689493875
1687957470;14.66061230688036;24.689970770517768;13.570944583206657;15.96662950886124
1687957471;14.66061230688036;24.695435153668388;13.571739402574023;15.965039870126517
1687957472;14.66061230688036;24.694739686721945;13.571540697732177;15.965834689493875
1687957473;14.66061230688036;24.663244969290165;13.572335517099543;15.952620817511464
1687957474;14.66061230688036;24.66970287664999;13.571540697732177;15.954409161088023
1687957475;14.66061230688036;24.670100286333675;13.571540697732177;15.954409161088023
1687957476;14.66061230688036;24.675266612221535;13.571540697732177;15.954409161088023
1687957477;14.66061230688036;24.675266612221535;13.573030984045985;15.953614341720668
1687957478;14.66061230688036;24.683115453474258;13.5716400501531;15.952819522353302
1687957479;14.66061230688036;24.67685625095627;13.571739402574023;15.947851901307274
1687957480;14.66061230688036;24.674968554958777;13.570944583206657;15.946361614993476
1687957481;14.66061230688036;24.68828177936212;13.5701497638393;15.946361614993476
1687957482;14.66061230688036;24.670795753280117;13.571838754994946;15.946361614993476
1687957483;14.66061230688036;24.6444673617362;13.571739402574023;15.94556679562611
1687957484;14.66061230688036;24.6444673617362;13.571739402574023;15.952620817511464
1687957485;14.66061230688036;24.64963368762406;13.570944583206657;15.952620817511464
1687957486;14.66061230688036;24.650428506991428;13.570944583206657;15.951825998144098
1687957487;14.66061230688036;24.64963368762406;13.578793424459379;15.94556679562611
1687957488;14.66061230688036;24.64963368762406;13.577799900250165;15.94556679562611
1687957489;14.66061230688036;24.64953433520315;13.57859471961753;15.94556679562611
1687957490;14.66061230688036;24.648242753731175;13.57859471961753;15.946361614993476
1687957491;14.66061230688036;24.649733040044985;13.57859471961753;15.947156434360831
1687957492;14.66061230688036;24.64864016341486;13.57859471961753;15.939406945529043
1687957493;14.66061230688036;24.648242753731175;13.57859471961753;15.939406945529043
1687957494;14.66061230688036;24.64804404888934;13.579389538984898;15.9402017648964
1687957495;14.66061230688036;24.64923627794039;13.579389538984898;15.9402017648964
1687957496;14.66061230688036;24.656985766772177;13.57859471961753;15.939406945529043
1687957497;14.66061230688036;24.656985766772177;13.57859471961753;15.938214716477994
1687957498;14.66061230688036;24.65619094740481;13.57859471961753;15.938214716477994
1687957499;14.66061230688036;24.64327513268516;13.579389538984898;15.938214716477994
1687957500;14.66061230688036;24.64416930447344;13.579389538984898;15.939009535845361
1687957501;14.66061230688036;24.643573189947922;13.579389538984898;15.939009535845361
1687957502;14.66061230688036;24.64953433520315;13.579389538984898;15.938214716477994
1687957503;14.66061230688036;24.649434982782225;13.579985653510418;15.930067817962524
1687957504;14.66061230688036;24.64963368762406;13.577700547829252;15.933644505115652
1687957505;14.66061230688036;24.655098070774695;13.577700547829252;15.926590483230306
1687957506;14.66061230688036;24.655694185300213;13.577700547829252;15.926590483230306
1687957507;14.66061230688036;24.65499871835377;13.577501842987406;15.926590483230306
1687957508;14.66061230688036;24.654601308670088;13.577501842987406;15.905627122416089
1687957509;14.66061230688036;24.654303251407327;13.576707023620049;15.917847470189306
1687957510;14.66061230688036;24.65499871835377;13.579091481722138;15.91824487987299
1687957511;14.66061230688036;24.654800013511924;13.579091481722138;15.91526430724537
1687957512;14.66061230688036;24.654203898986403;13.579091481722138;15.914469487878014
1687957513;14.66061230688036;24.654005194144567;13.578296662354772;15.913972725773407
1687957514;14.66061230688036;24.65529677561653;13.578296662354772;15.913277258826962
1687957515;14.66061230688036;24.648938220677618;13.578296662354772;15.913277258826962
1687957516;14.66061230688036;24.654005194144567;13.576707023620049;15.911290210408557
1687957517;14.66061230688036;24.65380648930272;13.576707023620049;15.91287984914328
1687957518;14.66061230688036;24.65380648930272;13.578296662354772;15.917748117768383
1687957519;14.66061230688036;24.65380648930272;13.578296662354772;15.917748117768383
1687957520;14.66061230688036;24.654303251407327;13.577501842987406;15.924007320286371
1687957521;14.66061230688036;24.65917152003243;13.577501842987406;15.924007320286371
1687957522;14.66061230688036;24.660165044241634;13.578296662354772;15.924603434811901
1687957523;14.66061230688036;24.653111022356278;13.578296662354772;15.923808615444536
1687957524;14.66061230688036;24.653111022356278;13.578296662354772;15.936525725322348
1687957525;14.66061230688036;24.659072167611505;13.578296662354772;15.936327020480512
1687957526;14.66061230688036;24.659866986978873;13.578296662354772;15.935532201113144
1687957527;14.66061230688036;24.659072167611505;13.572037459836784;15.935532201113144
1687957528;14.66061230688036;24.659072167611505;13.571242640469416;15.935532201113144
1687957529;14.66061230688036;24.65827734824414;13.57044782110206;15.935532201113144
1687957530;14.66061230688036;24.657780586139545;13.572037459836784;15.936327020480512
1687957531;14.66061230688036;24.65857540550691;13.572037459836784;15.944175861733223
1687957532;14.66061230688036;24.664437198341215;13.572037459836784;15.944175861733223
1687957533;14.66061230688036;24.663642378973847;13.57283227920415;15.937121839847867
1687957534;14.66061230688036;24.664437198341215;13.579091481722138;15.950137006988452
1687957535;14.66061230688036;24.665232017708572;13.579091481722138;15.949342187621085
1687957536;14.66061230688036;24.663145616869244;13.578296662354772;15.949342187621085
1687957537;14.66061230688036;24.663145616869244;13.585549389081963;15.949342187621085
1687957538;14.66061230688036;24.669404819387232;13.585350684240128;15.948547368253719
1687957539;14.66061230688036;24.66751712338975;13.58455586487276;15.947752548886363
1687957540;14.66061230688036;24.66910676212447;13.583761045505394;15.947752548886363
1687957541;14.66061230688036;24.6750679073797;13.583761045505394;15.949242835200161
1687957542;14.66061230688036;24.674273088012335;13.583761045505394;15.948448015832806
1687957543;14.66061230688036;24.656290299825734;13.583761045505394;15.954707218350794
1687957544;14.66061230688036;24.655495480458367;13.584357160030914;15.954707218350794
1687957545;14.66061230688036;24.655197423195606;13.584357160030914;15.955402685297237
1687957546;14.66061230688036;24.655197423195606;13.584357160030914;15.955402685297237
1687957547;14.66061230688036;24.655992242562974;13.583562340663558;15.955402685297237
1687957548;14.66061230688036;24.655992242562974;13.584357160030914;15.954607865929871
1687957549;14.66061230688036;24.655992242562974;13.58515197939828;15.954607865929871
1687957550;14.66061230688036;24.660860511188076;13.584357160030914;15.95699232403196
1687957551;14.66061230688036;24.660562453925316;13.584357160030914;15.956197504664594
1687957552;14.66061230688036;24.666821656443304;13.583562340663558;15.949143482779249
1687957553;14.66061230688036;24.66761647581066;13.583562340663558;15.949143482779249
1687957554;14.66061230688036;24.66761647581066;13.596974917487813;15.949938302146604
1687957555;14.66061230688036;24.668113237915268;13.596974917487813;15.948448015832806
1687957556;14.66061230688036;24.6673184185479;13.596776212645977;15.948448015832806
1687957557;14.66061230688036;24.6673184185479;13.583462988242633;15.948448015832806
1687957558;14.66061230688036;24.6673184185479;13.589722190760622;15.954111103825264
1687957559;14.66061230688036;24.66702036128514;13.589722190760622;15.953912398983427
1687957560;14.66061230688036;24.667815180652507;13.591311829495345;15.956197504664594
1687957561;14.66061230688036;24.66751712338975;13.59051701012799;15.955402685297237
1687957562;14.66061230688036;24.67298150654037;13.59051701012799;15.954607865929871
1687957563;14.66061230688036;24.67377632590774;13.596776212645977;15.954607865929871
1687957564;14.66061230688036;24.672186687173003;13.595186573911244;15.955402685297237
1687957565;14.66061230688036;24.68470509220898;13.590218952865229;15.955402685297237
1687957566;14.66061230688036;24.690864942306046;13.589722190760622;15.954607865929871
1687957567;14.66061230688036;24.697720259349566;13.588927371393256;15.954607865929871
1687957568;14.66061230688036;24.68649343578555;13.59051701012799;15.954607865929871
1687957569;14.66061230688036;24.684407034946222;13.59051701012799;15.95699232403196
1687957570;14.66061230688036;24.684407034946222;13.59051701012799;15.956197504664594
1687957571;14.66061230688036;24.69275263830354;13.59051701012799;15.956197504664594
1687957572;14.66061230688036;24.692057171357096;13.591311829495345;15.956197504664594
1687957573;14.66061230688036;24.67298150654037;13.59776973685518;15.955402685297237
1687957574;14.635319422246784;24.672186687173003;13.597571032013335;15.956197504664594
1687957575;14.635319422246784;24.67298150654037;13.597571032013335;15.948249310990958
1687957576;14.635319422246784;24.672186687173003;13.596776212645977;15.948249310990958
1687957577;14.635319422246784;24.671093810542878;13.596776212645977;15.948249310990958
1687957578;14.635319422246784;24.671093810542878;13.603035415163966;15.948249310990958
1687957579;14.635319422246784;24.671093810542878;13.6022405957966;15.949044130358326
1687957580;14.635319422246784;24.671888629910242;13.6022405957966;15.949044130358326
1687957581;14.635319422246784;24.671590572647485;13.6022405957966;15.949044130358326
1687957582;14.635319422246784;24.677849775165473;13.6022405957966;15.949044130358326
1687957583;14.635319422246784;24.677849775165473;13.603035415163966;15.954508513508948
