Time;{instance="10.231.0.208:9100"};{instance="192.168.221.10:9100"};{instance="192.168.221.11:9100"};{instance="192.168.221.12:9100"}
1687956863;614.4444444444445;23651;1284.2222222222224;1299.3333333333335
1687956864;607.7777777777778;30054.444444444445;1290;1305.1111111111113
1687956865;552;27183.111111111113;1284.2222222222224;3118.1111111111113
1687956866;4074940.0000000005;33273;1235.111111111111;8008.777777777778
1687956867;16783957.111111112;34486.222222222226;1229.3333333333335;10967369
1687956868;29993098.88888889;46171.55555555556;1235.111111111111;24062578.555555556
1687956869;42426366.66666667;46644.66666666667;1229.3333333333335;36971963
1687956870;55411711.11111111;46906.444444444445;1235.111111111111;49718763.333333336
1687956871;68601470.66666667;51137.55555555556;1141.111111111111;62678849.11111111
1687956872;81791956.22222222;51425.11111111112;696.1111111111112;75747683.8888889
1687956873;94783084.44444445;50865.444444444445;1244.4444444444446;89185715.50766495
1687956874;107558656.8888889;50871.222222222226;1250.2222222222224;101934797.77777779
1687956875;116491821.33333334;48536.55555555556;1244.4444444444446;114670485.55555557
1687956876;116971221.11111112;48874.333333333336;1250.2222222222224;116863978.8888889
1687956877;116792977.33836924;38846.11111111112;1256.111111111111;116824422.66666667
1687956878;117484962.66666667;45019.222222222226;1261.888888888889;116962805.77777779
1687956879;117566145.55555557;43910;1256.111111111111;117142381.66666667
1687956880;116810622.00000001;45378.444444444445;1261.888888888889;117363991.44444445
1687956881;116707251.55555557;44754.222222222226;1146.888888888889;116635287.11111112
1687956882;116820842.22222222;39809.444444444445;598.5555555555555;116288521.0046677
1687956883;117124480.22222222;39163.77777777778;681.1111111111112;116702138.8888889
1687956884;117198853.55555557;34753.333333333336;1240;117111823.11111112
1687956885;116913619.11111112;32172.222222222226;1234.2222222222224;116908502.44444445
1687956886;116838777.9506557;31513.88888888889;1248.7777777777778;116699497.11111112
1687956887;116726657.11111112;27450.666666666668;1254.6666666666667;116643612.44444445
1687956888;116659793.33333334;29326.333333333336;1260.4444444444446;116772068.66666667
1687956889;116893519.33333334;22925.333333333336;1254.6666666666667;116080144.22222222
1687956890;116239345.77777779;23493.444444444445;1260.4444444444446;116256749.77777779
1687956891;115854524.44444445;23316.111111111113;1254.6666666666667;115893212.00000001
1687956892;115910270.8888889;23737.111111111113;1172.111111111111;115896236.22222222
1687956893;115980836.00000001;24251.88888888889;701.4444444444445;115761490.8888889
1687956894;116227375.55555557;24417.88888888889;1230.2222222222224;115922383.55555557
1687956895;116372241.55555557;23593.111111111113;1204;116219746.44444445
1687956896;116503560.22222222;22453.88888888889;1198.111111111111;116316427.55555557
1687956897;116255615.77777779;22038.77777777778;1213.111111111111;116182357.55555557
1687956898;116868011.55555557;30363.55555555556;1218.888888888889;116698500.44444445
1687956899;117456317.33333334;33434.11111111112;1916.6666666666667;117331792.00000001
1687956900;117760171.77777779;32371.333333333336;1922.4444444444446;117469135.11111112
1687956901;117586585.55555557;33070.333333333336;1916.6666666666667;117493863.33333334
1687956902;117521842.22222222;32167.88888888889;1852.7777777777778;117543115.55555557
1687956903;117457661.33333334;33928.555555555555;1412.3333333333335;117410867.77777779
1687956904;117237618.8888889;37546.555555555555;4204.666666666667;117061619.11111112
1687956905;117326865.11111112;35843;4198.88888888889;117242055.55555557
1687956906;117551408.22222222;36887.444444444445;4183.88888888889;117139479.55555557
1687956907;117184273.55555557;37219.444444444445;5034.111111111111;117225282.44444445
1687956908;117168798.00000001;35007.11111111112;4336.333333333334;117252547.11111112
1687956909;116727040.66666667;35674.66666666667;4330.555555555556;116839316.44444445
1687956910;116761063.33333334;34823;4354.88888888889;116596370.8888889
1687956911;116874968.44444445;35548.88888888889;4330.555555555556;116534942.22222222
1687956912;116414650.22222222;34183.66666666667;4248;116348093.55555557
1687956913;116533552.22222222;29708.666666666668;1573.6666666666667;116616472.66666667
1687956914;116202727.11111112;30770.55555555556;2134;116377119.77777779
1687956915;116367471.77777779;28141.666666666668;2128.222222222222;116512165.55555557
1687956916;116397988.44444445;20681.444444444445;1301.2222222222224;116482567.11111112
1687956917;116217326.44444445;21494.333333333336;1340.888888888889;116028698.00000001
1687956918;116785961.77777779;22651;1401.5555555555557;116568875.11111112
1687956919;116854485.33333334;23276.77777777778;1377.2222222222224;116682945.27694528
1687956920;116696965.55555557;22755.77777777778;1383;116758268.66666667
1687956921;116964466.00000001;22808.444444444445;1377.2222222222224;116880334.11111112
1687956922;116906907.44444445;24019.666666666668;1265;116808803.33333334
1687956923;117072697.66666667;23407.111111111113;704.6666666666667;116833875.44444445
1687956924;116990935.44444445;24162.88888888889;1343.888888888889;116675581.22222222
1687956925;108302904.55555557;25310.222222222223;1313.2837642880925;113882281.66666667
1687956926;95477794.77777779;24241.333333333336;1275.2222222222224;101158864.33333334
1687956927;82327172.11111112;23644.88888888889;1214.5555555555557;88172864.11111112
1687956928;82251153.44444445;30069.77777777778;1220.3333333333335;82249476.69892114
1687956929;82082371.22222222;31117.111111111113;1214.5555555555557;82121493
1687956930;82009094.11111112;31192.77777777778;1220.3333333333335;82223703.77777778
1687956931;82161870.66666667;31264.333333333336;1214.5555555555557;82187636.11111112
1687956932;82052961.11111112;30417.111111111113;1240.7777777777778;81834332.8888889
1687956933;82136673.55555557;30357.111111111113;622.3333333333334;82362942.44444445
1687956934;91057796.8888889;28659.55555555556;724.6634775837134;85118876.44444445
1687956935;103856480.22222222;28166.333333333336;1253.2222222222224;97835772.66666667
1687956936;116725624.66666667;28394.666666666668;1259;110929253.11111112
1687956937;116581823.55555557;21903.444444444445;1264.888888888889;116695259.33333334
1687956938;116727427.55555557;21524.111111111113;1270.6666666666667;116655510.8888889
1687956939;116979328.22222222;23145.222222222223;1264.888888888889;116807092.8888889
1687956940;114915893.33333334;22484;1386.7777777777778;116991440.00000001
1687956941;103219671.33333334;24171.55555555556;1478;109105724.66666667
1687956942;94289929.55555557;23451.88888888889;1463;95782234.22222222
1687956943;93991866.66666667;23125.222222222223;1361.5555555555557;93796286
1687956944;94198002;22577.222222222223;854.7777777777778;94315864.8888889
1687956945;94408716.8888889;21777.333333333336;1487.3333333333335;94329199.55555557
1687956946;94318773.11111112;23031;1501.888888888889;94170013.11111112
1687956947;94423476.44444445;22565.77777777778;1496.1111111111113;94373525.11111112
1687956948;94276086.22222222;22156.111111111113;1520.888888888889;94069669.55555557
1687956949;96302047.77777779;21727.55555555556;1399;94084877.33333334
1687956950;103777360.8888889;21262.666666666668;1287.3333333333335;101864531.11111112
1687956951;102822891.77777779;23327.333333333336;1281.5555555555557;104246051.11111112
1687956952;102910290.22222222;22922;1287.3333333333335;103160712.22222222
1687956953;103047435.77777779;23078.55555555556;1258.888888888889;103038621.77777779
1687956954;102998926.66666667;21987.666666666668;626.3333333333334;102973139.33333334
1687956955;100816442.66666667;20240;1223.5555555555557;103150695.77777779
1687956956;89144021.11111112;22229.88888888889;1250.111111111111;94866066.44444445
1687956957;86401824.8888889;20446.55555555556;1225.3333333333335;86662293.11111112
1687956958;86483519.77777779;28917.444444444445;1231.111111111111;86292924.66666667
1687956959;90930828.66666667;27598.55555555556;1225.3333333333335;86819500
1687956960;100287738;26264.444444444445;1249.6666666666667;97585075.33333334
1687956961;90661151.71035095;29093.111111111113;1262.4444444444446;95434977.33333334
1687956962;90285973.11111112;29262.88888888889;1268.2222222222224;90468082.66666667
1687956963;90475890.66666667;30221.111111111113;1262.4444444444446;90287251.11111112
1687956964;92994669.55555557;30047.55555555556;644.7777777777778;90447876.44444445
1687956965;102906922.44444445;27642.000000000004;618.2222222222223;98465965.55555557
1687956966;94346643.77777779;30585.444444444445;1242.6666666666667;99806837.55555557
1687956967;93196566.66666667;22176.333333333336;1258;93154278.8888889
1687956968;93087060.44444445;23675.55555555556;1263.7777777777778;93147178.8888889
1687956969;93456104.66666667;23870.222222222223;1239.4444444444446;93004119.55555557
1687956970;103060815.47354381;21673.55555555556;1245.2222222222224;98313630.8888889
1687956971;96140712.22222222;23621.55555555556;1239.4444444444446;100450196.22222222
1687956972;91089415.33333334;22989.444444444445;1245.2222222222224;91073457.55555557
1687956973;86762150.66666667;23566;1262.111111111111;90764067.77777779
1687956974;75396109.33333334;22681.666666666668;1286.4444444444446;79765019.77777778
1687956975;73774627.55555557;20859.55555555556;662;73764583.55555557
1687956976;61785492.888888896;22176.444444444445;1177.111111111111;67631404.66666667
1687956977;48708836.222222224;22694.444444444445;1266.3333333333335;54516573.333333336
1687956978;35724136.44444445;22023.444444444445;1350.2222222222224;41512486
1687956979;22785355.111111112;22848.77777777778;1325.888888888889;28399615.111111112
1687956980;16933161.77777778;20698.222222222223;1331.6666666666667;18115573.77777778
1687956981;8763183.555555556;22854.444444444445;1325.888888888889;14631811.333333334
1687956982;604.4444444444445;22432.77777777778;1309;1814576.2222222222
1687956983;611.1111111111112;23279.55555555556;1284.6666666666667;1384.888888888889
1687956984;604.4444444444445;22669.111111111113;1290.4444444444446;1437.2222222222224
1687956985;542;21359.88888888889;754.2222222222223;1459.4444444444446
1687956986;535.3333333333334;21702.444444444445;1195.4444444444446;1527.4444444444446
1687956987;542;22404;1111.5555555555557;1521.6666666666667
1687956988;516.6666666666667;28073.55555555556;1209;1527.4444444444446
1687956989;523.3333333333334;28051.333333333336;1203.2222222222224;1565.1111111111113
1687956990;516.6666666666667;27282.666666666668;1209;929.2222222222223
1687956991;523.3333333333334;27225.333333333336;1203.2222222222224;956.8888888888889
1687956992;516.6666666666667;29316.000000000004;1229.4444444444446;1471.5555555555557
1687956993;523.3333333333334;28832.444444444445;1244.4444444444446;1437.7777777777778
1687956994;535.3333333333334;30045.88888888889;1250.2222222222224;1443.5555555555557
1687956995;542;27535.55555555556;714;1375.5555555555557
1687956996;535.3333333333334;29586.444444444445;1250.2222222222224;1402.4444444444446
1687956997;542;22996.222222222223;1164.4444444444446;1389.3333333333335
1687956998;535.3333333333334;23871.666666666668;1269.6666666666667;1351.6666666666667
1687956999;548.6666666666667;23133.77777777778;1263.888888888889;1345.888888888889
1687957000;542;23434.111111111113;1269.6666666666667;1270.6666666666667
1687957001;548.6666666666667;22313.88888888889;1243.4444444444446;823.8888888888889
1687957002;542;23031.444444444445;1228.4444444444446;1335.3333333333335
1687957003;706.7777777777778;23012.111111111113;1222.6666666666667;1301.5555555555557
1687957004;700.1111111111112;22512.222222222223;1251.111111111111;1307.3333333333335
1687957005;706.7777777777778;21072.77777777778;714.8888888888889;1280.4444444444446
1687957006;707.4444444444445;21837.444444444445;729.4444444444445;1293.5555555555557
1687957007;776.5555555555557;21442.55555555556;1154.6666666666667;1287.7777777777778
1687957008;763.2222222222223;21846.77777777778;1179.4444444444446;1312.1111111111113
1687957009;788.5555555555557;22620.55555555556;1262;1299
1687957010;781.8888888888889;21640.333333333336;1267.7777777777778;1195.6666666666667
1687957011;808.5555555555557;22218;1262;665.6666666666667
1687957012;625.1111111111112;21228;1267.7777777777778;1315.1111111111113
1687957013;631.7777777777778;22924.55555555556;1239.3333333333335;1309.3333333333335
1687957014;625.1111111111112;22225.444444444445;1245.111111111111;1315.1111111111113
1687957015;624.4444444444445;21140.444444444445;1218.888888888889;1309.3333333333335
1687957016;555.3333333333334;22611.666666666668;694.2222222222223;1315.1111111111113
1687957017;562;22145.88888888889;1213.3333333333335;1290.7777777777778
1687957018;536.6666666666667;27108.111111111113;1130.7777777777778;1296.5555555555557
1687957019;543.3333333333334;26830.77777777778;1132.3333333333335;1290.7777777777778
1687957020;516.6666666666667;27518.111111111113;1237.6666666666667;1296.5555555555557
1687957021;523.3333333333334;28631.444444444445;1231.888888888889;647.1111111111112
1687957022;524;27880.88888888889;1256.2222222222224;1272.7777777777778
1687957023;530.6666666666667;27971.666666666668;1250.4444444444446;1285.5555555555557
1687957024;542.6666666666667;28465.333333333336;1256.2222222222224;1291.3333333333335
1687957025;549.3333333333334;27778.444444444445;1250.4444444444446;1285.5555555555557
1687957026;542.6666666666667;28079.222222222223;712.3333333333334;1291.3333333333335
1687957027;549.3333333333334;23820.444444444445;1278.5555555555557;1285.5555555555557
1687957028;542.6666666666667;23996.222222222223;1297.4444444444446;1291.3333333333335
1687957029;556;22867.88888888889;1221.5555555555557;1285.5555555555557
1687957030;549.3333333333334;22430.77777777778;1342.1111111111113;1291.3333333333335
1687957031;548.6666666666667;24105.88888888889;1317.7777777777778;695.7777777777778
1687957032;542;23465.111111111113;1323.5555555555557;778.6666666666667
1687957033;530;23358.666666666668;1317.7777777777778;1323.2222222222224
1687957034;523.3333333333334;22484.77777777778;1364.7777777777778;1349.4444444444446
1687957035;530;22096.111111111113;1359;1343.6666666666667
1687957036;585.7777777777778;21964.444444444445;792.7777777777778;1356.7777777777778
1687957037;592.4444444444445;22241.666666666668;1297;1358.3333333333335
1687957038;579.1111111111112;22054.55555555556;1370.4444444444446;1364.1111111111113
1687957039;604.4444444444445;21214.55555555556;1249.888888888889;1358.3333333333335
1687957040;597.7777777777778;20715.507664963337;1255.6666666666667;1334
1687957041;618.7777777777778;21705.111111111113;1338.2222222222224;1287.4444444444446
1687957042;612.1111111111112;21577.88888888889;1344;757.5555555555557
1687957043;618.7777777777778;21667.55555555556;1297;1356.3333333333335
1687957044;612.1111111111112;21087.55555555556;1302.7777777777778;1405.888888888889
1687957045;556.3333333333334;21007.222222222223;1297;1432.4444444444446
1687957046;549.6666666666667;22641.333333333336;772.3333333333334;1521.1111111111113
1687957047;570.6666666666667;22571.666666666668;669.4444444444445;1515.3333333333335
1687957048;545.3333333333334;29170.55555555556;1205.6666666666667;1534.5555555555557
1687957049;552;28012.669482107136;1199.888888888889;1528.7777777777778
1687957050;531;27272.000000000004;1117.3333333333335;1502.3333333333335
1687957051;537.6666666666667;28806.333333333336;1199.7777777777778;1481.888888888889
1687957052;531;28325.77777777778;1226;862.6666666666667
1687957053;537.6666666666667;28517.333333333336;1241;1441.4444444444446
1687957054;549.6666666666667;27203.222222222223;1246.7777777777778;1426.1111111111113
1687957055;556.3333333333334;26048.222222222223;1241;1330.1111111111113
1687957056;535.3333333333334;28441.222222222223;1246.7777777777778;1335.888888888889
1687957057;549.3333333333334;22409.222222222223;722.2222222222223;1316.6666666666667
1687957058;555.8888888888889;23168.111111111113;1258.4444444444446;1322.4444444444446
1687957059;569.2222222222223;22999.666666666668;1252.6666666666667;1294
1687957060;562.5555555555555;21389.666666666668;1170.2222222222224;1292.4444444444446
1687957061;576.5555555555555;22841.444444444445;1239.5555555555557;1294
1687957062;569.8888888888889;22512.222222222223;1224.5555555555557;692.2222222222223
1687957063;612;23357;1218.7777777777778;1287.6666666666667
1687957064;605.3333333333334;22719.88888888889;1224.5555555555557;1286.1111111111113
1687957065;611.8640302155076;20623.77777777778;1241.4444444444446;1303.5555555555557
1687957066;660.4444444444445;22924.88888888889;1235.5555555555557;1354.7777777777778
1687957067;653.8888888888889;22560.77777777778;699.3333333333334;1349
1687957068;640.5555555555557;23322.222222222223;1254.5555555555557;1354.7777777777778
1687957069;665.8888888888889;23483;1248.7777777777778;1374.888888888889
1687957070;651.8888888888889;22163.111111111113;1159;1373.3333333333335
1687957071;658.5555555555557;23861.77777777778;1248.888888888889;1358.4444444444446
1687957072;597.7777777777778;23074.666666666668;1254.6666666666667;744.4444444444445
1687957073;604.4444444444445;22359;1248.888888888889;1293.6666666666667
1687957074;597.9106468104023;22106.222222222223;1232;1372.3333333333335
1687957075;542;20127.55555555556;1226.2222222222224;1321.1111111111113
1687957076;535.3333333333334;22019.55555555556;1232;1326.888888888889
1687957077;542;22345;697.5555555555557;1321.1111111111113
1687957078;516.6666666666667;28277.444444444445;1252.3333333333335;1308.3333333333335
1687957079;523.3333333333334;28486.666666666668;1284.6666666666667;1302.5555555555557
1687957080;516.6666666666667;27159.444444444445;1213.3333333333335;1296.6666666666667
1687957081;530.6666666666667;28617.88888888889;1295.888888888889;1290.888888888889
1687957082;524;29632.000000000004;1320.2222222222224;767.5555555555557
1687957083;545;29165.333333333336;1314.4444444444446;1204.5555555555557
1687957084;557;29223.111111111113;1320.2222222222224;1210.3333333333335
1687957085;563.6666666666667;27441.444444444445;1335.2222222222224;1300.2222222222224
1687957086;557;28398.444444444445;1348.2222222222224;1306
1687957087;563.6666666666667;23189;835.0000000000001;1300.2222222222224
1687957088;557;22708.55555555556;1359.888888888889;1306
1687957089;570.3333333333334;23531.77777777778;1384;1300.2222222222224
1687957090;556.3333333333334;21092.55555555556;1301.4444444444446;1306
1687957091;563;22678.666666666668;1376.6666666666667;1300.1111111111113
1687957092;542;22716;1382.4444444444446;778.6666666666667
1687957093;530;22313.444444444445;1376.6666666666667;772.8888888888889
1687957094;523.3333333333334;22286.333333333336;1402.888888888889;1245.2222222222224
1687957095;530;21046.88888888889;1369.1111111111113;1327.7777777777778
1687957096;585.7777777777778;22079;1333.3333333333335;1333.5555555555557
1687957097;592.4444444444445;22679.55555555556;770.3333333333334;1327.7777777777778
1687957098;579.1111111111112;22892.111111111113;1331.888888888889;1333.5555555555557
1687957099;604.4444444444445;22893.111111111113;1326.1111111111113;1327.7777777777778
1687957100;597.7777777777778;21933.77777777778;1232.3333333333335;1315.1111111111113
1687957101;604.4444444444445;22365.222222222223;1233.888888888889;1352.5555555555557
1687957102;597.7777777777778;22058.55555555556;1239.6666666666667;1358.3333333333335
1687957103;604.4444444444445;22843.666666666668;1274.111111111111;790.3333333333334
1687957104;597.7777777777778;22143.111111111113;1279.888888888889;1239.3333333333335
1687957105;542;23131.444444444445;1274.111111111111;1391.3333333333335
1687957106;535.3333333333334;24668;1279.888888888889;1436.1111111111113
1687957107;542;24545.88888888889;669.8888888888889;1430.3333333333335
1687957108;516.6666666666667;30723.88888888889;675.6666666666667;1475.4444444444446
1687957109;523.3333333333334;31154.444444444445;1200.3333333333335;1492.3333333333335
1687957110;516.6666666666667;30043.88888888889;1198.7777777777778;1471.2222222222224
1687957111;523.3333333333334;31545.111111111113;1193;1465.4444444444446
1687957112;516.6666666666667;30167.000000000004;1117.3333333333335;1471.2222222222224
1687957113;523.3333333333334;31350.666666666668;1200.2222222222224;933.8888888888889
1687957114;535.3333333333334;27897.444444444445;1206;1346.6666666666667
1687957115;542;26796.666666666668;1200.2222222222224;1301.888888888889
1687957116;535.3333333333334;26620.55555555556;1206;1396.1111111111113
1687957117;542;22977.444444444445;1211.888888888889;1351
1687957118;535.3333333333334;21775.77777777778;687.2222222222223;1334.1111111111113
1687957119;548.6666666666667;22454.77777777778;1211.888888888889;1300.3333333333335
1687957120;542;21655.77777777778;1217.6666666666667;1306.1111111111113
1687957121;548.6666666666667;21982.111111111113;1211.888888888889;1300.3333333333335
1687957122;542;21685.333333333336;1129;1326.888888888889
1687957123;584.1111111111112;21708.55555555556;1211.5555555555557;756.3333333333334
1687957124;584.7777777777778;21705.333333333336;1217.3333333333335;1293.6666666666667
1687957125;591.4444444444445;20452.111111111113;1234.2222222222224;1199.4444444444446
1687957126;647.2222222222223;21935;1228.3333333333335;1293.5555555555557
1687957127;653.8888888888889;21787.333333333336;1222.5555555555557;1311
1687957128;640.5555555555557;23139.88888888889;709.5555555555557;1316.7777777777778
1687957129;665.8888888888889;21755.111111111113;1234.2222222222224;1329.5555555555557
1687957130;659.2222222222223;22391.55555555556;1240;1335.3333333333335
1687957131;673.2222222222223;21834;1234.2222222222224;1320.4444444444446
1687957132;612.4444444444445;23412.222222222223;1151.6666666666667;1326.2222222222224
1687957133;611.7777777777778;22323.77777777778;1145.888888888889;788.8888888888889
1687957134;605.1111111111112;22552.55555555556;1226.111111111111;1319
1687957135;549.3333333333334;19584;1220.3333333333335;1224.888888888889
1687957136;542.6666666666667;21823.88888888889;1248.7777777777778;1214.7777777777778
1687957137;549.3333333333334;22294.55555555556;1280.1111111111113;1289.888888888889
1687957138;524;28037.000000000004;755.4444444444445;1277.1111111111113
1687957139;530.6666666666667;27899.000000000004;1287.4444444444446;1271.3333333333335
1687957140;516.6666666666667;28108.333333333336;1330.3333333333335;1265.4444444444446
1687957141;6678849.777777778;28039.444444444445;1324.5555555555557;1083799.1111111112
1687957142;19737750.666666668;30418.77777777778;1348.888888888889;14086020.000000002
1687957143;32378842.000000004;30402.88888888889;1246;26452780.444444448
1687957144;45073591.333333336;30915.77777777778;1347.3333333333335;39302132
1687957145;58430704.00000001;29059.666666666668;1318.888888888889;52366892.44444445
1687957146;71315467.77777778;30324.444444444445;1275.888888888889;65669496.222222224
1687957147;84491128.66666667;26136.77777777778;1312;78434839.77777778
1687957148;97417170.22222222;26186.77777777778;780;91587104
1687957149;109302590.8888889;25735.222222222223;1295.3333333333335;104441376.44444445
1687957150;113857131.33333334;24661;1321.5555555555557;113305360.66666667
1687957151;113459763.77777779;23276.222222222223;1297.2222222222224;113415441.11111112
1687957152;113728457.77777779;23981.111111111113;1303;113772148.66666667
1687957153;114219265.11111112;23167.666666666668;1224.3333333333335;114019046.00000001
1687957154;113690031.11111112;23928.88888888889;1336.888888888889;113882008.00000001
1687957155;113688206.22222222;19979.333333333336;1331.1111111111113;113437426.22222222
1687957156;113517014.00000001;22869.333333333336;1295;113646984.44444445
1687957157;113600166.44444445;21775.333333333336;1312.4444444444446;113318157.77777779
1687957158;114859925.77777779;23555.444444444445;826.5555555555557;113642377.55555557
1687957159;116686965.11111112;22829.111111111113;1323.4444444444446;116667266.8888889
1687957160;117018821.55555557;21798.88888888889;1329.2222222222224;116748704.44444445
1687957161;116921762.00000001;22263.111111111113;1323.4444444444446;117020609.33333334
1687957162;116801730.22222222;21678.333333333336;1306.5555555555557;116612940.66666667
1687957163;116681441.77777779;21845.55555555556;1194;116480501.33333334
1687957164;117116262.8888889;22978.77777777778;1288;117120549.33333334
1687957165;117068136.00000001;23689;2003.6666666666667;116827190.66666667
1687957166;117006629.33333334;25306;2007.3333333333335;116957246.00000001
1687957167;116830567.33333334;25583.55555555556;1935.0000000000002;116826400.44444445
1687957168;116638046.66666667;32063.444444444445;1438.7777777777778;116704285.11111112
1687957169;116601173.33333334;33058.11111111112;2010.0000000000002;116480850.00000001
1687957170;116899870.66666667;31352.666666666668;2015.7777777777778;116448732.66666667
1687957171;117026767.77777779;32686.111111111113;2037.8888888888891;116868633.55555557
1687957172;117247354.22222222;31490.88888888889;2043.6666666666667;117324468.8888889
1687957173;116894089.11111112;31366.88888888889;1949.6666666666667;116514373.11111112
1687957174;117146538.8888889;27849.55555555556;1322.4444444444446;117124173.33333334
1687957175;117348931.55555557;25627.444444444445;1295.5555555555557;117320724.00000001
1687957176;117251418.66666667;25728.444444444445;1301.3333333333335;117237257.11111112
1687957177;117496273.11111112;20958.666666666668;1274.4444444444446;117157025.77777779
1687957178;117578685.77777779;20566.111111111113;703.2222222222223;117428048.44444445
1687957179;117338712.8888889;22045.666666666668;1209.7777777777778;117456516.66666667
1687957180;117119636.8888889;20797.111111111113;1205.7777777777778;117283445.55555557
1687957181;117193804.00000001;22560.222222222223;1200;116850786.00000001
1687957182;117107448.8888889;22284;1205.7777777777778;117216880.66666667
1687957183;117014229.55555557;22887.111111111113;1111.5555555555557;116774626.22222222
1687957184;116929998.00000001;23263.222222222223;1216.888888888889;116610999.77777779
1687957185;117014249.33333334;22119.444444444445;1211.111111111111;116958640.22222222
1687957186;117000865.77777779;20657.333333333336;1216.888888888889;116998435.11111112
1687957187;116779991.55555557;23304.666666666668;1211.111111111111;116814392.66666667
1687957188;117019067.77777779;23398.222222222223;704.5555555555557;116654384.8888889
1687957189;116633802.22222222;24206;680.6666666666667;116517140.44444445
1687957190;116476823.11111112;22517.333333333336;1224.111111111111;116602025.33333334
1687957191;116523826.44444445;22904.444444444445;1218.3333333333335;116352066.00000001
1687957192;116611444.8888889;22166.55555555556;1224.111111111111;116649036.8888889
1687957193;116598821.77777779;21962.55555555556;1118.7777777777778;116638002.66666667
1687957194;116782925.33333334;23023.444444444445;1220.2222222222224;116393098.22222222
1687957195;116548712.8888889;22609.333333333336;1233.4444444444446;116795317.11111112
1687957196;116793184.33333334;21162.222222222223;1239.2222222222224;116577960.00000001
1687957197;116340210.95312151;21033.222222222223;1254.2222222222224;116563422.77777779
1687957198;116607324.77777779;30184.000000000004;1282.6666666666667;116705189.22222222
1687957199;116912619.00000001;30350.88888888889;739.2222222222223;116685881.8888889
1687957200;105019077.11111112;30063.55555555556;1301.3333333333335;110702657.77777779
1687957201;91775097.51221679;30416.111111111113;1295.5555555555557;97556578.22222222
1687957202;79317517.11111112;30378.222222222223;1319.888888888889;84581229.11111112
1687957203;79208800;29413.000000000004;1218.4444444444446;79353152.66666667
1687957204;79354637.11111112;30318.222222222223;1205.2222222222224;79027451.33333334
1687957205;79379546.55555557;29830.666666666668;1295.2222222222224;79522296.66666667
1687957206;79944876.30584574;29663.333333333336;1280.2222222222224;79602502.77777778
1687957207;79771785;21420.333333333336;1272.5555555555557;79715596.55555557
1687957208;79717659.22222222;21169.222222222223;1278.3333333333335;79624325.66666667
1687957209;91733875.33333334;20263.666666666668;736.6666666666667;85901506.8888889
1687957210;99753480.43574923;25328.88888888889;1319.4444444444446;98001330.66666667
1687957211;99348449.11111112;26735.000000000004;3531.888888888889;99862063.33333334
1687957212;97006525.55555557;25295.444444444445;3537.666666666667;97492442.66666667
1687957213;96405561.11111112;25708.111111111113;3531.888888888889;96497049.55555557
1687957214;96344342.66666667;32299.444444444445;4318;96183855.77777779
1687957215;96206935.33333334;32111.88888888889;4407.777777777778;96282827.77777779
1687957216;95516535.11111112;31398.666666666668;4392.777777777778;95866906.8888889
1687957217;90796550.22222222;32704.55555555556;4387;91138761.33333334
1687957218;90417732;35113.333333333336;4450.444444444444;90404471.33333334
1687957219;95362785.77777779;28485.333333333336;3867.666666666667;91157396
1687957220;107886587.77777779;29594.55555555556;1691.5555555555557;102118836.44444445
1687957221;109130079.77777779;30926.333333333336;2254.5555555555557;109606809.55555557
1687957222;101857942.44444445;30859.666666666668;2343.222222222222;104595831.77777779
1687957223;100937726;23399.88888888889;1496.6666666666667;100794113.33333334
1687957224;100972355.11111112;23722;1406.888888888889;100889989.55555557
1687957225;101976811.33333334;23081.88888888889;1497.3333333333335;101240882.44444445
1687957226;105374086.8888889;23111;1503.1111111111113;106003306
1687957227;100491865.11111112;22383.444444444445;1419.2222222222224;101254546.22222222
1687957228;100420537.77777779;28456.666666666668;1425;100449742
1687957229;100821173.11111112;27062.000000000004;1385.4444444444446;100551322.22222222
1687957230;102018834.66666667;25396.444444444445;822.4444444444445;100833766.66666667
1687957231;109727721.55555557;28189.222222222223;1271.5555555555557;106860176
1687957232;110511701.33333334;27547.111111111113;1260.5555555555557;110480045.55555557
1687957233;110418808.00000001;27466.111111111113;1254.7777777777778;110408437.33333334
1687957234;110459996.00000001;27974.000000000004;1164.3333333333335;110437629.11111112
1687957235;111719621.77777779;27281.000000000004;1158.5555555555557;110749155.11111112
1687957236;117057658.66666667;27394.222222222223;1252.6666666666667;115985853.55555557
1687957237;117515930.22222222;22739;1246.888888888889;117254596.66666667
1687957238;116641746.00000001;23235.666666666668;1231.5555555555557;117094907.77777779
1687957239;106883022.66666667;23661.77777777778;1225.7777777777778;112476220.44444445
1687957240;100728131.55555557;20581.55555555556;693.7777777777778;100541456.22222222
1687957241;100525586.22222222;22660;1199.888888888889;100565995.77777779
1687957242;100482337.33333334;22623.222222222223;1205.6666666666667;100579891.33333334
1687957243;100460698;22468.444444444445;1199.888888888889;100454510
1687957244;98829377.11111112;22387.111111111113;1205.6666666666667;100103412
1687957245;89635385.33333334;22068.111111111113;1226.4444444444446;94773164.22222222
1687957246;88142706.8888889;21611.444444444445;1329.7777777777778;88260893.11111112
1687957247;79168083.77777778;21226.333333333336;1426.7777777777778;84596047.55555557
1687957248;75796334.22222222;23101.77777777778;1432.5555555555557;75975098.66666667
1687957249;69104435.77777778;22638.444444444445;1426.7777777777778;75003321.11111112
1687957250;56417000.44444445;22119.77777777778;902.1111111111112;62139093.55555556
1687957251;43424954.888888896;21910.88888888889;1426.7777777777778;49104567.333333336
1687957252;30417335.111111112;23287.333333333336;1432.5555555555557;36212764.88888889
1687957253;19015206.444444444;22242.333333333336;1445.7777777777778;23425287.555555556
1687957254;15084384.000000002;23116.88888888889;1336.6666666666667;15903839.777777778
1687957255;3269794.2222222225;22587;1233.3333333333335;9099423.555555556
1687957256;698.6666666666667;24105;1235.888888888889;782.8888888888889
1687957257;705.3333333333334;22892.333333333336;1230.111111111111;1330.3333333333335
1687957258;680;29457.000000000004;1258.5555555555557;1362.4444444444446
1687957259;686.6666666666667;28263.111111111113;1271.3333333333335;1338.1111111111113
1687957260;680;28566.77777777778;746.6666666666667;1383.1111111111113
1687957261;686.6666666666667;28385.666666666668;1271.3333333333335;1324.4444444444446
1687957262;680;29693.222222222223;1276.6666666666667;1348.7777777777778
1687957263;680;28615.55555555556;1270.888888888889;1438.6666666666667
1687957264;535.3333333333334;28943.333333333336;1276.6666666666667;1464.888888888889
1687957265;548.6666666666667;27285.55555555556;1189.888888888889;1459.1111111111113
1687957266;542;26983.000000000004;1234.888888888889;888.4444444444445
1687957267;548.6666666666667;23451.333333333336;1315.4444444444446;1432.7777777777778
1687957268;542;23356.88888888889;1302.6666666666667;1438.5555555555557
1687957269;548.6666666666667;23852.444444444445;1317.3333333333335;1393.5555555555557
1687957270;542;21445;813.1111111111112;1364
1687957271;548.6666666666667;21042.333333333336;1326.5555555555557;1339.6666666666667
1687957272;542;22084.333333333336;1332.3333333333335;1249.7777777777778
1687957273;530;21737.444444444445;1326.5555555555557;1330.888888888889
1687957274;516.6666666666667;22353.88888888889;1336.4444444444446;1336.6666666666667
1687957275;523.3333333333334;22074;1291.4444444444446;1374
1687957276;579.1111111111112;21766.222222222223;1188.2222222222224;803.3333333333334
1687957277;722.7777777777778;22074.77777777778;1278;827.0000000000001
1687957278;716.1111111111112;22467.666666666668;1263.3333333333335;1401.888888888889
1687957279;741.4444444444445;22950.88888888889;1260.3333333333335;1396.1111111111113
1687957280;734.7777777777778;22976.77777777778;728.3333333333334;1401.888888888889
1687957281;748.7777777777778;21617.666666666668;722.5555555555557;1396.1111111111113
1687957282;742.1111111111112;22885.333333333336;1279.5555555555557;1294.5555555555557
1687957283;748.7777777777778;22666.444444444445;1306;1377.5555555555557
1687957284;742.1111111111112;23393.88888888889;1311.7777777777778;1362.888888888889
1687957285;686.3333333333334;24147.666666666668;1306;1357.1111111111113
1687957286;542.6666666666667;24640.333333333336;1216.2222222222224;1373.1111111111113
1687957287;549.3333333333334;24165.55555555556;1225.111111111111;798.2222222222223
1687957288;531.3333333333334;30947.333333333336;1288.6666666666667;1392.1111111111113
1687957289;544.5555555555555;31280.000000000004;1304;1441.2222222222224
1687957290;537.2222222222223;30372.000000000004;1309.7777777777778;1458.2222222222224
1687957291;543.8888888888889;30552.55555555556;752.7777777777778;1452.4444444444446
1687957292;551.5555555555555;28987.111111111113;1241.4444444444446;1369.4444444444446
1687957293;558.2222222222223;31231.444444444445;1254.2222222222224;1363.6666666666667
1687957294;570.2222222222223;27474.77777777778;1260;1499
1687957295;576.8888888888889;27999.88888888889;1254.2222222222224;1485.4444444444446
1687957296;570.2222222222223;26637.333333333336;1245.3333333333335;1491.2222222222224
1687957297;569.5555555555555;21865.666666666668;1158.5555555555557;897.3333333333334
1687957298;556.3333333333334;22034.88888888889;1238.7777777777778;1417.3333333333335
1687957299;563;22766.333333333336;1233;1400.3333333333335
1687957300;556.3333333333334;21798.55555555556;1238.7777777777778;1406.1111111111113
1687957301;548.6666666666667;22304.88888888889;695.2222222222223;1400.3333333333335
1687957302;542;20760;1220.2222222222224;1383.4444444444446
1687957303;584.1111111111112;22606.333333333336;1214.4444444444446;1268.888888888889
1687957304;577.4444444444445;22263.666666666668;1220.2222222222224;1338.3333333333335
1687957305;584.1111111111112;22172.444444444445;1214.4444444444446;1332.5555555555557
1687957306;639.8888888888889;21752.222222222223;1220.2222222222224;1338.3333333333335
1687957307;646.5555555555557;22130.55555555556;1118.888888888889;756.1111111111112
1687957308;633.2222222222223;23506.77777777778;1220.2222222222224;1338.3333333333335
1687957309;658.5555555555557;23143.333333333336;1214.4444444444446;1355.7777777777778
1687957310;651.8888888888889;23738.333333333336;1220.2222222222224;1380.1111111111113
1687957311;658.5555555555557;22950.222222222223;676.6666666666667;1374.3333333333335
1687957312;597.7777777777778;21467.444444444445;1226.5555555555557;1359.3333333333335
1687957313;604.4444444444445;23123.333333333336;1232.4444444444446;1257.4411372723234
1687957314;597.7777777777778;22705.55555555556;1238.2222222222224;1359.4444444444446
1687957315;542;22069;1232.4444444444446;1353.6666666666667
1687957316;535.3333333333334;22658.111111111113;1238.2222222222224;1366.7777777777778
1687957317;542;21788;1136.888888888889;784.5555555555557
1687957318;516.6666666666667;28512.111111111113;1261;767.1111111111112
1687957319;523.3333333333334;28370.222222222223;1255.2222222222224;1338.2222222222224
1687957320;516.6666666666667;28281.444444444445;1279.5555555555557;1362.4444444444446
1687957321;536.6666666666667;28627.000000000004;729.6666666666667;1356.6666666666667
1687957322;530;26485.222222222223;742.3333333333334;1402.4010671409517
1687957323;536.6666666666667;26877.333333333336;1274.3333333333335;1300.3333333333335
1687957324;548.6666666666667;28508.111111111113;1280.1111111111113;1333.888888888889
1687957325;555.3333333333334;26543.55555555556;1274.3333333333335;1415.3333333333335
1687957326;568.6666666666667;27559.666666666668;1280.1111111111113;1421.1111111111113
1687957327;575.3333333333334;22042.111111111113;1174.5555555555557;1415.3333333333335
1687957328;568.6666666666667;22220.77777777778;1299.6666666666667;825.6666666666667
1687957329;589.6666666666667;22946.222222222223;1295.7777777777778;1370.5555555555557
1687957330;569.6666666666667;22439;1322;1376.3333333333335
1687957331;576.3333333333334;23293.222222222223;1297.6666666666667;1331.2222222222224
1687957332;569.6666666666667;22892.222222222223;765.6666666666667;1337
1687957333;557.6666666666667;21501;1305;1315.1111111111113
1687957334;551;22807;1333.4444444444446;1254.111111111111
1687957335;531;22444.222222222223;1327.6666666666667;1347.888888888889
1687957336;628.5555555555555;22487.55555555556;1314.888888888889;1353.6666666666667
1687957337;635.2222222222223;23333.55555555556;1189.7777777777778;1370.5555555555557
1687957338;649.3333333333334;22603.444444444445;1271.2222222222224;807.2222222222223
1687957339;674.6666666666667;23988.111111111113;1268.2222222222224;1370.6666666666667
1687957340;703.1111111111112;22382.666666666668;1274;1376.4444444444446
1687957341;709.7777777777778;23767.88888888889;1268.2222222222224;1370.6666666666667
1687957342;703.1111111111112;23021.88888888889;728.8888888888889;1364.7777777777778
1687957343;709.7777777777778;20864;1318.2222222222224;1338.5555555555557
1687957344;751.5555555555557;21907;1324;1265.888888888889
1687957345;654;20828.666666666668;1318.2222222222224;1299.7777777777778
1687957346;647.3333333333334;19333.444444444445;1324;1417.888888888889
1687957347;618.8888888888889;21731.333333333336;1222.111111111111;1412.1111111111113
1687957348;593.5555555555555;26489.77777777778;1204.6666666666667;867.2222222222223
1687957349;565.1111111111112;27745.111111111113;1326.888888888889;946.5555555555557
1687957350;558.4444444444445;26551.88888888889;1332.6666666666667;1597.6666666666667
1687957351;565.1111111111112;26717.111111111113;1326.888888888889;1591.888888888889
1687957352;558.4444444444445;28338.666666666668;733.4444444444445;1597.6666666666667
1687957353;523.3333333333334;25460.55555555556;1258.111111111111;1570.7777777777778
1687957354;535.3333333333334;26780.000000000004;1263.888888888889;1548.1111111111113
1687957355;542;27286.111111111113;1258.111111111111;1430
1687957356;535.3333333333334;26165.333333333336;1263.888888888889;1534.7777777777778
1687957357;542;21489.111111111113;1258.111111111111;1510.4444444444446
1687957358;535.3333333333334;20345.777777777777;1135.888888888889;1431.1111111111113
1687957359;542;22128.77777777778;1218.4444444444446;772.6666666666667
1687957360;535.3333333333334;22153.77777777778;1224.2222222222224;1354.888888888889
1687957361;542;22292.88888888889;1199.888888888889;1349.1111111111113
1687957362;535.3333333333334;22903.333333333336;698.4444444444445;1354.888888888889
1687957363;570.7777777777778;21381.222222222223;1248.888888888889;1337.888888888889
1687957364;570.7777777777778;21428;1277.3333333333335;1341.7777777777778
1687957365;577.4444444444445;20257.777777777777;1299.4444444444446;1237
1687957366;633.2222222222223;22104.333333333336;1305.2222222222224;1331.1111111111113
1687957367;639.8888888888889;22672.222222222223;1299.4444444444446;1325.3333333333335
1687957368;633.2222222222223;22973.111111111113;1216.888888888889;1361.6666666666667
1687957369;658.5555555555557;22398.55555555556;1299.4444444444446;779.4444444444445
1687957370;651.8888888888889;21879.222222222223;1305.2222222222224;1361.6666666666667
1687957371;658.5555555555557;22857.111111111113;1276.2222222222224;1355.888888888889
1687957372;612.2222222222223;22876.88888888889;725.7777777777778;1361.6666666666667
1687957373;612.2222222222223;22634.55555555556;1246.6666666666667;1335.1111111111113
1687957374;605.2865393158596;22169.333333333336;1224.5555555555557;1340.888888888889
1687957375;549.7777777777778;19591.333333333336;1218.7777777777778;1246.7777777777778
1687957376;543.1111111111112;21416.222222222223;1224.5555555555557;1252.5555555555557
1687957377;549.7777777777778;21029.444444444445;1218.7777777777778;1312
1687957378;524.4444444444445;28552.88888888889;1158.888888888889;1317.7777777777778
1687957379;531.1111111111112;28382.55555555556;1241.4444444444446;747.2222222222223
1687957380;524.4444444444445;28169.111111111113;1265.7777777777778;1340.5555555555557
1687957381;523.3333333333334;28347.111111111113;1260;1334.7777777777778
1687957382;516.6666666666667;29272.000000000004;735;1361.3333333333335
1687957383;523.5660293463762;28416.444444444445;729.2222222222223;1374.1111111111113
1687957384;535.3333333333334;28992.666666666668;1265.4444444444446;1400.3333333333335
1687957385;542;26748.77777777778;1259.6666666666667;1394.5555555555557
1687957386;535.3333333333334;27950.111111111113;1265.4444444444446;1311.888888888889
1687957387;542;22029.77777777778;1255.5555555555557;1420.2222222222224
1687957388;535.3333333333334;22792.77777777778;1193.7777777777778;1432.888888888889
1687957389;548.6666666666667;22470.666666666668;1169.4444444444446;850.3333333333334
1687957390;559.3333333333334;22789.222222222223;1304.7777777777778;1457.1111111111113
1687957391;566;22334.222222222223;1280.4444444444446;1430.5555555555557
1687957392;559.3333333333334;23711.222222222223;1286.2222222222224;1417.7777777777778
1687957393;547.3333333333334;23138.222222222223;750;1403.2222222222224
1687957394;540.6666666666667;23475.88888888889;1279;1409
1687957395;547.3333333333334;20899.111111111113;1273.2222222222224;1423.6666666666667
1687957396;603.1111111111112;21031.77777777778;1260.4444444444446;1315.3333333333335
1687957397;609.7777777777778;20091.222222222223;1233.888888888889;1328.3333333333335
1687957398;596.4444444444445;23136.55555555556;1239.6666666666667;1323.3333333333335
1687957399;604.4444444444445;22840.77777777778;1104.3333333333335;797.8888888888889
1687957400;597.7777777777778;23011.111111111113;1198.3333333333335;803.6666666666667
1687957401;604.4444444444445;22559.55555555556;1192.5555555555557;1374.3333333333335
1687957402;597.7777777777778;22499.55555555556;1198.3333333333335;1368.4444444444446
1687957403;604.4444444444445;22202.111111111113;701.7777777777778;1362.6666666666667
1687957404;597.7777777777778;23391.333333333336;1292.888888888889;1348
1687957405;542;22287.333333333336;1287.1111111111113;1363.3333333333335
1687957406;535.3333333333334;22491;1292.888888888889;1350.3333333333335
1687957407;556.3333333333334;21426.666666666668;1287.1111111111113;1344.5555555555557
1687957408;531;28320.77777777778;1292.888888888889;1269
1687957409;537.6666666666667;28690.333333333336;1220;1363.1111111111113
1687957410;531;28145.000000000004;1314.1111111111113;884.4444444444445
1687957411;537.6666666666667;29121.333333333336;1308.3333333333335;1455.1111111111113
1687957412;544.2222222222223;28570.77777777778;1281.6666666666667;1460.888888888889
1687957413;550.8888888888889;28058.444444444445;709.1111111111112;1455.1111111111113
1687957414;562.8888888888889;27855.333333333336;1245.3333333333335;1458.3333333333335
1687957415;576.8888888888889;27115.222222222223;1239.5555555555557;1434
1687957416;570.2222222222223;28869.000000000004;1245.3333333333335;2049.777777777778
1687957417;576.8888888888889;22731.222222222223;1239.5555555555557;2482.3333333333335
1687957418;570.2222222222223;24536.444444444445;1224.2222222222224;2589.1111111111113
1687957419;576.8888888888889;24895.111111111113;1130.111111111111;2593.666666666667
1687957420;570.2222222222223;24945.222222222223;1224.2222222222224;2023.0000000000002
1687957421;571;25341.77777777778;1218.4444444444446;2593.666666666667
1687957422;564.3333333333334;25462.55555555556;1205.6666666666667;2599.444444444445
1687957423;545.6666666666667;24776.77777777778;669.4444444444445;2595.888888888889
1687957424;592.4444444444445;25886.222222222223;1254.7777777777778;2601.666666666667
1687957425;584.7777777777778;21270.88888888889;1303.5555555555557;1985.888888888889
1687957426;647.8888888888889;22233.55555555556;1309.3333333333335;1553.3333333333335
1687957427;661.8888888888889;19062.55555555556;1303.5555555555557;1346.6666666666667
1687957428;655.2222222222223;21521.333333333336;1309.3333333333335;1250.111111111111
1687957429;687.8888888888889;21101.77777777778;1215.2222222222224;1363.1111111111113
1687957430;673.8888888888889;23036.55555555556;1221;792.4444444444445
1687957431;680.5555555555557;22400.77777777778;1317.1111111111113;1363.1111111111113
1687957432;680.5555555555557;23679;1322.888888888889;1348.1111111111113
1687957433;633.7777777777778;22315.444444444445;737.5555555555557;1342.3333333333335
1687957434;641.1111111111112;24164.222222222223;700.4444444444445;1348.1111111111113
1687957435;578;21929.333333333336;1232.4444444444446;1342.3333333333335
1687957436;564;24951.111111111113;1238.2222222222224;1348.1111111111113
1687957437;578;22320.333333333336;1232.4444444444446;1342.3333333333335
1687957438;545.3333333333334;28992.333333333336;1260.888888888889;1229.3333333333335
1687957439;559.3333333333334;28669.666666666668;1255.111111111111;1311.7777777777778
1687957440;567;29850.444444444445;1177.5555555555557;752.7777777777778
1687957441;573.6666666666667;33466.444444444445;2046.7777777777778;765.4444444444445
1687957442;559.6666666666667;34998.444444444445;2052.5555555555557;3928.888888888889
1687957443;552.3333333333334;33013.333333333336;2035.1111111111113;3941.666666666667
1687957444;564.3333333333334;34343.88888888889;1503.1111111111113;3999.666666666667
1687957445;571;30910.666666666668;2035.1111111111113;3993.888888888889
1687957446;557;33461.555555555555;2040.8888888888891;4022.888888888889
1687957447;563.6666666666667;26013;2051.444444444445;4045.1111111111113
1687957448;549.6666666666667;26817.000000000004;2098.444444444445;3962.666666666667
1687957449;549.3333333333334;26647.444444444445;2129.888888888889;3945.2222222222226
1687957450;542.6666666666667;23492.111111111113;1260.6666666666667;4039.444444444445
1687957451;556.6666666666667;22676.88888888889;1350.4444444444446;876.0000000000001
1687957452;550;24423.55555555556;1356.2222222222224;1477.2222222222224
1687957453;538;22586.444444444445;1350.4444444444446;1419.2222222222224
1687957454;531.3333333333334;24389.444444444445;818.4444444444445;1425
1687957455;545.3333333333334;21419.111111111113;1357.888888888889;1416.4444444444446
1687957456;601.1111111111112;23596.333333333336;1324.6666666666667;1394.2222222222224
1687957457;607.7777777777778;21202.77777777778;1277.6666666666667;1411.1111111111113
1687957458;593.7777777777778;22336.111111111113;1227.6666666666667;1416.888888888889
1687957459;619.1111111111112;22147.666666666668;1221.888888888889;1304.2222222222224
1687957460;605.1111111111112;23130.55555555556;1132.111111111111;1391
1687957461;611.7777777777778;22364.55555555556;1222.4444444444446;763.8888888888889
1687957462;605.1111111111112;23627.77777777778;1228.2222222222224;1369
1687957463;611.7777777777778;22152.77777777778;1243.2222222222224;1363.2222222222224
1687957464;597.7777777777778;24049.88888888889;758.6666666666667;1348.5555555555557
1687957465;542;22683.111111111113;1283.3333333333335;1361.3333333333335
1687957466;535.3333333333334;25596.444444444445;1289.1111111111113;1365.5555555555557
1687957467;542;22972.666666666668;1283.3333333333335;1359.7777777777778
1687957468;516.6666666666667;29364.666666666668;1289.1111111111113;1365.5555555555557
1687957469;523.3333333333334;28739.55555555556;1304.4444444444446;1278.7777777777778
1687957470;516.6666666666667;30184.666666666668;1214.111111111111;1479.7777777777778
1687957471;523.3333333333334;30090.88888888889;1226.888888888889;874.6666666666667
1687957472;516.6666666666667;31051.111111111113;1336;1509.1111111111113
1687957473;523.3333333333334;29373.111111111113;1275.3333333333335;1496
1687957474;535.3333333333334;29418.333333333336;773.3333333333334;1475.888888888889
1687957475;542;26697.77777777778;1337.2222222222224;1441.6666666666667
1687957476;535.3333333333334;29362.77777777778;1343;1470.1111111111113
1687957477;542;21797.111111111113;1337.2222222222224;1464.3333333333335
1687957478;535.3333333333334;22709.666666666668;1321.888888888889;1470.1111111111113
1687957479;548.6666666666667;21350.55555555556;1316.1111111111113;1276.4444444444446
1687957480;542;23336.111111111113;1303.3333333333335;1377.7777777777778
1687957481;548.6666666666667;23064.333333333336;1173.4444444444446;736
1687957482;542;24435.77777777778;1267.4444444444446;1355.888888888889
1687957483;530;22945.222222222223;1239;1378.2222222222224
1687957484;577.4444444444445;24084;698.3333333333334;1391.3333333333335
1687957485;584.1111111111112;21225.55555555556;1241.4444444444446;1362.888888888889
1687957486;639.8888888888889;23829;1269.888888888889;1368.6666666666667
1687957487;646.5555555555557;22329.77777777778;1264.111111111111;1362.888888888889
1687957488;633.2222222222223;23069.444444444445;1269.888888888889;1368.6666666666667
1687957489;658.5555555555557;21044.333333333336;1264.111111111111;1267.3333333333335
1687957490;651.8888888888889;23351.88888888889;1269.888888888889;1280.4444444444446
1687957491;658.5555555555557;22061.222222222223;1175.888888888889;756.2222222222223
1687957492;651.8888888888889;23862.55555555556;1269.888888888889;1347.888888888889
1687957493;604.4444444444445;21905.222222222223;1240.888888888889;1342.1111111111113
1687957494;597.7777777777778;23501.77777777778;716.7777777777778;1347.888888888889
1687957495;542;20553.111111111113;688.3333333333334;1342.1111111111113
1687957496;535.3333333333334;23323.111111111113;1224.5555555555557;1347.888888888889
1687957497;549.3333333333334;22228.111111111113;1218.7777777777778;1342.1111111111113
1687957498;524;28585.77777777778;1224.5555555555557;1347.888888888889
1687957499;530.6666666666667;26114.333333333336;1218.7777777777778;1342.1111111111113
1687957500;531.3333333333334;29209.666666666668;1243.111111111111;1297
1687957501;538;27925.111111111113;1149.111111111111;772.8888888888889
1687957502;538.6666666666667;29987.444444444445;1243.5555555555557;771.3333333333334
1687957503;545.3333333333334;29091.444444444445;1237.3333333333335;1393
1687957504;557.3333333333334;30697.111111111113;1271.111111111111;1398.7777777777778
1687957505;564;27500.77777777778;753.8888888888889;1432
1687957506;550;30192.55555555556;1308.6666666666667;1437.7777777777778
1687957507;556.6666666666667;23599;1302.888888888889;1548.1111111111113
1687957508;557.3333333333334;25066.77777777778;1329.4444444444446;1577.1111111111113
1687957509;556.6666666666667;22424.444444444445;1346;1552.4444444444446
1687957510;550;25849.88888888889;1351.7777777777778;1469.888888888889
1687957511;549.3333333333334;24451.444444444445;1257.3333333333335;1579.6666666666667
1687957512;542.6666666666667;25675.111111111113;1332.7777777777778;950.6666666666667
1687957513;530.6666666666667;24088.111111111113;1299;1570.4444444444446
1687957514;524;25411.333333333336;1285.7777777777778;1537.2222222222224
1687957515;530.6666666666667;23504;731;1551.888888888889
1687957516;586.4444444444445;29631.111111111113;3516.1111111111113;1550.5555555555557
1687957517;585.7777777777778;29156.222222222223;3510.0000000000005;2234.3333333333335
1687957518;579.1111111111112;28964.111111111113;3495.3333333333335;2221.5555555555557
1687957519;604.4444444444445;27364.444444444445;3517.444444444445;2215.777777777778
1687957520;597.7777777777778;27643.333333333336;3544.0000000000005;2113.3333333333335
1687957521;611.1111111111112;35587.555555555555;4305.666666666667;3054.5555555555557
1687957522;604.4444444444445;35761.222222222226;4461;2434.777777777778
1687957523;618.4444444444445;35622.333333333336;4510.111111111111;3043
1687957524;639;34734;4515.88888888889;3028.3333333333335
1687957525;590.5555555555555;29311.88888888889;1730.7777777777778;2913.5555555555557
1687957526;591.2222222222223;29090.666666666668;2252.888888888889;2246.222222222222
1687957527;597.8888888888889;30265.77777777778;2226.666666666667;2240.444444444445
1687957528;572.5555555555555;33747.77777777778;2204.5555555555557;2246.222222222222
1687957529;589.2222222222223;34846.222222222226;2199.1111111111113;2240.444444444445
1687957530;575.8888888888889;26469.55555555556;1349.2222222222224;1343.6666666666667
1687957531;596.8888888888889;29611.88888888889;1193.888888888889;1392.7777777777778
1687957532;582.8888888888889;28455.666666666668;1144.7777777777778;872.7777777777778
1687957533;562.3333333333334;29608.666666666668;1245.888888888889;1488.3333333333335
1687957534;574.3333333333334;28360.111111111113;1251.6666666666667;1494.1111111111113
1687957535;588;28984.333333333336;828.1111111111112;1471.3333333333335
1687957536;581.3333333333334;29368.000000000004;856.5555555555557;1477.1111111111113
1687957537;595.3333333333334;25310;1388.5555555555557;1471.3333333333335
1687957538;578.6666666666667;24064.88888888889;1373.2222222222224;1469.7777777777778
1687957539;585.3333333333334;24821.88888888889;1367.4444444444446;1419.5555555555557
1687957540;564.3333333333334;23039.222222222223;1373.2222222222224;1370.4444444444446
1687957541;571;26176.444444444445;1367.4444444444446;1276.4444444444446
1687957542;564.3333333333334;24192.444444444445;1266.3333333333335;749.5555555555557
1687957543;545;25723.333333333336;1379.3333333333335;1371.2222222222224
1687957544;585.4444444444445;23683.77777777778;1266.111111111111;1354.3333333333335
1687957545;592.1111111111112;22995.666666666668;1237.6666666666667;1348.5555555555557
1687957546;640.5555555555557;22527.77777777778;746.8888888888889;1354.3333333333335
1687957547;647.2222222222223;23822.444444444445;1286.2222222222224;1355.888888888889
1687957548;640.5555555555557;22046.111111111113;1292;1369
1687957549;665.8888888888889;21983.444444444445;1286.2222222222224;1363.2222222222224
1687957550;659.2222222222223;20529.222222222223;1402.1111111111113;1369
1687957551;673.2222222222223;23971.111111111113;1396.3333333333335;1274.5555555555557
1687957552;666.5555555555557;23209.77777777778;1283.3333333333335;759.7777777777778
1687957553;611.7777777777778;24845.333333333336;1384.7777777777778;1382.6666666666667
1687957554;605.1111111111112;23407.55555555556;1390.5555555555557;1388.4444444444446
1687957555;549.3333333333334;23676.444444444445;1343.5555555555557;1382.6666666666667
1687957556;557;23545.333333333336;804.2222222222223;1388.4444444444446
1687957557;563.6666666666667;24900.222222222223;1328.888888888889;1382.6666666666667
1687957558;538.3333333333334;29318.000000000004;1334.6666666666667;1388.4444444444446
1687957559;545;29229.666666666668;1218.7777777777778;1382.6666666666667
1687957560;531;27085.77777777778;1224.5555555555557;1406.888888888889
1687957561;537.6666666666667;29025.55555555556;1218.7777777777778;1313.2222222222224
1687957562;531;27679.111111111113;1117.3333333333335;799.4444444444445
1687957563;545;29352.55555555556;1201.7777777777778;793.6666666666667
1687957564;564.3333333333334;27569.77777777778;1226.111111111111;1413.4444444444446
1687957565;556.6666666666667;27881.333333333336;1220.3333333333335;1426.2222222222224
1687957566;550;27621.77777777778;733.2222222222223;1452.4444444444446
1687957567;556.6666666666667;23494.77777777778;1257.888888888889;1469.888888888889
1687957568;550;22121.444444444445;1263.6666666666667;1475.6666666666667
1687957569;570.6666666666667;22423.444444444445;1278.3333333333335;1470
1687957570;564;20745.333333333336;1284.1111111111113;1456.7777777777778
1687957571;570.6666666666667;23427.88888888889;1278.3333333333335;1341.888888888889
1687957572;556.6666666666667;22787.77777777778;1193.888888888889;1436
1687957573;537.3333333333334;24400.77777777778;1257.888888888889;827.8888888888889
1687957574;530.6666666666667;22347.222222222223;1263.6666666666667;1436.4444444444446
1687957575;537.3333333333334;22426.88888888889;1220.3333333333335;1430.6666666666667
1687957576;593.1111111111112;22034.55555555556;695.6666666666667;1413.2222222222224
1687957577;599.7777777777778;23623.111111111113;1227.6666666666667;1430.1111111111113
1687957578;586.4444444444445;22744.55555555556;1213;1417.3333333333335
1687957579;611.7777777777778;22766.666666666668;1227.6666666666667;1404.2222222222224
1687957580;605.1111111111112;20561.88888888889;1233.4444444444446;1410
1687957581;619.1111111111112;22501.666666666668;1227.6666666666667;1315.888888888889
1687957582;612.4444444444445;21702.111111111113;1145.111111111111;1398.3333333333335
1687957583;619.1111111111112;23359;1235.7777777777778;771.2222222222223
