Time;{instance="10.231.0.208:9100"};{instance="192.168.221.10:9100"};{instance="192.168.221.11:9100"};{instance="192.168.221.12:9100"}
1687956863;11237.444444444445;23651;12020.88888888889;12862.77777777778
1687956864;11237.111111111111;30054.444444444445;12020.444444444445;12862.88888888889
1687956865;11236.77777777778;27183.111111111113;12022.222222222223;13145.555555555557
1687956866;3873342.4444444445;33273;12017.444444444445;13150.111111111111
1687956867;16795212.555555556;34486.222222222226;12019.222222222223;19179.777777777777
1687956868;30004354.88888889;46171.55555555556;12021.222222222223;36754.88888888889
1687956869;42437635.888888896;46644.66666666667;12020.222222222223;48799.55555555556
1687956870;55422989.55555556;46906.444444444445;12018.88888888889;72149.66666666667
1687956871;68612754.55555557;51137.55555555556;11927.77777777778;100446.77777777778
1687956872;81803252.55555557;51425.11111111112;11959.444444444445;130589.77777777778
1687956873;94791650.77777779;50865.444444444445;12023.333333333334;161383.69251277493
1687956874;107567248.00000001;50871.222222222226;12022.666666666668;186331.22222222225
1687956875;116715351.77777779;48536.55555555556;12021;212308.00000000003
1687956876;116982562.22222222;48874.333333333336;12022.77777777778;227555.55555555556
1687956877;116804315.70762052;38846.11111111112;12043.111111111111;240081.77777777778
1687956878;117496300.33333334;45019.222222222226;12042.666666666668;257621.33333333334
1687956879;117571830.44444445;43910;12042.88888888889;261047.00000000003
1687956880;116819867.33333334;45378.444444444445;12044.77777777778;261423.00000000003
1687956881;116716004.66666667;44754.222222222226;11948.88888888889;255832.22222222225
1687956882;116830878.77777779;39809.444444444445;11884.666666666668;255358.52411647033
1687956883;117135796.33333334;39163.77777777778;11968.222222222223;259556.8888888889
1687956884;117208234.22222222;34753.333333333336;12018.222222222223;262226.88888888893
1687956885;116904263.77777779;32172.222222222226;12016.666666666668;260594.22222222225
1687956886;116844922.98288508;31513.88888888889;12002.666666666668;258602.22222222225
1687956887;116733447.8888889;27450.666666666668;12023;258106.22222222225
1687956888;116676758.22222222;29326.333333333336;12024.222222222223;258766.00000000003
1687956889;116906939.66666667;22925.333333333336;12024.333333333334;256968.6666666667
1687956890;116250347.11111112;23493.444444444445;12024.77777777778;255791.77777777778
1687956891;115863597.77777779;23316.111111111113;12026.77777777778;254198.6666666667
1687956892;115921603.22222222;23737.111111111113;11944.111111111111;253499.33333333334
1687956893;115994747.22222222;24251.88888888889;11983.666666666668;253222.6666666667
1687956894;116256141.8888889;24417.88888888889;12038.444444444445;251918.8888888889
1687956895;116384058.55555557;23593.111111111113;12028.88888888889;253752.00000000003
1687956896;116514564.44444445;22453.88888888889;12008.77777777778;254968.8888888889
1687956897;116266946.11111112;22038.77777777778;12014.111111111111;257474.00000000003
1687956898;116876427.77777779;30363.55555555556;12012.666666666668;260952.22222222225
1687956899;117470545.77777779;33434.11111111112;12046.111111111111;266303.7777777778
1687956900;117776008.66666667;32371.333333333336;12043.555555555557;265458.88888888893
1687956901;117600639.55555557;33070.333333333336;12042.222222222223;266433.7777777778
1687956902;117532177.22222222;32167.88888888889;11959.444444444445;265742.22222222225
1687956903;117469624.33333334;33928.555555555555;11993.222222222223;265722.88888888893
1687956904;117251848.11111112;37546.555555555555;12245.666666666668;266300.88888888893
1687956905;117337231.33333334;35843;12245.77777777778;266189.3333333334
1687956906;117560634.00000001;36887.444444444445;12237.88888888889;265608.88888888893
1687956907;117170748.22222222;37219.444444444445;12274.666666666668;266126.22222222225
1687956908;117165599.22222222;35007.11111111112;12241;266656.44444444444
1687956909;116736096.55555557;35674.66666666667;12241;267613.55555555556
1687956910;116770930.22222222;34823;12248.555555555557;266550.88888888893
1687956911;116884690.33333334;35548.88888888889;12240.222222222223;264962.88888888893
1687956912;116424036.11111112;34183.66666666667;12147.666666666668;265539.55555555556
1687956913;116546642.33333334;29708.666666666668;12002.88888888889;262410.6666666667
1687956914;116207421.44444445;30770.55555555556;12056.111111111111;260716.44444444447
1687956915;116329386.44444445;28141.666666666668;12056.222222222223;259387.55555555556
1687956916;116429634.00000001;20681.444444444445;12025.222222222223;259186.6666666667
1687956917;116243159.00000001;21494.333333333336;12064.555555555557;259157.11111111112
1687956918;116801307.66666667;22651;12074.111111111111;259744.6666666667
1687956919;116867260.44444445;23276.77777777778;12066;259439.44943944947
1687956920;116710864.44444445;22755.77777777778;12069.111111111111;262605.55555555556
1687956921;116980302.44444445;22808.444444444445;12070.222222222223;260903.55555555556
1687956922;116912263.77777779;24019.666666666668;11964.444444444445;255879.77777777778
1687956923;117096442.11111112;23407.111111111113;11908.77777777778;245825.55555555556
1687956924;117051163.77777779;24162.88888888889;12047.88888888889;235612.22222222225
1687956925;108321637.77777779;25310.222222222223;12026.190211963158;219669.77777777778
1687956926;95489102;24241.333333333336;12000.666666666668;190442.22222222225
1687956927;82338478.77777778;23644.88888888889;11989.111111111111;161036.22222222222
1687956928;82262448.44444445;30069.77777777778;11989.666666666668;140449.7831164498
1687956929;82093669.11111112;31117.111111111113;11988.222222222223;122797.77777777778
1687956930;82020385.55555557;31192.77777777778;11988.88888888889;109327.11111111112
1687956931;82179123.55555557;31264.333333333336;11986.444444444445;99511.77777777778
1687956932;82064255.33333334;30417.111111111113;11994.222222222223;93612.44444444445
1687956933;82147491.55555557;30357.111111111113;11861.444444444445;91219.55555555556
1687956934;91069110.33333334;28659.55555555556;11964.400934475469;90306.88888888889
1687956935;103867803.66666667;28166.333333333336;11993.555555555557;103927.11111111112
1687956936;116736956.00000001;28394.666666666668;11996.77777777778;117110.88888888889
1687956937;116593157.22222222;21903.444444444445;12013.333333333334;122764.44444444445
1687956938;116738761.00000001;21524.111111111113;12010.333333333334;122202.66666666667
1687956939;116990672.00000001;23145.222222222223;12009;121841.55555555556
1687956940;114927231.8888889;22484;12076.555555555557;122854.00000000001
1687956941;103230998.8888889;24171.55555555556;12128.444444444445;113094.88888888889
1687956942;94298186.77777779;23451.88888888889;12120.88888888889;97721.11111111112
1687956943;94003175;23125.222222222223;12032.555555555557;94122.44444444445
1687956944;94187866.55555557;22577.222222222223;11994.666666666668;93886.66666666667
1687956945;94416632.44444445;21777.333333333336;12139.88888888889;94109.77777777778
1687956946;94330080.11111112;23031;12129.555555555557;92024.22222222223
1687956947;94434785.22222222;22565.77777777778;12130.444444444445;92351.33333333334
1687956948;94258373.55555557;22156.111111111113;12152.111111111111;92802
1687956949;96306762.22222222;21727.55555555556;12087.222222222223;93908.66666666667
1687956950;103788687.55555557;21262.666666666668;12029.88888888889;103949.77777777778
1687956951;102840347.11111112;23327.333333333336;12031.88888888889;104560.88888888889
1687956952;102921618.33333334;22922;12032;102135.77777777778
1687956953;103072952.22222222;23078.55555555556;12025.444444444445;101794
1687956954;102987853.55555557;21987.666666666668;11880.77777777778;101872.22222222223
1687956955;100827764.8888889;20240;12019.88888888889;103654.88888888889
1687956956;89155333.66666667;22229.88888888889;12027.88888888889;93801.33333333334
1687956957;86442147.55555557;20446.55555555556;12007.555555555557;84065.77777777778
1687956958;86497387.66666667;28917.444444444445;12005.333333333334;81470
1687956959;90938575.44444445;27598.55555555556;12002;81485.33333333334
1687956960;100299039.11111112;26264.444444444445;12008.333333333334;94572.22222222223
1687956961;90669706.3527321;29093.111111111113;12015.333333333334;93218.22222222223
1687956962;90297269.77777779;29262.88888888889;12016.111111111111;87905.33333333334
1687956963;90512973.44444445;30221.111111111113;12013.444444444445;88217.77777777778
1687956964;93002260.77777779;30047.55555555556;11866.111111111111;87807.55555555556
1687956965;102787606.22222222;27642.000000000004;11858.88888888889;99350.22222222223
1687956966;94357941.44444445;30585.444444444445;12005.222222222223;98582.66666666667
1687956967;93211888.22222222;22176.333333333336;12013.222222222223;91607.55555555556
1687956968;93076426.33333334;23675.55555555556;12014.77777777778;92722.88888888889
1687956969;93467393.8888889;23870.222222222223;12006.555555555557;91398.22222222223
1687956970;103074846.15384616;21673.55555555556;12006;98647.33333333334
1687956971;96159252.11111112;23621.55555555556;12001.555555555557;100134.44444444445
1687956972;91100701.22222222;22989.444444444445;12002.666666666668;87797.55555555556
1687956973;86777138.66666667;23566;12011.555555555557;84170.44444444445
1687956974;75538003;22681.666666666668;12022.111111111111;70546.88888888889
1687956975;73785906.22222222;20859.55555555556;11875.444444444445;67012.22222222223
1687956976;61796769.66666667;22176.444444444445;11923.77777777778;61898.00000000001
1687956977;48745577.888888896;22694.444444444445;12013.222222222223;47944.222222222226
1687956978;35735400.55555556;22023.444444444445;12028.111111111111;35519.555555555555
1687956979;22796627.666666668;22848.77777777778;12019.444444444445;21846.444444444445
1687956980;16944429.111111112;20698.222222222223;12021.555555555557;14146.444444444445
1687956981;8774450.666666668;22854.444444444445;12021;14249.222222222223
1687956982;11260.444444444445;22432.77777777778;12012.333333333334;14247.444444444445
1687956983;11260.333333333334;23279.55555555556;11999.333333333334;14263.666666666668
1687956984;11262.111111111111;22669.111111111113;11999.222222222223;14305.333333333334
1687956985;11264.333333333334;21359.88888888889;11942.222222222223;14344.666666666668
1687956986;11264.555555555557;21702.444444444445;11908;14364.222222222223
1687956987;11261.88888888889;22404;11895.444444444445;14362.666666666668
1687956988;11251.88888888889;28073.55555555556;11989.77777777778;14362.222222222223
1687956989;11251.666666666668;28051.333333333336;11991.333333333334;14377.555555555557
1687956990;11250.77777777778;27282.666666666668;11992.555555555557;14207.222222222223
1687956991;11250.222222222223;27225.333333333336;11993.88888888889;14291.333333333334
1687956992;11251.555555555557;29316.000000000004;12003.555555555557;14339.444444444445
1687956993;11248.555555555557;28832.444444444445;12013.555555555557;14302.333333333334
1687956994;11256.666666666668;30045.88888888889;12015.222222222223;14299.555555555557
1687956995;11256.77777777778;27535.55555555556;11960.77777777778;14276.333333333334
1687956996;11256.88888888889;29586.444444444445;12016.666666666668;14281.555555555557
1687956997;11257.222222222223;22996.222222222223;11942.222222222223;14275.88888888889
1687956998;11254.222222222223;23871.666666666668;12040.111111111111;14261.444444444445
1687956999;11258.88888888889;23133.77777777778;12040.111111111111;14262.555555555557
1687957000;11259.88888888889;23434.111111111113;12038;14181.333333333334
1687957001;11259;22313.88888888889;12028.555555555557;14212.77777777778
1687957002;11259.444444444445;23031.444444444445;12019.333333333334;14263.555555555557
1687957003;11340.666666666668;23012.111111111113;12022.111111111111;14225.555555555557
1687957004;11341.111111111111;22512.222222222223;12028.77777777778;14227.77777777778
1687957005;11343;21072.77777777778;11972.444444444445;14223.222222222223
1687957006;11350.111111111111;21837.444444444445;11963.333333333334;14228.444444444445
1687957007;11350.666666666668;21442.55555555556;11920.444444444445;14229.000000000002
1687957008;11344.77777777778;21846.77777777778;11939.88888888889;14236.222222222223
1687957009;11354;22620.55555555556;12032.666666666668;14228.111111111111
1687957010;11353.77777777778;21640.333333333336;12036.333333333334;14135.111111111111
1687957011;11351.77777777778;22218;12035.444444444445;14079.77777777778
1687957012;11259.333333333334;21228;12031.666666666668;14250.77777777778
1687957013;11255.88888888889;22924.55555555556;12024.444444444445;14251.88888888889
1687957014;11253.111111111111;22225.444444444445;12024;14253.333333333334
1687957015;11244;21140.444444444445;12015.555555555557;14255.111111111111
1687957016;11244.333333333334;22611.666666666668;11959;14253.88888888889
1687957017;11243.444444444445;22145.88888888889;12003.444444444445;14245.77777777778
1687957018;11230.222222222223;27108.111111111113;11911.88888888889;14243.555555555557
1687957019;11230.222222222223;26830.77777777778;11984.111111111111;14240.000000000002
1687957020;11230.77777777778;27518.111111111113;12005.444444444445;14237.88888888889
1687957021;11232.77777777778;28631.444444444445;12008.222222222223;14066.222222222223
1687957022;11242.222222222223;27880.88888888889;12016.333333333334;14212.000000000002
1687957023;11242;27971.666666666668;12016.111111111111;14218.333333333334
1687957024;11252.333333333334;28465.333333333336;12016.555555555557;14218.88888888889
1687957025;11251.444444444445;27778.444444444445;12018.88888888889;14220.666666666668
1687957026;11251.555555555557;28079.222222222223;11955;14219.88888888889
1687957027;11253.333333333334;23820.444444444445;12027.555555555557;14219.88888888889
1687957028;11253.111111111111;23996.222222222223;11962.88888888889;14221.555555555557
1687957029;11256;22867.88888888889;11980.444444444445;14223.333333333334
1687957030;11254;22430.77777777778;12077.222222222223;14223.000000000002
1687957031;11245.222222222223;24105.88888888889;12071.444444444445;14104.000000000002
1687957032;11244.444444444445;23465.111111111113;12070.333333333334;14215.000000000002
1687957033;11234.555555555557;23358.666666666668;12071.111111111111;14252.88888888889
1687957034;11235.222222222223;22484.77777777778;12085.111111111111;14268.111111111111
1687957035;11236.666666666668;22096.111111111113;12084.222222222223;14270.88888888889
1687957036;11237;21964.444444444445;12013.444444444445;14295.77777777778
1687957037;11234.222222222223;22241.666666666668;12061;14309.88888888889
1687957038;11230.444444444445;22054.55555555556;12058.444444444445;14317.88888888889
1687957039;11238.333333333334;21214.55555555556;11961.77777777778;14319.000000000002
1687957040;11239.88888888889;20715.507664963337;11960.77777777778;14291.222222222223
1687957041;11240.444444444445;21705.111111111113;12051.333333333334;14178.88888888889
1687957042;11239.333333333334;21577.88888888889;12051.111111111111;14214.666666666668
1687957043;11239.222222222223;21667.55555555556;12036.222222222223;14269.88888888889
1687957044;11237.77777777778;21087.55555555556;12036.333333333334;14283.222222222223
1687957045;11237.77777777778;21007.222222222223;12034.666666666668;14274.555555555557
1687957046;11239.222222222223;22641.333333333336;11977;14326.77777777778
1687957047;11241.333333333334;22571.666666666668;11941.222222222223;14320.222222222223
1687957048;11233.111111111111;29170.55555555556;11997.222222222223;14320.444444444445
1687957049;11230.555555555557;28012.669482107136;11995.88888888889;14320.88888888889
1687957050;11230.88888888889;27272.000000000004;11905.88888888889;14320.111111111111
1687957051;11230.88888888889;28806.333333333336;11995.77777777778;14245.000000000002
1687957052;11229.444444444445;28325.77777777778;12005.222222222223;14173.444444444445
1687957053;11229.88888888889;28517.333333333336;12013.222222222223;14303.000000000002
1687957054;11239.444444444445;27203.222222222223;12013.555555555557;14295.666666666668
1687957055;11240.222222222223;26048.222222222223;12014.77777777778;14229.111111111111
1687957056;11238;28441.222222222223;12015.88888888889;14227.666666666668
1687957057;11246;22409.222222222223;11978.88888888889;14228.77777777778
1687957058;11245.333333333334;23168.111111111113;12035;14230.333333333334
1687957059;11251.111111111111;22999.666666666668;12035.444444444445;14226.333333333334
1687957060;11251.88888888889;21389.666666666668;11942.666666666668;14219.555555555557
1687957061;11260.333333333334;22841.444444444445;12027.111111111111;14228.111111111111
1687957062;11261.333333333334;22512.222222222223;12019.111111111111;14092.555555555557
1687957063;11249;23357;12018.444444444445;14215.222222222223
1687957064;11249.111111111111;22719.88888888889;12017.666666666668;14211.222222222223
1687957065;11246.722950455453;20623.77777777778;12023.77777777778;14217.77777777778
1687957066;11240.444444444445;22924.88888888889;12003.444444444445;14260.333333333334
1687957067;11241.333333333334;22560.77777777778;11947.111111111111;14258.000000000002
1687957068;11236.555555555557;23322.222222222223;12004.77777777778;14256.222222222223
1687957069;11247;23483;12006.333333333334;14270.555555555557
1687957070;11238.555555555557;22163.111111111113;11911.555555555557;14261.444444444445
1687957071;11237.444444444445;23861.77777777778;12002.111111111111;14271.111111111111
1687957072;11239.444444444445;23074.666666666668;12002.444444444445;14142.666666666668
1687957073;11238.555555555557;22359;12002.444444444445;14202.555555555557
1687957074;11241.164703267392;22106.222222222223;11997.111111111111;14287.000000000002
1687957075;11239.666666666668;20127.55555555556;11996.333333333334;14243.111111111111
1687957076;11239.77777777778;22019.55555555556;11996.444444444445;14244.77777777778
1687957077;11239.222222222223;22345;11944.77777777778;14244.222222222223
1687957078;11226.88888888889;28277.444444444445;11999.666666666668;14237.555555555557
1687957079;11224.88888888889;28486.666666666668;12040.444444444445;14240.88888888889
1687957080;11224.111111111111;27159.444444444445;11958.444444444445;14224.88888888889
1687957081;11231;28617.88888888889;12050;14223.222222222223
1687957082;11230.666666666668;29632.000000000004;12054.77777777778;14174.555555555557
1687957083;11230.444444444445;29165.333333333336;12054.222222222223;14132.555555555557
1687957084;11241.555555555557;29223.111111111113;12056.222222222223;14130.88888888889
1687957085;11241.88888888889;27441.444444444445;12064.88888888889;14214.555555555557
1687957086;11241;28398.444444444445;12099.88888888889;14214.111111111111
1687957087;11243.444444444445;23189;12060.77777777778;14215.666666666668
1687957088;11245.666666666668;22708.55555555556;12091.88888888889;14213.222222222223
1687957089;11250.77777777778;23531.77777777778;12127.77777777778;14212.333333333334
1687957090;11241.333333333334;21092.55555555556;12036.666666666668;14213.88888888889
1687957091;11242.222222222223;22678.666666666668;12131.88888888889;14214.000000000002
1687957092;11242.111111111111;22716;12131.88888888889;14183.333333333334
1687957093;11232.444444444445;22313.444444444445;12129.333333333334;14186.111111111111
1687957094;11234;22286.333333333336;12137.222222222223;14160.222222222223
1687957095;11234.77777777778;21046.88888888889;12097.333333333334;14250.444444444445
1687957096;11234.555555555557;22079;12081.444444444445;14247.444444444445
1687957097;11235.222222222223;22679.55555555556;12010.333333333334;14247.000000000002
1687957098;11230.444444444445;22892.111111111113;12031.333333333334;14246.222222222223
1687957099;11244.222222222223;22893.111111111113;12043;14244.666666666668
1687957100;11246.222222222223;21933.77777777778;11943.88888888889;14238.000000000002
1687957101;11246.222222222223;22365.222222222223;12020.333333333334;14228.111111111111
1687957102;11244.77777777778;22058.55555555556;12021.88888888889;14226.444444444445
1687957103;11244.88888888889;22843.666666666668;12020.111111111111;14164.77777777778
1687957104;11244.222222222223;22143.111111111113;12019.88888888889;14120.666666666668
1687957105;11244.666666666668;23131.444444444445;12020.111111111111;14233.555555555557
1687957106;11244;24668;12021.444444444445;14249.77777777778
1687957107;11244.666666666668;24545.88888888889;11956.88888888889;14249.333333333334
1687957108;11232.88888888889;30723.88888888889;11946.666666666668;14261.555555555557
1687957109;11229.666666666668;31154.444444444445;12003.222222222223;14267.222222222223
1687957110;11230.444444444445;30043.88888888889;11929.111111111111;14290.77777777778
1687957111;11229.222222222223;31545.111111111113;11931.77777777778;14292.222222222223
1687957112;11226;30167.000000000004;11920.88888888889;14293.555555555557
1687957113;11227.88888888889;31350.666666666668;12013.111111111111;14247.000000000002
1687957114;11238.222222222223;27897.444444444445;12014.222222222223;14204.444444444445
1687957115;11238.555555555557;26796.666666666668;12012.555555555557;14188.222222222223
1687957116;11238.77777777778;26620.55555555556;12010.444444444445;14279.88888888889
1687957117;11239.444444444445;22977.444444444445;12027;14268.444444444445
1687957118;11242.111111111111;21775.77777777778;11970.444444444445;14261.444444444445
1687957119;11245.88888888889;22454.77777777778;12023.555555555557;14228.444444444445
1687957120;11246.88888888889;21655.77777777778;12023;14226.222222222223
1687957121;11249;21982.111111111113;12019.88888888889;14229.000000000002
1687957122;11248.77777777778;21685.333333333336;11926.666666666668;14237.111111111111
1687957123;11236.88888888889;21708.55555555556;12019.111111111111;14164.77777777778
1687957124;11241.88888888889;21705.333333333336;12019.111111111111;14220.444444444445
1687957125;11240.77777777778;20452.111111111113;12026.77777777778;14129.111111111111
1687957126;11239.333333333334;21935;12009.555555555557;14219.111111111111
1687957127;11238.555555555557;21787.333333333336;12009.222222222223;14227.77777777778
1687957128;11234.555555555557;23139.88888888889;11973.444444444445;14228.666666666668
1687957129;11244.333333333334;21755.111111111113;12027.222222222223;14235.666666666668
1687957130;11243.444444444445;22391.55555555556;12025.666666666668;14232.444444444445
1687957131;11249.222222222223;21834;12025.88888888889;14241.77777777778
1687957132;11249.111111111111;23412.222222222223;11935.111111111111;14245.222222222223
1687957133;11243.88888888889;22323.77777777778;11936.111111111111;14190.222222222223
1687957134;11244.77777777778;22552.55555555556;12031;14244.555555555557
1687957135;11244.222222222223;19584;12031;14152.555555555557
1687957136;11243.444444444445;21823.88888888889;12039.666666666668;14221.444444444445
1687957137;11243.444444444445;22294.55555555556;12064.555555555557;14236.555555555557
1687957138;11232;28037.000000000004;12010.555555555557;14229.000000000002
1687957139;11231.555555555557;27899.000000000004;12056.555555555557;14228.77777777778
1687957140;11225.444444444445;28108.333333333336;12070.88888888889;14215.333333333334
1687957141;6687655;28039.444444444445;12067.555555555557;14617.222222222223
1687957142;19748985.333333336;30418.77777777778;12073.333333333334;20591.222222222223
1687957143;32390085.666666668;30402.88888888889;11972.222222222223;35559.88888888889
1687957144;45084856.333333336;30915.77777777778;12062;55336.333333333336
1687957145;58441980.11111111;29059.666666666668;12053.77777777778;83845.66666666667
1687957146;71326749.66666667;30324.444444444445;12009;115327.22222222223
1687957147;84486442.11111112;26136.77777777778;12022.666666666668;142134.33333333334
1687957148;97428474;26186.77777777778;11979.111111111111;170595.44444444447
1687957149;109313907.33333334;25735.222222222223;12027.444444444445;199821
1687957150;113870870.00000001;24661;12036.444444444445;214771.33333333334
1687957151;113469947.55555557;23276.222222222223;12030.666666666668;227283.33333333334
1687957152;113739766.33333334;23981.111111111113;12030.77777777778;241113.77777777778
1687957153;114227500.55555557;23167.666666666668;11947.555555555557;250155.55555555556
1687957154;113700197.8888889;23928.88888888889;12045.555555555557;248721.55555555556
1687957155;113697736.22222222;19979.333333333336;12044.666666666668;246536.44444444447
1687957156;113544300.00000001;22869.333333333336;12031.444444444445;249835.55555555556
1687957157;113611473.8888889;21775.333333333336;12036.555555555557;249579.11111111112
1687957158;114868489.77777779;23555.444444444445;11999.222222222223;251763.11111111112
1687957159;116698292.00000001;22829.111111111113;12046;261062.22222222225
1687957160;117031286.55555557;21798.88888888889;12045.555555555557;263000.22222222225
1687957161;116930682.8888889;22263.111111111113;12047;263513.1111111111
1687957162;116814358.77777779;21678.333333333336;12043.111111111111;261853.7777777778
1687957163;116693908.00000001;21845.55555555556;11944.333333333334;263369.1111111111
1687957164;117129371.8888889;22978.77777777778;12034.77777777778;264909.55555555556
1687957165;116710378.00000001;23689;12051.88888888889;264167.55555555556
1687957166;117013112.8888889;25306;12052.77777777778;264836.88888888893
1687957167;116841577.22222222;25583.55555555556;12029.666666666668;262633.55555555556
1687957168;116649368.11111112;32063.444444444445;11981.666666666668;263196.22222222225
1687957169;116612492.66666667;33058.11111111112;12088.77777777778;260306.00000000003
1687957170;116913609.55555557;31352.666666666668;12087.555555555557;261346.44444444447
1687957171;117038240.33333334;32686.111111111113;12125.444444444445;262649.55555555556
1687957172;117248837.55555557;31490.88888888889;12127.222222222223;262780.6666666667
1687957173;116905414.66666667;31366.88888888889;12037.222222222223;258714.44444444447
1687957174;117526967.55555557;27849.55555555556;12108.77777777778;259980.44444444447
1687957175;117361563.00000001;25627.444444444445;12102.111111111111;260474.22222222225
1687957176;117265818.00000001;25728.444444444445;12102.444444444445;261935.11111111112
1687957177;117504863.22222222;20958.666666666668;12096.444444444445;263974.22222222225
1687957178;117590015.77777779;20566.111111111113;11991.333333333334;264020.22222222225
1687957179;117350046.8888889;22045.666666666668;12038.555555555557;262545.1111111111
1687957180;117132593.44444445;20797.111111111113;12006.333333333334;263408.88888888893
1687957181;117214974.22222222;22560.222222222223;12005.111111111111;263338.44444444444
1687957182;117118775.66666667;22284;12005.88888888889;264108.88888888893
1687957183;117022792.66666667;22887.111111111113;11915.88888888889;261746.22222222225
1687957184;116944858.55555557;23263.222222222223;12013.77777777778;263462.22222222225
1687957185;117025555.66666667;22119.444444444445;12013.88888888889;262344.6666666667
1687957186;117014912.55555557;20657.333333333336;12015.333333333334;260850.6666666667
1687957187;116791296.00000001;23304.666666666668;12014.555555555557;260721.11111111112
1687957188;116853950.8888889;23398.222222222223;11966.666666666668;259546.8888888889
1687957189;116639626.66666667;24206;11959.222222222223;257435.11111111112
1687957190;116488138.33333334;22517.333333333336;12026;258066.8888888889
1687957191;116532721.77777779;22904.444444444445;12026.77777777778;259732.6666666667
1687957192;116623412.22222222;22166.55555555556;12027.222222222223;260922.00000000003
1687957193;116609014.00000001;21962.55555555556;11930.444444444445;260117.33333333334
1687957194;116791671.55555557;23023.444444444445;12031;261880.8888888889
1687957195;116560043.8888889;22609.333333333336;12049.88888888889;263501.3333333334
1687957196;116801455.33333334;21162.222222222223;12048.444444444445;265303.1111111111
1687957197;116506637.52499443;21033.222222222223;12056.444444444445;263112.88888888893
1687957198;116624136.55555557;30184.000000000004;12060.88888888889;253489.33333333334
1687957199;116909437.00000001;30350.88888888889;11996.111111111111;240864.22222222225
1687957200;105032820.22222222;30063.55555555556;12048.666666666668;221116.22222222225
1687957201;91788512.32785428;30416.111111111113;12047.88888888889;191642.22222222225
1687957202;79329962.55555557;30378.222222222223;12054.666666666668;161397.33333333334
1687957203;79217694.66666667;29413.000000000004;11952.111111111111;137997.55555555556
1687957204;79362402;30318.222222222223;11928.444444444445;121114.00000000001
1687957205;79393911.77777778;29830.666666666668;12019.77777777778;104753.11111111112
1687957206;79966345.74349855;29663.333333333336;12010.77777777778;92328.88888888889
1687957207;79783083.11111112;21420.333333333336;12011.111111111111;87543.11111111112
1687957208;79743467.55555557;21169.222222222223;12007.222222222223;83399.33333333334
1687957209;91719711.55555557;20263.666666666668;11960.222222222223;86820.88888888889
1687957210;99764797.7990218;25328.88888888889;12101.88888888889;98621.11111111112
1687957211;99359767.77777779;26735.000000000004;12196.555555555557;99002.44444444445
1687957212;97022833.8888889;25295.444444444445;12196.555555555557;95590.88888888889
1687957213;96420410.77777779;25708.111111111113;12197.222222222223;93097.55555555556
1687957214;96336953.66666667;32299.444444444445;12147.111111111111;93107.77777777778
1687957215;96218251;32111.88888888889;12237.666666666668;92369.11111111112
1687957216;95527852.8888889;31398.666666666668;12231.111111111111;93503.77777777778
1687957217;90797059.11111112;32704.55555555556;12231.77777777778;86746.22222222223
1687957218;90454503;35113.333333333336;12238.555555555557;85014.88888888889
1687957219;95232643.44444445;28485.333333333336;12095.333333333334;86774
1687957220;107897899.22222222;29594.55555555556;12000.111111111111;99816.44444444445
1687957221;109141399.22222222;30926.333333333336;12061.88888888889;107099.77777777778
1687957222;101869263.66666667;30859.666666666668;12117.666666666668;99247.55555555556
1687957223;100963559.66666667;23399.88888888889;12110.222222222223;92035.55555555556
1687957224;100994798.8888889;23722;12018.444444444445;92899.55555555556
1687957225;101985549.55555557;23081.88888888889;12108.555555555557;93200.22222222223
1687957226;105390254.11111112;23111;12108.666666666668;100528.66666666667
1687957227;100503197.22222222;22383.444444444445;12094.666666666668;94156.22222222223
1687957228;100573309.22222222;28456.666666666668;12093.333333333334;90361.33333333334
1687957229;100825230;27062.000000000004;12090;89817.33333333334
1687957230;101990162.8888889;25396.444444444445;12025;92233.55555555556
1687957231;109739037.55555557;28189.222222222223;12025.555555555557;101590
1687957232;110513010.11111112;27547.111111111113;11997.77777777778;107577.33333333334
1687957233;110430122.22222222;27466.111111111113;11998.444444444445;108501.11111111112
1687957234;110471641.22222222;27974.000000000004;11907.222222222223;106297.11111111112
1687957235;111734000.66666667;27281.000000000004;11904.88888888889;106562.88888888889
1687957236;117068979.8888889;27394.222222222223;11993.555555555557;114113.33333333334
1687957237;117227147.33333334;22739;11995.333333333334;116086.88888888889
1687957238;116660322.8888889;23235.666666666668;11988.444444444445;115996.66666666667
1687957239;106934326.8888889;23661.77777777778;11990.222222222223;107798.88888888889
1687957240;100739451;20581.55555555556;11934;95703.55555555556
1687957241;100547233;22660;11982.88888888889;93616.22222222223
1687957242;100493656.11111112;22623.222222222223;11984;92825.11111111112
1687957243;100474265.77777779;22468.444444444445;11985.444444444445;94455.11111111112
1687957244;98843588.44444445;22387.111111111113;11987;93450.22222222223
1687957245;89646692.44444445;22068.111111111113;11955.222222222223;85645.33333333334
1687957246;88454108.33333334;21611.444444444445;12089;78539.55555555556
1687957247;79179387.55555557;21226.333333333336;12105;71520.22222222223
1687957248;75807632.11111112;23101.77777777778;12105;65520.222222222226
1687957249;69115738.55555557;22638.444444444445;12105.333333333334;64780.66666666667
1687957250;56432164.55555556;22119.77777777778;12048.333333333334;54469.11111111112
1687957251;43436239.77777778;21910.88888888889;12103.222222222223;41122.444444444445
1687957252;30428612.000000004;23287.333333333336;12101.666666666668;27456.444444444445
1687957253;19026475.88888889;22242.333333333336;12120.666666666668;15110.444444444445
1687957254;15095650.88888889;23116.88888888889;12062.555555555557;13601.555555555557
1687957255;3281062.777777778;22587;11928.222222222223;13601.77777777778
1687957256;11264.555555555557;24105;12010.111111111111;13546.555555555557
1687957257;11263.88888888889;22892.333333333336;12009.111111111111;13598.111111111111
1687957258;11251.444444444445;29457.000000000004;12017.444444444445;13619.88888888889
1687957259;11249.222222222223;28263.111111111113;12026.555555555557;13613.555555555557
1687957260;11248.333333333334;28566.77777777778;11971.77777777778;13628.333333333334
1687957261;11247.88888888889;28385.666666666668;12029.111111111111;13572.666666666668
1687957262;11249.444444444445;29693.222222222223;12016;13580.555555555557
1687957263;11245.77777777778;28615.55555555556;12016.333333333334;13672.666666666668
1687957264;11256.77777777778;28943.333333333336;12018.444444444445;13679.444444444445
1687957265;11256.666666666668;27285.55555555556;11929.77777777778;13678.111111111111
1687957266;11255.77777777778;26983.000000000004;12047.666666666668;13620.77777777778
1687957267;11257.222222222223;23451.333333333336;12074;13642.444444444445
1687957268;11257.333333333334;23356.88888888889;12065.77777777778;13641.444444444445
1687957269;11258.333333333334;23852.444444444445;12073.88888888889;13628.555555555557
1687957270;11258.444444444445;21445;12024.88888888889;13592.666666666668
1687957271;11258.77777777778;21042.333333333336;12066.222222222223;13582.77777777778
1687957272;11258.333333333334;22084.333333333336;12066.222222222223;13489.222222222223
1687957273;11248;21737.444444444445;12064.444444444445;13590.111111111111
1687957274;11249.222222222223;22353.88888888889;12064.88888888889;13589.111111111111
1687957275;11249.666666666668;22074;11947.111111111111;13603.88888888889
1687957276;11250.666666666668;21766.222222222223;11913.77777777778;13556.000000000002
1687957277;11342.444444444445;22074.77777777778;12014.77777777778;13592.666666666668
1687957278;11342.111111111111;22467.666666666668;12007.77777777778;13640.000000000002
1687957279;11352;22950.88888888889;12008.77777777778;13641.000000000002
1687957280;11349.111111111111;22976.77777777778;11962.444444444445;13642.444444444445
1687957281;11356;21617.666666666668;11961.88888888889;13643.88888888889
1687957282;11354.555555555557;22885.333333333336;12017;13536.111111111111
1687957283;11354.222222222223;22666.444444444445;12016.444444444445;13618.666666666668
1687957284;11351.77777777778;23393.88888888889;12017.444444444445;13606.77777777778
1687957285;11349.88888888889;24147.666666666668;12016;13609.000000000002
1687957286;11259.555555555557;24640.333333333336;11915.444444444445;13588.111111111111
1687957287;11259.333333333334;24165.55555555556;11990.333333333334;13539.444444444445
1687957288;11256.222222222223;30947.333333333336;11998;13620.444444444445
1687957289;11257.555555555557;31280.000000000004;12005.333333333334;13629.666666666668
1687957290;11250.88888888889;30372.000000000004;12005.333333333334;13628.77777777778
1687957291;11250.88888888889;30552.55555555556;11948.88888888889;13626.444444444445
1687957292;11252;28987.111111111113;11988.555555555557;13547.444444444445
1687957293;11254.444444444445;31231.444444444445;11999;13551.666666666668
1687957294;11267.555555555557;27474.77777777778;12002;13657.000000000002
1687957295;11267.666666666668;27999.88888888889;12002.333333333334;13680.222222222223
1687957296;11267.77777777778;26637.333333333336;11927.111111111111;13681.88888888889
1687957297;11260.111111111111;21865.666666666668;11912.444444444445;13599.555555555557
1687957298;11260;22034.88888888889;11995.222222222223;13644.111111111111
1687957299;11264;22766.333333333336;11996.666666666668;13644.444444444445
1687957300;11265.444444444445;21798.55555555556;11998.555555555557;13644.222222222223
1687957301;11263.444444444445;22304.88888888889;11951.77777777778;13641.000000000002
1687957302;11262.88888888889;20760;11987.77777777778;13633.555555555557
1687957303;11249.77777777778;22606.333333333336;11986.555555555557;13535.333333333334
1687957304;11250;22263.666666666668;11988.77777777778;13598.333333333334
1687957305;11249.333333333334;22172.444444444445;11990.77777777778;13597.444444444445
1687957306;11250.88888888889;21752.222222222223;11991.444444444445;13599.444444444445
1687957307;11252.88888888889;22130.55555555556;11902.77777777778;13538.88888888889
1687957308;11248.77777777778;23506.77777777778;11992.111111111111;13570.222222222223
1687957309;11259.77777777778;23143.333333333336;11992.111111111111;13580.333333333334
1687957310;11261.222222222223;23738.333333333336;11993.222222222223;13588.88888888889
1687957311;11260.666666666668;22950.222222222223;11947.111111111111;13589.444444444445
1687957312;11260.666666666668;21467.444444444445;11993.555555555557;13583.111111111111
1687957313;11258.222222222223;23123.333333333336;12011.444444444445;13476.343847179032
1687957314;11257.88888888889;22705.55555555556;12008.88888888889;13572.88888888889
1687957315;11256.666666666668;22069;12006.666666666668;13571.000000000002
1687957316;11254.77777777778;22658.111111111113;12007.444444444445;13575.666666666668
1687957317;11253.77777777778;21788;11918;13543.77777777778
1687957318;11241.333333333334;28512.111111111113;12009.77777777778;13534.77777777778
1687957319;11241.666666666668;28370.222222222223;12009.111111111111;13607.88888888889
1687957320;11241.222222222223;28281.444444444445;12017.88888888889;13612.77777777778
1687957321;11241.222222222223;28627.000000000004;11970.666666666668;13612.111111111111
1687957322;11242.555555555557;26485.222222222223;11958.88888888889;13632.058692752335
1687957323;11243.666666666668;26877.333333333336;12014.111111111111;13535.333333333334
1687957324;11254;28508.111111111113;12015.222222222223;13619.000000000002
1687957325;11253.111111111111;26543.55555555556;12014.77777777778;13635.666666666668
1687957326;11252.444444444445;27559.666666666668;12012.333333333334;13634.555555555557
1687957327;11253;22042.111111111113;11926.88888888889;13636.222222222223
1687957328;11251.444444444445;22220.77777777778;12024.333333333334;13555.555555555557
1687957329;11250.222222222223;22946.222222222223;12022;13603.111111111111
1687957330;11249.88888888889;22439;12030;13602.555555555557
1687957331;11250.77777777778;23293.222222222223;12022.666666666668;13586.555555555557
1687957332;11251.666666666668;22892.222222222223;11968.555555555557;13585.222222222223
1687957333;11242.333333333334;21501;12024.222222222223;13520.666666666668
1687957334;11242.666666666668;22807;12031.555555555557;13512.77777777778
1687957335;11245.444444444445;22444.222222222223;12034.222222222223;13612.444444444445
1687957336;11245.666666666668;22487.55555555556;12028.111111111111;13610.222222222223
1687957337;11244.77777777778;23333.55555555556;11930.222222222223;13619.555555555557
1687957338;11246.333333333334;22603.444444444445;12013.222222222223;13566.555555555557
1687957339;11257.88888888889;23988.111111111113;12012.666666666668;13622.444444444445
1687957340;11257.222222222223;22382.666666666668;12012;13622.333333333334
1687957341;11255.77777777778;23767.88888888889;12010.444444444445;13621.333333333334
1687957342;11255.333333333334;23021.88888888889;11954.666666666668;13601.555555555557
1687957343;11256.222222222223;20864;12036.444444444445;13594.000000000002
1687957344;11259.88888888889;21907;12034.222222222223;13505.444444444445
1687957345;11259.222222222223;20828.666666666668;12034.333333333334;13521.555555555557
1687957346;11259.222222222223;19333.444444444445;12033;13660.666666666668
1687957347;11259.555555555557;21731.333333333336;11944.333333333334;13661.88888888889
1687957348;11246.555555555557;26489.77777777778;11936.222222222223;13614.444444444445
1687957349;11245.666666666668;27745.111111111113;12052.555555555557;13649.222222222223
1687957350;11246.111111111111;26551.88888888889;12051.666666666668;13753.666666666668
1687957351;11245;26717.111111111113;12050.222222222223;13755.000000000002
1687957352;11244.111111111111;28338.666666666668;11965.444444444445;13754.111111111111
1687957353;11239.222222222223;25460.55555555556;12024.222222222223;13747.77777777778
1687957354;11251.111111111111;26780.000000000004;12022.444444444445;13731.555555555557
1687957355;11250.111111111111;27286.111111111113;12021.444444444445;13592.666666666668
1687957356;11248.333333333334;26165.333333333336;12019;13683.333333333334
1687957357;11249.222222222223;21489.111111111113;12019.222222222223;13674.88888888889
1687957358;11248.333333333334;20345.777777777777;11903.444444444445;13641.111111111111
1687957359;11249.222222222223;22128.77777777778;11987.666666666668;13531.222222222223
1687957360;11251.222222222223;22153.77777777778;11989.111111111111;13586.88888888889
1687957361;11251.77777777778;22292.88888888889;11983.444444444445;13587.000000000002
1687957362;11251.88888888889;22903.333333333336;11934;13583.111111111111
1687957363;11240.444444444445;21381.222222222223;12028;13584.666666666668
1687957364;11242.111111111111;21428;12038.333333333334;13584.222222222223
1687957365;11245.222222222223;20257.777777777777;12080.444444444445;13492.000000000002
1687957366;11246.333333333334;22104.333333333336;12081.222222222223;13576.000000000002
1687957367;11246.88888888889;22672.222222222223;12080.666666666668;13574.333333333334
1687957368;11245.222222222223;22973.111111111113;12000.555555555557;13590.111111111111
1687957369;11253.555555555557;22398.55555555556;12090.222222222223;13535.000000000002
1687957370;11253.111111111111;21879.222222222223;12093.222222222223;13597.666666666668
1687957371;11253.666666666668;22857.111111111113;12085.333333333334;13597.444444444445
1687957372;11253.555555555557;22876.88888888889;11991.77777777778;13596.111111111111
1687957373;11254.111111111111;22634.55555555556;12065.77777777778;13586.77777777778
1687957374;11247.556641492669;22169.333333333336;12027.666666666668;13585.555555555557
1687957375;11253.666666666668;19591.333333333336;12028.222222222223;13502.555555555557
1687957376;11254.555555555557;21416.222222222223;12028.666666666668;13505.222222222223
1687957377;11255.77777777778;21029.444444444445;12026.77777777778;13586.77777777778
1687957378;11246.88888888889;28552.88888888889;11944.88888888889;13587.000000000002
1687957379;11248.111111111111;28382.55555555556;12031.88888888889;13544.77777777778
1687957380;11248.222222222223;28169.111111111113;12039;13611.555555555557
1687957381;11247.555555555557;28347.111111111113;12040.666666666668;13612.444444444445
1687957382;11246.666666666668;29272.000000000004;11965.444444444445;13620.88888888889
1687957383;11252.667852378836;28416.444444444445;11965.666666666668;13630.222222222223
1687957384;11258.222222222223;28992.666666666668;12021.333333333334;13636.555555555557
1687957385;11257.77777777778;26748.77777777778;12020.666666666668;13636.666666666668
1687957386;11257.111111111111;27950.111111111113;12021.111111111111;13544.555555555557
1687957387;11258.555555555557;22029.77777777778;12021.222222222223;13652.111111111111
1687957388;11257.555555555557;22792.77777777778;11940.444444444445;13639.88888888889
1687957389;11261.444444444445;22470.666666666668;11933.666666666668;13581.555555555557
1687957390;11269.444444444445;22789.222222222223;12037.77777777778;13661.666666666668
1687957391;11269.555555555557;22334.222222222223;12029.333333333334;13651.555555555557
1687957392;11269.222222222223;23711.222222222223;12027.222222222223;13643.111111111111
1687957393;11257;23138.222222222223;11971.666666666668;13655.444444444445
1687957394;11255.333333333334;23475.88888888889;12027;13653.111111111111
1687957395;11256.88888888889;20899.111111111113;12025.333333333334;13661.88888888889
1687957396;11255.77777777778;21031.77777777778;12019.111111111111;13552.444444444445
1687957397;11257.111111111111;20091.222222222223;12010.111111111111;13626.77777777778
1687957398;11252.666666666668;23136.55555555556;12011.222222222223;13619.000000000002
1687957399;11255.666666666668;22840.77777777778;11909.333333333334;13553.444444444445
1687957400;11256.666666666668;23011.111111111113;12002;13555.666666666668
1687957401;11255.555555555557;22559.55555555556;12002.111111111111;13612.88888888889
1687957402;11256.333333333334;22499.55555555556;12003.77777777778;13593.555555555557
1687957403;11258;22202.111111111113;11975.555555555557;13593.555555555557
1687957404;11258.222222222223;23391.333333333336;12041;13588.333333333334
1687957405;11258.333333333334;22287.333333333336;12039.555555555557;13598.555555555557
1687957406;11257.222222222223;22491;12039.88888888889;13524.000000000002
1687957407;11256.88888888889;21426.666666666668;12041;13524.555555555557
1687957408;11247.88888888889;28320.77777777778;12038.444444444445;13510.111111111111
1687957409;11249;28690.333333333336;11955.555555555557;13618.444444444445
1687957410;11249.333333333334;28145.000000000004;12045.222222222223;13582.111111111111
1687957411;11247.666666666668;29121.333333333336;12040.77777777778;13645.444444444445
1687957412;11247.444444444445;28570.77777777778;12014.88888888889;13645.444444444445
1687957413;11244.77777777778;28058.444444444445;11959.333333333334;13646.444444444445
1687957414;11253.222222222223;27855.333333333336;12015.222222222223;13644.666666666668
1687957415;11259.222222222223;27115.222222222223;12015.111111111111;13638.333333333334
1687957416;11255.88888888889;28869.000000000004;12013.77777777778;14069.666666666668
1687957417;11252.333333333334;22731.222222222223;12014.333333333334;14322.88888888889
1687957418;11250.111111111111;24536.444444444445;12006.222222222223;14234.88888888889
1687957419;11249.222222222223;24895.111111111113;11916.555555555557;14238.555555555557
1687957420;11249.666666666668;24945.222222222223;12003.222222222223;14101.000000000002
1687957421;11255.111111111111;25341.77777777778;12004.222222222223;14068.88888888889
1687957422;11254.555555555557;25462.55555555556;11997.222222222223;13994.666666666668
1687957423;11243.222222222223;24776.77777777778;11942.88888888889;13919.111111111111
1687957424;11235;25886.222222222223;12022.555555555557;13846.333333333334
1687957425;11239.555555555557;21270.88888888889;12071.333333333334;13343.000000000002
1687957426;11248.444444444445;22233.55555555556;12070.555555555557;13015.77777777778
1687957427;11255.666666666668;19062.55555555556;12070.88888888889;12921
1687957428;11255.222222222223;21521.333333333336;12073.222222222223;12823.88888888889
1687957429;11273.77777777778;21101.77777777778;11988.222222222223;12922
1687957430;11267.555555555557;23036.55555555556;11986.333333333334;12883.88888888889
1687957431;11268.222222222223;22400.77777777778;12087.222222222223;12943.88888888889
1687957432;11267.555555555557;23679;12085.222222222223;12937
1687957433;11276;22315.444444444445;12007.333333333334;12932
1687957434;11285.333333333334;24164.222222222223;11978.111111111111;12930.222222222223
1687957435;11277.333333333334;21929.333333333336;12016.444444444445;12927.666666666668
1687957436;11269.88888888889;24951.111111111113;12015.666666666668;12925.222222222223
1687957437;11278.555555555557;22320.333333333336;12013.333333333334;12921.77777777778
1687957438;11259.333333333334;28992.333333333336;12021.88888888889;12820.88888888889
1687957439;11267.333333333334;28669.666666666668;12023.666666666668;12911.222222222223
1687957440;11267.77777777778;29850.444444444445;11928.77777777778;12869.555555555557
1687957441;11269.333333333334;33466.444444444445;12047.333333333334;12878.444444444445
1687957442;11262.333333333334;34998.444444444445;12045.77777777778;13354.555555555557
1687957443;11251.111111111111;33013.333333333336;12024.666666666668;13360.333333333334
1687957444;11263.222222222223;34343.88888888889;11986.111111111111;13408.666666666668
1687957445;11264.77777777778;30910.666666666668;12032.88888888889;13411.555555555557
1687957446;11255.77777777778;33461.555555555555;12033.111111111111;13420.333333333334
1687957447;11256.77777777778;26013;12040.333333333334;13461.111111111111
1687957448;11249.77777777778;26817.000000000004;12053.111111111111;13370.555555555557
1687957449;11255.111111111111;26647.444444444445;12089.666666666668;13350.666666666668
1687957450;11255.88888888889;23492.111111111113;11970.77777777778;13439.333333333334
1687957451;11263.222222222223;22676.88888888889;12059.77777777778;12965.222222222223
1687957452;11263.111111111111;24423.55555555556;12060.77777777778;13031.555555555557
1687957453;11253;22586.444444444445;12060.111111111111;12986
1687957454;11252.222222222223;24389.444444444445;12013.555555555557;12985.88888888889
1687957455;11261;21419.111111111113;12068.444444444445;12987.555555555557
1687957456;11261.111111111111;23596.333333333336;12052;12950.77777777778
1687957457;11261.77777777778;21202.77777777778;12035.444444444445;12954.88888888889
1687957458;11257.222222222223;22336.111111111113;11992.444444444445;12953.555555555557
1687957459;11266.77777777778;22147.666666666668;11992.555555555557;12855.88888888889
1687957460;11259.88888888889;23130.55555555556;11904.444444444445;12937.111111111111
1687957461;11260.666666666668;22364.55555555556;11995.666666666668;12855
1687957462;11260.111111111111;23627.77777777778;11995.555555555557;12892
1687957463;11260.77777777778;22152.77777777778;12002.222222222223;12890.88888888889
1687957464;11254.111111111111;24049.88888888889;11954.77777777778;12883.222222222223
1687957465;11255.111111111111;22683.111111111113;12015.88888888889;12882.111111111111
1687957466;11252.666666666668;25596.444444444445;12016.88888888889;12889.111111111111
1687957467;11251.333333333334;22972.666666666668;12015.77777777778;12888
1687957468;11242.555555555557;29364.666666666668;12014.666666666668;12889.88888888889
1687957469;11240.111111111111;28739.55555555556;12021;12809.77777777778
1687957470;11238.222222222223;30184.666666666668;11929;12932.333333333334
1687957471;11236.77777777778;30090.88888888889;11935.111111111111;12895
1687957472;11234.666666666668;31051.111111111113;12059;12958.444444444445
1687957473;11231.111111111111;29373.111111111113;12053.666666666668;12948.111111111111
1687957474;11243.111111111111;29418.333333333336;12001.444444444445;12939.222222222223
1687957475;11243.77777777778;26697.77777777778;12099.88888888889;12917.111111111111
1687957476;11246.222222222223;29362.77777777778;12101.555555555557;12928.111111111111
1687957477;11245.77777777778;21797.111111111113;12105.333333333334;12928
1687957478;11246;22709.666666666668;12100.222222222223;12929.666666666668
1687957479;11251.77777777778;21350.55555555556;12101.555555555557;12816.88888888889
1687957480;11253;23336.111111111113;12095.77777777778;12907.111111111111
1687957481;11254;23064.333333333336;11966.77777777778;12837.333333333334
1687957482;11256.666666666668;24435.77777777778;12055.333333333334;12901.666666666668
1687957483;11243.555555555557;22945.222222222223;12047.111111111111;12918.666666666668
1687957484;11244.88888888889;24084;11957.444444444445;12927.88888888889
1687957485;11243.222222222223;21225.55555555556;12020.666666666668;12916.444444444445
1687957486;11243.88888888889;23829;12027.333333333334;12916
1687957487;11246.111111111111;22329.77777777778;12026.666666666668;12914.77777777778
1687957488;11240.88888888889;23069.444444444445;12027.555555555557;12915.88888888889
1687957489;11251.444444444445;21044.333333333336;12029.222222222223;12824.444444444445
1687957490;11253.111111111111;23351.88888888889;12029.77777777778;12830.555555555557
1687957491;11254;22061.222222222223;11938.555555555557;12865.222222222223
1687957492;11253;23862.55555555556;12029.77777777778;12921.666666666668
1687957493;11251.555555555557;21905.222222222223;12022.111111111111;12919.88888888889
1687957494;11252.111111111111;23501.77777777778;11976.666666666668;12921.555555555557
1687957495;11251.333333333334;20553.111111111113;11968.77777777778;12920.444444444445
1687957496;11251;23323.111111111113;12023.444444444445;12917
1687957497;11259;22228.111111111113;12022.77777777778;12914.444444444445
1687957498;11247.88888888889;28585.77777777778;12022;12915.666666666668
1687957499;11245.77777777778;26114.333333333336;12020.77777777778;12917.555555555557
1687957500;11253.111111111111;29209.666666666668;12028.222222222223;12852.444444444445
1687957501;11252;27925.111111111113;11936.666666666668;12878
1687957502;11258.77777777778;29987.444444444445;12026.333333333334;12868.77777777778
1687957503;11257.444444444445;29091.444444444445;12014.88888888889;12920.77777777778
1687957504;11267;30697.111111111113;12055.333333333334;12920.88888888889
1687957505;11267.111111111111;27500.77777777778;12018.77777777778;12936.333333333334
1687957506;11258.333333333334;30192.55555555556;12081.444444444445;12936.222222222223
1687957507;11258.444444444445;23599;12081.111111111111;13001.444444444445
1687957508;11266.77777777778;25066.77777777778;12089.111111111111;13005.77777777778
1687957509;11259;22424.444444444445;12095.666666666668;12990.444444444445
1687957510;11260.333333333334;25849.88888888889;12095.77777777778;12897.77777777778
1687957511;11252.77777777778;24451.444444444445;12007.111111111111;13003.333333333334
1687957512;11253.555555555557;25675.111111111113;12089.444444444445;12945.88888888889
1687957513;11243.666666666668;24088.111111111113;12049.333333333334;13020.444444444445
1687957514;11242.88888888889;25411.333333333336;12030;13006.88888888889
1687957515;11243.88888888889;23504;11965.88888888889;13014.444444444445
1687957516;11243.555555555557;29631.111111111113;12222.77777777778;13004.88888888889
1687957517;11235.666666666668;29156.222222222223;12221.444444444445;13029.444444444445
1687957518;11235.88888888889;28964.111111111113;12217.555555555557;13019.77777777778
1687957519;11247.333333333334;27364.444444444445;12254.88888888889;13025
1687957520;11247.88888888889;27643.333333333336;12260.333333333334;12932.333333333334
1687957521;11248.333333333334;35587.555555555555;12198.333333333334;13067.555555555557
1687957522;11248.444444444445;35761.222222222226;12336.444444444445;12995
1687957523;11257.111111111111;35622.333333333336;12343.555555555557;13026
1687957524;11268.88888888889;34734;12343.77777777778;13020.666666666668
1687957525;11276.111111111111;29311.88888888889;12088.333333333334;12966.444444444445
1687957526;11283.333333333334;29090.666666666668;12137;12948.666666666668
1687957527;11283.555555555557;30265.77777777778;12126.444444444445;12948.77777777778
1687957528;11274.222222222223;33747.77777777778;12091.666666666668;12946.555555555557
1687957529;11275.555555555557;34846.222222222226;12094.333333333334;12944.333333333334
1687957530;11273.88888888889;26469.55555555556;12065.88888888889;12829.222222222223
1687957531;11273.444444444445;29611.88888888889;11927.333333333334;12835.444444444445
1687957532;11266.444444444445;28455.666666666668;11920.77777777778;12886.222222222223
1687957533;11254.222222222223;29608.666666666668;12020.88888888889;12948.88888888889
1687957534;11264.444444444445;28360.111111111113;12019.88888888889;12946.666666666668
1687957535;11256.666666666668;28984.333333333336;12034.444444444445;12942
1687957536;11256.222222222223;29368.000000000004;12041.444444444445;12940.444444444445
1687957537;11262.444444444445;25310;12070.222222222223;12937.111111111111
1687957538;11275.88888888889;24064.88888888889;12062.222222222223;12928.111111111111
1687957539;11276.333333333334;24821.88888888889;12060.77777777778;12905.222222222223
1687957540;11276.444444444445;23039.222222222223;12060.77777777778;12894
1687957541;11274.555555555557;26176.444444444445;12059.333333333334;12810.333333333334
1687957542;11274.88888888889;24192.444444444445;11958.77777777778;12834.77777777778
1687957543;11257.88888888889;25723.333333333336;12041;12900
1687957544;11266.555555555557;23683.77777777778;11977.88888888889;12891.88888888889
1687957545;11267.555555555557;22995.666666666668;11970.77777777778;12891.77777777778
1687957546;11261;22527.77777777778;11956.444444444445;12896.111111111111
1687957547;11247.333333333334;23822.444444444445;12018.333333333334;12904.88888888889
1687957548;11250.333333333334;22046.111111111113;12021.88888888889;12913
1687957549;11262;21983.444444444445;12021.77777777778;12915.444444444445
1687957550;11263;20529.222222222223;12088.111111111111;12918.222222222223
1687957551;11273.111111111111;23971.111111111113;12090.666666666668;12828
1687957552;11274.88888888889;23209.77777777778;12009.111111111111;12859.77777777778
1687957553;11267.333333333334;24845.333333333336;12111.222222222223;12960
1687957554;11265.77777777778;23407.55555555556;12115.111111111111;12962.77777777778
1687957555;11265.77777777778;23676.444444444445;12099.666666666668;12961.222222222223
1687957556;11268;23545.333333333336;12038.666666666668;12959.77777777778
1687957557;11265.666666666668;24900.222222222223;12090.77777777778;12959.222222222223
1687957558;11254;29318.000000000004;12089.555555555557;12957.555555555557
1687957559;11254.77777777778;29229.666666666668;12022;12953.555555555557
1687957560;11246.77777777778;27085.77777777778;12019.333333333334;12961.444444444445
1687957561;11245.333333333334;29025.55555555556;12018.111111111111;12884.88888888889
1687957562;11246;27679.111111111113;11907.111111111111;12884
1687957563;11254.333333333334;29352.55555555556;11994.222222222223;12882.666666666668
1687957564;11273;27569.77777777778;12000.77777777778;12936.444444444445
1687957565;11271;27881.333333333336;11998.77777777778;12943.88888888889
1687957566;11270.222222222223;27621.77777777778;11969.88888888889;12950.77777777778
1687957567;11270.77777777778;23494.77777777778;12018.666666666668;12959.77777777778
1687957568;11271.222222222223;22121.444444444445;12019;12964.77777777778
1687957569;11282.555555555557;22423.444444444445;12019.88888888889;12965.111111111111
1687957570;11280.444444444445;20745.333333333336;12025.555555555557;12943.77777777778
1687957571;11281.333333333334;23427.88888888889;12025.88888888889;12844.222222222223
1687957572;11273.222222222223;22787.77777777778;11934.77777777778;12927.88888888889
1687957573;11253.333333333334;24400.77777777778;12017.444444444445;12891.666666666668
1687957574;11254.111111111111;22347.222222222223;12017.222222222223;12942.111111111111
1687957575;11253.77777777778;22426.88888888889;11989;12944
1687957576;11252.77777777778;22034.55555555556;11939.88888888889;12938.444444444445
1687957577;11251;23623.111111111113;12003.77777777778;12942.555555555557
1687957578;11244.555555555557;22744.55555555556;12001.333333333334;12937.111111111111
1687957579;11258.666666666668;22766.666666666668;12000.222222222223;12929.333333333334
1687957580;11257.555555555557;20561.88888888889;12000.333333333334;12927.444444444445
1687957581;11265.333333333334;22501.666666666668;11999.444444444445;12845
1687957582;11267.555555555557;21702.111111111113;11908;12909.333333333334
1687957583;11266.666666666668;23359;11927.666666666668;12851.77777777778
