Time;{mode="idle"};{mode="iowait"};{mode="irq"};{mode="nice"};{mode="softirq"};{mode="steal"};{mode="system"};{mode="user"}
1687956863;1.9321052631579443;0;0;0;0.0005263157894739534;0.002105263157894318;0.02263157894736579;0.035789473684213875
1687956864;1.9315789473683636;0;0;0;0.0005263157894739534;0.002105263157894318;0.023157894736844976;0.035789473684225845
1687956865;1.9278947368421588;0.0005263157894732055;0;0;0.0005263157894739534;0.0015789473684211124;0.0236842105263122;0.037894736842118665
1687956866;1.9021052631579598;0.0026315789473660275;0;0;0.0005263157894739534;0.0015789473684211124;0.036842105263154304;0.0505263157894756
1687956867;1.8547368421051558;0.0036842105263124383;0;0;0.0031578947368418506;0.004736842105263338;0.04526315789473756;0.07421052631578182
1687956868;1.7694736842105683;0.0036842105263124383;0;0;0.005789473684210122;0.00526315789473729;0.06684210526315693;0.13526315789473348
1687956869;1.685263157894664;0.008421052631577271;0;0;0.0094736842105263;0.008421052631578767;0.09157894736842154;0.18210526315789666
1687956870;1.6300000000000612;0.008421052631577271;0;0;0.01210526315789457;0.009473684210525926;0.10736842105262966;0.2157894736842057
1687956871;1.5710526315789664;0.01368421052631531;0;0;0.016842105263157908;0.013684210526316057;0.11947368421053134;0.24473684210526792
1687956872;1.5242105263157435;0.01368421052631531;0;0;0.018421052631579022;0.014210526315789264;0.128947368421061;0.27526315789473776
1687956873;1.4745816229869813;0.013682770234711655;0;0;0.01999789495842519;0.015261551415640787;0.1405115251026186;0.31049363224922977
1687956874;1.4036842105263196;0.0252631578947378;0;0;0.022105263157894826;0.016842105263157534;0.15894736842105167;0.3436842105263263
1687956875;1.3326315789472574;0.04315789473684474;0;0;0.02526315789473668;0.017894736842105442;0.1747368421052598;0.37526315789474257
1687956876;1.2615789473684824;0.06263157894737129;0;0;0.028421052631578528;0.01999999999999976;0.1889473684210483;0.4036842105263196
1687956877;1.1968421052630505;0.07947368421052584;0;0;0.031052631578947172;0.020526315789473712;0.19947368421052442;0.43368421052630424
1687956878;1.1189473684210642;0.10947368421052248;0;0;0.032631578947367915;0.02157894736842087;0.21052631578947367;0.46578947368421764
1687956879;1.049473684210553;0.12368421052631098;0;0;0.03526315789473655;0.02263157894736803;0.22052631578947654;0.5010526315789463
1687956880;0.9784210526314908;0.14842105263157557;0;0;0.03789473684210483;0.02631578947368421;0.2305263157894794;0.5294736842105234
1687956881;0.9142105263158316;0.14947368421052198;0;0;0.04052631578947347;0.031052631578946797;0.24736842105263396;0.5642105263157908
1687956882;0.8621052631579482;0.1515789473684208;0;0;0.043684210526315694;0.03421052631578977;0.2610526315789493;0.5942105263157875
1687956883;0.8105263157894544;0.1515789473684208;0;0;0.046842105263157546;0.03947368421052706;0.2736842105263122;0.6226315789473645
1687956884;0.765263157894687;0.1531578947368404;0;0;0.049999999999999774;0.04210526315789533;0.28368421052632103;0.6521052631579
1687956885;0.7326315789472765;0.1642105263157897;0;0;0.05263157894736804;0.042631578947368534;0.28157894736842226;0.6673684210526349
1687956886;0.7026315789473876;0.19000000000000072;0;0;0.05105263157894731;0.0436842105263157;0.2857894736842079;0.6705263157894741
1687956887;0.7136842105262889;0.22105263157894978;0;0;0.0494736842105262;0.04684210526315717;0.2736842105263182;0.6363157894736798
1687956888;0.7052631578947177;0.25736842105263086;0;0;0.0473684210526315;0.0505263157894741;0.2631578947368421;0.6157894736842009
1687956889;0.666842105263066;0.29947368421052917;0;0;0.04684210526315792;0.05578947368421064;0.25789473684211006;0.6110526315789421
1687956890;0.6242105263157244;0.3494736842105256;0;0;0.04473684210526286;0.05631578947368385;0.25578947368421123;0.6105263157894689
1687956891;0.5721052631578412;0.3931578947368375;0;0;0.046842105263157546;0.06263157894736904;0.26157894736842247;0.6110526315789541
1687956892;0.5637435519527911;0.40267396568059677;0;0;0.0473734077271291;0.065796399621012;0.25897462890830397;0.6053268765133172
1687956893;0.5831578947368382;0.39473684210526316;0;0;0.046842105263157546;0.06736842105263163;0.2536842105263124;0.5978947368420999
1687956894;0.6110526315789779;0.3768421052631562;0;0;0.045789473684210394;0.06684210526315768;0.24842105263158037;0.5942105263157875
1687956895;0.6147368421051826;0.3747368421052574;0;0;0.045263157894737185;0.06684210526315842;0.24473684210526195;0.5957894736842071
1687956896;0.6026315789474067;0.3868421052631591;0;0;0.04578947368421039;0.06631578947368448;0.24631578947368155;0.5963157894736804
1687956897;0.6078947368421627;0.3805263157894746;0;0;0.046315789473684345;0.06578947368421052;0.247368421052628;0.5942105263157755
1687956898;0.574736842105267;0.4163157894736885;0;0;0.045789473684210394;0.0684210526315788;0.2489473684210476;0.587894736842109
1687956899;0.5494736842105531;0.4378947368421079;0;0;0.04684210526315792;0.06736842105263088;0.24789473684210117;0.5905263157894871
1687956900;0.5415789473683712;0.4552631578947416;0;0;0.047368421052631504;0.06421052631579016;0.24578947368421433;0.5884210526315823
1687956901;0.5147368421052019;0.48210526315789304;0;0;0.04631578947368397;0.060526315789473976;0.24631578947368754;0.587894736842109
1687956902;0.4905263157894583;0.5073684210526308;0;0;0.04473684210526323;0.05631578947368385;0.24473684210526792;0.5905263157894751
1687956903;0.46894736842104495;0.5294736842105294;0;0;0.0436842105263157;0.05578947368420989;0.24263157894736914;0.5905263157894751
1687956904;0.4789473684210718;0.5184210526315801;0;0;0.04368421052631607;0.055789473684210646;0.24368421052631553;0.5910526315789484
1687956905;0.4973684210526699;0.5036842105263184;0;0;0.0436842105263157;0.05105263157894731;0.24105263157894952;0.5931578947368411
1687956906;0.49894736842102966;0.49789473684210117;0;0;0.04315789473684212;0.04894736842105224;0.24368421052631556;0.5942105263157875
1687956907;0.5152631578947828;0.48315789473683945;0;0;0.04421052631578928;0.04684210526315792;0.2399999999999971;0.5994736842105315
1687956908;0.5589473684211905;0.44421052631578634;0;0;0.046842105263157546;0.0447368421052636;0.2405263157894763;0.5973684210526387
1687956909;0.6105263157895885;0.3889473684210519;0;0;0.04631578947368396;0.0447368421052636;0.2399999999999971;0.5978947368421119
1687956910;0.6426315789474182;0.36315789473684684;0;0;0.04526315789473681;0.038421052631579154;0.2352631578947323;0.5957894736842071
1687956911;0.6226315789473647;0.3800000000000014;0;0;0.04526315789473681;0.036842105263158786;0.2373684210526311;0.6026315789473707
1687956912;0.5952631578947101;0.40684210526315284;0;0;0.04473684210526323;0.03526315789473693;0.23789473684211027;0.6042105263157904
1687956913;0.5810526315788975;0.4163157894736825;0;0;0.04631578947368434;0.035789473684210885;0.23578947368421146;0.6052631578947367
1687956914;0.5999999999999808;0.39894736842105477;0;0;0.04631578947368396;0.039473684210526314;0.23368421052631866;0.6042105263157904
1687956915;0.6094736842106182;0.38842105263157867;0;0;0.046315789473684345;0.04473684210526285;0.23315789473684545;0.6010526315789512
1687956916;0.5805263157895081;0.42105263157894735;0;0;0.04631578947368434;0.0442105263157889;0.23105263157894662;0.600526315789466
1687956917;0.5805263157895081;0.42368421052631333;0;0;0.04736842105263187;0.04210526315789533;0.22842105263158063;0.6021052631578976
1687956918;0.6105263157893971;0.39736842105262915;0;0;0.04578947368421076;0.04052631578947422;0.23105263157894662;0.5984210526315732
1687956919;0.6291756536378004;0.3824504182229461;0;0;0.04629386080277777;0.04103319480246206;0.22989110421378775;0.5955073912357272
1687956920;0.6436842105262928;0.36894736842105214;0;0;0.04684210526315792;0.04157894736842063;0.22789473684210143;0.5942105263157875
1687956921;0.6399999999999924;0.37421052631579016;0;0;0.04631578947368434;0.041052631578946674;0.22684210526315501;0.5931578947368412
1687956922;0.6347368421052364;0.3784210526315758;0;0;0.04684210526315792;0.040000000000000265;0.22789473684210143;0.5899999999999899
1687956923;0.6068421052630966;0.40368421052631365;0;0;0.046842105263157546;0.040000000000000265;0.22473684210526218;0.5957894736842071
1687956924;0.5884210526314986;0.4178947368421021;0;0;0.04842105263157941;0.04210526315789458;0.22421052631578897;0.5963157894736804
1687956925;0.5800000000000229;0.43631578947368826;0;0;0.050526315789473725;0.04315789473684249;0.221578947368417;0.5900000000000019
1687956926;0.5721052631578412;0.49157894736842267;0;0;0.048947368421052614;0.038947368421052356;0.2152631578947385;0.5578947368421004
1687956927;0.5726315789472305;0.5378947368421066;0;0;0.044210526315789644;0.034736842105262976;0.20315789473683682;0.5305263157894698
1687956928;0.5415789473683712;0.5642105263157848;0;0;0.04526315789473681;0.030526315789472847;0.20526315789473565;0.5410526315789339
1687956929;0.5057894736842411;0.546315789473678;0;0;0.04684210526315792;0.030526315789472847;0.22157894736841696;0.5836842105263115
1687956930;0.4842105263159235;0.5199999999999937;0;0;0.05105263157894731;0.028421052631578528;0.23368421052631866;0.6152631578947516
1687956931;0.4610526315790546;0.5010526315789464;0;0;0.05473684210526311;0.027368421052632118;0.2399999999999971;0.6536842105263077
1687956932;0.42421052631585837;0.49157894736841673;0;0;0.055789473684210264;0.027894736842104573;0.25157894736842557;0.693157894736846
1687956933;0.3699999999999387;0.49315789473684235;0;0;0.05789473684210496;0.02210526315789408;0.2621052631578897;0.7400000000000091
1687956934;0.33578947368407264;0.47684210526315496;0;0;0.058421052631578915;0.016842105263157534;0.2736842105263122;0.7863157894736871
1687956935;0.3373684210525282;0.43631578947368826;0;0;0.061578947368421136;0.016842105263158283;0.2821052631578954;0.8147368421052641
1687956936;0.34052631578934345;0.3857894736842126;0;0;0.06263157894736829;0.015789473684210374;0.29578947368421077;0.8531578947368319
1687956937;0.3094736842105799;0.3657894736842129;0;0;0.06421052631578941;0.014736842105263217;0.3057894736842136;0.8989473684210487
1687956938;0.26328260755084937;0.36438312885050594;0;0;0.06582065188773592;0.013164130377547259;0.31225317255541835;0.9436048654625913
1687956939;0.2247368421051904;0.3526315789473708;0;0;0.06684210526315805;0.013157894736842105;0.32263157894736816;0.9852631578947502
1687956940;0.20157894736841722;0.32631578947368656;0;0;0.0684210526315788;0.0126315789473689;0.33526315789473704;1.0268421052631456
1687956941;0.17789473684206314;0.3757894736842158;0;0;0.06736842105263163;0.01157894736842099;0.33105263157894543;1.0126315789473688
1687956942;0.15263157894734927;0.45000000000000356;0;0;0.06473684210526337;0.011578947368420245;0.32263157894736816;0.9773684210526281
1687956943;0.12842105263160575;0.4342105263157895;0;0;0.06947368421052633;0.012105263157894945;0.33789473684210314;1.002631578947366
1687956944;0.1089473684210373;0.3905263157894715;0;0;0.07000000000000028;0.00999999999999988;0.34999999999999876;1.0589473684210589
1687956945;0.09315789473686507;0.3099999999999993;0;0;0.07315789473684213;0.009473684210525926;0.3715789473684241;1.1273684210526353
1687956946;0.043157894736922525;0.26157894736841647;0;0;0.08000000000000015;0.009473684210525926;0.3942105263157899;1.1963157894736969
1687956947;0.022631578947383737;0.23578947368421146;0;0;0.08052631578947374;0.008947368421052721;0.4042105263157868;1.232105263157899
1687956948;0.02684210526316938;0.23631578947369064;0;0;0.08105263157894732;0.009473684210525926;0.39894736842105477;1.229473684210521
1687956949;0.025263157894618127;0.23684210526316385;0;0;0.0773684210526315;0.009473684210525926;0.399473684210528;1.236842105263146
1687956950;0.026842105263073644;0.2305263157894794;0;0;0.07684210526315756;0.009473684210525926;0.39842105263158156;1.2426315789473752
1687956951;0.021578947368413395;0.3242105263157937;0;0;0.0731578947368425;0.007894736842105562;0.38105263157894187;1.1747368421052597
1687956952;0.0221052631579943;0.33631578947368346;0;0;0.07368421052631607;0.01157894736842174;0.3857894736842187;1.1557894736842003
1687956953;0.024736842105324428;0.33526315789473704;0;0;0.07473684210526324;0.015789473684211124;0.38736842105263225;1.1457894736842096
1687956954;0.02315789473686891;0.3210526315789426;0;0;0.07368421052631571;0.01631578947368433;0.3910526315789507;1.1610526315789564
1687956955;0.02000000000005361;0.3210526315789426;0;0;0.07263157894736855;0.016315789473683583;0.3857894736842127;1.1700000000000128
1687956956;0.017894736842112922;0.399473684210528;0;0;0.06999999999999991;0.017368421052631488;0.36894736842104614;1.1078947368421028
1687956957;0.016315789473753138;0.45315789473684276;0;0;0.06894736842105274;0.0189473684210526;0.3642105263157933;1.0610526315789395
1687956958;0.017894736842208655;0.4515789473684232;0;0;0.07052631578947349;0.020526315789473712;0.36368421052631406;1.0605263157894664
1687956959;0.018421052631598094;0.4473684210526315;0;0;0.07210526315789459;0.020526315789473712;0.36368421052631406;1.0626315789473832
1687956960;0.019473684210568436;0.3731578947368378;0;0;0.07315789473684213;0.021052631578946917;0.3768421052631562;1.1210526315789568
1687956961;0.02052631578953878;0.3278947368421062;0;0;0.07473684210526287;0.020526315789473712;0.38789473684210546;1.1531578947368464
1687956962;0.02000000000005361;0.3484210526315792;0;0;0.06999999999999953;0.019473684210526553;0.38315789473684064;1.139473684210531
1687956963;0.021052631579023956;0.3484210526315792;0;0;0.07052631578947385;0.020000000000000507;0.38736842105263225;1.1331578947368406
1687956964;0.020526315789443045;0.3484210526315792;0;0;0.06999999999999991;0.021052631578947666;0.3868421052631591;1.1331578947368286
1687956965;0.019999999999957874;0.3542105263157964;0;0;0.06578947368421015;0.021052631578947666;0.38421052631578706;1.1357894736841945
1687956966;0.019999999999957874;0.4273684210526378;0;0;0.06315789473684225;0.021052631578947666;0.36526315789474567;1.0768421052631596
1687956967;0.016842105263142573;0.47315789473684255;0;0;0.061578947368421136;0.022105263157894826;0.35736842105262967;1.0436842105263118
1687956968;0.015263157894782796;0.47421052631578897;0;0;0.06315789473684225;0.02157894736842087;0.35526315789473684;1.0447368421052703
1687956969;0.013157894736842105;0.46947368421052416;0;0;0.061578947368421136;0.02263157894736803;0.3584210526315821;1.0505263157894755
1687956970;0.013684210526327277;0.37894736842104904;0;0;0.06368421052631545;0.02263157894736803;0.37631578947368893;1.123684210526311
1687956971;0.012631578947356933;0.40210526315789397;0;0;0.06210526315789472;0.019473684210525803;0.36105263157894807;1.1178947368421057
1687956972;0.010526315789511978;0.47421052631578897;0;0;0.06052631578947361;0.015789473684210374;0.34526315789473994;1.0689473684210617
1687956973;0.010526315789511978;0.47421052631578897;0;0;0.06526315789473656;0.015789473684210378;0.34684210526315357;1.062105263157898
1687956974;0.014736842105297623;0.47263157894736935;0;0;0.0626315789473683;0.01526315789473717;0.3510526315789452;1.056842105263154
1687956975;0.014736842105297623;0.3978947368421024;0;0;0.06210526315789472;0.014210526315789264;0.3694736842105313;1.1178947368421057
1687956976;0.01421052631581245;0.34631578947368036;0;0;0.05789473684210533;0.012105263157894198;0.37999999999999545;1.165263157894742
1687956977;0.012631578947356933;0.347894736842106;0;0;0.053157894736842;0.00999999999999988;0.38368421052631985;1.1678947368420962
1687956978;0.016315789473753138;0.3542105263157844;0;0;0.05263157894736842;0.014736842105263217;0.38736842105263225;1.1526315789473611
1687956979;0.015263157894782796;0.35526315789473684;0;0;0.04999999999999977;0.017894736842105442;0.3921052631578971;1.148947368421037
1687956980;0.01421052631581245;0.2999999999999964;0;0;0.048947368421052614;0.021052631578947666;0.4078947368421112;1.188421052631575
1687956981;0.013684210526327277;0.2721052631578926;0;0;0.04631578947368434;0.019473684210525807;0.4115789473684237;1.2215789473684229
1687956982;0.019999999999957874;0.2726315789473658;0;0;0.04421052631578928;0.019473684210526553;0.4078947368421052;1.2178947368420985
1687956983;0.02315789473686891;0.27157894736841937;0;0;0.04052631578947385;0.0189473684210526;0.40684210526315884;1.2215789473684229
1687956984;0.04842105263158278;0.29052631578947274;0;0;0.039473684210526314;0.021052631578947666;0.4031578947368464;1.185789473684221
1687956985;0.09842105263162107;0.26578947368420813;0;0;0.03842105263157878;0.021052631578947666;0.4005263157894684;1.1684210526315812
1687956986;0.14842105263156363;0.26999999999999974;0;0;0.03526315789473655;0.018947368421053348;0.3878947368421055;1.1321052631579063
1687956987;0.17684210526318853;0.29421052631579114;0;0;0.03157894736842112;0.018947368421053348;0.3778947368421086;1.0889473684210436
1687956988;0.18157894736845934;0.29368421052631793;0;0;0.029473684210526808;0.017368421052632237;0.38315789473684064;1.0821052631578918
1687956989;0.1836842105263043;0.2905263157894787;0;0;0.026315789473684584;0.017368421052632237;0.3889473684210519;1.0826315789473768
1687956990;0.19000000000003062;0.25631578947368444;0;0;0.023157894736842356;0.017368421052632234;0.4042105263157808;1.097894736842112
1687956991;0.19473684210530143;0.18315789473684305;0;0;0.020000000000000132;0.016842105263158283;0.42105263157894135;1.1563157894736855
1687956992;0.19842105263150617;0.18263157894736984;0;0;0.012105263157894945;0.015789473684211124;0.4205263157894742;1.162105263157891
1687956993;0.19421052631572053;0.18684210526316147;0;0;0.012105263157894945;0.01631578947368433;0.42105263157894735;1.1610526315789444
1687956994;0.19578947368417604;0.1878947368421079;0;0;0.013157894736842105;0.016842105263157534;0.42157894736842055;1.1563157894736855
1687956995;0.1994736842104765;0.18421052631579546;0;0;0.014210526315789639;0.016842105263157534;0.42473684210526574;1.1484210526315755
1687956996;0.20052631578944685;0.1836842105263103;0;0;0.014210526315789639;0.016842105263157534;0.42999999999999783;1.1415789473684357
1687956997;0.19736842105263155;0.177894736842105;0;0;0.011052631578947786;0.012631578947368152;0.4300000000000038;1.157368421052632
1687956998;0.1994736842104765;0.1736842105263134;0;0;0.012105263157894945;0.008947368421052721;0.4294736842105246;1.1636842105263225
1687956999;0.2015789473684172;0.17631578947368537;0;0;0.011578947368421365;0.005789473684210496;0.4268421052631526;1.1642105263157956
1687957000;0.2026315789472918;0.1763157894736854;0;0;0.01157894736842099;0.006842105263158403;0.4294736842105246;1.1589473684210516
1687957001;0.20263157894738756;0.17736842105263778;0;0;0.010526315789473458;0.005789473684210496;0.4336842105263162;1.1563157894736857
1687957002;0.2015789473684172;0.1789473684210574;0;0;0.011052631578947038;0.005789473684211245;0.4331578947368371;1.1563157894736975
1687957003;0.17631578947370335;0.15789473684209926;0;0;0.010000000000000253;0.0036842105263161784;0.4415789473684203;1.1926315789473607
1687957004;0.12789473684212058;0.1415789473684239;0;0;0.011578947368421365;0.004210526315789383;0.4605263157894737;1.2378947368421043
1687957005;0.08157894736847848;0.09157894736842154;0;0;0.01210526315789532;0.008421052631578767;0.48315789473684545;1.3073684210526273
1687957006;0.05421052631582393;0.06578947368421052;0;0;0.011578947368421367;0.008421052631578767;0.4952631578947352;1.3515789473684243
1687957007;0.05315789473685359;0.06684210526315693;0;0;0.012105263157894572;0.008421052631578767;0.4947368421052619;1.3500000000000048
1687957008;0.05578947368427945;0.06894736842104976;0;0;0.012631578947368152;0.008947368421051972;0.49210526315789593;1.3478947368421
1687957009;0.051578947368398076;0.06736842105263013;0;0;0.012631578947368152;0.008421052631578019;0.49210526315789593;1.3536842105263172
1687957010;0.047894736842001864;0.07368421052631459;0;0;0.012631578947368152;0.00999999999999988;0.4900000000000031;1.351052631578951
1687957011;0.05000000000003829;0.0731578947368414;0;0;0.013157894736842105;0.011578947368420245;0.49157894736842267;1.3478947368421
1687957012;0.05421052631582394;0.07157894736841579;0;0;0.01263157894736815;0.012105263157894945;0.49526315789473513;1.3436842105263143
1687957013;0.05263157894736842;0.06894736842105574;0;0;0.01157894736842099;0.01157894736842174;0.4947368421052619;1.3499999999999928
1687957014;0.04894736842106795;0.07263157894736819;0;0;0.01052631578947346;0.01157894736842174;0.4884210526315834;1.3594736842105224
1687957015;0.05052631578952346;0.07473684210526099;0;0;0.00999999999999988;0.012105263157894945;0.48368421052631266;1.3626315789473615
1687957016;0.05473684210530911;0.07789473684210621;0;0;0.01210526315789457;0.0126315789473689;0.4810526315789406;1.353157894736844
1687957017;0.05842105263160958;0.077368421052633;0;0;0.011052631578947411;0.013157894736842854;0.4815789473684199;1.3494736842105195
1687957018;0.057368421052639236;0.07684210526315981;0;0;0.011052631578947411;0.013157894736842854;0.48210526315789304;1.350526315789466
1687957019;0.05789473684212441;0.07842105263157942;0;0;0.010526315789473833;0.013157894736842105;0.4800000000000002;1.3515789473684243
1687957020;0.05157894736839807;0.07842105263157942;0;0;0.010526315789473833;0.013157894736842105;0.48052631578947347;1.3584210526315759
1687957021;0.05368421052633876;0.08631578947368349;0;0;0.011578947368421365;0.01368421052631531;0.4826315789473722;1.3463157894736804
1687957022;0.05842105263160958;0.08368421052632344;0;0;0.011578947368421365;0.015263157894736423;0.48210526315789903;1.3431578947368532
1687957023;0.08210526315786792;0.08210526315789186;0;0;0.010000000000000253;0.017894736842104693;0.47210526315789614;1.329999999999999
1687957024;0.12736842105253965;0.13263157894736746;0;0;0.0094736842105263;0.014736842105263217;0.44842105263157794;1.2621052631579075
1687957025;0.16736842105255115;0.17210526315789376;0;0;0.00999999999999988;0.014736842105263217;0.4294736842105246;1.201578947368417
1687957026;0.169999999999977;0.17263157894736697;0;0;0.008947368421052721;0.014736842105263217;0.4284210526315782;1.20368421052631
1687957027;0.16842105263152152;0.17210526315789376;0;0;0.008421052631579141;0.014210526315790012;0.4294736842105246;1.201578947368429
1687957028;0.1715789473683368;0.17578947368421816;0;0;0.0094736842105263;0.015789473684210374;0.42473684210526574;1.1994736842105245
1687957029;0.1773684210526737;0.16947368421053374;0;0;0.0094736842105263;0.014210526315788516;0.42578947368421216;1.201578947368405
1687957030;0.17473684210524784;0.16894736842106053;0;0;0.008421052631579141;0.013157894736842105;0.42263157894737297;1.2078947368421076
1687957031;0.17789473684206314;0.1668421052631677;0;0;0.0094736842105263;0.013157894736842105;0.4236842105263193;1.2036842105263101
1687957032;0.18000000000000382;0.16631578947368253;0;0;0.010000000000000253;0.01368421052631531;0.4268421052631586;1.1994736842105362
1687957033;0.18210526315784878;0.16578947368420932;0;0;0.010000000000000253;0.014210526315789264;0.42578947368420617;1.1968421052631704
1687957034;0.17947368421042292;0.1652631578947361;0;0;0.010526315789473833;0.013684210526316059;0.425263157894745;1.201052631578956
1687957035;0.17421052631566694;0.16684210526316173;0;0;0.007894736842105187;0.012631578947368152;0.4236842105263193;1.2078947368420956
1687957036;0.17473684210524784;0.17157894736842058;0;0;0.008947368421052346;0.013157894736842105;0.4226315789473729;1.203684210526322
1687957037;0.1784210526315483;0.17105263157894737;0;0;0.008947368421052346;0.01368421052631531;0.4231578947368402;1.201052631578944
1687957038;0.1784210526315483;0.16736842105263494;0;0;0.00999999999999988;0.012631578947368152;0.4242105263157866;1.2026315789473636
1687957039;0.17947368421051865;0.16894736842104857;0;0;0.00999999999999988;0.012631578947368152;0.4242105263157926;1.201052631578956
1687957040;0.17631578947370335;0.2021052631578904;0;0;0.0094736842105263;0.011578947368420993;0.41210526315789087;1.1799999999999917
1687957041;0.1784210526315483;0.20473684210525644;0;0;0.01105263157894704;0.011578947368420993;0.41210526315789087;1.174736842105248
1687957042;0.15631578947364974;0.1742105263157866;0;0;0.011578947368420993;0.008421052631579516;0.4273684210526318;1.2163157894736787
1687957043;0.10789473684216269;0.14631578947368276;0;0;0.011578947368420993;0.007368421052631608;0.4468421052631584;1.27263157894736
1687957044;0.06894736842102582;0.13526315789473348;0;0;0.011052631578947413;0.007894736842104814;0.45789473684210763;1.3089473684210589
1687957045;0.06736842105257031;0.16789473684210812;0;0;0.011052631578947413;0.008421052631578767;0.4489473684210512;1.2852631578947407
1687957046;0.06736842105257031;0.1673684210526349;0;0;0.011578947368420993;0.008947368421051972;0.4542105263157892;1.2831578947368358
1687957047;0.06526315789472535;0.1647368421052569;0;0;0.012105263157894945;0.008947368421053469;0.45947368421052726;1.2815789473684283
1687957048;0.06315789473678465;0.1747368421052538;0;0;0.012105263157894945;0.008947368421053469;0.458947368421048;1.271052631578952
1687957049;0.06842105263154065;0.1836842105263103;0;0;0.011578947368420993;0.008421052631579516;0.4605263157894677;1.2557894736842052
1687957050;0.06263157894739523;0.1857894736842031;0;0;0.011578947368420993;0.007894736842105562;0.4568421052631553;1.2647368421052616
1687957051;0.06210526315791005;0.1842105263157835;0;0;0.011052631578947413;0.007368421052632357;0.4568421052631553;1.2668421052631544
1687957052;0.06947368421060673;0.18263157894736984;0;0;0.01263157894736815;0.008947368421052721;0.4568421052631553;1.262631578947369
1687957053;0.07263157894742203;0.177894736842111;0;0;0.01210526315789457;0.008947368421052721;0.45631578947368207;1.2615789473684105
1687957054;0.07578947368423733;0.17578947368420622;0;0;0.013157894736842105;0.010526315789473833;0.45842105263157484;1.2573684210526488
1687957055;0.0731578947369072;0.17105263157894735;0;0;0.012105263157894945;0.00999999999999988;0.458947368421048;1.262631578947369
1687957056;0.07263157894742203;0.16842105263157536;0;0;0.012631578947368525;0.010526315789473833;0.46210526315789924;1.2615789473684225
1687957057;0.07684210526330341;0.16789473684210215;0;0;0.012105263157894572;0.010526315789473833;0.45684210526316116;1.263684210526315
1687957058;0.07894736842114837;0.1668421052631617;0;0;0.011578947368420993;0.011052631578947786;0.456315789473682;1.263157894736842
1687957059;0.07842105263156746;0.12526315789474257;0;0;0.010526315789473458;0.011052631578947786;0.46473684210526534;1.298947368421068
1687957060;0.07842105263166319;0.12526315789473658;0;0;0.009999999999999879;0.014736842105263218;0.4663157894736849;1.2936842105263238
1687957061;0.08263157894744884;0.1247368421052634;0;0;0.009999999999999506;0.016842105263158283;0.4615789473684201;1.2915789473684312
1687957062;0.08421052631571288;0.11631578947368014;0;0;0.009999999999999506;0.021052631578947666;0.46210526315789324;1.2921052631578922
1687957063;0.08157894736838275;0.1505263157894744;0;0;0.010526315789473085;0.02421052631578989;0.4573684210526284;1.2668421052631547
1687957064;0.07684210526311193;0.21736842105263132;0;0;0.010526315789473085;0.02368421052631594;0.4415789473684203;1.2189473684210448
1687957065;0.08368421052641918;0.2652631578947349;0;0;0.01052631578947346;0.02631578947368421;0.42157894736842055;1.180526315789477
1687957066;0.08631578947374931;0.2636842105263153;0;0;0.008947368421052346;0.030526315789473592;0.4194736842105278;1.1773684210526256
1687957067;0.08789473684220482;0.2547368421052708;0;0;0.008947368421052346;0.036315789473684086;0.4178947368421081;1.1815789473684233
1687957068;0.08052631578960388;0.2536842105263124;0;0;0.008947368421052346;0.038421052631578405;0.42157894736842655;1.186315789473694
1687957069;0.08315789473683827;0.2521052631578988;0;0;0.008947368421052721;0.039473684210526314;0.42157894736842655;1.183684210526328
1687957070;0.0857894736841684;0.2521052631578988;0;0;0.008421052631578767;0.039473684210526314;0.42157894736842055;1.180526315789477
1687957071;0.08052631578950814;0.2505263157894732;0;0;0.007368421052631608;0.037368421052631995;0.42526315789474495;1.1836842105263043
1687957072;0.0847368421052938;0.2536842105263184;0;0;0.010000000000000253;0.03894736842105236;0.4273684210526318;1.1715789473684204
1687957073;0.08315789473683827;0.2505263157894792;0;0;0.0094736842105263;0.0378947368421052;0.43105263157895024;1.1778947368420989
1687957074;0.07999999999992724;0.25157894736842557;0;0;0.0094736842105263;0.037368421052631245;0.4284210526315782;1.1826315789473578
1687957075;0.07684210526311194;0.2547368421052648;0;0;0.008947368421052721;0.036842105263158044;0.4236842105263134;1.1868421052631555
1687957076;0.07421052631568607;0.25736842105263086;0;0;0.0094736842105263;0.03842105263157841;0.427894736842105;1.1794736842105307
1687957077;0.07684210526311194;0.2563157894736785;0;0;0.0094736842105263;0.03842105263157841;0.425263157894739;1.1799999999999917
1687957078;0.07526315789475216;0.25947368421052364;0;0;0.0094736842105263;0.03842105263157841;0.4268421052631586;1.1794736842105187
1687957079;0.07210526315784113;0.2610526315789493;0;0;0.0094736842105263;0.035789473684210885;0.4284210526315782;1.1821052631578965
1687957080;0.06789473684205548;0.2610526315789493;0;0;0.0094736842105263;0.033684210526315816;0.433157894736843;1.1836842105263163
1687957081;0.06894736842112156;0.24631578947368754;0;0;0.010000000000000253;0.029473684210526433;0.4400000000000007;1.1973684210526314
1687957082;0.07368421052639237;0.18631578947368826;0;0;0.010526315789474206;0.02736842105263137;0.4573684210526344;1.2352631578947384
1687957083;0.07368421052639237;0.08789473684210311;0;0;0.010526315789474206;0.02736842105263137;0.48263157894737224;1.3100000000000052
1687957084;0.06315789473678465;0.04368421052631794;0;0;0.010526315789473833;0.02421052631578989;0.4994736842105268;1.3489473684210465
1687957085;0.06263157894739523;0.04894736842105598;0;0;0.011578947368421365;0.01999999999999976;0.5;1.3484210526315732
1687957086;0.06157894736832914;0.05052631578946962;0;0;0.012631578947368525;0.014736842105262469;0.5021052631578988;1.3500000000000045
1687957087;0.06473684210524018;0.04526315789474354;0;0;0.014210526315789637;0.013684210526316059;0.49789473684210117;1.3552631578947367
1687957088;0.06157894736852061;0.04578947368421076;0;0;0.013157894736842105;0.012105263157894198;0.49789473684210117;1.360526315789469
1687957089;0.058947368421094756;0.04684210526315717;0;0;0.014210526315789264;0.012105263157894198;0.49526315789474107;1.364210526315793
1687957090;0.055789473684183716;0.04789473684210359;0;0;0.013684210526315684;0.012105263157894198;0.49315789473684235;1.3700000000000103
1687957091;0.04842105263158278;0.05368421052630885;0;0;0.012105263157894572;0.012105263157894945;0.4899999999999971;1.3784210526315817
1687957092;0.05210526315788325;0.05473684210525526;0;0;0.011578947368420993;0.011578947368420993;0.4863157894736847;1.3731578947368377
1687957093;0.05263157894736842;0.058421052631579665;0;0;0.011578947368420993;0.011578947368420993;0.48736842105263706;1.3689473684210642
1687957094;0.0542105263157282;0.06157894736841889;0;0;0.01263157894736815;0.013157894736842105;0.4900000000000031;1.3615789473684272
1687957095;0.05315789473685359;0.058421052631579665;0;0;0.011578947368420993;0.01157894736842174;0.4889473684210567;1.3715789473684181
1687957096;0.049999999999942556;0.058421052631579665;0;0;0.012105263157894945;0.011052631578947786;0.49315789473684235;1.3699999999999983
1687957097;0.05263157894727268;0.05473684210526124;0;0;0.0126315789473689;0.011052631578947786;0.4963157894736815;1.3668421052631592
1687957098;0.048947368420972207;0.05157894736842201;0;0;0.011578947368421365;0.008421052631578767;0.49368421052631556;1.3794736842105282
1687957099;0.04578947368415691;0.053684210526320816;0;0;0.011578947368421365;0.008947368421051972;0.49368421052631556;1.3794736842105282
1687957100;0.04263157894734161;0.05947368421052607;0;0;0.012631578947368525;0.010526315789473085;0.49578947368420834;1.3715789473684181
1687957101;0.06052631578955027;0.07631578947368062;0;0;0.011578947368420993;0.008947368421052721;0.4810526315789466;1.3542105263157904
1687957102;0.10947368421061822;0.12421052631579019;0;0;0.011578947368420993;0.008947368421052721;0.45789473684210164;1.2799999999999967
1687957103;0.13526315789472151;0.17947368421052462;0;0;0.011052631578947413;0.00999999999999988;0.4342105263157835;1.224210526315789
1687957104;0.13578947368420669;0.17631578947367943;0;0;0.010526315789473458;0.008947368421052721;0.43263157894736387;1.2263157894736816
1687957105;0.13578947368420669;0.1736842105263134;0;0;0.009999999999999879;0.008421052631579516;0.43368421052631023;1.2289473684210477
1687957106;0.13684210526317703;0.17210526315789376;0;0;0.0094736842105263;0.008421052631579516;0.4378947368421019;1.2289473684210597
1687957107;0.1415789473683521;0.17000000000000093;0;0;0.0094736842105263;0.008421052631579516;0.43999999999999473;1.2226315789473694
1687957108;0.14526315789474833;0.17052631578947416;0;0;0.009473684210526299;0.010526315789473833;0.4378947368421019;1.2173684210526252
1687957109;0.14631578947362295;0.17315789473684617;0;0;0.009999999999999879;0.016315789473684332;0.4415789473684203;1.2031578947368367
1687957110;0.1473684210525933;0.16736842105263494;0;0;0.0094736842105263;0.014736842105263218;0.4421052631578995;1.2084210526315688
1687957111;0.14473684210526316;0.16842105263158136;0;0;0.011578947368421365;0.015789473684210374;0.43947368421052746;1.212105263157893
1687957112;0.1478947368421742;0.1647368421052629;0;0;0.012105263157894945;0.015789473684210374;0.4384210526315751;1.2126315789473665
1687957113;0.14842105263165936;0.15894736842105764;0;0;0.011052631578947786;0.01368421052631531;0.4342105263157895;1.2236842105263157
1687957114;0.14736842105268902;0.16210526315789686;0;0;0.012105263157894945;0.01368421052631531;0.43631578947368227;1.216315789473691
1687957115;0.14631578947371868;0.1642105263157957;0;0;0.013684210526316059;0.014210526315789264;0.43421052631578944;1.2157894736842176
1687957116;0.14631578947371868;0.16368421052632248;0;0;0.013157894736842105;0.014210526315789264;0.430526315789477;1.2189473684210568
1687957117;0.1515789473685704;0.16052631578947726;0;0;0.012631578947368525;0.014210526315789264;0.430526315789477;1.2189473684210448
1687957118;0.15315789473693017;0.15894736842105167;0;0;0.012631578947368525;0.014210526315789264;0.4331578947368431;1.2157894736842056
1687957119;0.15421052631590051;0.154736842105266;0;0;0.01157894736842099;0.013157894736842105;0.42842105263158414;1.2252631578947355
1687957120;0.14052631578938177;0.14263157894737033;0;0;0.01315789473684173;0.013157894736842105;0.43473684210526264;1.2410526315789434
1687957121;0.09631578947358464;0.09210526315789473;0;0;0.013684210526315684;0.013157894736842105;0.453684210526316;1.3184210526315765
1687957122;0.07421052631587755;0.032105263157895456;0;0;0.013684210526315684;0.012105263157894945;0.471578947368423;1.3810526315789478
1687957123;0.07315789473681146;0.03263157894736866;0;0;0.012631578947368525;0.0121052631578942;0.4747368421052622;1.3815789473684328
1687957124;0.07105263157896652;0.034736842105261484;0;0;0.012631578947368525;0.0121052631578942;0.47421052631578897;1.3805263157894627
1687957125;0.06736842105257031;0.035263157894734685;0;0;0.01210526315789457;0.01105263157894629;0.47421052631579497;1.3836842105263019
1687957126;0.064210526315755;0.04052631578946674;0;0;0.013684210526315684;0.0121052631578942;0.4763157894736878;1.3784210526315817
1687957127;0.0631578947368804;0.039473684210526314;0;0;0.013684210526316059;0.010526315789473833;0.47947368421052705;1.378947368421055
1687957128;0.06526315789472535;0.03736842105262751;0;0;0.01526315789473717;0.005789473684210496;0.4773684210526282;1.384210526315787
1687957129;0.06684210526318088;0.034736842105261484;0;0;0.014736842105263217;0.005789473684210496;0.4805263157894734;1.3821052631579063
1687957130;0.06684210526318088;0.033157894736841866;0;0;0.01263157894736815;0.004736842105263338;0.48315789473683945;1.3836842105263258
1687957131;0.06473684210524017;0.03368421052631507;0;0;0.012631578947368525;0.004736842105263338;0.4884210526315775;1.3800000000000012
1687957132;0.06157894736842488;0.035789473684207894;0;0;0.012631578947368525;0.004736842105263338;0.4910526315789435;1.3805263157894747
1687957133;0.060526315789454534;0.037894736842100714;0;0;0.013157894736842105;0.00526315789473729;0.4910526315789435;1.378947368421043
1687957134;0.06421052631575501;0.034736842105255496;0;0;0.011578947368420993;0.005263157894736543;0.4884210526315775;1.3800000000000012
1687957135;0.06157894736842488;0.036315789473681095;0;0;0.011578947368420993;0.005263157894736543;0.4889473684210507;1.3831578947368406
1687957136;0.05631578947357316;0.04578947368421076;0;0;0.013157894736842105;0.00631578947368445;0.4899999999999971;1.374210526315784
1687957137;0.058947368421094756;0.04526315789473756;0;0;0.013157894736842105;0.005789473684211245;0.4889473684210507;1.373684210526311
1687957138;0.0663157894736957;0.04631578947368396;0;0;0.013157894736842105;0.005789473684211245;0.4905263157894703;1.3663157894736861
1687957139;0.06421052631585074;0.08105263157894545;0;0;0.012105263157894945;0.00631578947368445;0.4852631578947323;1.3394736842105286
1687957140;0.05947368421057993;0.18157894736842345;0;0;0.01157894736842099;0.00631578947368445;0.4647368421052653;1.2647368421052736
1687957141;0.062105263157910054;0.2389473684210507;0;0;0.012631578947368525;0.006842105263158403;0.45947368421052726;1.2073684210526343
1687957142;0.05947368421057993;0.27789473684210975;0;0;0.016842105263157534;0.011052631578947786;0.44578947368421196;1.1731578947368402
1687957143;0.05631578947366889;0.3278947368421122;0;0;0.019473684210526553;0.017894736842105442;0.4331578947368431;1.1326315789473793
1687957144;0.061052631578939705;0.3631578947368409;0;0;0.022105263157894826;0.02315789473684273;0.42210526315789376;1.0926315789473677
1687957145;0.0915789473685053;0.3678947368421057;0;0;0.02368421052631594;0.023684210526315936;0.4094736842105308;1.0657894736842106
1687957146;0.14263157894732248;0.36736842105262657;0;0;0.024210526315789516;0.027894736842105323;0.39368421052631675;1.026315789473684
1687957147;0.18684210526321532;0.36999999999999855;0;0;0.02631578947368421;0.029999999999999638;0.38368421052631385;0.9826315789473602
1687957148;0.23842105263151767;0.36947368421052534;0;0;0.030526315789473592;0.031052631578947547;0.3657894736842069;0.9410526315789531
1687957149;0.2610526315789014;0.39894736842105477;0;0;0.03157894736842112;0.031052631578947547;0.353157894736844;0.8952631578947363
1687957150;0.2626315789472612;0.45578947368420886;0;0;0.03315789473684186;0.032105263157894706;0.33368421052631747;0.8515789473684243
1687957151;0.26315789473674633;0.5084210526315772;0;0;0.034736842105262976;0.033684210526315816;0.31894736842105575;0.8052631578947345
1687957152;0.2626315789472612;0.5557894736842136;0;0;0.03684210526315767;0.035789473684210135;0.30421052631579404;0.7642105263157885
1687957153;0.2842105263158661;0.5810526315789515;0;0;0.0399999999999999;0.03526315789473693;0.29368421052631793;0.7252631578947354
1687957154;0.3378947368421091;0.5794736842105258;0;0;0.04210526315789421;0.0378947368421052;0.281052631578949;0.677894736842099
1687957155;0.3563157894737072;0.6021052631578916;0;0;0.04315789473684174;0.04052631578947347;0.26631578947368134;0.6431578947368435
1687957156;0.3952631578947483;0.6115789473684152;0;0;0.04526315789473681;0.04684210526315717;0.2494736842105268;0.6010526315789393
1687957157;0.4342105263156937;0.6121052631578945;0;0;0.04631578947368396;0.05315789473684088;0.23526315789473828;0.5642105263157908
1687957158;0.4836842105262468;0.5700000000000021;0;0;0.04789473684210509;0.05526315789473669;0.229473684210533;0.5557894736842196
1687957159;0.5352631578947407;0.4726315789473634;0;0;0.050526315789473725;0.055789473684210646;0.23789473684210427;0.5815789473684185
1687957160;0.5715789473683559;0.42736842105263184;0;0;0.0510526315789473;0.055789473684210646;0.23210526315789903;0.5931578947368411
1687957161;0.5947368421052248;0.41631578947367653;0;0;0.04894736842105299;0.05473684210526274;0.23000000000000023;0.5884210526315703
1687957162;0.6373684210526622;0.37052631578947176;0;0;0.048947368421052614;0.05368421052631632;0.23210526315789304;0.587894736842109
1687957163;0.680526315789489;0.33631578947368346;0;0;0.047894736842105455;0.05368421052631558;0.2252631578947354;0.582631578947377
1687957164;0.7005263157893511;0.32789473684210624;0;0;0.04789473684210508;0.05842105263157891;0.22052631578947057;0.5763157894736866
1687957165;0.6842105263157894;0.34000000000000785;0;0;0.0494736842105262;0.059999999999999276;0.22315789473684255;0.5768421052631478
1687957166;0.6426315789474182;0.381578947368421;0;0;0.04684210526315793;0.05789473684210571;0.22157894736842293;0.5821052631579038
1687957167;0.58842105263169;0.4368421052631615;0;0;0.044736842105263235;0.05736842105263101;0.22157894736842293;0.5815789473684067
1687957168;0.5968421052631655;0.4226315789473669;0;0;0.04631578947368397;0.058947368421052866;0.2257894736842146;0.5821052631578918
1687957169;0.6447368421053589;0.3663157894736861;0;0;0.04631578947368434;0.058421052631578915;0.226842105263161;0.5857894736842162
1687957170;0.6910526315790009;0.32000000000000217;0;0;0.046842105263157546;0.057368421052631006;0.2257894736842086;0.5847368421052699
1687957171;0.6994736842105722;0.31263157894737126;0;0;0.046315789473684345;0.0563157894736846;0.22368421052631576;0.5889473684210554
1687957172;0.6715789473683367;0.3384210526315823;0;0;0.04526315789473681;0.056842105263158554;0.22473684210526218;0.5884210526315703
1687957173;0.6226315789473647;0.3831578947368466;0;0;0.046315789473684345;0.0563157894736846;0.2263157894736818;0.587894736842097
1687957174;0.6542105263158047;0.3542105263157904;0;0;0.04684210526315792;0.05315789473684163;0.22736842105262822;0.5915789473684334
1687957175;0.6478947368419827;0.35894736842105524;0;0;0.04842105263157903;0.04894736842105299;0.22736842105262822;0.5921052631579067
1687957176;0.6257894736841798;0.38421052631578706;0;0;0.047894736842105455;0.04210526315789533;0.2263157894736818;0.592631578947368
1687957177;0.5910526315789244;0.4152631578947361;0;0;0.048947368421052614;0.04052631578947422;0.22684210526315501;0.5957894736842071
1687957178;0.5657894736841147;0.4368421052631615;0;0;0.049999999999999774;0.041052631578946674;0.23000000000000023;0.5968421052631535
1687957179;0.5473684210526124;0.4505263157894708;0;0;0.051578947368420884;0.04894736842105224;0.23105263157894662;0.5973684210526267
1687957180;0.5521052631578832;0.44315789473684586;0;0;0.05210526315789447;0.04684210526315792;0.23210526315789304;0.5984210526315852
1687957181;0.5368421052631962;0.45947368421052126;0;0;0.05368421052631558;0.043684210526315694;0.23105263157894662;0.5999999999999928
1687957182;0.5278947368421397;0.4678947368421045;0;0;0.05421052631578953;0.03947368421052706;0.23473684210526508;0.6015789473684123
1687957183;0.5231578947368689;0.4689473684210509;0;0;0.05368421052631595;0.035263157894736934;0.2357894736842115;0.6036842105263172
1687957184;0.5415789473683712;0.4568421052631493;0;0;0.053157894736841994;0.0315789473684215;0.23315789473684545;0.6021052631579096
1687957185;0.5757894736841416;0.4215789473684265;0;0;0.05368421052631595;0.03263157894736866;0.22894736842104785;0.6036842105263172
1687957186;0.5910526315789244;0.4052631578947332;0;0;0.053157894736841994;0.036315789473684836;0.23052631578946745;0.6031578947368439
1687957187;0.557368421052735;0.4400000000000007;0;0;0.053157894736842;0.04157894736842063;0.2257894736842026;0.6073684210526296
1687957188;0.5168421052631426;0.4752631578947354;0;0;0.05368421052631557;0.04684210526315792;0.23052631578946745;0.6084210526315641
1687957189;0.5152631578947827;0.47263157894736335;0;0;0.0542105263157899;0.05263157894736842;0.23052631578947344;0.6084210526315641
1687957190;0.5510526315790086;0.4368421052631555;0;0;0.053684210526315945;0.05578947368420989;0.23263157894736625;0.6063157894736952
1687957191;0.5536842105264345;0.4336842105263103;0;0;0.053157894736841994;0.059473684210525325;0.23000000000000023;0.6068421052631684
1687957192;0.5489473684211637;0.43999999999999473;0;0;0.05315789473684237;0.058421052631578915;0.22894736842105382;0.6084210526315881
1687957193;0.5315789473684402;0.4557894736842088;0;0;0.053157894736841994;0.058947368421052866;0.2305263157894794;0.5989473684210465
1687957194;0.5510526315790086;0.4415789473684203;0;0;0.051578947368420884;0.056842105263157805;0.23157894736842582;0.5963157894736804
1687957195;0.5600000000000651;0.43105263157895024;0;0;0.05263157894736842;0.057894736842104964;0.23157894736842582;0.5957894736842191
1687957196;0.5484210526316785;0.44473684210525954;0;0;0.052105263157894835;0.058421052631578166;0.23315789473684545;0.5942105263157875
1687957197;0.5221052631579943;0.47421052631578897;0;0;0.050526315789473725;0.05894736842105287;0.23105263157894662;0.5947368421052608
1687957198;0.5110526315789972;0.4884210526315834;0;0;0.05052631578947373;0.05263157894736842;0.23105263157894662;0.5936842105263263
1687957199;0.5084210526315712;0.49052631578947625;0;0;0.049473684210526565;0.05315789473684312;0.23263157894737224;0.5952631578947339
1687957200;0.517894736842113;0.5057894736842112;0;0;0.04684210526315792;0.0505263157894741;0.226842105263161;0.582631578947377
1687957201;0.5278947368421397;0.5421052631578983;0;0;0.04473684210526286;0.05105263157894656;0.21578947368420573;0.5526315789473804
1687957202;0.5221052631579942;0.5936842105263203;0;0;0.04210526315789459;0.0499999999999994;0.20684210526315527;0.5215789473684134
1687957203;0.4842105263158277;0.6110526315789541;0;0;0.04210526315789496;0.04842105263157904;0.2115789473684141;0.5399999999999996
1687957204;0.44473684210530146;0.5999999999999988;0;0;0.04210526315789459;0.04631578947368396;0.2257894736842146;0.5847368421052699
1687957205;0.4310526315788784;0.5610526315789517;0;0;0.045263157894737185;0.04210526315789458;0.23789473684211027;0.6278947368421086
1687957206;0.43368421052630424;0.5110526315789493;0;0;0.04578947368421076;0.036315789473684086;0.25000000000000594;0.6689473684210425
1687957207;0.4236842105263732;0.47421052631578897;0;0;0.046315789473684345;0.030526315789473596;0.2584210526315832;0.7110526315789469
1687957208;0.3794736842105761;0.4689473684210569;0;0;0.04894736842105224;0.02473684210526384;0.26947368421052653;0.7557894736842292
1687957209;0.33631578947365354;0.4600000000000004;0;0;0.048947368421052614;0.020000000000000507;0.2789473684210562;0.8052631578947345
1687957210;0.33421052631571285;0.4326315789473758;0;0;0.04842105263157903;0.01631578947368433;0.28473684210526146;0.8331578947368382
1687957211;0.33421052631571285;0.4800000000000002;0;0;0.04526315789473681;0.015789473684210374;0.2736842105263122;0.801578947368422
1687957212;0.3015789473683981;0.5110526315789432;0;0;0.047368421052631504;0.016842105263158283;0.2726315789473718;0.809473684210532
1687957213;0.24684210526318467;0.5226315789473658;0;0;0.04842105263157904;0.023157894736841985;0.2789473684210502;0.8468421052631655
1687957214;0.21263157894741436;0.5068421052631576;0;0;0.049473684210526565;0.029473684210526433;0.28894736842105306;0.8868421052631531
1687957215;0.20263157894738754;0.4636842105263189;0;0;0.05000000000000014;0.028421052631579274;0.29789473684210355;0.9321052631578965
1687957216;0.20368421052626215;0.41684210526315574;0;0;0.051052631578947676;0.027368421052632114;0.31052631578947243;0.9710526315789497
1687957217;0.19052631578942006;0.42052631578947414;0;0;0.05105263157894731;0.028421052631578528;0.31421052631578494;0.976842105263155
1687957218;0.16631578947367653;0.39842105263157557;0;0;0.05526315789473669;0.03157894736842;0.3257894736842074;1.0084210526315833
1687957219;0.12947368421048036;0.36105263157894807;0;0;0.0568421052631578;0.03157894736842;0.3384210526315823;1.0663157894736717
1687957220;0.07999999999992724;0.3147368421052581;0;0;0.05947368421052644;0.029999999999999638;0.3615789473684212;1.1405263157894654
1687957221;0.03736842105258562;0.2736842105263122;0;0;0.062105263157895094;0.029473684210526437;0.3778947368421086;1.2026315789473756
1687957222;0.017894736842112922;0.3210526315789486;0;0;0.06052631578947361;0.028421052631578528;0.37105263157895096;1.1778947368420989
1687957223;0.017894736842112922;0.34263157894736795;0;0;0.06368421052631583;0.034736842105262976;0.37000000000000455;1.1484210526315755
1687957224;0.016842105263238313;0.3442105263157875;0;0;0.061052631578947185;0.036842105263158044;0.3678947368421057;1.1489473684210487
1687957225;0.01578947368417223;0.3442105263157875;0;0;0.061052631578947185;0.036315789473684836;0.3642105263157873;1.1531578947368584
1687957226;0.014736842105201885;0.35578947368421004;0;0;0.06210526315789472;0.036315789473684836;0.36105263157894807;1.1431578947368435
1687957227;0.01368421052623154;0.40473684210526;0;0;0.05842105263157929;0.036842105263157295;0.35368421052631716;1.1036842105263052
1687957228;0.012631578947356932;0.4142105263157897;0;0;0.06210526315789472;0.0378947368421052;0.35578947368421;1.085263157894731
1687957229;0.012631578947356932;0.39368421052631075;0;0;0.06421052631578941;0.03789473684210595;0.36105263157894807;1.1021052631578976
1687957230;0.015263157894782796;0.29526315789473756;0;0;0.06789473684210522;0.037368421052631995;0.38315789473684664;1.1763157894736913
1687957231;0.015789473684267967;0.24631578947368754;0;0;0.06684210526315806;0.03631578947368409;0.39315789473683754;1.2178947368420987
1687957232;0.015263157894687058;0.23473684210526505;0;0;0.06736842105263126;0.030000000000000387;0.39789473684210236;1.2284210526315746
1687957233;0.01894736842098753;0.23368421052631266;0;0;0.06947368421052595;0.02263157894736878;0.39684210526315594;1.2310526315789525
1687957234;0.019473684210472703;0.23263157894736625;0;0;0.07210526315789496;0.022105263157894826;0.3989473684210488;1.2289473684210477
1687957235;0.018947368421083265;0.2252631578947354;0;0;0.0721052631578946;0.02157894736842087;0.39842105263158156;1.2357894736842114
1687957236;0.02000000000005361;0.18210526315789066;0;0;0.07263157894736855;0.019473684210526553;0.40578947368421836;1.2721052631578984
1687957237;0.017894736842208655;0.1789473684210574;0;0;0.07105263157894744;0.014210526315790013;0.4052631578947392;1.2842105263157941
1687957238;0.017368421052723484;0.19157894736842632;0;0;0.06999999999999991;0.01631578947368433;0.4031578947368404;1.273684210526318
1687957239;0.016315789473753138;0.24473684210526792;0;0;0.06789473684210522;0.020000000000000507;0.38842105263157867;1.2289473684210597
1687957240;0.01789473684211292;0.31421052631579094;0;0;0.06631578947368373;0.02210526315789557;0.37421052631579016;1.175263157894721
1687957241;0.02000000000005361;0.2510526315789404;0;0;0.07210526315789459;0.02315789473684198;0.3894736842105251;1.2205263157894763
1687957242;0.02105263157892822;0.23052631578946745;0;0;0.06999999999999991;0.02157894736842087;0.3905263157894715;1.2410526315789434
1687957243;0.022105263157898566;0.22894736842104785;0;0;0.07263157894736855;0.01999999999999976;0.3915789473684179;1.2410526315789436
1687957244;0.022631578947383737;0.23578947368421146;0;0;0.07263157894736855;0.019473684210525807;0.39105263157894476;1.2342105263157799
1687957245;0.022631578947383737;0.2736842105263122;0;0;0.07157894736842102;0.019473684210525807;0.3805263157894746;1.2052631578947415
1687957246;0.023684210526354083;0.26789473684210696;0;0;0.07473684210526324;0.022105263157894826;0.37999999999999545;1.2084210526315808
1687957247;0.027368421052654555;0.2589473684210505;0;0;0.07105263157894706;0.02736842105263137;0.3805263157894746;1.2136842105263128
1687957248;0.027894736842139726;0.25947368421052364;0;0;0.06736842105263126;0.02736842105263137;0.38473684210526626;1.21157894736842
1687957249;0.028421052631529165;0.26157894736842247;0;0;0.06473684210526337;0.02736842105263137;0.3868421052631591;1.211052631578935
1687957250;0.03315789473679998;0.2626315789473689;0;0;0.062105263157895094;0.02789473684210532;0.38842105263157867;1.2042105263157952
1687957251;0.035789473684225845;0.2642105263157885;0;0;0.05842105263157928;0.02894736842105248;0.38894736842105787;1.2042105263157832
1687957252;0.03894736842104114;0.2663157894736873;0;0;0.05578947368421064;0.029999999999999638;0.39263157894736433;1.198947368421051
1687957253;0.03842105263155597;0.2947368421052643;0;0;0.05105263157894731;0.031052631578946797;0.38736842105263225;1.1794736842105307
1687957254;0.03789473684207079;0.3236842105263146;0;0;0.047894736842105455;0.031052631578946797;0.381578947368415;1.159999999999998
1687957255;0.04263157894734161;0.327368421052633;0;0;0.04421052631578965;0.034736842105262976;0.38315789473684064;1.1510526315789416
1687957256;0.048947368420972207;0.32789473684210624;0;0;0.04157894736842101;0.04052631578947347;0.38473684210526027;1.1399999999999924
1687957257;0.0510526315789129;0.3147368421052641;0;0;0.03894736842105273;0.038421052631579154;0.3905263157894715;1.150000000000007
1687957258;0.06368421052626982;0.2642105263157885;0;0;0.039473684210526314;0.036315789473684086;0.4015789473684268;1.185263157894736
1687957259;0.07684210526320767;0.19421052631579233;0;0;0.038421052631579154;0.03368421052631507;0.4147368421052569;1.2252631578947473
1687957260;0.10473684210525167;0.22210526315789614;0;0;0.03157894736842112;0.03263157894736866;0.4005263157894744;1.1921052631578875
1687957261;0.12947368421048036;0.24526315789474112;0;0;0.028421052631578902;0.029473684210526437;0.3899999999999983;1.1605263157894834
1687957262;0.13157894736842105;0.24736842105263396;0;0;0.024736842105262724;0.02894736842105248;0.3910526315789507;1.16000000000001
1687957263;0.13526315789472151;0.2399999999999971;0;0;0.02157894736842087;0.029473684210526433;0.3952631578947363;1.1605263157894712
1687957264;0.13736842105256647;0.19000000000000072;0;0;0.0189473684210526;0.030000000000000387;0.4142105263157897;1.2000000000000095
1687957265;0.13947368421050715;0.1478947368421024;0;0;0.014736842105262844;0.026842105263158163;0.4294736842105306;1.229473684210521
1687957266;0.13789473684205164;0.14789473684210838;0;0;0.0126315789473689;0.02368421052631594;0.43473684210525665;1.2336842105263186
1687957267;0.13894736842102198;0.1521052631579;0;0;0.01315789473684248;0.02736842105263137;0.4326315789473698;1.2257894736842085
1687957268;0.1384210526315368;0.1510526315789476;0;0;0.01263157894736815;0.028421052631578528;0.4331578947368371;1.2257894736842205
1687957269;0.13631578947369186;0.14894736842105477;0;0;0.01157894736842062;0.026842105263157414;0.4336842105263162;1.2331578947368333
1687957270;0.13578947368411096;0.154736842105266;0;0;0.012105263157894572;0.026842105263158163;0.43157894736841745;1.22736842105264
1687957271;0.12789473684202485;0.15421052631578683;0;0;0.00999999999999988;0.02631578947368421;0.4300000000000038;1.236842105263158
1687957272;0.12789473684202485;0.13368421052631985;0;0;0.008947368421052346;0.028947368421053228;0.43947368421052746;1.2489473684210415
1687957273;0.12999999999996553;0.10736842105263564;0;0;0.0094736842105263;0.030000000000000387;0.4515789473684232;1.260526315789476
1687957274;0.12842105263160575;0.10578947368421004;0;0;0.011052631578947038;0.025789473684211004;0.453684210526316;1.2663157894736812
1687957275;0.12263157894746031;0.10578947368420405;0;0;0.009473684210526299;0.020000000000000507;0.46210526315789324;1.2689473684210593
1687957276;0.12315789473684975;0.13999999999999832;0;0;0.009999999999999879;0.02052631578947446;0.4578947368421017;1.2405263157894701
1687957277;0.11052631578949283;0.1405263157894715;0;0;0.008947368421052721;0.019473684210526553;0.45999999999999447;1.2489473684210415
1687957278;0.0957894736841952;0.1373684210526323;0;0;0.008947368421052721;0.01999999999999976;0.46421052631579207;1.2663157894736812
1687957279;0.06684210526308514;0.11000000000000168;0;0;0.011052631578947413;0.01999999999999976;0.4778947368421014;1.3073684210526273
1687957280;0.042105263157952176;0.09315789473684115;0;0;0.011578947368421367;0.01999999999999976;0.48578947368421144;1.3399999999999899
1687957281;0.03894736842104114;0.11631578947368612;0;0;0.01210526315789532;0.020526315789473712;0.4810526315789466;1.3231578947368354
1687957282;0.0378947368420708;0.11631578947368612;0;0;0.01210526315789532;0.01999999999999976;0.4826315789473722;1.3231578947368474
1687957283;0.03894736842113688;0.11631578947368612;0;0;0.011578947368421367;0.019473684210525807;0.4810526315789466;1.3215789473684039
1687957284;0.0378947368420708;0.1152631578947397;0;0;0.011052631578947788;0.0189473684210526;0.47947368421052705;1.3289473684210527
1687957285;0.03842105263165171;0.11578947368421291;0;0;0.011578947368420993;0.01631578947368433;0.4763157894736878;1.329999999999999
1687957286;0.036315789473711016;0.11684210526315333;0;0;0.011052631578947413;0.012105263157894945;0.47421052631578897;1.337368421052624
1687957287;0.03368421052638089;0.123684210526311;0;0;0.011578947368420993;0.012631578947368898;0.47421052631579497;1.3268421052631598
1687957288;0.030526315789469852;0.17473684210526577;0;0;0.011578947368420993;0.014736842105263966;0.46368421052631886;1.288947368421053
1687957289;0.0315789473684402;0.1742105263157866;0;0;0.013157894736842105;0.015263157894736423;0.46842105263158373;1.2821052631578893
1687957290;0.03421052631586606;0.17210526315789376;0;0;0.012631578947368525;0.014736842105263218;0.47421052631578897;1.2789473684210382
1687957291;0.0384210526316517;0.16842105263157536;0;0;0.013684210526315684;0.012105263157894945;0.47263157894736935;1.2815789473684283
1687957292;0.039473684210526314;0.16736842105262895;0;0;0.013684210526315684;0.011052631578947786;0.47000000000000336;1.2852631578947404
1687957293;0.03999999999991575;0.1652631578947361;0;0;0.013157894736842105;0.011052631578947038;0.4710526315789438;1.2847368421052554
1687957294;0.04157894736837127;0.1647368421052629;0;0;0.013684210526315684;0.01157894736842099;0.4652631578947445;1.2878947368420945
1687957295;0.0410526315788861;0.13157894736841505;0;0;0.014210526315789639;0.011578947368420245;0.471578947368429;1.3131578947368445
1687957296;0.045263157894671745;0.12947368421052824;0;0;0.013684210526315684;0.011578947368420993;0.47421052631579497;1.309473684210532
1687957297;0.0542105263157282;0.12789473684210262;0;0;0.013684210526315684;0.011052631578947786;0.47210526315789614;1.306842105263154
1687957298;0.08631578947374931;0.15684210526315884;0;0;0.012631578947368525;0.01157894736842174;0.46157894736842603;1.2578947368421098
1687957299;0.08947368421046888;0.1505263157894744;0;0;0.01263157894736815;0.011052631578947786;0.4605263157894677;1.2647368421052736
1687957300;0.09789473684204016;0.1268421052631562;0;0;0.012105263157894572;0.011578947368420993;0.46578947368421175;1.273157894736845
1687957301;0.09368421052635026;0.1273684210526294;0;0;0.012105263157894572;0.011578947368420993;0.4673684210526313;1.2784210526315771
1687957302;0.09526315789471003;0.12842105263157583;0;0;0.013684210526315684;0.012105263157894945;0.4699999999999973;1.271052631578952
1687957303;0.09842105263162107;0.1273684210526294;0;0;0.014210526315789264;0.013157894736842105;0.4705263157894706;1.2657894736842081
1687957304;0.10157894736834062;0.12684210526315023;0;0;0.013157894736842105;0.01263157894736815;0.46947368421052416;1.2652631578947349
1687957305;0.10315789473679614;0.12315789473684377;0;0;0.013684210526315684;0.01263157894736815;0.47421052631578897;1.2621052631578955
1687957306;0.10368421052628131;0.12000000000000455;0;0;0.013157894736842105;0.011578947368420993;0.4726315789473634;1.2705263157894668
1687957307;0.10368421052628131;0.07368421052630861;0;0;0.012631578947368525;0.009999999999999131;0.48368421052631266;1.3057894736842197
1687957308;0.10578947368431774;0.07105263157894856;0;0;0.01157894736842099;0.008947368421052721;0.4836842105263186;1.3099999999999934
1687957309;0.10736842105267752;0.07052631578947535;0;0;0.01157894736842099;0.008947368421052721;0.48315789473684545;1.3073684210526393
1687957310;0.10842105263155213;0.06947368421052895;0;0;0.011578947368421365;0.008947368421051973;0.4826315789473662;1.306842105263154
1687957311;0.10684210526319235;0.07052631578947535;0;0;0.01157894736842099;0.008947368421051973;0.484736842105265;1.3047368421052612
1687957312;0.10210526315792154;0.07368421052632057;0;0;0.011052631578947411;0.008421052631578767;0.4810526315789466;1.311578947368425
1687957313;0.09892654178063562;0.1304988423489801;0;0;0.011576510208377496;0.008419280151546863;0.46621763839191815;1.2739423279309636
1687957314;0.09999999999998084;0.1310526315789538;0;0;0.011052631578947413;0.007894736842105562;0.4636842105263129;1.2747368421052645
1687957315;0.09842105263162107;0.13157894736842105;0;0;0.011052631578947413;0.007368421052631609;0.4668421052631521;1.273157894736845
1687957316;0.08947368421056462;0.1273684210526294;0;0;0.011052631578947413;0.007368421052631609;0.4705263157894706;1.2831578947368358
1687957317;0.05842105263160958;0.10052631578947799;0;0;0.013157894736842105;0.008421052631578767;0.48421052631578587;1.322105263157901
1687957318;0.05631578947366889;0.09947368421053157;0;0;0.012631578947368525;0.007894736842104814;0.4884210526315835;1.3205263157894693
1687957319;0.05210526315788325;0.09789473684211195;0;0;0.011578947368420993;0.006842105263157655;0.4899999999999971;1.3289473684210646
1687957320;0.05315789473685359;0.09894736842105836;0;0;0.012631578947368525;0.007368421052631608;0.49052631578947026;1.324736842105255
1687957321;0.04894736842106795;0.1010526315789512;0;0;0.01157894736842099;0.007368421052631608;0.48315789473683945;1.3357894736842162
1687957322;0.04368421052631195;0.10473684210526961;0;0;0.01157894736842099;0.00631578947368445;0.4815789473684258;1.337894736842109
1687957323;0.040526315789496656;0.11000000000000168;0;0;0.014210526315789639;0.007368421052631608;0.48421052631579187;1.3315789473684305
1687957324;0.04315789473682678;0.10789473684210288;0;0;0.014210526315789639;0.007368421052631608;0.4805263157894675;1.334736842105258
1687957325;0.045263157894767474;0.10368421052631124;0;0;0.013684210526316059;0.006842105263157655;0.4810526315789466;1.3389473684210436
1687957326;0.05000000000003829;0.1015789473684244;0;0;0.013684210526316059;0.006842105263158402;0.4789473684210538;1.33842105263157
1687957327;0.04578947368415691;0.09736842105263277;0;0;0.012631578947368525;0.006842105263158402;0.47842105263156864;1.3468421052631654
1687957328;0.04526315789467174;0.09894736842105836;0;0;0.014210526315789639;0.007894736842105562;0.4773684210526282;1.345789473684219
1687957329;0.04368421052631195;0.09631578947368635;0;0;0.013684210526315684;0.006842105263158403;0.4773684210526342;1.3521052631578976
1687957330;0.044210526315797125;0.09421052631579355;0;0;0.014210526315789637;0.006842105263158403;0.4710526315789437;1.3589473684210491
1687957331;0.04578947368425265;0.09157894736842152;0;0;0.013684210526316057;0.006842105263158403;0.47368421052631576;1.3589473684210613
1687957332;0.047378395451654884;0.035270583280694504;0;0;0.013160665403242788;0.0068435460096860105;0.4890503263845001;1.398189092440523
1687957333;0.044210526315797125;0.03947368421052033;0;0;0.013157894736842105;0.006842105263157655;0.4936842105263155;1.3921052631578852
1687957334;0.04157894736837127;0.04947368421052918;0;0;0.013157894736842105;0.007368421052630861;0.48789473684210427;1.3905263157894776
1687957335;0.05894736842099901;0.12263157894737058;0;0;0.013157894736842105;0.008947368421051973;0.4673684210526313;1.3189473684210617
1687957336;0.08526315789468322;0.13947368421051914;0;0;0.011052631578947413;0.007894736842104814;0.45473684210526244;1.2921052631578922
1687957337;0.0847368421052938;0.13999999999999235;0;0;0.011578947368420993;0.011052631578947788;0.45421052631578923;1.289473684210526
1687957338;0.08578947368426412;0.13999999999999235;0;0;0.011578947368420993;0.016842105263158283;0.453684210526316;1.2826315789473628
1687957339;0.08894736842107943;0.14157894736841792;0;0;0.011052631578947038;0.020000000000000507;0.4489473684210512;1.2815789473684402
1687957340;0.09157894736840956;0.1384210526315787;0;0;0.01052631578947346;0.019473684210526553;0.4505263157894768;1.2821052631578893
1687957341;0.09631578947368039;0.13789473684209952;0;0;0.011052631578947413;0.01999999999999976;0.45210526315789046;1.2768421052631573
1687957342;0.0957894736841952;0.13315789473684664;0;0;0.008947368421052346;0.0189473684210526;0.45473684210526244;1.2831578947368358
1687957343;0.09421052631583543;0.13421052631579306;0;0;0.008421052631578767;0.0189473684210526;0.4521052631578964;1.286315789473687
1687957344;0.09736842105255498;0.1415789473684239;0;0;0.008947368421052346;0.01999999999999976;0.4526315789473696;1.2742105263158032
1687957345;0.09368421052625452;0.14052631578947153;0;0;0.00999999999999988;0.020526315789473712;0.4542105263157892;1.2773684210526426
1687957346;0.0926315789473799;0.14157894736841792;0;0;0.0094736842105263;0.01999999999999976;0.4510526315789559;1.2805263157894817
1687957347;0.0915789473685053;0.14210526315788516;0;0;0.008421052631579141;0.019473684210526553;0.4489473684210512;1.2847368421052554
1687957348;0.09000000000004978;0.14684210526315597;0;0;0.009473684210526299;0.02105263157894692;0.44947368421052436;1.276315789473684
1687957349;0.09105263157902012;0.15263157894736123;0;0;0.009999999999999879;0.02157894736842087;0.45421052631579517;1.263157894736842
1687957350;0.09789473684204014;0.15210526315788803;0;0;0.009999999999999879;0.02526315789473705;0.45315789473684276;1.2536842105263124
1687957351;0.09947368421049567;0.15210526315789402;0;0;0.009999999999999879;0.031052631578947547;0.44999999999999757;1.2494736842105147
1687957352;0.1010526315789512;0.14947368421052798;0;0;0.009999999999999879;0.037368421052631995;0.43947368421052746;1.2536842105263244
1687957353;0.10157894736843637;0.14210526315789712;0;0;0.010526315789473458;0.041578947368422124;0.43947368421053346;1.2568421052631515
1687957354;0.0857894736841684;0.06842105263158253;0;0;0.012105263157894572;0.04157894736842138;0.4615789473684201;1.3242105263157937
1687957355;0.059999999999969356;0.10789473684210885;0;0;0.012105263157894572;0.04157894736842138;0.4568421052631612;1.3136842105263176
1687957356;0.05999999999996936;0.11000000000000168;0;0;0.012105263157894945;0.038421052631579154;0.45894736842105405;1.3131578947368325
1687957357;0.055789473684183716;0.11578947368421291;0;0;0.013157894736842105;0.034210526315789025;0.45894736842104805;1.3163157894736837
1687957358;0.05421052631582393;0.1131578947368409;0;0;0.01315789473684248;0.030526315789472847;0.46421052631579207;1.3173684210526302
1687957359;0.055263157894794274;0.1131578947368409;0;0;0.01315789473684248;0.030526315789472847;0.46421052631579207;1.3131578947368445
1687957360;0.055789473684183716;0.11052631578947489;0;0;0.013157894736842105;0.029999999999999638;0.46368421052631886;1.3173684210526302
1687957361;0.05578947368427945;0.11052631578946889;0;0;0.012631578947368525;0.030526315789473592;0.46421052631578613;1.3152631578947371
1687957362;0.05315789473685359;0.11052631578946889;0;0;0.012631578947368525;0.030526315789473592;0.46789473684210453;1.314736842105264
1687957363;0.047368421052708165;0.11105263157894807;0;0;0.012105263157894945;0.029473684210526433;0.4663157894736849;1.3194736842105228
1687957364;0.04631578947373782;0.12052631578947774;0;0;0.01210526315789457;0.02999999999999964;0.46684210526315806;1.3110526315789395
1687957365;0.048947368420972207;0.12052631578947774;0;0;0.01315789473684173;0.030526315789473592;0.4705263157894705;1.3052631578947342
1687957366;0.047894736842001864;0.11842105263158492;0;0;0.013157894736841732;0.029999999999999638;0.471578947368417;1.3057894736842077
1687957367;0.04631578947364208;0.11631578947368612;0;0;0.012105263157894572;0.028421052631579274;0.4705263157894765;1.314736842105264
1687957368;0.04578947368415691;0.11578947368421291;0;0;0.013157894736842105;0.028421052631579277;0.471578947368417;1.314736842105264
1687957369;0.041578947368467;0.1157894736842189;0;0;0.014210526315789264;0.0252631578947363;0.4700000000000033;1.3215789473684278
1687957370;0.042105263157952176;0.11473684210526651;0;0;0.014210526315789264;0.0189473684210526;0.4689473684210509;1.3294736842105257
1687957371;0.045263157894767474;0.11315789473684687;0;0;0.014210526315789264;0.01368421052631531;0.47157894736842293;1.335263157894731
1687957372;0.0447368421052823;0.11210526315788852;0;0;0.013684210526315684;0.008947368421051972;0.47210526315789014;1.3400000000000019
1687957373;0.043157894736922525;0.20473684210525644;0;0;0.012105263157894572;0.007368421052631608;0.4500000000000036;1.2742105263157795
1687957374;0.040526315789496656;0.24421052631578874;0;0;0.01105263157894704;0.007894736842105562;0.44315789473684;1.2463157894736754
1687957375;0.05210526315788325;0.296315789473684;0;0;0.01105263157894704;0.008421052631578767;0.42473684210525975;1.196315789473685
1687957376;0.054736842105213374;0.29368421052631194;0;0;0.01157894736842099;0.01421052631579001;0.42210526315789976;1.1905263157894679
1687957377;0.05315789473675786;0.29684210526315713;0;0;0.01210526315789457;0.017894736842105442;0.4189473684210545;1.1863157894736822
1687957378;0.05315789473685359;0.29947368421052917;0;0;0.01263157894736815;0.017894736842105442;0.42105263157894135;1.1836842105263161
1687957379;0.05315789473685359;0.29894736842105596;0;0;0.01263157894736815;0.017894736842105442;0.42105263157894135;1.1810526315789502
1687957380;0.055789473684183716;0.29894736842105596;0;0;0.01315789473684173;0.018421052631579393;0.4178947368421081;1.1821052631578968
1687957381;0.0573684210525435;0.3010526315789548;0;0;0.01315789473684173;0.018947368421053348;0.4178947368421081;1.1800000000000037
1687957382;0.0573684210525435;0.29526315789473756;0;0;0.013684210526315684;0.018947368421053348;0.42210526315789376;1.1815789473684233
1687957383;0.05842105263151384;0.2884210526315739;0;0;0.014210526315789639;0.018421052631579393;0.4236842105263193;1.1826315789473698
1687957384;0.058421052631705314;0.2873684210526275;0;0;0.01315789473684248;0.017894736842105442;0.42263157894736697;1.185263157894736
1687957385;0.062105263157910054;0.2894736842105263;0;0;0.013157894736842477;0.018421052631578647;0.42052631578947414;1.1821052631578968
1687957386;0.06894736842102582;0.29473684210525836;0;0;0.01315789473684248;0.01999999999999976;0.4194736842105218;1.1689473684210545
1687957387;0.06789473684205548;0.30421052631578804;0;0;0.011052631578947411;0.019473684210525807;0.41631578947368253;1.1663157894736884
1687957388;0.06368421052626984;0.31526315789473136;0;0;0.011052631578947786;0.0189473684210526;0.4142105263157897;1.1610526315789444
1687957389;0.059999999999969356;0.3431578947368351;0;0;0.010526315789474208;0.0189473684210526;0.41263157894737007;1.1400000000000041
1687957390;0.056842105263154065;0.35473684210525763;0;0;0.012105263157894945;0.018421052631579393;0.4168421052631557;1.1226315789473764
1687957391;0.059999999999969356;0.350526315789472;0;0;0.012105263157894945;0.0189473684210526;0.4194736842105278;1.1226315789473764
1687957392;0.06052631578945453;0.25947368421052963;0;0;0.012105263157894945;0.019473684210526553;0.4426315789473727;1.185263157894736
1687957393;0.06263157894739523;0.17842105263157823;0;0;0.0126315789473689;0.019473684210525807;0.45947368421052726;1.2463157894736994
1687957394;0.052105263157978976;0.126315789473683;0;0;0.013684210526315684;0.019473684210526553;0.4778947368421074;1.2952631578947313
1687957395;0.052631578947464154;0.12421052631579019;0;0;0.012105263157894572;0.012105263157894945;0.47947368421052705;1.3052631578947342
1687957396;0.055263157894698545;0.12105263157894497;0;0;0.011052631578947038;0.008421052631579516;0.47894736842104785;1.3099999999999934
1687957397;0.05157894736830233;0.11842105263157296;0;0;0.011052631578947413;0.008421052631579516;0.4800000000000062;1.3136842105263056
1687957398;0.0478947368420976;0.12421052631578419;0;0;0.010000000000000253;0.008421052631579516;0.4747368421052681;1.3199999999999963
1687957399;0.0478947368420976;0.12842105263158182;0;0;0.010000000000000253;0.008421052631578767;0.4736842105263158;1.3152631578947371
1687957400;0.05052631578952346;0.12999999999999545;0;0;0.01210526315789532;0.01105263157894629;0.4747368421052622;1.3047368421052612
1687957401;0.05631578947376462;0.12947368421052224;0;0;0.011578947368421365;0.015263157894735674;0.47315789473684255;1.298947368421056
1687957402;0.05631578947376463;0.13000000000000142;0;0;0.011052631578947411;0.0189473684210526;0.46842105263157174;1.3010526315789486
1687957403;0.05315789473675785;0.13315789473684067;0;0;0.01157894736842099;0.022105263157894076;0.4689473684210509;1.2957894736842048
1687957404;0.04842105263158278;0.13421052631579306;0;0;0.011578947368420618;0.022105263157894826;0.47052631578947657;1.298947368421056
1687957405;0.045263157894767474;0.12578947368421578;0;0;0.012105263157894198;0.020526315789473712;0.47315789473684255;1.3084210526315736
1687957406;0.047368421052708165;0.11210526315790048;0;0;0.01210526315789457;0.020526315789473712;0.4694736842105301;1.3236842105263085
1687957407;0.047368421052708165;0.10368421052631721;0;0;0.01105263157894704;0.020526315789473712;0.47315789473683656;1.3315789473684188
1687957408;0.05000000000003829;0.11000000000000168;0;0;0.01263157894736815;0.022105263157894822;0.4663157894736849;1.3242105263157937
1687957409;0.05315789473675786;0.09684210526315956;0;0;0.010526315789473833;0.02421052631578989;0.4657894736842117;1.3363157894736775
1687957410;0.0568421052632498;0.09789473684210598;0;0;0.01157894736842099;0.02789473684210607;0.46473684210526534;1.3278947368420941
1687957411;0.058421052631609585;0.1010526315789512;0;0;0.01210526315789457;0.028421052631579277;0.46210526315788725;1.3263157894736866
1687957412;0.05631578947366889;0.14315789473683754;0;0;0.01210526315789457;0.027894736842105323;0.45315789473684276;1.2963157894736779
1687957413;0.05210526315788325;0.21315789473684568;0;0;0.010526315789473833;0.029473684210526433;0.43631578947368826;1.2442105263157948
1687957414;0.04736842105261243;0.31263157894737126;0;0;0.010526315789473833;0.029999999999999638;0.4142105263157897;1.170526315789474
1687957415;0.054210526315919674;0.39736842105263515;0;0;0.011578947368420993;0.03157894736842075;0.39210526315789707;1.098421052631585
1687957416;0.09315789473686509;0.43578947368421506;0;0;0.01210526315789457;0.035789473684210135;0.3752631578947366;1.0352631578947407
1687957417;0.16684210526325746;0.433157894736849;0;0;0.01210526315789457;0.035789473684210135;0.36947368421052534;0.9700000000000033
1687957418;0.2615789473683866;0.4273684210526318;0;0;0.011578947368420993;0.034736842105262976;0.34473684210526073;0.9063157894736736
1687957419;0.35789473684216266;0.4226315789473729;0;0;0.009473684210525926;0.0315789473684215;0.32105263157894853;0.8436842105263143
1687957420;0.4531578947367769;0.4205263157894801;0;0;0.009473684210525926;0.027368421052632114;0.29526315789473756;0.7805263157894697
1687957421;0.5526315789473684;0.41578947368421526;0;0;0.008421052631578767;0.02263157894736803;0.2736842105263182;0.7121052631578932
1687957422;0.6536842105263196;0.41263157894737607;0;0;0.007894736842105187;0.019473684210526553;0.24894736842105358;0.6431578947368435
1687957423;0.7563157894736305;0.4094736842105249;0;0;0.007368421052631608;0.0189473684210526;0.2252631578947354;0.5705263157894693
1687957424;0.853684210526377;0.40894736842105167;0;0;0.00631578947368445;0.0189473684210526;0.19947368421053036;0.5005263157894851
1687957425;0.9515789473683214;0.40736842105263205;0;0;0.005789473684210495;0.0189473684210526;0.17947368421052462;0.42473684210527174
1687957426;1.054210526315824;0.4042105263157928;0;0;0.005789473684210495;0.0189473684210526;0.15368421052631961;0.3484210526315852
1687957427;1.1536842105263196;0.3705263157894777;0;0;0.004210526315789383;0.017368421052631488;0.13789473684210551;0.3026315789473684
1687957428;1.2510526315789703;0.3705263157894777;0;0;0.004210526315789383;0.014736842105262469;0.11421052631578732;0.23157894736842582
1687957429;1.3442105263157398;0.37000000000000455;0;0;0.0036842105263158046;0.01105263157894704;0.08842105263157632;0.16789473684210815
1687957430;1.4426315789473607;0.3621052631578945;0;0;0.003157894736842225;0.010526315789473833;0.0652631578947433;0.10263157894737081
1687957431;1.5436842105263118;0.3010526315789548;0;0;0.0026315789473682714;0.010000000000000628;0.05526315789474043;0.07263157894736219
1687957432;1.6468421052632038;0.22842105263158058;0;0;0.003157894736842225;0.007368421052631609;0.04684210526315717;0.05473684210527321
1687957433;1.7489473684210295;0.12789473684210861;0;0;0.003157894736842225;0.006842105263158402;0.04631578947368397;0.05578947368421962
1687957434;1.837368421052624;0.04263157894737153;0;0;0.002105263157895066;0.00526315789473729;0.04631578947368396;0.055263157894734447
1687957435;1.9005263157895043;0.004210526315791627;0;0;0.0010526315789475328;0.0010526315789479068;0.03736842105262751;0.04473684210527033
1687957436;1.9278947368419672;0.001052631578946411;0;0;0.0010526315789475328;0.0010526315789479068;0.02210526315789258;0.035263157894740674
1687957437;1.9294736842106142;0.001052631578946411;0;0;0.0015789473684211124;0.0010526315789479068;0.021578947368419376;0.034736842105267465
1687957438;1.9315789473683633;0.001052631578946411;0;0;0.0015789473684211124;0.0010526315789479068;0.020526315789472966;0.03315789473684785
1687957439;1.9315789473684593;0.001052631578946411;0;0;0.0015789473684211124;0.0010526315789479068;0.020526315789472966;0.03210526315788947
1687957440;1.9326315789473338;0.001052631578946411;0;0;0.0015789473684211124;0.0010526315789479068;0.021052631578952152;0.033157894736835884
1687957441;1.9331578947369148;0.001052631578946411;0;0;0.0015789473684211124;0.0010526315789479068;0.021052631578952152;0.034736842105255496
1687957442;1.926315789473799;0.003157894736839233;0;0;0.0015789473684211124;0.0015789473684211124;0.020000000000005742;0.034210526315782294
1687957443;1.925263157894733;0.003157894736839233;0;0;0.0021052631578946917;0.0015789473684211124;0.021578947368419376;0.034736842105255496
1687957444;1.923684210526373;0.003157894736839233;0;0;0.0021052631578946917;0.0015789473684211124;0.02315789473683899;0.035263157894740674
1687957445;1.9236842105261815;0.003157894736839233;0;0;0.0021052631578946917;0.002105263157894318;0.02473684210526459;0.036842105263160285
1687957446;1.9242105263158584;0.0026315789473660275;0;0;0.0021052631578946917;0.002105263157894318;0.0252631578947378;0.036315789473687084
1687957447;1.9247368421053435;0.003157894736839233;0;0;0.0021052631578946917;0.002105263157894318;0.0252631578947378;0.035789473684213875
1687957448;1.9247368421052478;0.0026315789473660275;0;0;0.0015789473684211124;0.0015789473684203643;0.025789473684211;0.03315789473684785
1687957449;1.9247368421052478;0.0026315789473660275;0;0;0.0015789473684211124;0.0015789473684203643;0.026315789473678228;0.03368421052632105
1687957450;1.925263157894637;0.0026315789473660275;0;0;0.0015789473684211124;0.0015789473684203643;0.027894736842103827;0.03315789473684785
1687957451;1.9242105263157625;0.0026315789473660275;0;0;0.001052631578947159;0.0015789473684203643;0.02842105263157703;0.034210526315782294
1687957452;1.9247368421052478;0.0026315789473660275;0;0;0.001052631578947159;0.0015789473684203643;0.026842105263157418;0.034210526315782294
1687957453;1.9242105263157625;0.0026315789473660275;0;0;0.001052631578947159;0.0015789473684203643;0.02789473684210981;0.035263157894728704
1687957454;1.9215789473683367;0.0026315789473660275;0;0;0.001052631578947159;0.0015789473684203643;0.029473684210529427;0.035789473684201906
1687957455;1.9194736842105875;0.0026315789473660275;0;0;0.001052631578947159;0.0015789473684203643;0.029473684210529427;0.036842105263148316
1687957456;1.9210526315788514;0.0026315789473660275;0;0;0.0005263157894735795;0.0015789473684203643;0.03000000000000263;0.036315789473675114
1687957457;1.9184210526316172;0.0026315789473660275;0;0;0.0005263157894735795;0.0015789473684203643;0.029999999999996647;0.037368421052621524
1687957458;1.9199999999999768;0.0026315789473660275;0;0;0.0005263157894735795;0.0015789473684203643;0.029999999999996647;0.037368421052633494
1687957459;1.9184210526315213;0.003157894736839233;0;0;0.001052631578947159;0.0015789473684203643;0.030526315789469852;0.03631578947369905
1687957460;1.9168421052631617;0.003157894736839233;0;0;0.001052631578947159;0.0015789473684203643;0.03105263157894306;0.035789473684225845
1687957461;1.922631578947307;0.001052631578946411;0;0;0.001052631578947159;0.0015789473684211124;0.031578947368416266;0.035263157894752636
1687957462;1.925789473684218;0.001052631578946411;0;0;0.0005263157894735795;0.002105263157894318;0.030526315789475837;0.03368421052632105
1687957463;1.9284210526315482;0.001052631578946411;0;0;0.0005263157894735795;0.002105263157894318;0.029473684210529427;0.03210526315788947
1687957464;1.926315789473703;0.001052631578946411;0;0;0.0005263157894735795;0.0015789473684211124;0.028947368421050237;0.031578947368416266
1687957465;1.9263157894736076;0.001052631578946411;0;0;0.0005263157894735795;0.0015789473684211124;0.02842105263157703;0.031052631578943057
1687957466;1.9284210526315482;0.0005263157894732055;0;0;0.0005263157894735795;0.0015789473684211124;0.028421052631577032;0.031578947368416266
1687957467;1.9300000000000037;0.0005263157894732055;0;0;0.0005263157894735795;0.0015789473684211124;0.02736842105263062;0.031052631578943057
1687957468;1.9326315789473338;0.0005263157894732055;0;0;0.0005263157894735795;0.001052631578947159;0.026842105263157414;0.030526315789469852
1687957469;1.9326315789474298;0.0005263157894732055;0;0;0.0005263157894735795;0.001052631578947159;0.026315789473678228;0.030526315789469852
1687957470;1.9310526315789742;0.0005263157894732055;0;0;0.0005263157894735795;0.001052631578947159;0.02736842105263062;0.029473684210523442
1687957471;1.9310526315789742;0.0005263157894732055;0;0;0.0005263157894735795;0.001052631578947159;0.026842105263157418;0.029473684210523442
1687957472;1.9352631578947599;0.0005263157894732055;0;0;0.0005263157894735795;0.001052631578947159;0.0236842105263122;0.028421052631589
1687957473;1.9352631578947599;0.0005263157894732055;0;0;0.0005263157894735795;0.0015789473684211124;0.02315789473684498;0.02789473684211579
1687957474;1.9347368421052744;0.0015789473684196165;0;0;0.0010526315789475328;0.0015789473684211124;0.02368421052631818;0.02789473684211579
1687957475;1.9347368421053703;0.0015789473684196165;0;0;0.0015789473684214863;0.0015789473684211124;0.02368421052631818;0.027894736842115794
1687957476;1.938421052631575;0.0015789473684196165;0;0;0.0015789473684214863;0.0015789473684211124;0.02263157894737177;0.02684210526316938
1687957477;1.93631578947373;0.0015789473684196165;0;0;0.002105263157895066;0.002105263157894318;0.02157894736842536;0.028947368421050237
1687957478;1.938421052631575;0.001052631578946411;0;0;0.0015789473684214863;0.002105263157894318;0.020526315789472963;0.028421052631565063
1687957479;1.9394736842104496;0.001052631578946411;0;0;0.0015789473684214863;0.002105263157894318;0.02105263157894617;0.028421052631565063
1687957480;1.9373684210527005;0.001052631578946411;0;0;0.0015789473684214863;0.0015789473684203643;0.021052631578952152;0.029473684210511476
1687957481;1.9363157894736345;0.001052631578946411;0;0;0.0015789473684214863;0.001052631578947159;0.02105263157894617;0.030526315789469852
1687957482;1.9352631578947599;0.001052631578946411;0;0;0.0015789473684214863;0.001052631578947159;0.019473684210526553;0.031052631578943057
1687957483;1.9373684210526045;0.001052631578946411;0;0;0.0015789473684214863;0.0015789473684211124;0.01999999999999976;0.032631578947362676
1687957484;1.9352631578947599;0.001052631578946411;0;0;0.0015789473684214863;0.0015789473684211124;0.02105263157894617;0.03210526315788947
1687957485;1.9336842105263043;0.001052631578946411;0;0;0.0015789473684214863;0.0015789473684211124;0.02105263157894617;0.03210526315788947
1687957486;1.9342105263157894;0.001052631578946411;0;0;0.0015789473684214863;0.0015789473684211124;0.021578947368419376;0.03368421052632105
1687957487;1.9321052631579445;0.001052631578946411;0;0;0.0015789473684214863;0.0015789473684211124;0.02105263157894617;0.032631578947374645
1687957488;1.9331578947369148;0.001052631578946411;0;0;0.0015789473684214863;0.0015789473684211124;0.020526315789472963;0.032631578947374645
1687957489;1.9336842105263043;0.001052631578946411;0;0;0.0015789473684214863;0.0015789473684211124;0.020000000000005742;0.03315789473684785
1687957490;1.9331578947369148;0.001052631578946411;0;0;0.0015789473684214863;0.0015789473684211124;0.020526315789478947;0.034736842105267465
1687957491;1.9305263157893933;0.001052631578946411;0;0;0.0015789473684214863;0.0015789473684211124;0.022105263157898566;0.034736842105255496
1687957492;1.9331578947369148;0.001052631578946411;0;0;0.0015789473684214863;0.001052631578947159;0.020526315789472963;0.034736842105255496
1687957493;1.9352631578947597;0;0;0;0.001052631578947533;0.001052631578947159;0.020526315789472966;0.033684210526309086
1687957494;1.9336842105263043;0;0;0;0.0005263157894735795;0.001052631578947159;0.021578947368419376;0.035789473684201906
1687957495;1.9310526315788783;0;0;0;0.0005263157894735795;0.001052631578947159;0.021578947368419376;0.036842105263160285
1687957496;1.9336842105263043;0;0;0;0;0.0010526315789479068;0.021578947368419376;0.034736842105267465
1687957497;1.9347368421053703;0;0;0;0;0.002105263157895066;0.021578947368419376;0.035263157894740674
1687957498;1.9347368421053703;0;0;0;0;0.002105263157895066;0.02105263157894617;0.035789473684213875
1687957499;1.9342105263156935;0;0;0;0;0.002631578947369019;0.02210526315789258;0.036315789473687084
1687957500;1.9315789473683636;0;0;0;0;0.002631578947369019;0.02315789473683899;0.035789473684201906
1687957501;1.9326315789474298;0;0;0;0;0.002631578947369019;0.0236842105263122;0.036315789473675114
1687957502;1.9310526315789742;0;0;0;0;0.002105263157895066;0.02263157894736579;0.035789473684201906
1687957503;1.9278947368420631;0.0026315789473660275;0;0;0;0.0026315789473682714;0.02315789473683899;0.036842105263160285
1687957504;1.925789473684218;0.0026315789473660275;0;0;0;0.0026315789473682714;0.024736842105264594;0.037368421052645456
1687957505;1.9263157894737033;0.0026315789473660275;0;0;0;0.0026315789473682714;0.02526315789474378;0.037894736842106695
1687957506;1.9273684210526736;0.0026315789473660275;0;0;0;0.0026315789473682714;0.02473684210527058;0.038421052631579904
1687957507;1.9263157894736076;0.0026315789473660275;0;0;0.0005263157894735795;0.0026315789473682714;0.02421052631579737;0.0378947368421067
1687957508;1.9263157894736076;0.0036842105263124383;0;0;0.0005263157894735795;0.0036842105263161784;0.025263157894731814;0.036842105263160285
1687957509;1.9242105263156668;0.0036842105263124383;0;0;0.0005263157894735795;0.004210526315790132;0.02578947368420502;0.035263157894740674
1687957510;1.923684210526373;0.0036842105263124383;0;0;0.0005263157894735795;0.004210526315790132;0.02578947368420502;0.036842105263160285
1687957511;1.9242105263157625;0.0036842105263124383;0;0;0.0005263157894735795;0.004736842105264085;0.02631578947368421;0.037368421052633494
1687957512;1.9242105263157625;0.0036842105263124383;0;0;0.0005263157894735795;0.004736842105264085;0.025789473684211004;0.037894736842106695
1687957513;1.9242105263157625;0.0036842105263124383;0;0;0.0005263157894735795;0.00526315789473729;0.0252631578947378;0.037894736842106695
1687957514;1.9247368421052478;0.0036842105263124383;0;0;0.0005263157894735795;0.005789473684211245;0.025789473684211004;0.037894736842106695
1687957515;1.9221052631579176;0.0036842105263124383;0;0;0.0005263157894735795;0.00526315789473729;0.026842105263157414;0.039473684210526314
1687957516;1.9215789473683367;0.0036842105263124383;0;0;0.0005263157894735795;0.00526315789473729;0.026842105263157414;0.038421052631579904
1687957517;1.9205263157893664;0.0036842105263124383;0;0;0.0005263157894735795;0.00526315789473729;0.025789473684211004;0.037368421052633494
1687957518;1.9236842105263732;0.0036842105263124383;0;0;0.0005263157894735795;0.004736842105263338;0.025789473684211004;0.03526315789474067
1687957519;1.9226315789474986;0.0036842105263124383;0;0;0.0005263157894735795;0.004736842105263338;0.025263157894743784;0.035789473684213875
1687957520;1.922631578947307;0.0036842105263124383;0;0;0.0005263157894735795;0.004736842105263338;0.02578947368421699;0.036315789473687084
1687957521;1.923157894736888;0.0036842105263124383;0;0;0.0005263157894735795;0.004736842105263338;0.026315789473690194;0.035789473684225845
1687957522;1.9278947368420631;0.001052631578946411;0;0;0.0005263157894735795;0.004210526315790132;0.024736842105270575;0.03526315789474067
1687957523;1.9268421052631886;0.001052631578946411;0;0;0.001052631578947159;0.004210526315790132;0.02368421052631818;0.035263157894728704
1687957524;1.925263157894637;0.001052631578946411;0;0;0.001052631578947159;0.004210526315790132;0.0242105263157854;0.035263157894728704
1687957525;1.925263157894637;0.001052631578946411;0;0;0.001052631578947159;0.004210526315790132;0.025263157894731814;0.034736842105255496
1687957526;1.9273684210525777;0.001052631578946411;0;0;0.0005263157894735795;0.004210526315790132;0.025263157894731814;0.034736842105255496
1687957527;1.928421052631644;0;0;0;0.0005263157894735795;0.003157894736842225;0.02315789473683899;0.0352631578947287
1687957528;1.9310526315789742;0;0;0;0.0005263157894735795;0.0026315789473682714;0.02315789473683899;0.034210526315782294
1687957529;1.9315789473683633;0;0;0;0.0005263157894735795;0.003157894736841477;0.02315789473683899;0.03315789473683588
1687957530;1.9300000000000037;0;0;0;0.0005263157894735795;0.0026315789473675233;0.02263157894736579;0.032631578947374645
1687957531;1.9294736842105187;0;0;0;0.0005263157894735795;0.0026315789473675233;0.02315789473683899;0.03368421052632105
1687957532;1.9305263157893933;0;0;0;0.0005263157894735795;0.002105263157894318;0.02157894736841938;0.03315789473684785
1687957533;1.9305263157895847;0;0;0;0.0005263157894735795;0.002105263157894318;0.023157894736844976;0.03210526315788947
1687957534;1.9310526315788783;0;0;0;0.0005263157894735795;0.002105263157894318;0.02368421052631818;0.031052631578943057
1687957535;1.9300000000000037;0;0;0;0.0005263157894735795;0.001052631578947159;0.02421052631579139;0.03052631578948182
1687957536;1.9321052631579443;0;0;0;0.0005263157894735795;0.001052631578947159;0.02421052631579139;0.02947368421053541
1687957537;1.9331578947368189;0;0;0;0.0005263157894735795;0.001052631578947159;0.02210526315789258;0.030000000000008614
1687957538;1.9336842105262084;0;0;0;0.001052631578947159;0.001052631578947159;0.02157894736841339;0.03052631578948182
1687957539;1.9326315789474298;0;0;0;0.001052631578947159;0.001052631578947159;0.02210526315789258;0.031052631578955027
1687957540;1.9336842105263043;0;0;0;0.001052631578947159;0.001052631578947159;0.021578947368419376;0.031052631578943057
1687957541;1.9331578947369148;0;0;0;0.0015789473684207384;0.001052631578947159;0.02263157894736579;0.03210526315788947
1687957542;1.935789473684149;0;0;0;0.001052631578947159;0.001052631578947159;0.02105263157894617;0.031578947368416266
1687957543;1.9363157894738259;0;0;0;0.001052631578947159;0.001052631578947159;0.02105263157894617;0.030526315789469852
1687957544;1.9352631578947597;0;0;0;0.001052631578947159;0.001052631578947159;0.02105263157894617;0.031578947368416266
1687957545;1.9336842105263998;0;0;0;0.001052631578947159;0.001052631578947159;0.021578947368419376;0.032631578947362676
1687957546;1.9336842105263043;0;0;0;0.001052631578947159;0.001052631578947159;0.022105263157898566;0.032631578947362676
1687957547;1.9347368421052744;0;0;0;0.001052631578947159;0.001052631578947159;0.022105263157898566;0.033684210526321055
1687957548;1.93631578947373;0;0;0;0.001052631578947159;0.0010526315789479068;0.020000000000005742;0.03315789473684785
1687957549;1.9352631578947597;0.0005263157894732055;0;0;0.001052631578947159;0.0010526315789479068;0.020526315789472963;0.034210526315782294
1687957550;1.935789473684245;0.0005263157894732055;0;0;0.001052631578947159;0.0010526315789479068;0.01999999999999976;0.033157894736835884
1687957551;1.9336842105263043;0.0005263157894732055;0;0;0.001052631578947159;0.0015789473684218601;0.02263157894737177;0.032631578947374645
1687957552;1.9342105263157894;0.0005263157894732055;0;0;0.001052631578947159;0.0010526315789479068;0.020526315789472963;0.032631578947374645
1687957553;1.9342105263157894;0.0005263157894732055;0;0;0.001052631578947159;0.0015789473684211124;0.021578947368419376;0.03210526315790144
1687957554;1.9347368421052744;0.0005263157894732055;0;0;0.001052631578947159;0.0015789473684211124;0.01999999999999976;0.03315789473683588
1687957555;1.9321052631578488;0.0005263157894732055;0;0;0.001052631578947159;0.002105263157895066;0.02210526315789258;0.033684210526309086
1687957556;1.9321052631579443;0.0005263157894732055;0;0;0.001052631578947159;0.002105263157895066;0.02315789473683899;0.034736842105255496
1687957557;1.9336842105263998;0.0005263157894732055;0;0;0.001052631578947159;0.002105263157895066;0.02315789473684498;0.033684210526309086
1687957558;1.9331578947368189;0.0005263157894732055;0;0;0.001052631578947159;0.003157894736842225;0.02210526315789258;0.031578947368416266
1687957559;1.9326315789474295;0.0005263157894732055;0;0;0.001052631578947159;0.003157894736842225;0.02210526315789258;0.03210526315788947
1687957560;1.9326315789473338;0.0005263157894732055;0;0;0.0005263157894735795;0.0036842105263161784;0.02263157894737177;0.032631578947374645
1687957561;1.9300000000000994;0.0005263157894732055;0;0;0.0015789473684211124;0.0036842105263161784;0.02421052631579139;0.03368421052632105
1687957562;1.9284210526315482;0.0005263157894732055;0;0;0.0015789473684211124;0.004210526315789383;0.02421052631579139;0.035789473684213875
1687957563;1.9278947368421588;0.0005263157894732055;0;0;0.0015789473684211124;0.004736842105263338;0.02368421052631818;0.036842105263160285
1687957564;1.9284210526315482;0.0005263157894732055;0;0;0.0015789473684211124;0.00526315789473729;0.02421052631579139;0.035263157894740674
1687957565;1.9263157894736076;0.0005263157894732055;0;0;0.0015789473684211124;0.00526315789473729;0.025263157894731814;0.036842105263160285
1687957566;1.9236842105263732;0.0005263157894732055;0;0;0.0015789473684211124;0.005789473684210496;0.024210526315785404;0.035789473684201906
1687957567;1.9231578947367922;0.0005263157894732055;0;0;0.0015789473684211124;0.005263157894736543;0.025789473684211;0.0352631578947287
1687957568;1.925263157894733;0;0;0;0.0015789473684211124;0.005789473684210496;0.02631578947368421;0.034210526315782294
1687957569;1.925789473684218;0;0;0;0.0015789473684211124;0.00631578947368445;0.026842105263157418;0.035263157894740674
1687957570;1.9236842105263732;0;0;0;0.0015789473684211124;0.006315789473683702;0.02578947368420502;0.035789473684213875
1687957571;1.9236842105262775;0;0;0;0.0015789473684211124;0.006315789473683702;0.02736842105263062;0.036842105263160285
1687957572;1.9247368421052475;0;0;0;0.0015789473684211124;0.00631578947368445;0.025789473684211004;0.036842105263160285
1687957573;1.923684210526373;0;0;0;0.0015789473684211124;0.00631578947368445;0.02789473684210981;0.036315789473687084
1687957574;1.925789473684218;0;0;0;0.0015789473684211124;0.00631578947368445;0.02578947368421699;0.037368421052633494
1687957575;1.922631578947307;0;0;0;0.0015789473684211124;0.007368421052631609;0.026315789473690194;0.0378947368421067
1687957576;1.923157894736888;0;0;0;0.001052631578947533;0.007368421052631609;0.0252631578947378;0.036842105263160285
1687957577;1.9242105263157625;0;0;0;0.001052631578947533;0.006842105263158403;0.0252631578947378;0.0378947368421067
1687957578;1.9236842105262775;0;0;0;0.001052631578947533;0.006842105263158403;0.025789473684211008;0.038421052631579904
1687957579;1.9226315789474029;0;0;0;0.001052631578947533;0.006842105263157655;0.0236842105263122;0.037894736842094726
1687957580;1.9231578947367922;0;0;0;0;0.00736842105263086;0.024210526315785404;0.037894736842094726
1687957581;1.9242105263157625;0;0;0;0;0.007368421052631609;0.024210526315785404;0.03684210526314832
1687957582;1.925789473684218;0;0;0;0;0.006842105263157656;0.0242105263157854;0.035263157894728704
1687957583;1.9247368421052478;0;0;0;0;0.006315789473683702;0.02368421052631818;0.03842105263159187
