Time;{instance="10.231.0.208:9100"};{instance="192.168.221.10:9100"};{instance="192.168.221.11:9100"};{instance="192.168.221.12:9100"}
1688367540;0;49999.448275862065;5932.137931034483;564.9655172413793
1688367541;0;51553.10344827586;5225.931034482758;564.9655172413793
1688367542;0;49152;5225.931034482758;564.9655172413793
1688367543;0;54660.41379310345;5225.931034482758;564.9655172413793
1688367544;0;50988.137931034486;5225.931034482758;1553.655172413793
1688367545;0;58191.448275862065;5225.931034482758;48304.55172413793
1688367546;0;62287.448275862065;988.6896551724137;89405.79310344828
1688367547;0;64971.03448275862;988.6896551724137;1175552
1688367548;0;68925.79310344828;988.6896551724137;1175552
1688367549;0;72598.06896551725;988.6896551724137;6799783.724137931
1688367550;1836.1379310344828;76976.55172413793;988.6896551724137;9582238.896551725
1688367551;1836.1379310344828;79801.37931034483;706.2068965517242;14816926.896551725
1688367552;1836.1379310344828;80648.8275862069;0;20034524.689655174
1688367553;1836.1379310344828;87004.6896551724;706.2068965517242;25262998.068965517
1688367554;1836.1379310344828;85733.5172413793;1412.4137931034484;25320624.551724136
1688367555;1836.1379310344828;84179.86206896552;1412.4137931034484;37975993.37931035
1688367556;3248.551724137931;92936.8275862069;1412.4137931034484;37976134.62068965
1688367557;3248.551724137931;93784.27586206897;1412.4137931034484;38027687.72413793
1688367558;3248.551724137931;92371.86206896552;1412.4137931034484;43269861.51724138
1688367559;3248.551724137931;92654.3448275862;1412.4137931034484;47177869.24137931
1688367560;3248.551724137931;96891.58620689655;1412.4137931034484;53894320.551724136
1688367561;3531.0344827586205;91665.6551724138;1412.4137931034484;61289436.68965517
1688367562;3531.0344827586205;89970.75862068965;1412.4137931034484;61289436.68965517
1688367563;3531.0344827586205;93360.55172413793;1412.4137931034484;61289436.68965517
1688367564;3531.0344827586205;94914.20689655172;1412.4137931034484;64521604.4137931
1688367565;3531.0344827586205;96185.37931034483;1412.4137931034484;71767145.93103448
1688367566;3531.0344827586205;94066.75862068965;1412.4137931034484;71767145.93103448
1688367567;3531.0344827586205;96044.13793103448;1412.4137931034484;84386215.72413793
1688367568;3531.0344827586205;94490.48275862068;1412.4137931034484;84386215.72413793
1688367569;3531.0344827586205;94208;2118.6206896551726;84393984
1688367570;3531.0344827586205;93219.31034482758;2118.6206896551726;88159055.44827586
1688367571;3531.0344827586205;100846.3448275862;2118.6206896551726;92136553.93103448
1688367572;3531.0344827586205;95337.93103448275;2118.6206896551726;106027643.5862069
1688367573;3531.0344827586205;109462.06896551725;2118.6206896551726;106026654.89655173
1688367574;3531.0344827586205;102400;2118.6206896551726;105982022.62068966
1688367575;3531.0344827586205;99433.93103448275;2118.6206896551726;106230183.72413793
1688367576;3531.0344827586205;96750.3448275862;2118.6206896551726;113349031.72413793
1688367577;3531.0344827586205;95196.6896551724;2118.6206896551726;115918212.4137931
1688367578;3531.0344827586205;91383.1724137931;2118.6206896551726;114815682.20689654
1688367579;1694.896551724138;85592.27586206897;9886.896551724138;112060062.89655173
1688367580;3107.310344827586;85451.03448275862;9886.896551724138;106825374.89655173
1688367581;3107.310344827586;83756.13793103448;10734.344827586207;107682286.34482758
1688367582;3107.310344827586;77400.27586206897;10028.137931034482;108528322.20689654
1688367583;3107.310344827586;78106.4827586207;9321.931034482759;114545204.96551724
1688367584;3107.310344827586;84179.86206896552;9321.931034482759;103845746.7586207
1688367585;2824.8275862068967;75140.41379310345;9321.931034482759;103845605.51724137
1688367586;2824.8275862068967;76129.10344827586;9321.931034482759;114234615.1724138
1688367587;2824.8275862068967;77824;9321.931034482759;119885117.79310344
1688367588;2824.8275862068967;77400.27586206897;9321.931034482759;122485512.8275862
1688367589;2824.8275862068967;74151.72413793103;9321.931034482759;119089222.62068966
1688367590;2542.344827586207;77541.5172413793;9321.931034482759;111829698.20689654
1688367591;2824.8275862068967;78106.4827586207;9321.931034482759;119079335.72413793
1688367592;2824.8275862068967;75705.37931034483;9321.931034482759;123600189.79310344
1688367593;2824.8275862068967;72598.06896551725;9321.931034482759;126155387.5862069
1688367594;2824.8275862068967;71185.6551724138;9321.931034482759;119159843.31034483
1688367595;2824.8275862068967;73304.27586206897;9321.931034482759;119159843.31034483
1688367596;2824.8275862068967;72174.3448275862;9321.931034482759;107203901.79310344
1688367597;2824.8275862068967;73728;9321.931034482759;122340740.4137931
1688367598;2824.8275862068967;74575.44827586207;8615.724137931034;122332972.13793103
1688367599;2824.8275862068967;73869.24137931035;8615.724137931034;126385328.55172414
1688367600;2824.8275862068967;67513.37931034483;9180.689655172413;122407830.06896551
1688367601;2824.8275862068967;69067.03448275862;9180.689655172413;119147131.5862069
1688367602;2824.8275862068967;56920.275862068964;9604.413793103447;119147131.5862069
1688367603;2824.8275862068967;56072.8275862069;9745.655172413793;119280604.68965517
1688367604;2824.8275862068967;53248;9745.655172413793;121549506.20689654
1688367605;2824.8275862068967;53530.48275862069;10310.620689655172;122368847.44827586
1688367606;3954.758620689655;51270.620689655174;10451.862068965516;123337339.5862069
1688367607;3954.758620689655;52824.275862068964;10451.862068965516;118817474.20689654
1688367608;3954.758620689655;52824.275862068964;2683.5862068965516;121538065.65517241
1688367609;2542.344827586207;53671.724137931036;2683.5862068965516;134748371.86206895
1688367610;2542.344827586207;53671.724137931036;1836.1379310344828;128675275.03448276
1688367611;2824.8275862068967;56496.55172413793;5084.689655172414;122604861.79310344
1688367612;3389.793103448276;55790.3448275862;5084.689655172414;116533601.10344827
1688367613;3389.793103448276;51835.58620689655;5084.689655172414;117328931.31034483
1688367614;2259.862068965517;50423.1724137931;5084.689655172414;119129617.65517241
1688367615;2259.862068965517;50846.89655172414;5084.689655172414;117873134.34482758
1688367616;2259.862068965517;53389.24137931034;5084.689655172414;106980457.93103448
1688367617;2542.344827586207;54942.89655172414;11299.310344827587;100474880
1688367618;2542.344827586207;53954.206896551725;11299.310344827587;97154718.89655173
1688367619;2542.344827586207;61298.75862068965;11299.310344827587;97019127.1724138
1688367620;2259.862068965517;61581.24137931034;11299.310344827587;92519600.55172414
1688367621;2259.862068965517;61581.24137931034;11299.310344827587;90746738.7586207
1688367622;2259.862068965517;63417.379310344826;11299.310344827587;88692947.86206897
1688367623;2259.862068965517;65112.275862068964;11299.310344827587;92961403.5862069
1688367624;2259.862068965517;62004.96551724138;11299.310344827587;95709395.86206897
1688367625;2259.862068965517;63417.379310344826;11299.310344827587;107557993.93103448
1688367626;2259.862068965517;61863.724137931036;11299.310344827587;92421155.31034483
1688367627;2259.862068965517;61722.48275862069;11299.310344827587;92421155.31034483
1688367628;2259.862068965517;61863.724137931036;11299.310344827587;84605563.5862069
1688367629;2259.862068965517;61581.24137931034;10734.344827586207;85942554.48275863
1688367630;2259.862068965517;61581.24137931034;10734.344827586207;78411846.62068966
1688367631;2259.862068965517;61440;10310.620689655172;89198027.03448276
1688367632;2259.862068965517;62428.68965517241;10169.379310344828;89062435.31034483
1688367633;2259.862068965517;63276.13793103448;24717.241379310344;86505542.62068966
1688367634;2259.862068965517;62146.206896551725;24152.275862068964;77481348.4137931
1688367635;1129.9310344827586;64688.55172413793;24011.03448275862;76837993.93103448
1688367636;1129.9310344827586;63982.3448275862;24011.03448275862;89434041.37931034
1688367637;1129.9310344827586;65818.4827586207;24011.03448275862;86686049.10344827
1688367638;1129.9310344827586;64971.03448275862;24576;73476872.8275862
1688367639;1129.9310344827586;65959.72413793103;24576;73476449.10344827
1688367640;847.448275862069;67230.89655172413;21327.44827586207;77949563.5862069
1688367641;282.48275862068965;67372.13793103448;21327.44827586207;77946315.03448276
1688367642;282.48275862068965;67795.86206896552;21327.44827586207;82953321.93103448
1688367643;282.48275862068965;69632;22598.620689655174;81155460.4137931
1688367644;282.48275862068965;69067.03448275862;22598.620689655174;71971380.96551724
1688367645;282.48275862068965;65112.275862068964;22598.620689655174;71971522.20689654
1688367646;0;66242.20689655172;16384;73429274.48275863
1688367647;0;65253.51724137931;16384;75877411.31034483
1688367648;0;55507.862068965514;16384;82919847.72413793
1688367649;0;56072.8275862069;16384;87305675.03448276
1688367650;0;57061.51724137931;16384;84557682.7586207
1688367651;0;54660.41379310345;16384;80824108.13793103
1688367652;0;54377.93103448276;16384;76305655.1724138
1688367653;0;57061.51724137931;16384;75499025.65517241
1688367654;0;55649.10344827586;16384;75917241.37931034
1688367655;0;57344;16384;75917241.37931034
1688367656;0;56779.03448275862;16384;75917241.37931034
1688367657;0;56779.03448275862;16384;75915405.2413793
1688367658;0;57344;16384;77682193.65517241
1688367659;0;58473.93103448276;16384;74627707.5862069
1688367660;0;59603.862068965514;16384;79877649.65517241
1688367661;0;57767.724137931036;16384;79877649.65517241
1688367662;0;57767.724137931036;1836.1379310344828;79876378.48275863
1688367663;0;59462.620689655174;1836.1379310344828;79877508.4137931
1688367664;0;56920.275862068964;1836.1379310344828;80310413.2413793
1688367665;0;63417.379310344826;1836.1379310344828;71040176.55172414
1688367666;0;61440;1836.1379310344828;71047379.86206897
1688367667;0;60451.31034482759;1271.1724137931035;81338932.96551724
1688367668;0;58615.1724137931;1271.1724137931035;81340627.86206897
1688367669;0;57344;6214.620689655172;76863558.62068966
1688367670;0;59745.10344827586;6214.620689655172;80193041.65517241
1688367671;0;59321.379310344826;6214.620689655172;75761310.89655173
1688367672;0;58332.68965517241;4943.448275862069;88569644.13793103
1688367673;0;57626.48275862069;4943.448275862069;88571621.51724137
1688367674;0;57061.51724137931;4943.448275862069;88571480.27586207
1688367675;0;57202.75862068965;5084.689655172414;87110903.1724138
1688367676;0;58473.93103448276;5084.689655172414;87990695.72413793
1688367677;0;58332.68965517241;5084.689655172414;90304229.51724137
1688367678;0;56637.793103448275;5084.689655172414;86351448.27586207
1688367679;0;56779.03448275862;5084.689655172414;86351448.27586207
1688367680;0;61157.51724137931;5084.689655172414;86351589.51724137
1688367681;0;60451.31034482759;5084.689655172414;86351589.51724137
1688367682;0;58615.1724137931;5084.689655172414;87743947.03448276
1688367683;0;58756.41379310345;5084.689655172414;88598881.10344827
1688367684;0;57626.48275862069;5084.689655172414;88598881.10344827
1688367685;0;59745.10344827586;5084.689655172414;88598881.10344827
1688367686;0;59745.10344827586;5084.689655172414;88598881.10344827
1688367687;0;59038.89655172414;5084.689655172414;88827127.1724138
1688367688;0;57061.51724137931;5084.689655172414;101357779.86206897
1688367689;0;54942.89655172414;5084.689655172414;85322646.06896551
1688367690;0;58473.93103448276;5084.689655172414;85322646.06896551
1688367691;0;56920.275862068964;5084.689655172414;85329849.37931034
1688367692;0;57626.48275862069;5084.689655172414;85328578.20689654
1688367693;0;55790.3448275862;5084.689655172414;82004179.86206897
1688367694;0;50140.68965517241;5084.689655172414;84176048.55172414
1688367695;0;49858.206896551725;5084.689655172414;84168845.2413793
1688367696;0;52683.03448275862;5084.689655172414;77202679.1724138
1688367697;0;51694.3448275862;5084.689655172414;80526512.55172414
1688367698;0;49999.448275862065;141.24137931034483;82163782.62068966
1688367699;0;47174.620689655174;141.24137931034483;78834299.5862069
1688367700;0;48304.55172413793;141.24137931034483;83851334.62068966
1688367701;0;54095.448275862065;988.6896551724137;83762070.06896551
1688367702;0;53248;988.6896551724137;83760092.68965517
1688367703;0;53106.75862068965;988.6896551724137;83761928.8275862
1688367704;0;51694.3448275862;847.448275862069;83761928.8275862
1688367705;0;52824.275862068964;847.448275862069;82155025.65517241
1688367706;0;52824.275862068964;847.448275862069;72799055.44827586
1688367707;0;54236.68965517241;847.448275862069;87076440.27586207
1688367708;0;53106.75862068965;847.448275862069;87077711.44827586
1688367709;0;49434.48275862069;847.448275862069;87077570.20689654
1688367710;0;49858.206896551725;847.448275862069;87077570.20689654
1688367711;0;55366.620689655174;847.448275862069;87072626.7586207
1688367712;0;55084.137931034486;847.448275862069;76614267.5862069
1688367713;0;54519.1724137931;847.448275862069;76616103.72413793
1688367714;0;51553.10344827586;847.448275862069;86068541.79310344
1688367715;0;55507.862068965514;847.448275862069;88617948.68965517
1688367716;0;56496.55172413793;847.448275862069;85347080.8275862
1688367717;0;59321.379310344826;847.448275862069;77012992
1688367718;0;58473.93103448276;847.448275862069;77012003.31034483
1688367719;0;56779.03448275862;847.448275862069;77012003.31034483
1688367720;0;58897.65517241379;847.448275862069;83657833.93103448
1688367721;1553.655172413793;60027.58620689655;847.448275862069;91047159.1724138
1688367722;1553.655172413793;60027.58620689655;847.448275862069;91050407.72413793
1688367723;1553.655172413793;60168.8275862069;847.448275862069;85550892.13793103
1688367724;1553.655172413793;59603.862068965514;847.448275862069;89022040.27586207
1688367725;1553.655172413793;58050.206896551725;847.448275862069;88986023.72413793
1688367726;2259.862068965517;60027.58620689655;847.448275862069;97792000
1688367727;2824.8275862068967;59886.3448275862;847.448275862069;100981371.5862069
1688367728;2824.8275862068967;60027.58620689655;847.448275862069;100981371.5862069
1688367729;2824.8275862068967;57485.24137931034;847.448275862069;92645729.10344827
1688367730;2824.8275862068967;52683.03448275862;0;86576869.51724137
1688367731;2824.8275862068967;60027.58620689655;4519.724137931034;93508713.93103448
1688367732;3107.310344827586;59603.862068965514;4519.724137931034;99567686.62068966
1688367733;3107.310344827586;58332.68965517241;5367.172413793103;99567686.62068966
1688367734;3107.310344827586;56214.06896551724;5367.172413793103;97852027.5862069
1688367735;3107.310344827586;56779.03448275862;5367.172413793103;100789989.51724137
1688367736;3107.310344827586;55507.862068965514;5367.172413793103;88870629.51724137
1688367737;3107.310344827586;61016.275862068964;5367.172413793103;88869358.34482759
1688367738;3107.310344827586;62569.93103448276;5367.172413793103;96987912.8275862
1688367739;3107.310344827586;60592.55172413793;5367.172413793103;103068495.44827586
1688367740;3107.310344827586;56355.31034482759;5367.172413793103;104105913.37931034
1688367741;3107.310344827586;58332.68965517241;5367.172413793103;105417622.06896551
1688367742;3107.310344827586;61722.48275862069;5367.172413793103;108975209.93103448
1688367743;3107.310344827586;61581.24137931034;5367.172413793103;102616381.79310344
1688367744;3107.310344827586;59886.3448275862;5367.172413793103;104274131.86206897
1688367745;3107.310344827586;60168.8275862069;5367.172413793103;115194491.5862069
1688367746;3107.310344827586;57626.48275862069;5367.172413793103;110952730.48275863
1688367747;3107.310344827586;60592.55172413793;5367.172413793103;112836325.51724137
1688367748;3107.310344827586;58756.41379310345;5367.172413793103;112850308.4137931
1688367749;3107.310344827586;59886.3448275862;5367.172413793103;106197274.48275863
1688367750;2824.8275862068967;57344;5367.172413793103;108792867.31034483
1688367751;2824.8275862068967;59886.3448275862;5367.172413793103;115439827.86206897
1688367752;2824.8275862068967;60027.58620689655;5367.172413793103;118556460.13793103
1688367753;2824.8275862068967;61016.275862068964;5367.172413793103;117135006.89655173
1688367754;2824.8275862068967;58756.41379310345;5367.172413793103;113844506.48275863
1688367755;3107.310344827586;58191.448275862065;5367.172413793103;101712013.2413793
1688367756;2542.344827586207;59886.3448275862;5367.172413793103;115012996.4137931
1688367757;2542.344827586207;59886.3448275862;5367.172413793103;127816244.96551724
1688367758;2542.344827586207;59745.10344827586;5367.172413793103;127811301.51724137
1688367759;2542.344827586207;58756.41379310345;5367.172413793103;123131127.1724138
1688367760;2542.344827586207;53671.724137931036;847.448275862069;116199282.7586207
1688367761;2542.344827586207;53812.96551724138;847.448275862069;110138473.93103448
1688367762;2542.344827586207;54660.41379310345;0;112541837.2413793
1688367763;2542.344827586207;55931.58620689655;0;137066001.6551724
1688367764;2542.344827586207;55366.620689655174;564.9655172413793;134128039.72413793
1688367765;2542.344827586207;55790.3448275862;564.9655172413793;138134351.44827586
1688367766;2542.344827586207;51129.379310344826;564.9655172413793;138134351.44827586
1688367767;2542.344827586207;50281.93103448276;564.9655172413793;136379568.55172414
1688367768;2542.344827586207;51129.379310344826;564.9655172413793;135191587.31034482
1688367769;2542.344827586207;49858.206896551725;564.9655172413793;130825392.55172414
1688367770;2542.344827586207;48587.03448275862;564.9655172413793;128828663.1724138
1688367771;2542.344827586207;45056;564.9655172413793;139388998.62068966
1688367772;2542.344827586207;49010.75862068965;564.9655172413793;136297224.8275862
1688367773;3672.2758620689656;46609.65517241379;564.9655172413793;132095717.51724137
1688367774;3672.2758620689656;47315.862068965514;564.9655172413793;133699513.37931034
1688367775;3672.2758620689656;47174.620689655174;564.9655172413793;133699513.37931034
1688367776;3672.2758620689656;45762.206896551725;564.9655172413793;131815918.34482758
1688367777;3672.2758620689656;47315.862068965514;564.9655172413793;131805325.2413793
1688367778;4519.724137931034;51694.3448275862;564.9655172413793;133666886.62068966
1688367779;3248.551724137931;51553.10344827586;564.9655172413793;128192512
1688367780;3248.551724137931;50988.137931034486;564.9655172413793;121546822.62068966
1688367781;3248.551724137931;50564.41379310345;564.9655172413793;128759172.4137931
1688367782;3248.551724137931;51694.3448275862;564.9655172413793;126712443.5862069
1688367783;3248.551724137931;53106.75862068965;564.9655172413793;126712443.5862069
1688367784;2542.344827586207;53389.24137931034;1271.1724137931035;129898707.86206897
1688367785;2542.344827586207;52118.06896551724;1271.1724137931035;114952827.5862069
1688367786;2542.344827586207;51411.862068965514;1271.1724137931035;114655655.72413793
1688367787;2966.0689655172414;52400.55172413793;1271.1724137931035;114654243.31034483
1688367788;2966.0689655172414;51553.10344827586;1271.1724137931035;112681383.72413793
1688367789;2966.0689655172414;51694.3448275862;1271.1724137931035;112681383.72413793
1688367790;2683.5862068965516;51553.10344827586;1271.1724137931035;115863410.7586207
1688367791;2683.5862068965516;51411.862068965514;1271.1724137931035;126075303.72413793
1688367792;2683.5862068965516;49293.24137931034;1271.1724137931035;101547325.79310344
1688367793;2824.8275862068967;51270.620689655174;706.2068965517242;101547325.79310344
1688367794;2824.8275862068967;49858.206896551725;706.2068965517242;91999832.27586207
1688367795;2824.8275862068967;51835.58620689655;706.2068965517242;95183977.93103448
1688367796;2824.8275862068967;50281.93103448276;1412.4137931034484;101621901.2413793
1688367797;2824.8275862068967;50423.1724137931;1412.4137931034484;96730429.79310344
1688367798;2824.8275862068967;51270.620689655174;1412.4137931034484;96730429.79310344
1688367799;2824.8275862068967;49858.206896551725;1412.4137931034484;94088933.51724137
1688367800;2824.8275862068967;52824.275862068964;1412.4137931034484;83156285.79310344
1688367801;2824.8275862068967;48869.51724137931;1412.4137931034484;95736090.48275863
1688367802;1694.896551724138;49858.206896551725;1412.4137931034484;95732135.72413793
1688367803;1694.896551724138;49010.75862068965;1412.4137931034484;83147811.31034483
1688367804;1694.896551724138;50705.65517241379;1412.4137931034484;83147811.31034483
1688367805;1694.896551724138;49716.96551724138;1412.4137931034484;83155720.8275862
1688367806;1694.896551724138;49858.206896551725;1412.4137931034484;83152331.03448276
1688367807;847.448275862069;43784.8275862069;1412.4137931034484;87658072.27586207
1688367808;847.448275862069;44632.275862068964;1412.4137931034484;83147670.06896551
1688367809;847.448275862069;44208.55172413793;5508.413793103448;87236184.27586207
1688367810;847.448275862069;44491.03448275862;5508.413793103448;80089088
1688367811;847.448275862069;42372.41379310345;5508.413793103448;83268007.72413793
1688367812;847.448275862069;42372.41379310345;5508.413793103448;84786352.55172414
1688367813;564.9655172413793;43219.862068965514;4802.206896551724;81600088.27586207
1688367814;564.9655172413793;43502.3448275862;5225.931034482758;91942912
1688367815;564.9655172413793;46609.65517241379;5367.172413793103;79436835.31034483
1688367816;141.24137931034483;44773.51724137931;5367.172413793103;79435281.65517241
1688367817;141.24137931034483;46609.65517241379;5367.172413793103;81369864.8275862
1688367818;141.24137931034483;44914.75862068965;5367.172413793103;82906853.51724137
1688367819;141.24137931034483;47457.10344827586;5367.172413793103;81449666.20689654
1688367820;141.24137931034483;46750.89655172414;5367.172413793103;78536562.7586207
1688367821;141.24137931034483;48445.793103448275;5367.172413793103;78535009.10344827
1688367822;0;45620.96551724138;5367.172413793103;79516919.1724138
1688367823;0;47315.862068965514;5367.172413793103;81284131.31034483
1688367824;0;47457.10344827586;5367.172413793103;90393776.55172414
1688367825;0;49716.96551724138;4660.9655172413795;77592081.65517241
1688367826;0;48728.275862068964;4660.9655172413795;77590951.72413793
1688367827;0;48728.275862068964;4660.9655172413795;77592222.89655173
1688367828;0;50705.65517241379;4660.9655172413795;79183165.79310344
1688367829;0;52541.793103448275;4660.9655172413795;78889948.68965517
1688367830;0;55366.620689655174;4660.9655172413795;74626718.89655173
1688367831;0;54236.68965517241;4660.9655172413795;74630532.4137931
1688367832;0;52541.793103448275;4660.9655172413795;74632227.31034483
1688367833;0;50705.65517241379;4660.9655172413795;74632227.31034483
1688367834;0;53106.75862068965;4660.9655172413795;74624317.79310344
1688367835;0;52683.03448275862;4660.9655172413795;87292963.31034483
1688367836;0;51129.379310344826;4660.9655172413795;80925660.68965517
1688367837;0;50423.1724137931;4660.9655172413795;80926649.37931034
1688367838;0;48869.51724137931;564.9655172413793;76830790.62068966
1688367839;0;49010.75862068965;564.9655172413793;76831214.34482759
1688367840;0;50140.68965517241;564.9655172413793;76831214.34482759
1688367841;0;49152;564.9655172413793;87861036.13793103
1688367842;0;46609.65517241379;564.9655172413793;87862589.79310344
1688367843;0;47457.10344827586;141.24137931034483;74337880.27586207
1688367844;0;46750.89655172414;0;74337880.27586207
1688367845;0;51976.8275862069;0;77519907.31034483
1688367846;0;50140.68965517241;0;88175298.20689654
1688367847;0;50988.137931034486;0;86639580.68965517
1688367848;0;48304.55172413793;0;84914740.96551724
1688367849;0;50423.1724137931;0;75212729.37931034
1688367850;0;51270.620689655174;0;78396451.31034483
1688367851;0;52965.51724137931;0;80596427.03448276
1688367852;0;51411.862068965514;0;91070746.48275863
1688367853;0;48445.793103448275;0;78776955.5862069
1688367854;0;48587.03448275862;706.2068965517242;78776955.5862069
1688367855;0;51835.58620689655;706.2068965517242;78926247.72413793
1688367856;0;50988.137931034486;706.2068965517242;78933733.51724137
1688367857;0;50564.41379310345;706.2068965517242;77345332.96551724
1688367858;0;46044.68965517241;706.2068965517242;74997901.2413793
1688367859;0;44208.55172413793;706.2068965517242;72498776.27586207
1688367860;0;47739.58620689655;706.2068965517242;72493267.86206897
1688367861;0;48304.55172413793;706.2068965517242;76897597.79310344
1688367862;0;48445.793103448275;706.2068965517242;80081037.2413793
1688367863;0;46327.1724137931;706.2068965517242;81866469.51724137
1688367864;0;47598.3448275862;706.2068965517242;71177604.4137931
1688367865;0;55790.3448275862;706.2068965517242;83202330.48275863
1688367866;0;56637.793103448275;706.2068965517242;83201200.55172414
1688367867;0;57344;706.2068965517242;83202895.44827586
1688367868;0;55507.862068965514;706.2068965517242;81636104.8275862
1688367869;0;55366.620689655174;706.2068965517242;78454219.03448276
1688367870;0;57767.724137931036;1412.4137931034484;80866339.31034483
1688367871;0;57767.724137931036;1412.4137931034484;80864785.65517241
1688367872;0;57061.51724137931;1412.4137931034484;80866480.55172414
1688367873;0;54519.1724137931;1412.4137931034484;81488225.10344827
1688367874;0;51976.8275862069;1412.4137931034484;78451394.20689654
1688367875;0;55931.58620689655;1412.4137931034484;71458392.27586207
1688367876;0;55931.58620689655;1412.4137931034484;84105851.5862069
1688367877;0;54942.89655172414;1412.4137931034484;84107122.7586207
1688367878;0;54236.68965517241;1412.4137931034484;84106981.51724137
1688367879;0;53671.724137931036;5508.413793103448;80924389.51724137
1688367880;0;55790.3448275862;5508.413793103448;84866718.89655173
1688367881;0;56496.55172413793;5508.413793103448;76855649.10344827
1688367882;0;56355.31034482759;5508.413793103448;78133601.10344827
1688367883;0;54801.65517241379;4802.206896551724;85158947.31034483
1688367884;0;55084.137931034486;5225.931034482758;85050756.4137931
1688367885;1694.896551724138;58615.1724137931;5367.172413793103;88246766.34482759
1688367886;1694.896551724138;59321.379310344826;5367.172413793103;101627692.13793103
1688367887;1694.896551724138;59038.89655172414;5367.172413793103;101081229.2413793
1688367888;1694.896551724138;58191.448275862065;5367.172413793103;95261943.1724138
1688367889;1694.896551724138;55507.862068965514;5367.172413793103;97354292.96551724
1688367890;2401.103448275862;56779.03448275862;5367.172413793103;92947279.44827586
1688367891;2966.0689655172414;58897.65517241379;5367.172413793103;97339038.89655173
1688367892;2966.0689655172414;58050.206896551725;5367.172413793103;108751201.10344827
1688367893;2966.0689655172414;57202.75862068965;5367.172413793103;106771420.68965517
1688367894;2966.0689655172414;49010.75862068965;5367.172413793103;94748813.2413793
1688367895;2966.0689655172414;50281.93103448276;5367.172413793103;96446110.89655173
1688367896;3248.551724137931;51411.862068965514;5367.172413793103;101226284.13793103
1688367897;3248.551724137931;51270.620689655174;5367.172413793103;106372413.79310344
1688367898;3248.551724137931;50988.137931034486;5367.172413793103;116352105.93103448
1688367899;3248.551724137931;49434.48275862069;4660.9655172413795;101393796.4137931
1688367900;3248.551724137931;51129.379310344826;4660.9655172413795;101393796.4137931
1688367901;3248.551724137931;50988.137931034486;4660.9655172413795;104620596.96551724
1688367902;3248.551724137931;50988.137931034486;4660.9655172413795;110317426.7586207
1688367903;3248.551724137931;51270.620689655174;4660.9655172413795;123299063.1724138
1688367904;3248.551724137931;48022.06896551724;4660.9655172413795;117706610.7586207
1688367905;3248.551724137931;48587.03448275862;12005.51724137931;105057880.27586207
1688367906;3248.551724137931;58473.93103448276;12005.51724137931;106944300.13793103
1688367907;3248.551724137931;59038.89655172414;12005.51724137931;114609893.51724137
1688367908;3248.551724137931;57767.724137931036;7909.51724137931;114608763.5862069
1688367909;3248.551724137931;54942.89655172414;7909.51724137931;115143079.72413793
1688367910;3248.551724137931;56214.06896551724;7909.51724137931;110912617.93103448
1688367911;3248.551724137931;58897.65517241379;7909.51724137931;112872059.5862069
1688367912;3248.551724137931;58897.65517241379;7909.51724137931;111149903.44827586
1688367913;3248.551724137931;56355.31034482759;7485.793103448275;111310212.4137931
1688367914;2966.0689655172414;52824.275862068964;7344.551724137931;108105445.51724137
1688367915;2966.0689655172414;55649.10344827586;7344.551724137931;104280628.96551724
1688367916;2966.0689655172414;61863.724137931036;7344.551724137931;109870539.03448276
1688367917;2966.0689655172414;64971.03448275862;7344.551724137931;113532080.55172414
1688367918;2966.0689655172414;64406.06896551724;7344.551724137931;113434200.27586207
1688367919;2824.8275862068967;62993.65517241379;7344.551724137931;113434200.27586207
1688367920;2824.8275862068967;62852.41379310345;7344.551724137931;112550311.72413793
1688367921;2824.8275862068967;67795.86206896552;7344.551724137931;110057260.13793103
1688367922;2824.8275862068967;66948.41379310345;7344.551724137931;122555427.31034483
1688367923;2824.8275862068967;67795.86206896552;7344.551724137931;122555709.79310344
1688367924;2824.8275862068967;65536;7344.551724137931;122687911.72413793
1688367925;2824.8275862068967;66383.44827586207;7344.551724137931;117906043.5862069
1688367926;2824.8275862068967;67654.62068965517;7344.551724137931;111144395.03448276
1688367927;2824.8275862068967;70055.72413793103;7344.551724137931;101164702.89655173
1688367928;2824.8275862068967;69632;7344.551724137931;118426659.31034483
1688367929;2824.8275862068967;67937.10344827586;7344.551724137931;128554372.4137931
1688367930;2824.8275862068967;70761.93103448275;8050.758620689655;130135004.68965517
1688367931;2824.8275862068967;70761.93103448275;8050.758620689655;126998316.13793103
1688367932;2824.8275862068967;69773.24137931035;8050.758620689655;120236385.10344827
1688367933;2824.8275862068967;70761.93103448275;12288;129167360
1688367934;2824.8275862068967;71044.41379310345;4943.448275862069;131824251.5862069
1688367935;2824.8275862068967;61722.48275862069;4943.448275862069;133133841.65517241
1688367936;2824.8275862068967;62852.41379310345;5649.6551724137935;125468248.27586207
1688367937;2824.8275862068967;68502.06896551725;5649.6551724137935;131336545.10344827
1688367938;3954.758620689655;71185.6551724138;6920.827586206897;128749568
1688367939;3954.758620689655;69208.27586206897;6920.827586206897;132892036.4137931
1688367940;3954.758620689655;68502.06896551725;6920.827586206897;129656055.1724138
1688367941;3954.758620689655;69632;6920.827586206897;124352865.10344827
1688367942;3954.758620689655;71750.62068965517;6920.827586206897;127336871.72413793
1688367943;2824.8275862068967;70903.1724137931;6920.827586206897;140152549.5172414
1688367944;3389.793103448276;67089.6551724138;6920.827586206897;130593897.93103448
1688367945;3389.793103448276;61298.75862068965;6920.827586206897;125005259.03448276
1688367946;3389.793103448276;62428.68965517241;6920.827586206897;121352474.48275863
1688367947;3389.793103448276;63558.620689655174;6920.827586206897;125726861.2413793
1688367948;2824.8275862068967;65536;6920.827586206897;125727002.48275863
1688367949;2542.344827586207;63417.379310344826;6920.827586206897;131592756.96551724
1688367950;2542.344827586207;59886.3448275862;6920.827586206897;120888214.06896551
1688367951;2542.344827586207;59886.3448275862;6920.827586206897;108390046.89655173
1688367952;2542.344827586207;61157.51724137931;6920.827586206897;108389764.4137931
1688367953;2542.344827586207;61016.275862068964;6920.827586206897;108370555.5862069
1688367954;2259.862068965517;59321.379310344826;6920.827586206897;112926437.51724137
1688367955;2259.862068965517;58473.93103448276;6920.827586206897;125544518.62068966
1688367956;2259.862068965517;58191.448275862065;6920.827586206897;125544518.62068966
1688367957;2259.862068965517;59038.89655172414;6920.827586206897;108281856
1688367958;2259.862068965517;62146.206896551725;6920.827586206897;98154142.89655173
1688367959;2259.862068965517;59180.137931034486;6214.620689655172;94881297.65517241
1688367960;2259.862068965517;61157.51724137931;6214.620689655172;96528454.62068966
1688367961;2259.862068965517;60168.8275862069;6214.620689655172;102872028.68965517
1688367962;2259.862068965517;60592.55172413793;1977.3793103448274;93937805.2413793
1688367963;2259.862068965517;59180.137931034486;1977.3793103448274;91280913.65517241
1688367964;2259.862068965517;58615.1724137931;6073.379310344828;88083632.55172414
1688367965;2259.862068965517;55790.3448275862;5367.172413793103;91266224.55172414
1688367966;2259.862068965517;49293.24137931034;5367.172413793103;97950472.8275862
1688367967;1129.9310344827586;47174.620689655174;4096;92880048.55172414
1688367968;1129.9310344827586;50564.41379310345;4096;88738710.06896551
1688367969;1129.9310344827586;48587.03448275862;4519.724137931034;88737297.65517241
1688367970;1129.9310344827586;49152;4519.724137931034;88744924.68965517
1688367971;1129.9310344827586;46044.68965517241;4519.724137931034;86226732.13793103
1688367972;847.448275862069;48445.793103448275;4519.724137931034;79111697.65517241
1688367973;282.48275862068965;53389.24137931034;4519.724137931034;79533585.65517241
1688367974;282.48275862068965;55649.10344827586;4660.9655172413795;85263324.68965517
1688367975;282.48275862068965;51835.58620689655;4660.9655172413795;85753291.03448276
1688367976;282.48275862068965;50705.65517241379;4660.9655172413795;82069150.89655173
1688367977;282.48275862068965;49010.75862068965;4660.9655172413795;94675650.20689654
1688367978;0;49716.96551724138;4660.9655172413795;82118585.37931034
1688367979;0;49434.48275862069;4660.9655172413795;82118585.37931034
1688367980;0;50705.65517241379;4660.9655172413795;84113054.89655173
1688367981;0;49434.48275862069;4660.9655172413795;87183783.72413793
1688367982;0;49575.724137931036;4660.9655172413795;86672489.93103448
1688367983;0;51270.620689655174;4660.9655172413795;95382987.03448276
1688367984;0;49858.206896551725;4660.9655172413795;83870402.20689654
1688367985;0;49434.48275862069;4660.9655172413795;83870402.20689654
1688367986;0;47033.379310344826;4660.9655172413795;83869131.03448276
1688367987;0;46609.65517241379;4660.9655172413795;87052429.2413793
1688367988;0;47457.10344827586;4660.9655172413795;87602140.68965517
1688367989;0;47739.58620689655;4660.9655172413795;82773097.93103448
1688367990;0;51694.3448275862;4660.9655172413795;83020411.5862069
1688367991;0;50423.1724137931;4660.9655172413795;83019140.4137931
1688367992;0;50281.93103448276;4660.9655172413795;83021541.51724137
1688367993;0;52683.03448275862;564.9655172413793;83021541.51724137
1688367994;0;53671.724137931036;564.9655172413793;79846435.31034483
1688367995;0;55084.137931034486;564.9655172413793;76692797.79310344
1688367996;0;54377.93103448276;564.9655172413793;76691667.86206897
1688367997;0;52683.03448275862;564.9655172413793;77496037.51724137
1688367998;0;54095.448275862065;141.24137931034483;81862091.03448276
1688367999;0;51835.58620689655;141.24137931034483;85500186.48275863
1688368000;0;55790.3448275862;141.24137931034483;84832962.20689654
1688368001;0;53389.24137931034;141.24137931034483;79132318.89655173
1688368002;0;49010.75862068965;141.24137931034483;91557888
1688368003;0;45479.724137931036;0;92731886.34482758
1688368004;0;48304.55172413793;5084.689655172414;92234857.93103448
1688368005;0;47880.8275862069;5084.689655172414;89550141.79310344
1688368006;0;49575.724137931036;5084.689655172414;76943501.2413793
1688368007;0;49010.75862068965;5084.689655172414;80125528.27586207
1688368008;0;55084.137931034486;5084.689655172414;92990216.8275862
1688368009;0;52965.51724137931;5084.689655172414;90997583.44827586
1688368010;0;55649.10344827586;5084.689655172414;87924736
1688368011;0;54660.41379310345;5084.689655172414;86625880.27586207
1688368012;0;52965.51724137931;5084.689655172414;76543929.37931034
1688368013;0;52965.51724137931;5084.689655172414;88007927.1724138
1688368014;0;51553.10344827586;9321.931034482759;88009198.34482759
1688368015;0;54801.65517241379;10028.137931034482;88009198.34482759
1688368016;0;52965.51724137931;10028.137931034482;84834798.34482759
1688368017;0;52400.55172413793;10028.137931034482;88001288.8275862
1688368018;0;50281.93103448276;10028.137931034482;88001288.8275862
1688368019;0;46892.137931034486;10028.137931034482;77936569.37931034
1688368020;0;49575.724137931036;10028.137931034482;82018021.51724137
1688368021;0;50281.93103448276;10028.137931034482;85204003.31034483
1688368022;0;48022.06896551724;10028.137931034482;88385889.10344827
1688368023;0;47033.379310344826;10028.137931034482;91560289.10344827
1688368024;0;48869.51724137931;10028.137931034482;84079156.96551724
1688368025;0;50140.68965517241;10028.137931034482;84079156.96551724
1688368026;0;49152;10028.137931034482;96399077.51724137
1688368027;0;50988.137931034486;10028.137931034482;92033024
1688368028;0;51553.10344827586;10028.137931034482;88387301.51724137
1688368029;0;48445.793103448275;10028.137931034482;90305359.44827586
1688368030;0;52118.06896551724;10028.137931034482;94355032.27586207
1688368031;0;51411.862068965514;10028.137931034482;90583322.48275863
1688368032;0;52259.31034482759;10028.137931034482;83678313.93103448
1688368033;0;49716.96551724138;4943.448275862069;83676619.03448276
1688368034;0;50988.137931034486;4943.448275862069;86861894.62068966
1688368035;0;50705.65517241379;4943.448275862069;99519523.31034483
1688368036;0;50705.65517241379;4943.448275862069;96337496.27586207
1688368037;0;44349.793103448275;4943.448275862069;83472807.72413793
1688368038;0;47174.620689655174;4943.448275862069;83470971.5862069
1688368039;0;44632.275862068964;4943.448275862069;85037338.48275863
1688368040;0;45762.206896551725;4943.448275862069;85037197.2413793
1688368041;0;52118.06896551724;4943.448275862069;83470830.34482759
1688368042;0;53106.75862068965;4943.448275862069;76238565.51724137
1688368043;0;54660.41379310345;706.2068965517242;80761538.20689654
1688368044;0;51411.862068965514;0;81145149.79310344
1688368045;0;53530.48275862069;0;81136251.5862069
1688368046;0;52541.793103448275;423.7241379310345;75883767.1724138
1688368047;1836.1379310344828;54095.448275862065;423.7241379310345;82247538.7586207
1688368048;1836.1379310344828;53530.48275862069;423.7241379310345;89724151.1724138
1688368049;1836.1379310344828;56637.793103448275;423.7241379310345;85648772.4137931
1688368050;1836.1379310344828;56355.31034482759;423.7241379310345;82460389.51724137
1688368051;1836.1379310344828;59745.10344827586;423.7241379310345;82460530.7586207
1688368052;2683.5862068965516;60592.55172413793;423.7241379310345;85642416.55172414
1688368053;3248.551724137931;58050.206896551725;423.7241379310345;90088412.68965517
1688368054;3248.551724137931;56920.275862068964;423.7241379310345;90090390.06896551
1688368055;3248.551724137931;56214.06896551724;423.7241379310345;78890372.4137931
1688368056;3248.551724137931;55225.379310344826;423.7241379310345;86515429.51724137
1688368057;3248.551724137931;57344;423.7241379310345;99676866.20689654
1688368058;3531.0344827586205;59603.862068965514;423.7241379310345;97758808.27586207
1688368059;3531.0344827586205;55931.58620689655;423.7241379310345;93711536.55172414
1688368060;3531.0344827586205;61298.75862068965;423.7241379310345;84636212.96551724
1688368061;3531.0344827586205;61440;423.7241379310345;86250884.4137931
1688368062;3531.0344827586205;62428.68965517241;423.7241379310345;93143463.72413793
1688368063;3531.0344827586205;60592.55172413793;423.7241379310345;104049699.31034483
1688368064;3531.0344827586205;59886.3448275862;423.7241379310345;91394048
1688368065;3531.0344827586205;60875.03448275862;423.7241379310345;91394048
1688368066;3531.0344827586205;62146.206896551725;423.7241379310345;93025103.44827586
1688368067;3531.0344827586205;60310.06896551724;423.7241379310345;95459398.62068966
1688368068;3531.0344827586205;62287.448275862065;423.7241379310345;99374609.65517241
1688368069;3531.0344827586205;62852.41379310345;423.7241379310345;112393392.55172414
1688368070;3531.0344827586205;57485.24137931034;423.7241379310345;110775331.31034483
1688368071;3531.0344827586205;59038.89655172414;423.7241379310345;105438102.06896551
1688368072;3531.0344827586205;57908.96551724138;423.7241379310345;104096591.44827586
1688368073;3531.0344827586205;57908.96551724138;423.7241379310345;108737783.1724138
1688368074;3531.0344827586205;57626.48275862069;423.7241379310345;114129390.34482758
1688368075;3531.0344827586205;57767.724137931036;706.2068965517242;116677526.06896551
1688368076;1694.896551724138;57908.96551724138;706.2068965517242;116212841.93103448
1688368077;2966.0689655172414;57767.724137931036;706.2068965517242;109027045.51724137
1688368078;2966.0689655172414;54095.448275862065;706.2068965517242;114661587.86206897
1688368079;2966.0689655172414;53530.48275862069;706.2068965517242;122334525.79310344
1688368080;2966.0689655172414;50988.137931034486;706.2068965517242;122700199.72413793
1688368081;2118.6206896551726;50281.93103448276;706.2068965517242;116336428.13793103
1688368082;1977.3793103448274;50705.65517241379;706.2068965517242;109972656.55172414
1688368083;2542.344827586207;51411.862068965514;706.2068965517242;109970679.1724138
1688368084;2542.344827586207;52118.06896551724;706.2068965517242;125216132.4137931
1688368085;2542.344827586207;55084.137931034486;706.2068965517242;130425820.68965517
1688368086;2542.344827586207;54236.68965517241;706.2068965517242;117264525.2413793
1688368087;2259.862068965517;52824.275862068964;706.2068965517242;118821005.2413793
1688368088;2542.344827586207;53812.96551724138;706.2068965517242;118818604.13793103
1688368089;2542.344827586207;49010.75862068965;706.2068965517242;130297856
1688368090;2542.344827586207;50846.89655172414;706.2068965517242;138755389.79310346
1688368091;2542.344827586207;50281.93103448276;706.2068965517242;131862810.48275861
1688368092;2542.344827586207;51694.3448275862;706.2068965517242;117771299.31034483
1688368093;2542.344827586207;51129.379310344826;706.2068965517242;132044023.1724138
1688368094;2542.344827586207;51694.3448275862;706.2068965517242;139113012.96551725
1688368095;2542.344827586207;52965.51724137931;706.2068965517242;137481957.5172414
1688368096;2542.344827586207;53389.24137931034;706.2068965517242;135047662.3448276
1688368097;2542.344827586207;51976.8275862069;706.2068965517242;143427513.37931034
1688368098;2542.344827586207;51270.620689655174;706.2068965517242;130408730.48275861
1688368099;2542.344827586207;52683.03448275862;706.2068965517242;130408730.48275861
1688368100;2683.5862068965516;51553.10344827586;4943.448275862069;140606923.03448275
1688368101;3107.310344827586;50988.137931034486;4943.448275862069;140128538.4827586
1688368102;3107.310344827586;51835.58620689655;4943.448275862069;135110091.03448275
1688368103;3107.310344827586;49999.448275862065;4943.448275862069;142320745.93103448
1688368104;3107.310344827586;52541.793103448275;4943.448275862069;139772610.20689654
1688368105;3107.310344827586;52118.06896551724;5367.172413793103;133878183.72413793
1688368106;1977.3793103448274;53954.206896551725;5367.172413793103;130697427.86206897
1688368107;1977.3793103448274;51976.8275862069;5367.172413793103;125064580.4137931
1688368108;1977.3793103448274;52824.275862068964;5367.172413793103;123768832
1688368109;1977.3793103448274;54519.1724137931;5367.172413793103;120221131.03448276
1688368110;1977.3793103448274;53812.96551724138;5367.172413793103;121845548.13793103
1688368111;1553.655172413793;54801.65517241379;5367.172413793103;126587868.68965517
1688368112;988.6896551724137;53106.75862068965;5367.172413793103;132141620.96551724
1688368113;988.6896551724137;53248;5367.172413793103;114970765.2413793
1688368114;988.6896551724137;50846.89655172414;5367.172413793103;114733197.2413793
1688368115;988.6896551724137;49716.96551724138;5367.172413793103;114735174.62068966
1688368116;988.6896551724137;49010.75862068965;5367.172413793103;113178694.62068966
1688368117;706.2068965517242;48869.51724137931;5367.172413793103;113178694.62068966
1688368118;706.2068965517242;49999.448275862065;5367.172413793103;104880904.8275862
1688368119;706.2068965517242;48022.06896551724;5367.172413793103;97990726.62068966
1688368120;706.2068965517242;49575.724137931036;5367.172413793103;110384092.68965517
1688368121;706.2068965517242;50846.89655172414;5367.172413793103;110384092.68965517
1688368122;706.2068965517242;50705.65517241379;5367.172413793103;96109391.44827586
1688368123;706.2068965517242;49152;5367.172413793103;89040542.89655173
1688368124;706.2068965517242;48304.55172413793;5367.172413793103;92230761.93103448
1688368125;706.2068965517242;49575.724137931036;5367.172413793103;104497293.2413793
1688368126;706.2068965517242;55084.137931034486;5367.172413793103;91078797.2413793
1688368127;706.2068965517242;54942.89655172414;5367.172413793103;93268038.62068966
1688368128;706.2068965517242;52541.793103448275;5367.172413793103;93268038.62068966
1688368129;564.9655172413793;53389.24137931034;1129.9310344827586;83069846.06896551
1688368130;141.24137931034483;54660.41379310345;1129.9310344827586;88057361.65517241
1688368131;141.24137931034483;53954.206896551725;1129.9310344827586;89210032.55172414
1688368132;141.24137931034483;54660.41379310345;1129.9310344827586;79301384.8275862
1688368133;141.24137931034483;52118.06896551724;423.7241379310345;79301384.8275862
1688368134;141.24137931034483;54095.448275862065;0;82481575.72413793
1688368135;0;51976.8275862069;0;85663602.7586207
1688368136;0;52824.275862068964;0;87037881.37931034
1688368137;0;51129.379310344826;0;93984838.62068966
1688368138;0;52541.793103448275;0;93984838.62068966
1688368139;0;51694.3448275862;0;92360421.51724137
1688368140;0;51835.58620689655;0;87619654.62068966
1688368141;0;53106.75862068965;0;83939045.51724137
1688368142;0;53671.724137931036;0;87181382.62068966
1688368143;0;49999.448275862065;0;88359618.20689654
1688368144;0;52683.03448275862;706.2068965517242;88357499.5862069
1688368145;0;52965.51724137931;706.2068965517242;88358770.7586207
1688368146;0;53954.206896551725;706.2068965517242;88358770.7586207
1688368147;0;51411.862068965514;706.2068965517242;87450447.44827586
1688368148;0;53812.96551724138;706.2068965517242;97766717.79310344
1688368149;0;51835.58620689655;706.2068965517242;85373351.72413793
1688368150;0;49999.448275862065;706.2068965517242;85374481.65517241
1688368151;0;51553.10344827586;706.2068965517242;85374481.65517241
1688368152;0;51835.58620689655;706.2068965517242;88556932.4137931
1688368153;0;51976.8275862069;706.2068965517242;85367843.31034483
1688368154;0;49293.24137931034;706.2068965517242;84704432.55172414
1688368155;0;43502.3448275862;706.2068965517242;84264183.1724138
1688368156;0;44491.03448275862;706.2068965517242;82074941.79310344
1688368157;0;43502.3448275862;706.2068965517242;82075083.03448276
1688368158;0;44349.793103448275;706.2068965517242;86747206.62068966
1688368159;0;43078.620689655174;706.2068965517242;80752357.51724137
1688368160;0;43643.58620689655;706.2068965517242;92171440.55172414
1688368161;0;44773.51724137931;706.2068965517242;89477826.20689654
1688368162;0;46609.65517241379;706.2068965517242;89477967.44827586
1688368163;0;44914.75862068965;706.2068965517242;86293115.5862069
1688368164;0;44349.793103448275;706.2068965517242;86298482.7586207
1688368165;0;44491.03448275862;706.2068965517242;97685362.7586207
1688368166;0;45762.206896551725;706.2068965517242;84361216
1688368167;0;48728.275862068964;706.2068965517242;84361216
1688368168;0;49575.724137931036;706.2068965517242;84361357.2413793
1688368169;0;50564.41379310345;4660.9655172413795;87542678.06896551
1688368170;0;49999.448275862065;4660.9655172413795;98295666.7586207
1688368171;0;50140.68965517241;4660.9655172413795;95053329.65517241
1688368172;0;51694.3448275862;4660.9655172413795;81277916.68965517
1688368173;0;49010.75862068965;3954.758620689655;81278057.93103448
1688368174;0;49572.30535825116;3954.758620689655;84459237.51724137
1688368175;0;48728.275862068964;4096;87641970.7586207
1688368176;0;49858.206896551725;4096;98118832.55172414
1688368177;0;46892.137931034486;4096;84621665.10344827
1688368178;0;49010.75862068965;4096;84629292.13793103
1688368179;0;49010.75862068965;4519.724137931034;84628162.20689654
1688368180;0;48587.03448275862;4519.724137931034;84630987.03448276
1688368181;0;47457.10344827586;4519.724137931034;81448395.03448276
1688368182;0;49152;4519.724137931034;85330838.06896551
1688368183;0;49152;4519.724137931034;76909603.31034483
1688368184;0;55790.3448275862;4519.724137931034;80093607.72413793
1688368185;0;54519.1724137931;4519.724137931034;83277329.65517241
1688368186;0;57626.48275862069;5225.931034482758;85103156.96551724
1688368187;0;54519.1724137931;5225.931034482758;84968977.65517241
1688368188;0;57202.75862068965;5225.931034482758;95867303.72413793
1688368189;0;58050.206896551725;5225.931034482758;83289193.93103448
1688368190;0;57202.75862068965;5225.931034482758;83290747.5862069
1688368191;0;55649.10344827586;5225.931034482758;83290606.34482759
1688368192;0;55931.58620689655;5225.931034482758;84961068.13793103
1688368193;0;55931.58620689655;5225.931034482758;86467266.20689654
1688368194;0;56072.8275862069;5225.931034482758;86446503.72413793
1688368195;0;56072.8275862069;5225.931034482758;86447916.13793103
1688368196;0;51553.10344827586;5225.931034482758;86448057.37931034
1688368197;0;50705.65517241379;5225.931034482758;86447916.13793103
1688368198;0;51835.58620689655;1271.1724137931035;86448904.8275862
1688368199;0;52683.03448275862;1271.1724137931035;86362888.8275862
1688368200;0;53671.724137931036;1271.1724137931035;86364018.7586207
1688368201;0;53106.75862068965;1271.1724137931035;86364018.7586207
1688368202;0;57908.96551724138;1271.1724137931035;86419102.89655173
1688368203;0;57771.70839368232;1271.1724137931035;87453696
1688368204;0;57767.724137931036;1129.9310344827586;88927691.03448276
1688368205;0;58191.448275862065;1129.9310344827586;76177266.7586207
1688368206;0;59321.379310344826;1129.9310344827586;76176136.8275862
1688368207;1694.896551724138;58050.206896551725;1129.9310344827586;82532281.37931034
1688368208;1694.896551724138;64406.06896551724;1412.4137931034484;82538919.72413793
1688368209;1694.896551724138;65536;1412.4137931034484;85717980.68965517
1688368210;1694.896551724138;69773.24137931035;1412.4137931034484;99819661.2413793
1688368211;1694.896551724138;67230.89655172413;5649.6551724137935;95936088.27586207
1688368212;2966.0689655172414;67372.13793103448;5649.6551724137935;92754202.48275863
1688368213;2966.0689655172414;61581.24137931034;5649.6551724137935;92183022.34482759
1688368214;2966.0689655172414;61722.48275862069;5649.6551724137935;92495024.55172414
1688368215;2966.0689655172414;60875.03448275862;4943.448275862069;96424783.44827586
1688368216;2966.0689655172414;66383.44827586207;5367.172413793103;101215549.79310344
1688368217;2966.0689655172414;65536;5790.896551724138;88620208.55172414
1688368218;3248.551724137931;64829.793103448275;5790.896551724138;90056915.86206897
1688368219;3248.551724137931;66807.1724137931;5790.896551724138;91847997.79310344
1688368220;3248.551724137931;66807.1724137931;5790.896551724138;96575770.48275863
1688368221;3248.551724137931;66524.6896551724;5790.896551724138;99678137.37931034
1688368222;3248.551724137931;66524.6896551724;5790.896551724138;108039344.55172414
1688368223;3248.551724137931;67372.13793103448;5790.896551724138;95294852.4137931
1688368224;3248.551724137931;67795.86206896552;5790.896551724138;95293440
1688368225;3248.551724137931;66807.1724137931;5790.896551724138;101663991.1724138
1688368226;3248.551724137931;67654.62068965517;5790.896551724138;103451965.79310344
1688368227;3248.551724137931;65818.4827586207;5790.896551724138;102263843.31034483
1688368228;3248.551724137931;66100.96551724138;5790.896551724138;93231598.34482758
1688368229;3248.551724137931;64264.8275862069;5790.896551724138;98416428.13793103
1688368230;3248.551724137931;66242.20689655172;5790.896551724138;104025970.7586207
1688368231;3248.551724137931;61157.51724137931;6355.862068965517;107152631.1724138
1688368232;3248.551724137931;60592.55172413793;6355.862068965517;106519587.31034483
1688368233;3248.551724137931;60592.55172413793;6355.862068965517;106819019.03448276
1688368234;3248.551724137931;64264.8275862069;6355.862068965517;112213168.55172414
1688368235;3248.551724137931;63417.379310344826;6355.862068965517;112230258.7586207
1688368236;2966.0689655172414;63558.620689655174;6355.862068965517;105866487.1724138
1688368237;2966.0689655172414;56496.55172413793;5649.6551724137935;112233931.03448276
1688368238;2966.0689655172414;56355.31034482759;5649.6551724137935;112233931.03448276
1688368239;2966.0689655172414;53106.75862068965;5649.6551724137935;104496022.06896551
1688368240;2966.0689655172414;52400.55172413793;1412.4137931034484;109551616
1688368241;2259.862068965517;53389.24137931034;1412.4137931034484;109551616
1688368242;2824.8275862068967;53812.96551724138;1412.4137931034484;106936108.13793103
1688368243;2824.8275862068967;54095.448275862065;2118.6206896551726;103440384
1688368244;2824.8275862068967;53671.724137931036;2118.6206896551726;114183485.79310344
1688368245;2824.8275862068967;50846.89655172414;1694.896551724138;108759816.8275862
1688368246;2824.8275862068967;49152;1271.1724137931035;119751927.1724138
1688368247;2824.8275862068967;49010.75862068965;1271.1724137931035;121352474.48275863
1688368248;2824.8275862068967;49293.24137931034;1553.655172413793;125634348.13793103
1688368249;2824.8275862068967;54801.65517241379;2118.6206896551726;125819656.8275862
1688368250;2824.8275862068967;54660.41379310345;2118.6206896551726;121046828.13793103
1688368251;2824.8275862068967;56214.06896551724;2118.6206896551726;107990898.7586207
1688368252;2824.8275862068967;57626.48275862069;2118.6206896551726;107987226.48275863
1688368253;2824.8275862068967;55931.58620689655;2118.6206896551726;136406121.93103448
1688368254;2824.8275862068967;59180.137931034486;2118.6206896551726;130249551.44827586
1688368255;2824.8275862068967;60027.58620689655;2118.6206896551726;129729076.96551724
1688368256;2824.8275862068967;59745.10344827586;2118.6206896551726;127733336.27586207
1688368257;2824.8275862068967;58897.65517241379;2118.6206896551726;124225465.37931034
1688368258;2824.8275862068967;60592.55172413793;2118.6206896551726;119039505.65517241
1688368259;2824.8275862068967;60733.793103448275;2118.6206896551726;127505796.4137931
1688368260;2824.8275862068967;62146.206896551725;1553.655172413793;126735183.44827586
1688368261;2966.0689655172414;62711.1724137931;1553.655172413793;127562434.20689654
1688368262;3389.793103448276;64123.58620689655;1553.655172413793;131116632.27586207
1688368263;3389.793103448276;60733.793103448275;5367.172413793103;125722482.7586207
1688368264;3389.793103448276;61016.275862068964;5367.172413793103;125713019.5862069
1688368265;1977.3793103448274;62004.96551724138;5367.172413793103;128284883.86206897
1688368266;1977.3793103448274;63417.379310344826;5367.172413793103;123246238.89655173
1688368267;2118.6206896551726;62004.96551724138;5367.172413793103;131737670.62068966
1688368268;2118.6206896551726;61157.51724137931;5367.172413793103;125373899.03448276
1688368269;2118.6206896551726;62569.93103448276;6073.379310344828;120321271.1724138
1688368270;1553.655172413793;62569.93103448276;6073.379310344828;120321271.1724138
1688368271;988.6896551724137;62146.206896551725;6073.379310344828;120331440.55172414
1688368272;988.6896551724137;63982.3448275862;5367.172413793103;120331440.55172414
1688368273;988.6896551724137;62993.65517241379;9745.655172413793;109908674.20689654
1688368274;988.6896551724137;61157.51724137931;9745.655172413793;106003632.55172414
1688368275;988.6896551724137;64406.06896551724;9745.655172413793;101086031.44827586
1688368276;706.2068965517242;64547.31034482759;9745.655172413793;98051601.65517241
1688368277;706.2068965517242;62428.68965517241;9463.172413793103;93920715.03448276
1688368278;706.2068965517242;57344;8898.206896551725;94277773.2413793
1688368279;706.2068965517242;56637.793103448275;9039.448275862069;106965768.8275862
1688368280;706.2068965517242;59038.89655172414;9039.448275862069;106965768.8275862
1688368281;706.2068965517242;55507.862068965514;9039.448275862069;106967604.96551724
1688368282;706.2068965517242;57202.75862068965;9039.448275862069;78548709.51724137
1688368283;706.2068965517242;53389.24137931034;9039.448275862069;79668753.65517241
1688368284;706.2068965517242;53812.96551724138;9039.448275862069;83143574.06896551
1688368285;706.2068965517242;57767.724137931036;9039.448275862069;95702898.7586207
1688368286;706.2068965517242;58332.68965517241;9039.448275862069;95704311.1724138
1688368287;706.2068965517242;58897.65517241379;9039.448275862069;95704311.1724138
1688368288;706.2068965517242;56779.03448275862;9039.448275862069;83458966.06896551
1688368289;706.2068965517242;56355.31034482759;9039.448275862069;85292985.37931034
1688368290;564.9655172413793;57908.96551724138;9039.448275862069;86427577.37931034
1688368291;141.24137931034483;58191.448275862065;9039.448275862069;84967000.27586207
1688368292;141.24137931034483;56920.275862068964;5225.931034482758;84967000.27586207
1688368293;141.24137931034483;57767.724137931036;5225.931034482758;84960503.1724138
1688368294;141.24137931034483;55931.58620689655;5225.931034482758;82397113.37931034
1688368295;141.24137931034483;56637.793103448275;5225.931034482758;87137880.27586207
1688368296;0;56637.793103448275;5225.931034482758;75464562.7586207
1688368297;0;58332.68965517241;5225.931034482758;88129112.27586207
1688368298;0;56637.793103448275;4519.724137931034;88126146.20689654
1688368299;0;56637.793103448275;4519.724137931034;88128971.03448276
1688368300;0;56214.06896551724;4519.724137931034;88118801.65517241
1688368301;0;54942.89655172414;4519.724137931034;89839827.86206897
1688368302;0;57061.51724137931;141.24137931034483;88117389.2413793
1688368303;0;57908.96551724138;141.24137931034483;100626996.96551724
1688368304;0;54377.93103448276;141.24137931034483;94554465.10344827
1688368305;0;55225.379310344826;141.24137931034483;94551640.27586207
1688368306;0;54801.65517241379;141.24137931034483;94033001.93103448
1688368307;0;54801.65517241379;141.24137931034483;93420579.31034483
1688368308;0;54660.41379310345;0;86918249.93103448
1688368309;0;50988.137931034486;0;93345297.65517241
1688368310;0;54519.1724137931;0;93343461.51724137
1688368311;0;54660.41379310345;0;93343461.51724137
1688368312;0;55366.620689655174;0;95047397.51724137
1688368313;0;56355.31034482759;0;90460724.96551724
1688368314;0;50988.137931034486;0;90836427.03448276
1688368315;0;50140.68965517241;0;90835014.62068966
1688368316;0;48587.03448275862;0;90836144.55172414
1688368317;0;49434.48275862069;0;89014413.2413793
1688368318;0;49434.48275862069;0;90845184
1688368319;0;47033.379310344826;0;85299341.2413793
1688368320;0;46468.41379310345;0;90698292.96551724
1688368321;0;53954.206896551725;0;90698292.96551724
1688368322;0;53389.24137931034;0;90699846.62068966
1688368323;0;53812.96551724138;0;90691372.13793103
1688368324;0;52541.793103448275;0;86435769.37931034
1688368325;0;51835.58620689655;0;100195080.8275862
1688368326;0;52824.275862068964;0;87530531.31034483
1688368327;0;54236.68965517241;0;87531943.72413793
1688368328;0;53248;0;87529260.13793103
1688368329;0;53248;0;90569622.06896551
1688368330;0;53812.96551724138;0;91885850.48275863
1688368331;0;53248;0;100080251.5862069
1688368332;0;51694.3448275862;0;87571915.03448276
1688368333;0;53389.24137931034;0;87569937.65517241
1688368334;0;52824.275862068964;4519.724137931034;87569937.65517241
1688368335;0;53530.48275862069;4519.724137931034;89182349.2413793
1688368336;0;51835.58620689655;4519.724137931034;87562451.86206897
1688368337;0;54801.65517241379;4519.724137931034;82131014.62068966
1688368338;0;55366.620689655174;4519.724137931034;89847878.62068966
1688368339;0;52683.03448275862;4660.9655172413795;89850703.44827586
1688368340;0;51694.3448275862;4660.9655172413795;89850703.44827586
1688368341;0;53954.206896551725;4660.9655172413795;86820369.65517241
1688368342;0;50846.89655172414;4660.9655172413795;86664721.65517241
1688368343;0;50988.137931034486;5367.172413793103;77289118.89655173
1688368344;0;52824.275862068964;5367.172413793103;77289118.89655173
1688368345;0;52824.275862068964;5367.172413793103;80326373.51724137
1688368346;0;52683.03448275862;5367.172413793103;83357413.51724137
1688368347;0;52118.06896551724;5367.172413793103;79284153.37931034
1688368348;0;53954.206896551725;5367.172413793103;83356001.10344827
1688368349;0;52683.03448275862;5367.172413793103;83363628.13793103
1688368350;0;46327.1724137931;5367.172413793103;83363628.13793103
1688368351;0;46327.1724137931;5367.172413793103;83362921.93103448
1688368352;0;46609.65517241379;5367.172413793103;83362921.93103448
1688368353;0;46468.41379310345;5367.172413793103;83397384.8275862
1688368354;0;46468.41379310345;5367.172413793103;73864156.68965517
1688368355;0;46750.89655172414;5367.172413793103;86284499.86206897
1688368356;0;46044.68965517241;5367.172413793103;86284358.62068966
1688368357;0;47033.379310344826;5367.172413793103;86284217.37931034
1688368358;0;47739.58620689655;5367.172413793103;83243855.44827586
1688368359;0;45620.96551724138;5367.172413793103;83245267.86206897
1688368360;0;47315.862068965514;5367.172413793103;73735062.06896551
1688368361;0;47315.862068965514;5367.172413793103;86138456.27586207
1688368362;0;46609.65517241379;5367.172413793103;86138456.27586207
1688368363;0;49575.724137931036;847.448275862069;86138456.27586207
1688368364;0;49010.75862068965;847.448275862069;91364246.06896551
1688368365;0;52541.793103448275;1271.1724137931035;89137010.7586207
1688368366;0;49716.96551724138;1271.1724137931035;88385041.65517241
1688368367;0;55084.137931034486;1271.1724137931035;81354328.27586207
1688368368;1694.896551724138;55225.379310344826;1129.9310344827586;81351503.44827586
1688368369;1694.896551724138;56214.06896551724;1129.9310344827586;81351503.44827586
1688368370;1694.896551724138;53671.724137931036;4943.448275862069;87424741.51724137
1688368371;1694.896551724138;54660.41379310345;4943.448275862069;87424882.7586207
1688368372;1694.896551724138;55225.379310344826;4237.241379310345;86794381.2413793
1688368373;2966.0689655172414;54801.65517241379;4237.241379310345;92698270.89655173
1688368374;2966.0689655172414;54801.65517241379;4237.241379310345;102780645.51724137
1688368375;2966.0689655172414;55225.379310344826;4378.482758620689;99744803.31034483
1688368376;2966.0689655172414;56355.31034482759;4378.482758620689;97742000.55172414
1688368377;2966.0689655172414;54377.93103448276;4378.482758620689;99744803.31034483
1688368378;2966.0689655172414;54377.93103448276;4378.482758620689;87288443.5862069
1688368379;3248.551724137931;54236.68965517241;4378.482758620689;93410409.93103448
1688368380;3248.551724137931;55084.137931034486;4378.482758620689;103202674.7586207
1688368381;3248.551724137931;55649.10344827586;4378.482758620689;103202674.7586207
1688368382;3248.551724137931;58050.206896551725;4378.482758620689;101347610.48275863
1688368383;3248.551724137931;58050.206896551725;4378.482758620689;102159607.1724138
1688368384;3248.551724137931;55790.3448275862;4378.482758620689;93815348.96551724
1688368385;3248.551724137931;56214.06896551724;4378.482758620689;106796561.65517241
1688368386;3248.551724137931;56214.06896551724;4378.482758620689;106796561.65517241
1688368387;3248.551724137931;54801.65517241379;4378.482758620689;106796561.65517241
1688368388;3248.551724137931;55507.862068965514;4378.482758620689;105828916.96551724
1688368389;3248.551724137931;53389.24137931034;4378.482758620689;109832968.8275862
1688368390;3248.551724137931;55507.862068965514;4378.482758620689;100167821.2413793
1688368391;3248.551724137931;54801.65517241379;4378.482758620689;102601975.1724138
1688368392;3248.551724137931;52683.03448275862;4378.482758620689;112182236.68965517
1688368393;3248.551724137931;53389.24137931034;4378.482758620689;103919051.03448276
1688368394;3248.551724137931;50705.65517241379;3954.758620689655;109905425.65517241
1688368395;3248.551724137931;51553.10344827586;3954.758620689655;109903165.79310344
1688368396;3248.551724137931;49152;4660.9655172413795;102789967.44827586
1688368397;1553.655172413793;49152;4660.9655172413795;106335408.55172414
1688368398;1553.655172413793;48587.03448275862;4660.9655172413795;109894408.8275862
1688368399;2824.8275862068967;50564.41379310345;847.448275862069;103813402.48275863
1688368400;2824.8275862068967;51694.3448275862;847.448275862069;105445164.13793103
1688368401;2824.8275862068967;50988.137931034486;847.448275862069;106964215.1724138
1688368402;1553.655172413793;49716.96551724138;847.448275862069;110172089.37931034
1688368403;1553.655172413793;49858.206896551725;847.448275862069;100091127.1724138
1688368404;2542.344827586207;48728.275862068964;1412.4137931034484;101669075.86206897
1688368405;2542.344827586207;47880.8275862069;1412.4137931034484;105279770.48275863
1688368406;2542.344827586207;48869.51724137931;1412.4137931034484;101516676.4137931
1688368407;2542.344827586207;49858.206896551725;1412.4137931034484;102628528.55172414
1688368408;2259.862068965517;53248;1412.4137931034484;115238135.1724138
1688368409;2259.862068965517;52824.275862068964;1412.4137931034484;106716760.27586207
1688368410;2542.344827586207;53106.75862068965;1412.4137931034484;106716760.27586207
1688368411;2542.344827586207;51270.620689655174;1412.4137931034484;106716760.27586207
1688368412;2542.344827586207;51270.620689655174;1412.4137931034484;121797667.31034483
1688368413;2542.344827586207;51270.620689655174;1412.4137931034484;124925316.4137931
1688368414;2542.344827586207;50988.137931034486;1412.4137931034484;112237320.8275862
1688368415;2542.344827586207;51411.862068965514;1412.4137931034484;112960052.96551724
1688368416;2542.344827586207;52118.06896551724;1412.4137931034484;112960052.96551724
1688368417;2542.344827586207;53248;1412.4137931034484;127377125.51724137
1688368418;2542.344827586207;55649.10344827586;1412.4137931034484;126482361.37931034
1688368419;2542.344827586207;53389.24137931034;1412.4137931034484;125623048.8275862
1688368420;2542.344827586207;56214.06896551724;1412.4137931034484;123188894.89655173
1688368421;2542.344827586207;54236.68965517241;5649.6551724137935;113608633.37931034
1688368422;2542.344827586207;53671.724137931036;5649.6551724137935;117997285.51724137
1688368423;2542.344827586207;55366.620689655174;5649.6551724137935;119276508.68965517
1688368424;3672.2758620689656;55649.10344827586;5649.6551724137935;119276508.68965517
1688368425;3672.2758620689656;51835.58620689655;4943.448275862069;129896165.51724137
1688368426;3672.2758620689656;52683.03448275862;4943.448275862069;133162796.13793103
1688368427;3672.2758620689656;53812.96551724138;5367.172413793103;131112253.79310344
1688368428;2401.103448275862;52541.793103448275;5367.172413793103;133782987.03448276
1688368429;3248.551724137931;50423.1724137931;5367.172413793103;132151084.13793103
1688368430;3248.551724137931;54095.448275862065;5367.172413793103;127703110.62068966
1688368431;3248.551724137931;54095.448275862065;5932.137931034483;131150671.44827586
1688368432;3248.551724137931;53389.24137931034;5932.137931034483;128115394.20689654
1688368433;2259.862068965517;53248;5225.931034482758;126541259.03448276
1688368434;2259.862068965517;52683.03448275862;5225.931034482758;122930564.4137931
1688368435;2542.344827586207;54095.448275862065;5225.931034482758;120619008
1688368436;2542.344827586207;53248;5225.931034482758;123983801.37931034
1688368437;2542.344827586207;50846.89655172414;5225.931034482758;105703070.89655173
1688368438;2542.344827586207;51129.379310344826;5225.931034482758;107326075.5862069
1688368439;2259.862068965517;49575.724137931036;5225.931034482758;110218840.27586207
1688368440;2259.862068965517;50988.137931034486;5225.931034482758;113114147.31034483
1688368441;2259.862068965517;50846.89655172414;5225.931034482758;95892585.93103448
1688368442;2259.862068965517;50705.65517241379;5225.931034482758;101345209.37931034
1688368443;2259.862068965517;49999.448275862065;5225.931034482758;101053122.20689654
1688368444;2259.862068965517;54519.1724137931;5225.931034482758;100330390.06896551
1688368445;2259.862068965517;53812.96551724138;5225.931034482758;100330390.06896551
1688368446;2259.862068965517;53389.24137931034;5225.931034482758;83843848.8275862
1688368447;2259.862068965517;49010.75862068965;5225.931034482758;77696741.51724137
1688368448;2259.862068965517;52118.06896551724;5225.931034482758;75818513.65517241
1688368449;2259.862068965517;48869.51724137931;5225.931034482758;78713961.93103448
1688368450;2259.862068965517;52965.51724137931;988.6896551724137;81606585.37931034
1688368451;2259.862068965517;51129.379310344826;988.6896551724137;80110556.68965517
1688368452;2259.862068965517;49716.96551724138;988.6896551724137;74782366.89655173
1688368453;1129.9310344827586;47739.58620689655;988.6896551724137;81218595.31034483
1688368454;1129.9310344827586;49293.24137931034;988.6896551724137;74494940.68965517
1688368455;1129.9310344827586;48869.51724137931;988.6896551724137;72248920.27586207
1688368456;1129.9310344827586;49152;564.9655172413793;70740462.34482759
1688368457;1129.9310344827586;47033.379310344826;564.9655172413793;68069729.10344827
1688368458;282.48275862068965;50564.41379310345;564.9655172413793;69368443.5862069
1688368459;282.48275862068965;47174.620689655174;564.9655172413793;82111523.31034483
1688368460;282.48275862068965;48728.275862068964;0;69553328.55172414
1688368461;282.48275862068965;47739.58620689655;0;69548808.8275862
1688368462;282.48275862068965;49293.24137931034;0;69548667.5862069
1688368463;282.48275862068965;48445.793103448275;0;69551774.89655173
1688368464;0;46327.1724137931;0;69551774.89655173
1688368465;0;46750.89655172414;0;69995979.03448276
1688368466;0;46468.41379310345;0;72714734.34482759
1688368467;0;45338.48275862069;0;72277592.27586207
1688368468;0;46468.41379310345;0;69765896.8275862
1688368469;0;44349.793103448275;0;71408534.06896551
1688368470;0;46892.137931034486;0;80956168.8275862
1688368471;0;47880.8275862069;0;68299811.31034483
1688368472;0;47739.58620689655;0;68297410.20689654
1688368473;0;42654.89655172414;0;69883974.62068966
1688368474;0;43926.06896551724;0;69883974.62068966
1688368475;0;44632.275862068964;0;76108340.96551724
1688368476;0;45479.724137931036;0;88572751.44827586
1688368477;0;44208.55172413793;706.2068965517242;88570774.06896551
1688368478;0;43643.58620689655;706.2068965517242;85676879.44827586
1688368479;0;43926.06896551724;706.2068965517242;82784256
1688368480;0;45197.24137931035;706.2068965517242;82029320.8275862
1688368481;0;46892.137931034486;706.2068965517242;83218996.96551724
1688368482;0;46892.137931034486;706.2068965517242;89191953.65517241
1688368483;0;48304.55172413793;706.2068965517242;85297222.62068966
1688368484;0;52824.275862068964;706.2068965517242;80732301.2413793
1688368485;0;54660.41379310345;706.2068965517242;80745154.20689654
1688368486;0;55507.862068965514;706.2068965517242;80785690.48275863
1688368487;0;53812.96551724138;706.2068965517242;85576033.10344827
1688368488;0;52683.03448275862;706.2068965517242;72832953.37931034
1688368489;0;52965.51724137931;706.2068965517242;78906332.68965517
1688368490;0;57485.24137931034;706.2068965517242;78985710.34482759
1688368491;0;57626.48275862069;706.2068965517242;80204340.96551724
1688368492;0;59462.620689655174;1412.4137931034484;94341473.10344827
1688368493;0;60310.06896551724;1412.4137931034484;95370699.03448276
1688368494;0;59745.10344827586;1412.4137931034484;90449849.37931034
1688368495;0;60027.58620689655;1412.4137931034484;87282087.72413793
1688368496;0;60168.8275862069;1412.4137931034484;84901181.79310344
1688368497;0;60733.793103448275;1412.4137931034484;84655986.7586207
1688368498;0;60875.03448275862;1412.4137931034484;98526878.89655173
1688368499;0;59180.137931034486;1412.4137931034484;86081818.48275863
1688368500;0;59886.3448275862;1412.4137931034484;86083089.65517241
1688368501;0;60168.8275862069;1412.4137931034484;86083089.65517241
1688368502;0;61863.724137931036;5649.6551724137935;87533779.86206897
1688368503;0;61440;5649.6551724137935;90571175.72413793
1688368504;0;59321.379310344826;5649.6551724137935;97234520.27586207
1688368505;0;62569.93103448276;5649.6551724137935;84772510.89655173
1688368506;0;60733.793103448275;4943.448275862069;84772510.89655173
1688368507;0;62569.93103448276;4943.448275862069;84771098.48275863
1688368508;0;59038.89655172414;6355.862068965517;92428641.10344827
1688368509;0;60733.793103448275;6355.862068965517;94119300.4137931
1688368510;0;61722.48275862069;6355.862068965517;90187422.89655173
1688368511;0;63558.620689655174;6355.862068965517;77778237.79310344
1688368512;0;62569.93103448276;6355.862068965517;77776966.62068966
1688368513;0;56920.275862068964;6355.862068965517;80816198.62068966
1688368514;0;53248;6355.862068965517;93397556.96551724
1688368515;0;52541.793103448275;6355.862068965517;93358009.37931034
1688368516;0;52541.793103448275;6355.862068965517;87268952.27586207
1688368517;0;61016.275862068964;6355.862068965517;87268952.27586207
1688368518;0;60168.8275862069;6355.862068965517;84232262.62068966
1688368519;0;55649.10344827586;6355.862068965517;87190139.5862069
1688368520;0;57485.24137931034;6355.862068965517;98540579.31034483
1688368521;0;55649.10344827586;5649.6551724137935;84400339.86206897
1688368522;0;55507.862068965514;5649.6551724137935;83371113.93103448
1688368523;0;55507.862068965514;5649.6551724137935;83371255.1724138
1688368524;0;54377.93103448276;5649.6551724137935;86407521.10344827
1688368525;0;56072.8275862069;5649.6551724137935;89367940.4137931
1688368526;0;55225.379310344826;5649.6551724137935;93643881.93103448
1688368527;0;55225.379310344826;5649.6551724137935;85720381.79310344
1688368528;0;56214.06896551724;5649.6551724137935;85720381.79310344
1688368529;0;56355.31034482759;5649.6551724137935;85719110.62068966
1688368530;0;59321.379310344826;5649.6551724137935;88764557.2413793
1688368531;0;60168.8275862069;1412.4137931034484;92696999.72413793
1688368532;0;58332.68965517241;1412.4137931034484;94911382.06896551
1688368533;1412.4137931034484;62287.448275862065;7062.068965517241;82115336.8275862
1688368534;1412.4137931034484;58191.448275862065;7062.068965517241;85619394.20689654
1688368535;1412.4137931034484;61016.275862068964;7062.068965517241;85625467.5862069
1688368536;1412.4137931034484;68925.79310344828;7062.068965517241;85625326.34482759
1688368537;1412.4137931034484;69773.24137931035;5649.6551724137935;81800227.31034483
1688368538;3107.310344827586;67654.62068965517;6497.103448275862;80213945.37931034
1688368539;3107.310344827586;66948.41379310345;6497.103448275862;83271256.27586207
1688368540;3107.310344827586;66807.1724137931;6497.103448275862;89352262.62068966
1688368541;3107.310344827586;67372.13793103448;6497.103448275862;89562147.31034483
1688368542;3107.310344827586;67089.6551724138;6497.103448275862;92386692.4137931
1688368543;3813.5172413793102;68219.58620689655;11723.034482758621;84850052.4137931
1688368544;4378.482758620689;68925.79310344828;12288;87569231.44827586
1688368545;4378.482758620689;68502.06896551725;12288;94692316.68965517
1688368546;4378.482758620689;62993.65517241379;12288;98477868.13793103
1688368547;4378.482758620689;62004.96551724138;12288;97729006.34482758
1688368548;4378.482758620689;63699.862068965514;12288;107677484.13793103
1688368549;4660.9655172413795;62287.448275862065;12288;95104176.55172414
1688368550;4660.9655172413795;63841.10344827586;12288;95104176.55172414
1688368551;4660.9655172413795;64688.55172413793;12288;97996800
1688368552;4660.9655172413795;65253.51724137931;12852.965517241379;97996658.7586207
1688368553;4660.9655172413795;65112.275862068964;12994.206896551725;94958556.68965517
1688368554;4660.9655172413795;62569.93103448276;17231.44827586207;104215799.1724138
1688368555;4660.9655172413795;64829.793103448275;17231.44827586207;101648030.89655173
1688368556;4660.9655172413795;65959.72413793103;17231.44827586207;94253338.48275863
1688368557;4660.9655172413795;64547.31034482759;17231.44827586207;104179641.37931034
1688368558;4660.9655172413795;63558.620689655174;18220.137931034482;104179641.37931034
1688368559;4660.9655172413795;62428.68965517241;18220.137931034482;108169286.62068966
1688368560;4660.9655172413795;60875.03448275862;18220.137931034482;102688697.37931034
1688368561;4660.9655172413795;62146.206896551725;18220.137931034482;97436919.1724138
1688368562;3248.551724137931;60592.55172413793;12570.48275862069;108312646.62068966
1688368563;3248.551724137931;62287.448275862065;12570.48275862069;104806188.13793103
1688368564;3248.551724137931;59603.862068965514;12570.48275862069;108851341.2413793
1688368565;3248.551724137931;52118.06896551724;12570.48275862069;113517391.44827586
1688368566;3248.551724137931;52683.03448275862;12570.48275862069;109699778.20689654
1688368567;2966.0689655172414;55084.137931034486;11723.034482758621;107457712.55172414
1688368568;2966.0689655172414;52683.03448275862;11723.034482758621;110475052.13793103
1688368569;2966.0689655172414;55507.862068965514;11723.034482758621;112524323.31034483
1688368570;2966.0689655172414;54095.448275862065;11723.034482758621;116337981.79310344
1688368571;2966.0689655172414;55084.137931034486;11723.034482758621;116547584
1688368572;4237.241379310345;53954.206896551725;6497.103448275862;114794637.2413793
1688368573;4096;57485.24137931034;5932.137931034483;120054748.68965517
1688368574;4096;56214.06896551724;5932.137931034483;112931663.44827586
1688368575;4096;54942.89655172414;5932.137931034483;109146112
1688368576;4096;55084.137931034486;5932.137931034483;106857154.20689654
1688368577;20621.241379310344;59462.620689655174;5932.137931034483;95941455.44827586
1688368578;20338.758620689656;57344;5932.137931034483;112527995.5862069
1688368579;20338.758620689656;57626.48275862069;5932.137931034483;114254530.20689654
1688368580;20338.758620689656;58050.206896551725;5932.137931034483;111361906.7586207
1688368581;20338.758620689656;57485.24137931034;5367.172413793103;112532515.31034483
1688368582;20338.758620689656;57767.724137931036;5225.931034482758;136536911.44827586
1688368583;29943.1724137931;60733.793103448275;988.6896551724137;124243685.51724137
1688368584;29943.1724137931;58473.93103448276;988.6896551724137;123375474.7586207
1688368585;29943.1724137931;58756.41379310345;988.6896551724137;123183245.2413793
1688368586;29943.1724137931;58332.68965517241;988.6896551724137;113256942.34482758
1688368587;29943.1724137931;56920.275862068964;0;126634619.5862069
1688368588;29943.1724137931;54801.65517241379;0;128594061.2413793
1688368589;29943.1724137931;54519.1724137931;706.2068965517242;127107495.72413793
1688368590;29943.1724137931;55366.620689655174;706.2068965517242;128689399.1724138
1688368591;29943.1724137931;54377.93103448276;706.2068965517242;117720452.4137931
1688368592;29943.1724137931;55507.862068965514;706.2068965517242;122547941.51724137
1688368593;30084.41379310345;57202.75862068965;706.2068965517242;123056975.44827586
1688368594;30508.137931034482;58473.93103448276;706.2068965517242;121831706.48275863
1688368595;30508.137931034482;57767.724137931036;706.2068965517242;134213632
1688368596;29095.724137931033;55366.620689655174;706.2068965517242;134213632
1688368597;29095.724137931033;59462.620689655174;706.2068965517242;128133190.62068966
1688368598;29095.724137931033;55790.3448275862;706.2068965517242;120007150.34482758
1688368599;29236.96551724138;55790.3448275862;706.2068965517242;118024545.10344827
1688368600;29236.96551724138;55790.3448275862;706.2068965517242;111950035.86206897
1688368601;27259.58620689655;58332.68965517241;706.2068965517242;109505995.03448276
1688368602;26835.862068965518;54801.65517241379;706.2068965517242;112930533.51724137
1688368603;26835.862068965518;55507.862068965514;706.2068965517242;112934064.55172414
1688368604;26835.862068965518;57767.724137931036;706.2068965517242;112934064.55172414
1688368605;26835.862068965518;56779.03448275862;706.2068965517242;115838411.03448276
1688368606;10310.620689655172;52965.51724137931;706.2068965517242;115583187.86206897
1688368607;10310.620689655172;52118.06896551724;706.2068965517242;100918519.1724138
1688368608;10310.620689655172;52400.55172413793;706.2068965517242;110815161.37931034
1688368609;10310.620689655172;50423.1724137931;706.2068965517242;110815161.37931034
1688368610;10310.620689655172;51694.3448275862;706.2068965517242;109644552.8275862
1688368611;10310.620689655172;50705.65517241379;706.2068965517242;85640156.68965517
1688368612;706.2068965517242;49575.724137931036;706.2068965517242;91428793.37931034
1688368613;706.2068965517242;49575.724137931036;1412.4137931034484;97005003.03448276
1688368614;706.2068965517242;48445.793103448275;1412.4137931034484;99033088
1688368615;706.2068965517242;50846.89655172414;1412.4137931034484;99751017.93103448
1688368616;706.2068965517242;52118.06896551724;1412.4137931034484;89075712
1688368617;706.2068965517242;52118.06896551724;1412.4137931034484;80081178.48275863
1688368618;706.2068965517242;56637.793103448275;706.2068965517242;80079766.06896551
1688368619;706.2068965517242;55507.862068965514;706.2068965517242;91154502.62068966
1688368620;706.2068965517242;57767.724137931036;706.2068965517242;91154502.62068966
1688368621;706.2068965517242;55790.3448275862;706.2068965517242;86327013.51724137
1688368622;564.9655172413793;54801.65517241379;706.2068965517242;81766753.10344827
1688368623;141.24137931034483;54236.68965517241;706.2068965517242;81229470.89655173
1688368624;141.24137931034483;53671.724137931036;706.2068965517242;72501318.62068966
1688368625;141.24137931034483;55084.137931034486;706.2068965517242;74270084.4137931
1688368626;141.24137931034483;51976.8275862069;706.2068965517242;74270084.4137931
1688368627;7203.310344827586;51129.379310344826;706.2068965517242;83728878.34482759
1688368628;7062.068965517241;52824.275862068964;2118.6206896551726;81696273.65517241
1688368629;7062.068965517241;50988.137931034486;2118.6206896551726;81696273.65517241
1688368630;7062.068965517241;50423.1724137931;2118.6206896551726;80835689.93103448
1688368631;7062.068965517241;50423.1724137931;2118.6206896551726;69430872.27586207
1688368632;7062.068965517241;52118.06896551724;2118.6206896551726;73449048.27586207
1688368633;8756.965517241379;50564.41379310345;2118.6206896551726;76342801.65517241
1688368634;8756.965517241379;53106.75862068965;2118.6206896551726;75031092.96551724
1688368635;8756.965517241379;54377.93103448276;2118.6206896551726;77499427.31034483
1688368636;8756.965517241379;56072.8275862069;2118.6206896551726;80695719.72413793
1688368637;8756.965517241379;53954.206896551725;2118.6206896551726;81568450.20689654
1688368638;8756.965517241379;54801.65517241379;9463.172413793103;81570427.5862069
1688368639;8756.965517241379;52683.03448275862;9463.172413793103;81570427.5862069
1688368640;8756.965517241379;55084.137931034486;9463.172413793103;81570427.5862069
1688368641;8756.965517241379;54801.65517241379;9463.172413793103;77060307.86206897
1688368642;8756.965517241379;53954.206896551725;9604.413793103447;74434348.13793103
1688368643;8756.965517241379;53812.96551724138;9604.413793103447;82055168
1688368644;8756.965517241379;51270.620689655174;9604.413793103447;81337238.06896551
1688368645;8756.965517241379;51129.379310344826;9604.413793103447;78634866.7586207
1688368646;8756.965517241379;52118.06896551724;9604.413793103447;78635008
1688368647;8756.965517241379;47880.8275862069;9604.413793103447;81384271.44827586
1688368648;8756.965517241379;47598.3448275862;11016.827586206897;71476471.1724138
1688368649;8756.965517241379;44914.75862068965;11016.827586206897;79618330.48275863
1688368650;8756.965517241379;45903.448275862065;11016.827586206897;86373623.1724138
1688368651;8756.965517241379;46892.137931034486;11016.827586206897;86374753.10344827
1688368652;8756.965517241379;44914.75862068965;11016.827586206897;83471254.06896551
1688368653;8756.965517241379;52259.31034482759;11016.827586206897;79813526.06896551
1688368654;8756.965517241379;50988.137931034486;11158.068965517241;78044760.27586207
1688368655;8756.965517241379;50705.65517241379;11158.068965517241;81133991.72413793
1688368656;1694.896551724138;54942.89655172414;11158.068965517241;71670960.55172414
1688368657;1694.896551724138;52118.06896551724;9745.655172413793;75492811.03448276
1688368658;1694.896551724138;53248;9745.655172413793;79915219.86206897
1688368659;1694.896551724138;50423.1724137931;9745.655172413793;82664483.31034483
1688368660;1694.896551724138;52824.275862068964;9745.655172413793;85412475.5862069
1688368661;1694.896551724138;51129.379310344826;9745.655172413793;93917184
1688368662;0;49858.206896551725;9745.655172413793;91023430.62068966
1688368663;0;47315.862068965514;9745.655172413793;89432205.2413793
1688368664;0;44632.275862068964;9745.655172413793;85149060.4137931
1688368665;0;44773.51724137931;9745.655172413793;81317040.55172414
1688368666;0;47598.3448275862;9745.655172413793;69842873.37931034
1688368667;0;48869.51724137931;2401.103448275862;87791969.10344827
1688368668;0;48869.51724137931;2401.103448275862;87793381.51724137
1688368669;0;48163.31034482759;2401.103448275862;87793381.51724137
1688368670;0;48163.31034482759;2401.103448275862;86512604.68965517
1688368671;0;49152;1553.655172413793;83588484.4137931
1688368672;0;51411.862068965514;1553.655172413793;77883180.13793103
1688368673;0;51411.862068965514;1553.655172413793;88237726.89655173
1688368674;0;51129.379310344826;1553.655172413793;88237726.89655173
1688368675;0;49999.448275862065;1553.655172413793;88238715.5862069
1688368676;0;53248;1553.655172413793;85496090.48275863
1688368677;0;52541.793103448275;141.24137931034483;82747250.7586207
1688368678;0;53389.24137931034;141.24137931034483;80684137.93103448
1688368679;0;51976.8275862069;141.24137931034483;73928986.48275863
1688368680;0;54236.68965517241;141.24137931034483;79710984.8275862
1688368681;0;53248;141.24137931034483;79710984.8275862
1688368682;0;47598.3448275862;141.24137931034483;82739058.7586207
1688368683;0;46609.65517241379;0;95372393.93103448
1688368684;0;47880.8275862069;0;92283162.48275863
1688368685;0;44067.31034482759;0;92283162.48275863
1688368686;0;46892.137931034486;0;88452978.7586207
1688368687;0;48445.793103448275;0;87067965.79310344
1688368688;0;49434.48275862069;0;96963901.79310344
1688368689;0;52118.06896551724;0;94215909.51724137
1688368690;0;52683.03448275862;4660.9655172413795;81689494.06896551
1688368691;0;52400.55172413793;4660.9655172413795;81689635.31034483
1688368692;0;55790.3448275862;4660.9655172413795;84728584.8275862
1688368693;0;55790.3448275862;4660.9655172413795;87766686.89655173
1688368694;0;54801.65517241379;4660.9655172413795;91467069.79310344
1688368695;0;52965.51724137931;4660.9655172413795;100352564.96551724
1688368696;0;53389.24137931034;4802.206896551724;82401491.86206897
1688368697;0;56072.8275862069;4802.206896551724;82400079.44827586
1688368698;0;54236.68965517241;4802.206896551724;82401350.62068966
1688368699;0;53671.724137931036;4802.206896551724;88368940.13793103
1688368700;0;52683.03448275862;4802.206896551724;87366973.79310344
1688368701;0;52118.06896551724;5225.931034482758;80525100.13793103
1688368702;0;55084.137931034486;5225.931034482758;76319073.10344827
1688368703;0;56637.793103448275;5225.931034482758;76370908.68965517
1688368704;0;55931.58620689655;5225.931034482758;76400004.4137931
1688368705;0;55225.379310344826;5225.931034482758;76394496
1688368706;0;57626.48275862069;5225.931034482758;76394496
1688368707;0;58615.1724137931;5225.931034482758;70315749.51724137
1688368708;0;58191.448275862065;5225.931034482758;70315608.27586207
1688368709;0;56920.275862068964;5225.931034482758;64538129.655172415
1688368710;0;58050.206896551725;5225.931034482758;64538129.655172415
1688368711;0;57202.75862068965;5225.931034482758;61500592.551724136
1688368712;0;58050.206896551725;10169.379310344828;48867257.37931035
1688368713;0;57767.724137931036;10169.379310344828;48867257.37931035
1688368714;0;57344;10169.379310344828;48872624.551724136
1688368715;0;56214.06896551724;10169.379310344828;48872624.551724136
1688368716;0;53671.724137931036;10169.379310344828;45835228.68965517
1688368717;0;57485.24137931034;10169.379310344828;33190029.24137931
1688368718;0;51553.10344827586;10169.379310344828;33190029.24137931
1688368719;0;51976.8275862069;5508.413793103448;33190029.24137931
1688368720;0;52259.31034482759;5508.413793103448;33189888
1688368721;0;51411.862068965514;5508.413793103448;30149526.068965517
1688368722;0;51411.862068965514;5508.413793103448;27111424
1688368723;0;52400.55172413793;6073.379310344828;22121507.310344826
1688368724;0;51411.862068965514;6073.379310344828;12214272
1688368725;0;57202.75862068965;6355.862068965517;12214272
1688368726;0;55507.862068965514;6355.862068965517;12214272
1688368727;0;58897.65517241379;6355.862068965517;12213000.827586208
1688368728;0;58756.41379310345;6355.862068965517;6245411.310344827
1688368729;0;59462.620689655174;6355.862068965517;6245411.310344827
1688368730;0;58756.41379310345;6073.379310344828;6245270.068965517
1688368731;0;58050.206896551725;6073.379310344828;96750.3448275862
1688368732;0;56355.31034482759;6073.379310344828;45620.96551724138
1688368733;0;58050.206896551725;6073.379310344828;15395.310344827585
1688368734;0;53530.48275862069;6073.379310344828;13135.448275862069
1688368735;0;54942.89655172414;6073.379310344828;41242.48275862069
1688368736;0;52118.06896551724;6073.379310344828;41242.48275862069
1688368737;0;54942.89655172414;6073.379310344828;41242.48275862069
1688368738;0;52965.51724137931;6073.379310344828;35592.8275862069
1688368739;0;54942.89655172414;6073.379310344828;35592.8275862069
1688368740;0;54236.68965517241;6073.379310344828;35027.862068965514
