Time;{instance="10.231.0.208:9100"};{instance="192.168.221.10:9100"};{instance="192.168.221.11:9100"};{instance="192.168.221.12:9100"}
1688367540;0;0;0;0
1688367541;0;0;0;0
1688367542;0;2118.6206896551726;0;0
1688367543;0;27259.58620689655;0;0
1688367544;0;27259.58620689655;0;0
1688367545;282.48275862068965;27542.068965517243;0;847.448275862069
1688367546;3416205.2413793104;27542.068965517243;0;847.448275862069
1688367547;6569842.75862069;27542.068965517243;0;5084.689655172414
1688367548;10190848;27542.068965517243;0;5084.689655172414
1688367549;13851683.310344828;27542.068965517243;0;6073.379310344828
1688367550;17303198.896551725;27542.068965517243;0;6073.379310344828
1688367551;20613331.862068966;27542.068965517243;0;6073.379310344828
1688367552;24446905.379310343;27542.068965517243;0;6073.379310344828
1688367553;28380054.068965517;27542.068965517243;0;6073.379310344828
1688367554;32319417.379310343;27542.068965517243;0;6073.379310344828
1688367555;36511602.75862069;27542.068965517243;0;6073.379310344828
1688367556;40408452.4137931;27965.793103448275;0;6073.379310344828
1688367557;44229172.96551724;27965.793103448275;0;6073.379310344828
1688367558;47270806.06896552;27965.793103448275;0;6073.379310344828
1688367559;50451279.448275864;27965.793103448275;0;6073.379310344828
1688367560;54494031.448275864;27965.793103448275;0;6073.379310344828
1688367561;58396389.51724138;27965.793103448275;0;6073.379310344828
1688367562;62589422.344827585;27965.793103448275;0;6073.379310344828
1688367563;65736562.75862069;27965.793103448275;0;6073.379310344828
1688367564;68806867.86206897;27965.793103448275;141.24137931034483;6073.379310344828
1688367565;72631119.44827586;27965.793103448275;141.24137931034483;6497.103448275862
1688367566;76419495.72413793;27965.793103448275;141.24137931034483;6497.103448275862
1688367567;80566060.13793103;27965.793103448275;141.24137931034483;6497.103448275862
1688367568;84660930.20689654;27965.793103448275;141.24137931034483;6497.103448275862
1688367569;88276709.51724137;27965.793103448275;141.24137931034483;6497.103448275862
1688367570;92326382.34482759;27965.793103448275;141.24137931034483;6638.3448275862065
1688367571;96231424;25847.1724137931;141.24137931034483;24152.275862068964
1688367572;100415699.86206897;706.2068965517242;141.24137931034483;24858.48275862069
1688367573;104473847.1724138;706.2068965517242;141.24137931034483;24858.48275862069
1688367574;108378606.34482758;423.7241379310345;141.24137931034483;24011.03448275862
1688367575;107323815.72413793;423.7241379310345;1553.655172413793;24011.03448275862
1688367576;106074818.20689654;423.7241379310345;1553.655172413793;22316.137931034482
1688367577;102453812.96551724;423.7241379310345;1553.655172413793;22739.862068965518
1688367578;100474597.51724137;423.7241379310345;1553.655172413793;21892.41379310345
1688367579;101072754.7586207;423.7241379310345;1553.655172413793;976119.172413793
1688367580;101667663.44827586;423.7241379310345;1553.655172413793;2065372.6896551724
1688367581;101983196.68965517;423.7241379310345;1553.655172413793;3091491.3103448274
1688367582;102144918.06896551;423.7241379310345;1553.655172413793;4171987.8620689656
1688367583;102011162.48275863;423.7241379310345;1553.655172413793;5220705.1034482755
1688367584;101922462.89655173;423.7241379310345;1553.655172413793;6309958.620689655
1688367585;102120483.31034483;0;1553.655172413793;7326896.551724138
1688367586;102204804.4137931;141.24137931034483;1553.655172413793;8236067.310344827
1688367587;103013976.27586207;141.24137931034483;1553.655172413793;9235350.068965517
1688367588;103892215.1724138;141.24137931034483;1553.655172413793;10347343.448275862
1688367589;103799702.06896551;141.24137931034483;1553.655172413793;11396060.689655172
1688367590;103856622.34482758;141.24137931034483;1553.655172413793;12547177.931034483
1688367591;103803656.8275862;141.24137931034483;1553.655172413793;13433043.862068966
1688367592;101524303.44827586;141.24137931034483;1553.655172413793;13947021.24137931
1688367593;98887891.86206897;141.24137931034483;1412.4137931034484;13980354.206896551
1688367594;95786796.13793103;141.24137931034483;1412.4137931034484;14041794.206896551
1688367595;93010838.06896551;141.24137931034483;1412.4137931034484;14100550.620689655
1688367596;91033741.2413793;141.24137931034483;1412.4137931034484;14187555.310344828
1688367597;90599847.72413793;141.24137931034483;1412.4137931034484;14612409.379310345
1688367598;90988544;141.24137931034483;1412.4137931034484;15670024.827586208
1688367599;90988544;141.24137931034483;1412.4137931034484;16777498.48275862
1688367600;90943346.7586207;141.24137931034483;1412.4137931034484;17853757.79310345
1688367601;90155643.5862069;141.24137931034483;1412.4137931034484;18897390.344827585
1688367602;86121648.55172414;141.24137931034483;1412.4137931034484;20275906.20689655
1688367603;82216606.89655173;141.24137931034483;1412.4137931034484;21989587.862068966
1688367604;79855474.7586207;141.24137931034483;0;23549175.172413792
1688367605;77950834.7586207;141.24137931034483;141.24137931034483;25169496.275862068
1688367606;77950834.7586207;141.24137931034483;5649.6551724137935;27249981.79310345
1688367607;76269214.89655173;141.24137931034483;13982.896551724138;29068323.310344826
1688367608;72219542.06896551;2259.862068965517;21327.44827586207;29741338.48275862
1688367609;68314500.4137931;2259.862068965517;26694.62068965517;29683005.79310345
1688367610;64165393.655172415;2259.862068965517;30649.379310344826;30390060.137931034
1688367611;60070523.5862069;2259.862068965517;46044.68965517241;31351913.931034483
1688367612;56264915.862068966;2259.862068965517;46044.68965517241;31978178.20689655
1688367613;52161430.06896552;2259.862068965517;46044.68965517241;32736220.689655174
1688367614;48066560;2259.862068965517;46044.68965517241;32666023.724137932
1688367615;44161518.344827585;2118.6206896551726;46044.68965517241;31974082.20689655
1688367616;40310713.37931035;2118.6206896551726;46044.68965517241;31155588.413793102
1688367617;36252001.10344827;2118.6206896551726;46044.68965517241;31672955.586206894
1688367618;32301762.20689655;2118.6206896551726;46044.68965517241;32296536.275862068
1688367619;28342483.862068966;2118.6206896551726;46044.68965517241;32871953.655172415
1688367620;24202416.551724136;2118.6206896551726;46044.68965517241;33590731.034482755
1688367621;23334629.517241377;2118.6206896551726;46044.68965517241;34764023.172413796
1688367622;22900736;2118.6206896551726;46044.68965517241;36683211.034482755
1688367623;22177580.137931034;2118.6206896551726;46044.68965517241;38749007.448275864
1688367624;21165161.931034483;2118.6206896551726;46044.68965517241;40662404.4137931
1688367625;18995694.344827585;2118.6206896551726;46044.68965517241;42239223.172413796
1688367626;15334717.793103447;2118.6206896551726;46044.68965517241;43542739.862068966
1688367627;11330242.206896551;2118.6206896551726;46044.68965517241;44296121.37931035
1688367628;7280569.379310344;2118.6206896551726;46044.68965517241;44948374.06896552
1688367629;3420724.9655172415;2118.6206896551726;46044.68965517241;45240178.75862069
1688367630;24152.275862068964;2118.6206896551726;46044.68965517241;45154162.75862069
1688367631;0;2118.6206896551726;46044.68965517241;45242014.89655172
1688367632;0;2118.6206896551726;46044.68965517241;45137355.034482755
1688367633;0;2118.6206896551726;46044.68965517241;45250489.37931035
1688367634;0;2118.6206896551726;45903.448275862065;45394838.06896552
1688367635;0;2118.6206896551726;40395.03448275862;45045124.4137931
1688367636;0;2118.6206896551726;32061.793103448275;44575073.10344827
1688367637;0;0;24717.241379310344;44554734.344827585
1688367638;0;0;19350.068965517243;45426617.37931035
1688367639;0;0;15395.310344827585;45386081.10344827
1688367640;0;0;0;44182280.827586204
1688367641;0;0;0;44128185.37931035
1688367642;0;0;0;43806578.75862069
1688367643;0;0;0;43045146.48275862
1688367644;0;0;0;42921701.51724138
1688367645;0;0;0;44463774.89655172
1688367646;0;0;0;44423238.62068965
1688367647;0;0;0;44364482.20689655
1688367648;0;0;0;44238353.655172415
1688367649;0;0;0;43196133.51724138
1688367650;0;0;0;43190201.37931035
1688367651;0;0;0;42982294.06896552
1688367652;0;0;0;42653484.137931034
1688367653;0;0;0;42299533.24137931
1688367654;0;0;0;42164365.24137931
1688367655;0;0;0;42203206.62068965
1688367656;0;0;0;42362809.37931035
1688367657;0;0;0;42392752.551724136
1688367658;0;0;0;43576355.31034483
1688367659;0;0;0;43323533.24137931
1688367660;0;0;0;43579886.344827585
1688367661;0;0;0;43923385.37931035
1688367662;0;0;0;44108694.06896552
1688367663;0;0;0;44266884.4137931
1688367664;0;0;0;44341601.10344827
1688367665;0;0;0;44326205.79310345
1688367666;0;0;0;43141896.827586204
1688367667;0;0;0;42924950.06896552
1688367668;0;0;0;43023960.27586207
1688367669;0;0;0;43884826.48275862
1688367670;0;0;0;44016463.448275864
1688367671;0;0;0;44701907.862068966
1688367672;0;0;0;46442425.37931035
1688367673;0;0;0;48002577.655172415
1688367674;0;0;0;48082661.51724138
1688367675;0;0;0;48347630.344827585
1688367676;0;0;0;48947906.20689655
1688367677;0;0;0;48969233.655172415
1688367678;0;0;0;50071340.137931034
1688367679;0;0;0;50020069.51724138
1688367680;0;0;0;50263569.655172415
1688367681;0;0;0;51162712.27586207
1688367682;0;0;0;51369913.37931035
1688367683;0;0;0;51387286.06896552
1688367684;0;0;0;51382766.344827585
1688367685;0;0;0;51338840.27586207
1688367686;0;0;0;51227118.344827585
1688367687;0;0;0;50452268.137931034
1688367688;0;0;0;51387851.034482755
1688367689;0;0;0;50815823.448275864
1688367690;0;0;0;48863302.62068965
1688367691;0;0;0;47740009.93103448
1688367692;0;0;0;47708371.862068966
1688367693;0;0;0;47723908.4137931
1688367694;0;0;0;48244100.4137931
1688367695;0;0;0;49575159.17241379
1688367696;0;0;0;49566967.17241379
1688367697;0;0;0;49438720
1688367698;0;0;0;49737021.79310345
1688367699;0;0;0;49955098.48275862
1688367700;0;0;0;49453832.827586204
1688367701;0;0;0;49084345.37931035
1688367702;0;0;0;49188581.51724138
1688367703;0;0;0;49536035.31034483
1688367704;0;0;0;49469510.62068965
1688367705;0;0;0;48962877.79310345
1688367706;0;0;0;49014572.137931034
1688367707;0;0;0;48756241.655172415
1688367708;0;0;0;48877426.75862069
1688367709;0;0;0;48648615.72413793
1688367710;0;0;0;48156248.27586207
1688367711;0;0;0;48182942.89655172
1688367712;0;0;0;48449324.137931034
1688367713;0;0;0;47288037.51724138
1688367714;0;0;0;45456843.034482755
1688367715;423.7241379310345;0;0;43781437.79310345
1688367716;680077.2413793104;0;0;42841476.4137931
1688367717;4417324.137931034;0;0;41488666.48275862
1688367718;8281970.75862069;0;0;40873560.27586207
1688367719;12297886.896551725;0;0;40932881.655172415
1688367720;16489789.793103447;0;0;40215092.96551724
1688367721;20412204.137931034;0;0;38327260.68965517
1688367722;24299166.896551725;0;0;36505811.862068966
1688367723;28493470.896551725;0;0;34653007.448275864
1688367724;32543143.724137932;0;0;32905569.103448275
1688367725;36592816.551724136;0;0;31228186.48275862
1688367726;40208595.862068966;0;0;29576651.03448276
1688367727;44547531.034482755;0;0;27614667.03448276
1688367728;48452572.68965517;0;0;25644067.310344826
1688367729;52212983.17241379;0;0;23949029.517241377
1688367730;56118024.827586204;0;0;22392832
1688367731;60167697.655172415;0;0;20634941.79310345
1688367732;64217370.48275862;0;0;18621828.413793102
1688367733;67977780.96551724;0;0;16834560
1688367734;72316716.13793103;0;0;15133307.586206896
1688367735;76221757.79310344;0;0;13503947.034482758
1688367736;80181036.13793103;0;0;12097889.103448275
1688367737;84176472.27586207;0;0;10346637.24137931
1688367738;88180947.86206897;0;0;8587617.103448275
1688367739;92275817.93103448;0;0;6383121.655172414
1688367740;96316451.31034483;0;0;4531164.689655173
1688367741;100230532.4137931;0;0;2722568.827586207
1688367742;104135574.06896551;0;0;2131191.172413793
1688367743;108185246.89655173;0;0;2041502.896551724
1688367744;111824331.03448276;0;0;2038819.3103448276
1688367745;112638870.06896551;0;0;1191229.7931034483
1688367746;108901623.1724138;0;0;902956.1379310344
1688367747;106718596.4137931;0;0;367792.5517241379
1688367748;106752353.10344827;0;0;1473853.7931034483
1688367749;106519728.55172414;0;0;2537118.896551724
1688367750;106592750.34482758;0;0;3525808.5517241377
1688367751;106755460.4137931;0;0;4543028.9655172415
1688367752;106466198.06896551;0;0;5577622.068965517
1688367753;106566196.96551724;0;0;6678881.1034482755
1688367754;106511395.31034483;0;0;7772371.862068965
1688367755;106131738.48275863;0;0;8849619.862068966
1688367756;105453779.86206897;0;0;10454545.655172413
1688367757;105616489.93103448;0;0;11381512.827586208
1688367758;106032304.55172414;0;0;12451416.275862068
1688367759;106050383.44827586;0;847.448275862069;13517929.931034483
1688367760;106176935.72413793;0;847.448275862069;14611420.689655172
1688367761;104152099.31034483;0;847.448275862069;15405197.24137931
1688367762;101259475.86206897;0;847.448275862069;15405479.72413793
1688367763;100970213.51724137;0;847.448275862069;16141347.310344828
1688367764;101024450.20689654;0;847.448275862069;17232013.24137931
1688367765;101205239.1724138;0;847.448275862069;18604173.24137931
1688367766;101132923.5862069;0;847.448275862069;19378176
1688367767;101259475.86206897;0;847.448275862069;20530564.413793102
1688367768;98992692.96551724;0;847.448275862069;21637049.379310343
1688367769;94952059.5862069;0;847.448275862069;23330392.275862068
1688367770;91037978.48275863;0;847.448275862069;25116672
1688367771;87132936.8275862;0;847.448275862069;26730072.275862068
1688367772;83083264;0;847.448275862069;28468894.896551725
1688367773;79443756.13793103;0;847.448275862069;30160966.620689657
1688367774;77949563.5862069;0;847.448275862069;31530443.03448276
1688367775;77949563.5862069;0;847.448275862069;33434518.068965517
1688367776;76267943.72413793;0;847.448275862069;35123058.75862069
1688367777;72218270.89655173;0;847.448275862069;35963444.96551724
1688367778;68258992.55172414;0;847.448275862069;36623465.93103448
1688367779;64263556.4137931;0;847.448275862069;36865694.89655172
1688367780;60213883.5862069;0;847.448275862069;36299316.96551724
1688367781;56308841.93103448;0;847.448275862069;36990269.79310345
1688367782;52159170.20689655;0;847.448275862069;37708905.93103448
1688367783;48164299.034482755;0;847.448275862069;38731352.27586207
1688367784;44928176.551724136;0;847.448275862069;39576399.448275864
1688367785;41267200;0;847.448275862069;39721030.62068965
1688367786;37199448.27586207;0;847.448275862069;40283595.034482755
1688367787;33023223.172413792;0;847.448275862069;40894605.24137931
1688367788;29100102.620689657;0;0;41584428.137931034
1688367789;24923877.517241377;0;0;42410831.448275864
1688367790;22899041.103448275;0;0;43487373.24137931
1688367791;22031254.068965517;0;0;45002045.79310345
1688367792;17981581.24137931;0;0;46054576.551724136
1688367793;14022302.896551725;0;0;46637338.48275862
1688367794;9882235.586206896;0;0;47056684.137931034
1688367795;5959115.0344827585;0;0;47991137.10344827
1688367796;1828087.1724137932;0;0;48497628.68965517
1688367797;0;0;0;49078130.75862069
1688367798;0;0;0;49111181.24137931
1688367799;0;0;0;49030108.68965517
1688367800;0;0;0;49353268.96551724
1688367801;0;0;0;49040419.31034483
1688367802;0;0;0;49196914.75862069
1688367803;0;0;0;48208366.344827585
1688367804;0;0;0;46335223.17241379
1688367805;0;0;0;46275619.31034483
1688367806;0;0;0;46204292.4137931
1688367807;0;0;0;46240450.20689655
1688367808;0;0;0;46990159.448275864
1688367809;0;0;0;48243394.20689655
1688367810;0;0;0;48203422.89655172
1688367811;0;0;0;48013594.48275862
1688367812;0;0;0;47705264.551724136
1688367813;0;0;0;47651310.344827585
1688367814;0;0;0;47028153.37931035
1688367815;0;0;0;47264873.93103448
1688367816;0;0;0;47269534.89655172
1688367817;0;0;0;47217134.344827585
1688367818;0;0;0;47050610.75862069
1688367819;0;0;0;46593271.17241379
1688367820;0;0;0;46293415.72413793
1688367821;0;0;0;46295110.62068965
1688367822;0;0;0;46299771.5862069
1688367823;0;0;0;46252738.20689655
1688367824;0;0;0;45441871.448275864
1688367825;0;0;0;45626756.4137931
1688367826;0;0;0;45787206.62068965
1688367827;0;0;0;45760088.27586207
1688367828;0;0;0;44676343.172413796
1688367829;0;0;0;42733850.48275862
1688367830;0;0;0;41302227.862068966
1688367831;0;0;0;40015801.37931035
1688367832;0;0;0;41499259.5862069
1688367833;0;0;0;43542881.10344827
1688367834;0;0;0;43754884.4137931
1688367835;0;0;0;43440622.344827585
1688367836;0;0;0;43605592.27586207
1688367837;0;0;0;43295849.93103448
1688367838;0;0;0;43512655.448275864
1688367839;0;0;0;43548954.48275862
1688367840;0;0;0;43521694.89655172
1688367841;0;0;0;43526638.344827585
1688367842;0;0;0;43495000.27586207
1688367843;0;0;0;44005164.137931034
1688367844;0;0;0;43990757.51724138
1688367845;0;0;0;43555169.10344827
1688367846;0;0;0;43464915.862068966
1688367847;0;0;0;43563926.06896552
1688367848;0;0;0;43880306.75862069
1688367849;0;0;0;44778319.448275864
1688367850;0;0;0;44643716.4137931
1688367851;0;0;0;44646682.48275862
1688367852;0;0;0;43745138.75862069
1688367853;0;0;0;42847549.79310345
1688367854;0;0;0;41005056
1688367855;0;0;0;40557603.31034483
1688367856;0;0;0;40552094.89655172
1688367857;0;0;0;41703070.89655172
1688367858;0;0;0;43437797.51724138
1688367859;0;0;0;45153880.27586207
1688367860;0;0;0;46279997.79310345
1688367861;0;0;0;46139886.344827585
1688367862;0;0;0;45710653.79310345
1688367863;0;0;0;45616445.79310345
1688367864;0;0;0;45121818.48275862
1688367865;0;0;0;44890606.344827585
1688367866;0;0;0;44990040.27586207
1688367867;0;0;0;44940605.79310345
1688367868;0;0;0;44964051.862068966
1688367869;0;0;0;45282692.4137931
1688367870;0;0;0;45026621.79310345
1688367871;0;0;0;44922668.137931034
1688367872;0;0;0;45243568.551724136
1688367873;0;0;0;45419696.551724136
1688367874;0;0;0;46001046.06896552
1688367875;0;0;0;46158953.93103448
1688367876;0;0;0;45825341.79310345
1688367877;0;0;0;45712348.68965517
1688367878;0;0;0;45370968.27586207
1688367879;0;0;0;44411939.31034483
1688367880;3025107.8620689656;0;0;43702625.10344827
1688367881;6930149.517241379;0;0;42870713.37931035
1688367882;11025019.586206896;0;0;42906871.172413796
1688367883;15074692.413793104;0;0;42911955.862068966
1688367884;19079168;0;0;41924537.37931035
1688367885;22884775.724137932;0;0;40239245.24137931
1688367886;26934448.551724136;0;0;38485027.31034483
1688367887;30893726.896551725;0;0;36746204.68965517
1688367888;34889163.034482755;0;0;35029980.68965517
1688367889;39083467.034482755;0;0;33349632
1688367890;43087942.62068965;0;0;31618577.655172415
1688367891;46803155.862068966;0;0;29973680.551724136
1688367892;50997459.862068966;0;0;28230055.724137932
1688367893;54893462.06896552;0;0;27104503.172413792
1688367894;58897937.655172415;0;0;25402685.79310345
1688367895;62947610.48275862;0;0;23629259.03448276
1688367896;67051520;0;0;21757952
1688367897;71046956.13793103;0;0;20016869.517241377
1688367898;74906800.55172414;0;0;18089489.655172415
1688367899;79146301.79310344;0;0;16532727.172413792
1688367900;83051343.44827586;0;0;14788113.655172413
1688367901;87101016.27586207;0;0;12798446.344827587
1688367902;91060294.62068966;0;0;10961743.448275862
1688367903;94956296.8275862;0;0;9146650.48275862
1688367904;99105403.5862069;0;0;7374918.620689655
1688367905;103299707.5862069;0;0;5855867.586206896
1688367906;107204749.2413793;0;0;4121705.9310344825
1688367907;111109790.89655173;0;0;2350256.5517241377
1688367908;114894777.37931034;0;0;1647863.1724137932
1688367909;114954946.20689654;0;0;798155.0344827586
1688367910;111049904.55172414;0;0;786996.9655172414
1688367911;106955034.48275863;0;0;750839.172413793
1688367912;104152805.51724137;0;0;744483.3103448276
1688367913;104152805.51724137;0;0;1295889.6551724137
1688367914;104351673.37931034;0;0;2290652.689655172
1688367915;104297436.68965517;0;0;3383437.2413793104
1688367916;104405910.06896551;0;0;4591898.482758621
1688367917;104631896.27586207;0;0;5639768.275862069
1688367918;104297436.68965517;0;0;6658824.827586207
1688367919;104387831.1724138;0;0;7546950.620689655
1688367920;103520044.13793103;0;0;8773490.758620689
1688367921;103375412.96551724;0;0;9430263.172413792
1688367922;103529083.5862069;0;0;10418246.620689655
1688367923;103429649.65517241;0;0;11503686.620689655
1688367924;103429649.65517241;0;0;12462150.620689655
1688367925;103321176.27586207;0;0;13643917.24137931
1688367926;100537026.20689654;0;0;14335858.758620689
1688367927;97111075.31034483;0;0;14335576.275862068
1688367928;96776615.72413793;0;0;14874835.862068966
1688367929;96921246.89655173;0;0;15742764.137931034
1688367930;96921246.89655173;0;0;16790775.172413792
1688367931;97011641.37931034;0;0;17876356.413793102
1688367932;97020680.8275862;0;0;18855582.896551725
1688367933;96512211.86206897;0;0;19844413.79310345
1688367934;92631040;0;0;20084100.413793102
1688367935;88725998.34482759;0;0;21750607.44827586
1688367936;84820956.68965517;0;0;23910470.620689657
1688367937;81035970.20689654;0;0;25547175.724137932
1688367938;77950693.51724137;0;0;27071593.931034483
1688367939;77950693.51724137;0;0;28718468.413793102
1688367940;77950693.51724137;0;0;30603052.137931034
1688367941;76703249.65517241;0;0;32394275.310344826
1688367942;72698774.06896551;0;0;33005426.75862069
1688367943;68694298.48275863;0;0;33634092.137931034
1688367944;64698862.344827585;0;0;34291005.79310345
1688367945;60631110.62068965;0;0;35031816.827586204
1688367946;56409688.27586207;0;4519.724137931034;36022483.862068966
1688367947;52549843.862068966;0;4519.724137931034;36537026.20689655
1688367948;48454973.79310345;0;4519.724137931034;37382920.827586204
1688367949;45607547.5862069;0;4519.724137931034;37673171.862068966
1688367950;41557874.75862069;0;4519.724137931034;38789120
1688367951;37508201.93103448;0;4519.724137931034;39649703.72413793
1688367952;33603160.27586207;0;4519.724137931034;40367068.68965517
1688367953;29553487.44827586;0;4519.724137931034;41124687.448275864
1688367954;25558051.310344826;0;4519.724137931034;41601659.5862069
1688367955;24346765.24137931;0;4519.724137931034;42410548.96551724
1688367956;23912871.724137932;0;4519.724137931034;44203184.551724136
1688367957;20007830.068965517;0;4519.724137931034;45410798.344827585
1688367958;15958157.24137931;0;4519.724137931034;46237766.62068965
1688367959;11908484.413793104;0;4519.724137931034;47053718.06896552
1688367960;7858811.586206896;0;4519.724137931034;47605124.4137931
1688367961;3953769.9310344825;0;4519.724137931034;48152858.48275862
1688367962;313132.1379310345;0;4519.724137931034;48840845.24137931
1688367963;0;0;4519.724137931034;50298315.034482755
1688367964;0;0;4519.724137931034;50493651.862068966
1688367965;0;0;4519.724137931034;50219643.5862069
1688367966;0;0;4519.724137931034;50206225.655172415
1688367967;0;0;4519.724137931034;50442522.48275862
1688367968;0;0;4519.724137931034;50002131.862068966
1688367969;0;0;4519.724137931034;48117548.137931034
1688367970;0;0;4519.724137931034;47770094.344827585
1688367971;0;0;4519.724137931034;48056108.137931034
1688367972;0;0;4519.724137931034;48101164.137931034
1688367973;0;0;4519.724137931034;48176163.31034483
1688367974;0;0;4519.724137931034;47985204.96551724
1688367975;0;0;0;47605548.137931034
1688367976;0;0;0;47774755.31034483
1688367977;0;0;0;47652157.79310345
1688367978;0;0;0;47938312.827586204
1688367979;0;0;0;47906674.75862069
1688367980;0;0;0;48076446.89655172
1688367981;0;0;0;48032238.344827585
1688367982;0;0;0;47944951.17241379
1688367983;0;0;0;47606254.344827585
1688367984;0;0;0;48220513.10344827
1688367985;0;0;0;48349466.48275862
1688367986;0;0;0;48433222.62068965
1688367987;0;0;0;48693389.24137931
1688367988;0;0;0;48746919.72413793
1688367989;0;0;0;48794235.5862069
1688367990;0;0;0;48899742.89655172
1688367991;0;0;0;49080531.862068966
1688367992;0;0;0;47672355.31034483
1688367993;0;0;0;45795257.37931035
1688367994;0;141.24137931034483;0;45276760.27586207
1688367995;0;141.24137931034483;0;45276336.551724136
1688367996;0;141.24137931034483;0;45171111.72413793
1688367997;0;141.24137931034483;0;45863759.448275864
1688367998;0;141.24137931034483;0;47846082.20689655
1688367999;0;141.24137931034483;0;48205541.51724138
1688368000;0;141.24137931034483;0;48422347.034482755
1688368001;0;141.24137931034483;0;48501159.72413793
1688368002;0;141.24137931034483;0;48101164.137931034
1688368003;0;141.24137931034483;0;48096644.4137931
1688368004;0;141.24137931034483;0;48069384.827586204
1688368005;0;141.24137931034483;0;48096503.17241379
1688368006;0;141.24137931034483;0;48238450.75862069
1688368007;0;141.24137931034483;0;48002295.17241379
1688368008;0;141.24137931034483;0;47799472.551724136
1688368009;0;141.24137931034483;0;47642694.62068965
1688368010;0;141.24137931034483;0;47679134.89655172
1688368011;0;141.24137931034483;0;47720518.62068965
1688368012;0;141.24137931034483;0;48008368.551724136
1688368013;0;141.24137931034483;0;47500888.27586207
1688368014;0;141.24137931034483;0;47494249.93103448
1688368015;0;141.24137931034483;0;47390155.034482755
1688368016;0;141.24137931034483;0;47060356.4137931
1688368017;0;141.24137931034483;0;46741574.62068965
1688368018;0;141.24137931034483;0;46737054.89655172
1688368019;0;141.24137931034483;0;46849765.51724138
1688368020;0;141.24137931034483;0;46433668.4137931
1688368021;0;141.24137931034483;0;47853003.034482755
1688368022;0;141.24137931034483;0;49476007.72413793
1688368023;0;0;0;49893658.48275862
1688368024;0;0;0;49984476.68965517
1688368025;0;0;0;49757925.51724138
1688368026;0;0;0;48992397.24137931
1688368027;0;0;0;48900025.37931035
1688368028;0;0;0;48852709.51724138
1688368029;0;0;0;49034910.89655172
1688368030;0;0;0;48384918.06896552
1688368031;0;0;0;48871635.862068966
1688368032;0;0;0;48941550.344827585
1688368033;0;0;0;49060334.344827585
1688368034;0;0;0;48925731.31034483
1688368035;0;0;0;48831523.31034483
1688368036;0;0;0;49247337.93103448
1688368037;0;0;0;49634056.827586204
1688368038;0;0;0;49458352.551724136
1688368039;0;0;0;49090983.72413793
1688368040;0;0;0;47417979.5862069
1688368041;141.24137931034483;0;0;45809946.48275862
1688368042;282.48275862068965;0;0;45012780.137931034
1688368043;1712834.2068965517;0;0;43150512.551724136
1688368044;5809257.931034483;0;0;41846289.655172415
1688368045;9030267.586206896;0;0;40250827.034482755
1688368046;12434749.793103447;0;0;38654375.72413793
1688368047;15655194.48275862;0;0;36923603.862068966
1688368048;19530151.724137932;0;0;35147634.75862069
1688368049;23517113.379310343;0;0;33706125.24137931
1688368050;27191649.103448275;0;0;31999646.896551725
1688368051;30937794.20689655;0;0;30372546.20689655
1688368052;35062889.93103448;0;0;28587396.413793102
1688368053;38881350.62068965;0;0;26873856
1688368054;42921136.551724136;0;0;25296331.03448276
1688368055;46916572.68965517;0;0;24162868.96551724
1688368056;50875992.27586207;0;0;22273200.551724136
1688368057;54853349.51724138;0;0;20517570.20689655
1688368058;58975337.93103448;0;0;18470700.137931034
1688368059;62735748.4137931;0;0;17364780.137931034
1688368060;66640790.06896552;0;0;15437117.793103447
1688368061;70835094.06896551;0;0;13613409.103448275
1688368062;74685899.03448276;0;0;11867383.172413792
1688368063;78699414.06896551;0;0;10272485.51724138
1688368064;82839481.37931034;0;0;8613323.034482758
1688368065;86889154.20689654;0;0;6630294.068965517
1688368066;90938827.03448276;0;0;4702772.9655172415
1688368067;94843868.68965517;0;0;3016915.8620689656
1688368068;98748910.34482758;0;0;1585434.4827586208
1688368069;102798583.1724138;0;0;1585858.2068965517
1688368070;106703483.5862069;0;0;1585858.2068965517
1688368071;110762054.62068966;0;0;770754.2068965518
1688368072;111861618.7586207;0;0;725133.2413793104
1688368073;107765195.03448276;0;0;309036.1379310345
1688368074;104544185.37931034;0;0;1826109.7931034483
1688368075;104701528.27586207;0;0;3280472.275862069
1688368076;105440361.93103448;0;0;4319867.586206896
1688368077;105705472;0;0;5413499.586206896
1688368078;105768183.1724138;0;0;6484532.9655172415
1688368079;106016768;0;0;7517996.137931034
1688368080;106356453.51724137;0;0;8611628.137931034
1688368081;106082162.7586207;0;0;9803705.379310345
1688368082;106168743.72413793;0;0;10857648.551724138
1688368083;102418220.13793103;0;0;11251429.51724138
1688368084;102282628.4137931;0;0;11563714.206896551
1688368085;102418078.89655173;0;0;12598872.275862068
1688368086;102490394.48275863;0;0;13716091.586206896
1688368087;102273447.72413793;0;0;14539246.344827587
1688368088;102707341.2413793;0;0;15614940.689655172
1688368089;102418078.89655173;0;0;16470863.448275862
1688368090;102273447.72413793;0;0;17449666.20689655
1688368091;102472315.5862069;0;0;18570699.03448276
1688368092;102381921.10344827;0;0;19584812.137931034
1688368093;102273447.72413793;0;0;20474915.310344826
1688368094;102273447.72413793;0;0;21502587.586206898
1688368095;100586319.44827586;0;0;22657942.068965517
1688368096;96681277.79310344;0;0;24402555.586206894
1688368097;92776236.13793103;0;0;26093356.137931034
1688368098;88726563.31034483;0;0;27977657.379310343
1688368099;84821521.65517241;0;0;29790490.48275862
1688368100;80762809.37931034;0;0;30714774.068965517
1688368101;77950693.51724137;0;0;32398230.068965517
1688368102;77950693.51724137;0;0;33996517.51724138
1688368103;77950693.51724137;0;0;34009370.48275862
1688368104;74388868.4137931;0;0;34262192.551724136
1688368105;70429590.06896551;0;0;34949473.10344827
1688368106;66289522.75862069;0;0;34224057.37931035
1688368107;62239849.93103448;0;0;33572510.89655172
1688368108;58316729.37931035;0;0;34259085.24137931
1688368109;54230898.75862069;0;0;34873767.72413793
1688368110;50380093.79310345;0;0;35633505.10344827
1688368111;46475052.137931034;0;0;36265419.034482755
1688368112;46185789.79310345;0;0;37566534.62068965
1688368113;42325945.37931035;0;0;38985163.034482755
1688368114;38231075.31034483;0;0;39558744.27586207
1688368115;34181402.48275862;0;0;40221731.31034483
1688368116;30276360.827586208;0;0;41073981.79310345
1688368117;26082056.827586208;0;0;41712392.827586204
1688368118;22466277.517241377;0;0;42595151.448275864
1688368119;18416604.689655174;0;0;43541044.96551724
1688368120;14366931.862068966;0;0;44365612.137931034
1688368121;10443811.310344828;0;0;45169275.5862069
1688368122;6412217.379310344;0;0;46307116.137931034
1688368123;2362544.5517241377;0;0;47478007.17241379
1688368124;0;0;0;48093537.10344827
1688368125;0;0;0;48052294.62068965
1688368126;0;0;0;48021080.27586207
1688368127;0;0;0;47637044.96551724
1688368128;0;0;0;47523628.137931034
1688368129;0;0;0;48212886.06896552
1688368130;0;847.448275862069;0;48507939.31034483
1688368131;0;847.448275862069;0;48056955.5862069
1688368132;0;847.448275862069;0;48254552.27586207
1688368133;0;847.448275862069;0;48282659.31034483
1688368134;0;847.448275862069;0;48218676.96551724
1688368135;0;847.448275862069;0;49588294.62068965
1688368136;0;847.448275862069;0;50670486.06896552
1688368137;0;847.448275862069;0;50521900.137931034
1688368138;0;847.448275862069;0;50702689.10344827
1688368139;0;847.448275862069;0;50486307.31034483
1688368140;0;847.448275862069;0;50517804.137931034
1688368141;0;847.448275862069;0;50448172.137931034
1688368142;0;847.448275862069;0;50385037.24137931
1688368143;0;847.448275862069;0;50331365.51724138
1688368144;0;847.448275862069;0;50524583.72413793
1688368145;0;847.448275862069;0;50325150.89655172
1688368146;0;847.448275862069;0;50396477.79310345
1688368147;0;847.448275862069;0;50439556.4137931
1688368148;0;847.448275862069;0;50030803.862068966
1688368149;0;847.448275862069;0;49850579.862068966
1688368150;0;847.448275862069;0;49924590.344827585
1688368151;0;847.448275862069;0;49619650.20689655
1688368152;0;847.448275862069;0;48799320.27586207
1688368153;0;847.448275862069;0;48347065.37931035
1688368154;0;847.448275862069;0;47804839.72413793
1688368155;0;847.448275862069;0;47942408.827586204
1688368156;0;847.448275862069;0;48312884.96551724
1688368157;0;847.448275862069;0;48302856.827586204
1688368158;0;847.448275862069;0;48559774.89655172
1688368159;0;0;0;47835630.344827585
1688368160;0;0;0;48213592.27586207
1688368161;0;0;0;48255117.24137931
1688368162;0;0;0;48237320.827586204
1688368163;0;0;0;48613305.37931035
1688368164;0;0;0;48623616
1688368165;0;0;0;48726863.448275864
1688368166;0;0;0;48866551.17241379
1688368167;0;0;0;48866551.17241379
1688368168;0;0;0;48822625.10344827
1688368169;0;0;0;48782230.06896552
1688368170;0;0;0;48861890.20689655
1688368171;0;423.7241379310345;0;48928697.37931035
1688368172;0;423.7241379310345;0;49211180.137931034
1688368173;0;423.7241379310345;0;49193666.20689655
1688368174;0;423.6949175918902;0;49196914.75862069
1688368175;0;423.7241379310345;0;48979968
1688368176;0;423.7241379310345;0;48576158.89655172
1688368177;0;423.7241379310345;0;47348347.5862069
1688368178;0;423.7241379310345;0;45913476.4137931
1688368179;0;423.7241379310345;0;45866443.034482755
1688368180;0;423.7241379310345;0;46168275.862068966
1688368181;0;423.7241379310345;0;46584372.96551724
1688368182;0;423.7241379310345;0;47068265.93103448
1688368183;0;423.7241379310345;0;47841986.20689655
1688368184;0;423.7241379310345;0;47799755.034482755
1688368185;0;423.7241379310345;0;47754699.034482755
1688368186;0;423.7241379310345;0;47669812.96551724
1688368187;0;423.7241379310345;0;47365296.551724136
1688368188;0;423.7241379310345;0;47731817.93103448
1688368189;0;423.7241379310345;0;48035345.655172415
1688368190;0;423.7241379310345;0;48360907.034482755
1688368191;0;423.7241379310345;0;48337037.24137931
1688368192;0;423.7241379310345;0;48223479.17241379
1688368193;0;423.7241379310345;0;47744529.655172415
1688368194;0;423.7241379310345;0;47747072
1688368195;0;423.7241379310345;0;47846505.93103448
1688368196;0;423.7241379310345;0;47691140.4137931
1688368197;0;423.7241379310345;0;47839020.137931034
1688368198;0;423.7241379310345;0;47766563.31034483
1688368199;0;423.7241379310345;0;47549475.31034483
1688368200;0;0;0;47502583.17241379
1688368201;0;0;0;45917713.655172415
1688368202;988.6896551724137;0;0;44832697.37931035
1688368203;4042469.5172413792;0;0;43493305.37931035
1688368204;7947511.172413793;0;0;41997276.68965517
1688368205;12141815.172413792;0;0;40613534.89655172
1688368206;16191488;0;0;40338537.93103448
1688368207;20096529.655172415;0;0;40005773.24137931
1688368208;24001571.310344826;0;0;38152686.344827585
1688368209;28051244.137931034;0;0;36127849.93103448
1688368210;32010522.48275862;0;0;34333943.172413796
1688368211;36150589.79310345;0;0;32829157.517241377
1688368212;40073710.344827585;0;0;30894291.862068966
1688368213;44249935.448275864;0;0;29138944
1688368214;48154977.10344827;0;0;27313116.689655174
1688368215;52258886.62068965;0;0;25708897.103448275
1688368216;56064494.344827585;0;0;24143377.655172415
1688368217;60303995.5862069;0;0;22521644.137931034
1688368218;64209037.24137931;0;0;20687624.827586208
1688368219;68132157.79310344;0;0;18577761.103448275
1688368220;72163751.72413793;0;0;16895293.79310345
1688368221;76213424.55172414;0;0;14970032.551724138
1688368222;80118466.20689654;564.9655172413793;0;13741656.275862068
1688368223;84312770.20689654;564.9655172413793;0;12135883.034482758
1688368224;88362443.03448276;564.9655172413793;0;10323473.655172413
1688368225;92258445.2413793;564.9655172413793;0;8734649.379310345
1688368226;96317157.51724137;564.9655172413793;0;6895404.137931034
1688368227;100222199.1724138;564.9655172413793;0;5291043.310344827
1688368228;104271872;564.9655172413793;0;3793460.9655172415
1688368229;108321544.8275862;564.9655172413793;0;2107180.1379310344
1688368230;112181389.2413793;564.9655172413793;0;1855346.7586206896
1688368231;115601408;564.9655172413793;0;997446.6206896552
1688368232;112885760;564.9655172413793;0;643778.2068965518
1688368233;108980718.34482758;564.9655172413793;0;641942.0689655172
1688368234;104786414.34482758;564.9655172413793;0;726263.172413793
1688368235;104009021.79310344;564.9655172413793;0;1280776.8275862068
1688368236;104153652.96551724;564.9655172413793;0;2417628.689655172
1688368237;104298284.13793103;564.9655172413793;0;3456176.5517241377
1688368238;104153652.96551724;564.9655172413793;0;4541051.586206896
1688368239;104244047.44827586;564.9655172413793;0;5651491.310344827
1688368240;104009021.79310344;564.9655172413793;0;6392443.586206896
1688368241;104135574.06896551;564.9655172413793;0;7477177.379310344
1688368242;103719759.44827586;564.9655172413793;0;8710779.586206896
1688368243;100103980.13793103;564.9655172413793;0;9332524.137931034
1688368244;99272350.89655173;564.9655172413793;0;10188305.655172413
1688368245;99281390.34482758;4519.724137931034;0;11146345.931034483
1688368246;98946930.7586207;4519.724137931034;0;12123595.034482758
1688368247;99091561.93103448;4519.724137931034;0;13261435.586206896
1688368248;99118680.27586207;4660.9655172413795;0;14403372.137931034
1688368249;99037325.2413793;4660.9655172413795;0;15415084.137931034
1688368250;99091561.93103448;4660.9655172413795;0;16471428.413793104
1688368251;98802299.5862069;4096;0;17487942.620689657
1688368252;96054307.31034483;4096;0;17844577.103448275
1688368253;96144701.79310344;4096;0;18587224.275862068
1688368254;96207977.93103448;4096;0;19517157.517241377
1688368255;96198938.48275863;4096;0;20574490.48275862
1688368256;94658136.27586207;4096;0;21627303.724137932
1688368257;90608463.44827586;4096;0;23291833.379310343
1688368258;86558790.62068966;4096;0;25062011.586206894
1688368259;82698946.20689654;4096;0;25097745.655172415
1688368260;79277938.7586207;4096;0;26053667.310344826
1688368261;77952105.93103448;4096;0;27871020.137931034
1688368262;77952105.93103448;4096;0;29383291.586206894
1688368263;77952105.93103448;4096;0;31041889.103448275
1688368264;74679825.65517241;4096;0;32159955.862068966
1688368265;70630152.8275862;4096;0;32890032.551724136
1688368266;66580480;4096;0;33500477.79310345
1688368267;62675438.344827585;4096;0;34247644.68965517
1688368268;58625765.51724138;4096;0;34788175.448275864
1688368269;54720723.862068966;4096;0;34670097.655172415
1688368270;50671051.034482755;4096;0;33585363.862068966
1688368271;46910640.551724136;4096;0;32414755.310344826
1688368272;46621378.20689655;4096;0;33653724.68965517
1688368273;43349097.93103448;4096;0;34339027.862068966
1688368274;39534450.75862069;141.24137931034483;0;35328706.20689655
1688368275;35629409.10344827;141.24137931034483;0;36135335.72413793
1688368276;31579736.275862068;141.24137931034483;0;36834763.034482755
1688368277;27629497.379310343;0;0;37440971.034482755
1688368278;23679258.48275862;0;0;38044071.72413793
1688368279;19575348.96551724;0;0;38664827.5862069
1688368280;15959569.655172413;0;0;39577811.862068966
1688368281;14513257.931034483;0;0;41145026.20689655
1688368282;10373190.620689655;0;0;42341340.68965517
1688368283;6413912.275862069;0;0;43099665.655172415
1688368284;2364239.4482758623;0;0;43976633.37931035
1688368285;0;0;0;44559254.06896552
1688368286;0;0;0;44722952.827586204
1688368287;0;0;0;44637078.06896552
1688368288;0;0;0;46593412.4137931
1688368289;0;0;0;47307246.344827585
1688368290;0;0;0;47397358.344827585
1688368291;0;0;0;47627440.551724136
1688368292;0;0;0;47590011.5862069
1688368293;0;0;0;47225043.862068966
1688368294;0;0;0;46177456.551724136
1688368295;0;0;0;46318556.68965517
1688368296;0;0;0;46470673.655172415
1688368297;0;0;0;46573214.89655172
1688368298;0;0;0;47389166.344827585
1688368299;0;0;0;49273891.31034483
1688368300;0;0;0;51204519.72413793
1688368301;0;0;0;50993363.862068966
1688368302;0;0;0;51243926.06896552
1688368303;0;0;0;51063278.344827585
1688368304;0;0;0;51230225.655172415
1688368305;0;0;0;51308332.137931034
1688368306;0;0;0;51348868.4137931
1688368307;0;0;0;51335309.24137931
1688368308;0;0;0;51427963.5862069
1688368309;0;0;0;51030369.10344827
1688368310;0;0;0;50970341.51724138
1688368311;0;0;0;50879947.034482755
1688368312;0;0;0;50679384.27586207
1688368313;0;0;0;51165254.62068965
1688368314;0;0;0;51307767.17241379
1688368315;0;0;0;51410308.4137931
1688368316;0;0;0;50375150.344827585
1688368317;0;0;0;49976567.17241379
1688368318;0;0;0;49960041.93103448
1688368319;0;0;0;49976002.20689655
1688368320;0;0;0;49778123.034482755
1688368321;0;0;0;49894082.20689655
1688368322;0;0;0;50485177.37931035
1688368323;0;0;0;51503104
1688368324;0;0;0;51100566.06896552
1688368325;0;0;0;50630938.48275862
1688368326;0;0;0;50735033.37931035
1688368327;0;0;0;50684468.96551724
1688368328;0;0;0;50743225.37931035
1688368329;0;0;0;50526561.10344827
1688368330;0;0;0;50977544.827586204
1688368331;0;0;0;50700005.51724138
1688368332;0;0;0;50758479.448275864
1688368333;0;0;0;50735880.827586204
1688368334;0;0;0;50595769.37931035
1688368335;0;0;0;50552408.27586207
1688368336;0;0;0;50764835.31034483
1688368337;0;0;0;50735033.37931035
1688368338;0;0;0;50787151.448275864
1688368339;0;0;0;49404398.344827585
1688368340;0;0;0;47555831.17241379
1688368341;0;0;0;46507255.17241379
1688368342;0;0;0;45957967.448275864
1688368343;0;0;0;45933532.68965517
1688368344;0;0;0;45679721.93103448
1688368345;0;0;0;46790585.37931035
1688368346;0;0;0;46860923.5862069
1688368347;0;0;0;46948493.24137931
1688368348;0;0;0;46741433.37931035
1688368349;0;0;0;46773071.448275864
1688368350;0;0;0;46768834.20689655
1688368351;0;0;0;46658807.17241379
1688368352;0;0;0;46649061.51724138
1688368353;0;0;0;47048633.37931035
1688368354;0;0;0;47192840.827586204
1688368355;0;0;0;46935216.551724136
1688368356;0;0;0;47290297.37931035
1688368357;0;0;0;47240580.4137931
1688368358;0;0;0;47249337.37931035
1688368359;0;0;0;46671801.37931035
1688368360;0;0;0;46996939.034482755
1688368361;0;0;0;46964594.75862069
1688368362;0;0;0;46803579.5862069
1688368363;141.24137931034483;0;0;46835217.655172415
1688368364;141.24137931034483;0;0;46094689.10344827
1688368365;1757184;0;0;44521260.137931034
1688368366;3134146.206896552;0;0;42937803.034482755
1688368367;5715614.8965517245;0;0;41351803.5862069
1688368368;8335218.75862069;0;0;40874690.20689655
1688368369;11072194.206896551;0;0;41070592
1688368370;14643058.758620689;0;0;40486558.89655172
1688368371;18756007.724137932;0;0;38615393.10344827
1688368372;22724325.517241377;0;0;36871909.51724138
1688368373;26773998.344827585;0;0;35187323.5862069
1688368374;30679040;0;0;33437484.137931034
1688368375;34728712.827586204;0;0;31772954.48275862
1688368376;38859740.68965517;0;0;30018595.310344826
1688368377;42683427.31034483;0;0;28301806.344827585
1688368378;46733100.137931034;0;0;26661287.724137932
1688368379;50638141.79310345;0;0;24873878.068965517
1688368380;54678775.17241379;0;0;23085620.96551724
1688368381;58882118.62068965;0;0;21255980.137931034
1688368382;62787160.27586207;0;0;19468852.96551724
1688368383;66737399.17241379;0;0;17842034.75862069
1688368384;70668994.20689654;0;0;16274961.655172413
1688368385;74791547.5862069;0;0;14234164.965517242
1688368386;78732747.03448276;0;0;12367236.413793104
1688368387;82890893.2413793;0;0;10577425.655172413
1688368388;86940566.06896551;0;0;9054278.620689655
1688368389;90990238.89655173;0;0;7215598.344827586
1688368390;94895280.55172414;0;0;5424657.655172414
1688368391;98944953.37931034;0;0;3657728
1688368392;103075840;0;0;1850262.0689655172
1688368393;107044157.79310344;0;0;835301.5172413792
1688368394;106949949.79310344;0;0;580078.3448275862
1688368395;105572987.5862069;0;0;424995.3103448276
1688368396;102991518.89655173;0;0;569908.9655172414
1688368397;100371915.03448276;0;0;625699.3103448276
1688368398;99750452.96551724;0;0;541095.724137931
1688368399;100229261.2413793;0;0;1621168.551724138
1688368400;100165985.10344827;0;0;2719602.7586206896
1688368401;99958077.79310344;0;0;3762529.103448276
1688368402;99831525.51724137;0;0;4867036.689655173
1688368403;99813446.62068966;0;0;5960244.9655172415
1688368404;99958077.79310344;0;0;6204168.827586207
1688368405;99831525.51724137;0;0;7483674.482758621
1688368406;99958077.79310344;0;0;8331687.724137931
1688368407;97788610.20689654;0;0;9166141.793103449
1688368408;97065454.34482758;0;0;9491279.448275862
1688368409;96929862.62068966;0;0;10476579.310344828
1688368410;96776192;0;0;11615549.793103447
1688368411;95619142.62068966;0;0;12656357.51724138
1688368412;95718576.55172414;0;0;13185588.965517242
1688368413;95692023.1724138;0;0;14191933.793103447
1688368414;95619142.62068966;0;0;15283305.931034483
1688368415;95727616;0;0;16282447.448275862
1688368416;94606724.4137931;0;0;17403339.03448276
1688368417;93738937.37931034;0;0;17786950.620689657
1688368418;93639503.44827586;0;0;18893153.103448275
1688368419;91762546.7586207;0;0;19975203.310344826
1688368420;87712873.93103448;0;0;21733234.75862069
1688368421;83581846.06896551;0;0;23536180.96551724
1688368422;79613528.27586207;0;0;25218224.551724136
1688368423;77950693.51724137;0;0;26732473.379310343
1688368424;77950693.51724137;0;0;28696999.724137932
1688368425;77950693.51724137;0;0;29475945.931034483
1688368426;77950693.51724137;0;0;30535680
1688368427;75835180.13793103;0;0;32040324.413793102
1688368428;71785507.31034483;0;0;32584951.172413792
1688368429;67735834.48275863;0;0;33159238.620689653
1688368430;63975424;0;0;33828299.034482755
1688368431;60052303.448275864;0;0;34310497.10344827
1688368432;56165340.68965517;0;0;33562482.75862069
1688368433;51971036.68965517;0;0;34606821.51724138
1688368434;47966561.10344827;0;0;34962184.827586204
1688368435;44016322.20689655;0;0;35881101.24137931
1688368436;42136116.96551724;0;0;36907219.862068966
1688368437;38954231.172413796;0;0;38418926.344827585
1688368438;35049189.51724138;0;0;39292221.79310345
1688368439;30999516.689655174;0;0;39921310.89655172
1688368440;28251524.413793102;0;0;40553366.06896552
1688368441;24201851.586206894;0;0;41777222.62068965
1688368442;20296809.931034483;0;0;42469022.89655172
1688368443;16247137.103448275;0;0;41891628.137931034
1688368444;12197464.275862068;0;0;40865650.75862069
1688368445;9160209.655172413;0;0;39744759.172413796
1688368446;5978323.862068965;0;0;39531484.68965517
1688368447;2028084.9655172413;0;0;40386842.48275862
1688368448;0;0;0;41218330.48275862
1688368449;0;0;0;41315928.27586207
1688368450;0;0;0;41085563.5862069
1688368451;0;0;0;41121297.655172415
1688368452;0;0;0;41318046.89655172
1688368453;0;0;0;40155206.62068965
1688368454;0;0;0;40891639.172413796
1688368455;0;0;0;41366068.96551724
1688368456;0;0;0;41499259.5862069
1688368457;0;0;0;41543609.37931035
1688368458;0;0;0;41626518.06896552
1688368459;0;0;0;41502366.89655172
1688368460;0;0;0;40505767.72413793
1688368461;0;0;0;40148850.75862069
1688368462;0;0;0;39755776
1688368463;0;0;0;39935152.551724136
1688368464;0;0;0;39975547.5862069
1688368465;0;0;0;39821876.96551724
1688368466;0;0;0;39751538.75862069
1688368467;0;0;0;39610721.10344827
1688368468;0;0;0;39559309.24137931
1688368469;0;0;0;39897864.827586204
1688368470;0;0;0;39636709.51724138
1688368471;0;0;0;39789250.20689655
1688368472;0;0;0;41072851.862068966
1688368473;0;0;0;42894865.655172415
1688368474;0;0;0;44699930.48275862
1688368475;0;0;0;46183812.4137931
1688368476;0;0;0;45885086.89655172
1688368477;0;0;0;45835511.172413796
1688368478;0;0;0;45645682.75862069
1688368479;0;0;0;45786359.172413796
1688368480;0;0;0;45860793.37931035
1688368481;0;0;0;45825624.27586207
1688368482;0;0;0;46514317.24137931
1688368483;0;0;0;46763467.034482755
1688368484;0;0;0;46724766.89655172
1688368485;0;0;0;45237495.172413796
1688368486;0;0;0;45002469.51724138
1688368487;0;0;0;45016593.655172415
1688368488;0;0;0;45239755.034482755
1688368489;0;0;0;46515305.93103448
1688368490;0;0;0;48701722.48275862
1688368491;0;0;0;49465979.5862069
1688368492;0;0;0;49229682.75862069
1688368493;0;0;0;49279823.448275864
1688368494;0;0;0;49607927.17241379
1688368495;0;0;0;49583351.17241379
1688368496;0;0;0;49606514.75862069
1688368497;0;0;0;49566402.20689655
1688368498;0;0;0;49164570.48275862
1688368499;0;0;0;49566119.72413793
1688368500;0;0;0;49738575.448275864
1688368501;0;0;0;49788292.4137931
1688368502;0;0;0;49272620.137931034
1688368503;0;0;0;49362590.89655172
1688368504;0;0;0;49337308.68965517
1688368505;0;0;0;49440838.62068965
1688368506;0;0;0;49415273.93103448
1688368507;0;0;0;49447335.72413793
1688368508;0;0;0;48390426.48275862
1688368509;0;0;0;46597367.17241379
1688368510;0;0;0;46074350.344827585
1688368511;0;0;0;46589175.17241379
1688368512;0;0;0;46814455.17241379
1688368513;0;0;0;47083520
1688368514;0;0;0;48517120
1688368515;0;0;0;48886324.96551724
1688368516;0;0;0;48928979.862068966
1688368517;0;0;0;48820647.72413793
1688368518;0;0;0;48695084.137931034
1688368519;0;0;0;48381528.27586207
1688368520;0;0;0;48469945.37931035
1688368521;0;0;0;48550735.448275864
1688368522;0;0;0;48455821.24137931
1688368523;0;0;0;48312884.96551724
1688368524;0;0;0;48599463.72413793
1688368525;0;0;0;48659067.5862069
1688368526;0;0;0;48704688.551724136
1688368527;0;0;0;48971069.79310345
1688368528;0;0;0;48812879.448275864
1688368529;0;0;0;49314003.862068966
1688368530;0;0;0;49607927.17241379
1688368531;0;0;0;49555667.862068966
1688368532;0;0;0;47660773.51724138
1688368533;2130202.4827586208;0;0;46761489.655172415
1688368534;6080441.379310344;0;0;45102609.655172415
1688368535;10175311.448275862;0;0;43579321.37931035
1688368536;14279220.965517242;0;0;41890639.448275864
1688368537;18229459.862068966;0;0;41254488.27586207
1688368538;22134501.517241377;0;0;41250957.24137931
1688368539;26283608.275862068;0;0;40096308.96551724
1688368540;30378478.344827585;0;0;38089692.68965517
1688368541;34283520;0;0;35922343.72413793
1688368542;38477824;0;0;34099341.24137931
1688368543;42337668.4137931;0;0;32404020.96551724
1688368544;46387341.24137931;0;0;30612374.068965517
1688368545;50337580.137931034;0;0;28951375.44827586
1688368546;54531884.137931034;0;0;27238541.24137931
1688368547;58455004.68965517;0;0;25502825.931034483
1688368548;62486598.62068965;0;0;23633072.551724136
1688368549;66445876.96551724;0;0;21887894.068965517
1688368550;70441313.10344827;0;0;20229155.310344826
1688368551;74635617.10344827;0;0;18466604.137931034
1688368552;78685289.93103448;0;0;16572698.48275862
1688368553;82590331.5862069;0;0;14514387.862068966
1688368554;86350742.06896551;0;0;12726413.24137931
1688368555;90400414.89655173;0;0;11020782.344827587
1688368556;94305456.55172414;0;0;9160633.379310345
1688368557;98355129.37931034;0;0;7398364.689655173
1688368558;102359604.96551724;0;0;4840765.793103448
1688368559;106454475.03448276;0;0;2698557.793103448
1688368560;110504147.86206897;0;0;1444475.5862068965
1688368561;114409189.51724137;0;0;1444334.344827586
1688368562;114810315.03448276;0;0;714963.8620689656
1688368563;110860076.13793103;0;0;606631.724137931
1688368564;106765206.06896551;0;0;296041.9310344828
1688368565;103619478.06896551;0;0;280505.3793103448
1688368566;103619478.06896551;0;0;1138546.7586206896
1688368567;103809306.48275863;0;0;2233308.689655172
1688368568;103764109.2413793;0;0;3294878.896551724
1688368569;103718912;0;0;4338652.689655173
1688368570;103718912;0;0;5318726.620689655
1688368571;103574280.8275862;0;0;6330579.862068965
1688368572;103362560;0;0;7326755.310344827
1688368573;103250696.8275862;0;0;9118543.448275862
1688368574;103332051.86206897;0;0;9283513.379310345
1688368575;103042789.51724137;0;0;10390704.551724138
1688368576;99553562.48275863;0;0;10887874.206896551
1688368577;96534386.7586207;0;0;10887591.72413793
1688368578;96669978.48275863;0;0;11681792
1688368579;96679017.93103448;0;0;12807203.310344828
1688368580;96534386.7586207;0;0;13833039.448275862
1688368581;94364919.1724138;0;0;14425405.793103447
1688368582;94509550.34482758;0;0;15262119.72413793
1688368583;94853049.37931034;0;0;16349395.862068966
1688368584;94798812.68965517;0;0;17047128.275862068
1688368585;94943443.86206897;0;0;18075365.517241377
1688368586;93786394.48275863;0;0;19141596.689655174
1688368587;92385280;0;0;19763058.75862069
1688368588;88483910.62068966;0;0;20812764.689655174
1688368589;84434237.79310344;0;0;22634213.517241377
1688368590;80529196.13793103;0;0;24450577.655172415
1688368591;77997868.13793103;0;0;26254088.827586208
1688368592;77997868.13793103;0;0;27132751.44827586
1688368593;77997868.13793103;0;0;28590362.48275862
1688368594;77039686.62068966;0;0;30400512
1688368595;73089447.72413793;0;0;31061521.655172415
1688368596;68994577.65517241;0;0;31751909.517241377
1688368597;64890668.137931034;0;0;32398653.79310345
1688368598;60840995.31034483;0;0;33130990.344827585
1688368599;56935953.655172415;0;0;33803299.31034483
1688368600;52886280.827586204;0;0;33330423.172413792
1688368601;49238157.24137931;0;0;32404727.172413792
1688368602;45300347.5862069;0;0;32197949.79310345
1688368603;41268753.655172415;0;0;33508952.275862068
1688368604;37363712;0;0;34094539.034482755
1688368605;36929818.48275862;0;0;36009913.37931035
1688368606;35917400.27586207;0;0;37602551.172413796
1688368607;31822530.20689655;0;0;38425847.172413796
1688368608;27818054.620689657;0;0;38941378.20689655
1688368609;23768381.79310345;0;0;39763968
1688368610;21888176.551724136;0;0;40857600
1688368611;17838503.724137932;0;0;41778776.27586207
1688368612;13734594.206896551;0;0;42374108.68965517
1688368613;9739158.068965517;0;0;43498107.5862069
1688368614;5689485.24137931;0;0;43329889.10344827
1688368615;2796861.793103448;0;0;44100643.31034483
1688368616;193500.6896551724;0;0;44678320.551724136
1688368617;0;0;0;45398510.344827585
1688368618;0;0;0;45377606.62068965
1688368619;0;0;0;44687077.51724138
1688368620;0;0;0;44885380.4137931
1688368621;0;0;0;45859804.68965517
1688368622;5084.689655172414;141.24137931034483;141.24137931034483;46144123.5862069
1688368623;5084.689655172414;141.24137931034483;141.24137931034483;46131976.827586204
1688368624;5084.689655172414;141.24137931034483;141.24137931034483;46224066.20689655
1688368625;5084.689655172414;141.24137931034483;141.24137931034483;45726472.827586204
1688368626;5084.689655172414;141.24137931034483;141.24137931034483;44073524.96551724
1688368627;5084.689655172414;141.24137931034483;141.24137931034483;42373120
1688368628;5084.689655172414;141.24137931034483;141.24137931034483;40973841.655172415
1688368629;5084.689655172414;141.24137931034483;141.24137931034483;42303064.27586207
1688368630;5084.689655172414;141.24137931034483;141.24137931034483;44076067.31034483
1688368631;5084.689655172414;141.24137931034483;141.24137931034483;44223947.034482755
1688368632;5084.689655172414;141.24137931034483;141.24137931034483;44378182.62068965
1688368633;5084.689655172414;141.24137931034483;141.24137931034483;44692162.20689655
1688368634;5084.689655172414;141.24137931034483;141.24137931034483;44088355.31034483
1688368635;5084.689655172414;141.24137931034483;141.24137931034483;44106292.96551724
1688368636;5084.689655172414;141.24137931034483;141.24137931034483;44243014.62068965
1688368637;5084.689655172414;141.24137931034483;141.24137931034483;44280726.06896552
1688368638;5084.689655172414;141.24137931034483;141.24137931034483;44316318.89655172
1688368639;5084.689655172414;141.24137931034483;141.24137931034483;44320838.62068965
1688368640;5084.689655172414;141.24137931034483;141.24137931034483;44354736.551724136
1688368641;5084.689655172414;141.24137931034483;141.24137931034483;44378888.827586204
1688368642;5084.689655172414;141.24137931034483;141.24137931034483;44348239.448275864
1688368643;5084.689655172414;141.24137931034483;141.24137931034483;44982413.24137931
1688368644;5084.689655172414;141.24137931034483;141.24137931034483;45088344.27586207
1688368645;5084.689655172414;141.24137931034483;141.24137931034483;45515175.72413793
1688368646;5084.689655172414;141.24137931034483;141.24137931034483;45865595.5862069
1688368647;5084.689655172414;141.24137931034483;141.24137931034483;45800765.79310345
1688368648;5084.689655172414;141.24137931034483;141.24137931034483;46338048
1688368649;5084.689655172414;141.24137931034483;141.24137931034483;45890877.79310345
1688368650;5084.689655172414;141.24137931034483;141.24137931034483;45564610.20689655
1688368651;0;0;0;44132281.37931035
1688368652;0;0;0;42338657.10344827
1688368653;0;0;0;41975949.24137931
1688368654;0;0;0;42510547.862068966
1688368655;0;0;0;44122818.20689655
1688368656;0;0;0;45711501.24137931
1688368657;0;0;0;47234083.31034483
1688368658;0;0;0;47074056.827586204
1688368659;0;0;0;46934510.344827585
1688368660;0;0;0;47074621.79310345
1688368661;0;0;0;46920668.68965517
1688368662;0;0;0;47065158.62068965
1688368663;0;0;0;47145666.20689655
1688368664;0;0;0;47493826.20689655
1688368665;0;0;0;47395239.72413793
1688368666;0;282.48275862068965;0;47714445.24137931
1688368667;0;282.48275862068965;0;47411341.24137931
1688368668;0;282.48275862068965;0;47628994.20689655
1688368669;0;282.48275862068965;0;47735490.20689655
1688368670;0;282.48275862068965;0;47910205.79310345
1688368671;0;282.48275862068965;0;47982803.862068966
1688368672;0;282.48275862068965;0;48141982.89655172
1688368673;0;282.48275862068965;0;47676875.034482755
1688368674;0;282.48275862068965;0;47781958.62068965
1688368675;0;282.48275862068965;0;45824353.10344827
1688368676;0;282.48275862068965;0;44223240.827586204
1688368677;0;282.48275862068965;0;44426769.655172415
1688368678;0;282.48275862068965;0;45992430.344827585
1688368679;0;282.48275862068965;0;45196676.4137931
1688368680;0;282.48275862068965;0;46645812.96551724
1688368681;0;282.48275862068965;0;48286472.827586204
1688368682;0;282.48275862068965;0;48725309.79310345
1688368683;0;282.48275862068965;0;48439154.75862069
1688368684;0;282.48275862068965;0;48682796.137931034
1688368685;0;282.48275862068965;0;48749320.827586204
1688368686;0;282.48275862068965;0;48738868.96551724
1688368687;0;282.48275862068965;0;48716694.06896552
1688368688;0;282.48275862068965;0;48579972.4137931
1688368689;0;282.48275862068965;0;48530255.448275864
1688368690;0;282.48275862068965;0;48780393.93103448
1688368691;0;282.48275862068965;0;48581526.06896552
1688368692;0;282.48275862068965;0;48601299.862068966
1688368693;0;282.48275862068965;0;48461188.4137931
1688368694;0;282.48275862068965;0;48031814.62068965
1688368695;0;0;0;47665575.72413793
1688368696;0;0;0;47810065.655172415
1688368697;0;0;0;47722072.27586207
1688368698;0;0;0;47600039.72413793
1688368699;0;0;0;45986356.96551724
1688368700;0;0;0;44112790.06896552
1688368701;0;0;0;42443599.448275864
1688368702;0;0;0;40960847.448275864
1688368703;0;0;0;40081196.137931034
1688368704;0;0;0;40288962.20689655
1688368705;0;0;0;40184867.31034483
1688368706;0;0;0;38318221.24137931
1688368707;0;0;0;35197492.96551724
1688368708;0;0;0;34591708.68965517
1688368709;0;0;0;32846247.724137932
1688368710;0;0;0;31201068.137931034
1688368711;0;0;0;29493177.379310343
1688368712;0;0;0;27957177.379310343
1688368713;0;0;0;26045757.79310345
1688368714;0;0;0;24329957.517241377
1688368715;0;0;0;22558225.655172415
1688368716;0;0;0;20872509.79310345
1688368717;0;1836.1379310344828;0;19305154.20689655
1688368718;0;1836.1379310344828;0;17470146.20689655
1688368719;0;1836.1379310344828;0;15592342.068965517
1688368720;0;1836.1379310344828;0;13639821.24137931
1688368721;0;1836.1379310344828;0;11889275.586206896
1688368722;0;1836.1379310344828;0;10067826.758620689
1688368723;0;1836.1379310344828;0;8838461.793103449
1688368724;0;1836.1379310344828;0;7206841.379310344
1688368725;0;1836.1379310344828;0;5481295.448275862
1688368726;0;1836.1379310344828;0;3910408.827586207
1688368727;0;1836.1379310344828;0;2134722.206896552
1688368728;0;1836.1379310344828;0;1842635.0344827585
1688368729;0;1836.1379310344828;0;1835996.6896551724
1688368730;0;1836.1379310344828;0;1835996.6896551724
1688368731;0;1836.1379310344828;0;1835996.6896551724
1688368732;0;1836.1379310344828;0;984593.6551724138
1688368733;0;1836.1379310344828;0;613835.0344827586
1688368734;0;1836.1379310344828;0;645473.1034482758
1688368735;0;1836.1379310344828;0;657761.1034482758
1688368736;0;1836.1379310344828;0;657761.1034482758
1688368737;0;1836.1379310344828;0;532480
1688368738;0;1836.1379310344828;0;515531.0344827586
1688368739;0;1836.1379310344828;0;515531.0344827586
1688368740;0;1836.1379310344828;0;515531.0344827586
