Time;{instance="10.231.0.208:9100"};{instance="192.168.221.10:9100"};{instance="192.168.221.11:9100"};{instance="192.168.221.12:9100"}
1688367540;549.3333333333334;23662;1220.5555555555557;1281.5555555555557
1688367541;537.3333333333334;25343;1214.7777777777778;1275.7777777777778
1688367542;544.6666666666667;23289.88888888889;1243.2222222222224;1281.5555555555557
1688367543;545.3333333333334;30374.88888888889;1237.4444444444446;1192.111111111111
1688367544;552;28473.000000000004;1243.2222222222224;2478.888888888889
1688367545;1300.888888888889;39691.77777777778;1260.6666666666667;6599.111111111111
1688367546;11467152.777777778;44238.55555555556;1987.7777777777778;5614966.503666666
1688367547;24313218.333333336;46890;1605.5555555555557;18168486.411000002
1688367548;36925860.333333336;56743.77777777778;2046.0000000000002;30620684.26788889
1688367549;49688553.44444445;56953.66666666667;2183.444444444445;42739983.000333324
1688367550;62443683.44444445;67079;2207.777777777778;55356465.14466667
1688367551;75122493.8888889;69141.88888888889;2179.3333333333335;67860030.73461111
1688367552;88042107.22222222;65748;2196.777777777778;80330137.30283333
1688367553;101049880.77777779;73907.33333333334;2211.777777777778;92993514.04727778
1688367554;114056432.77777779;60972.444444444445;2194.3333333333335;105381518.89838886
1688367555;115415693.33333334;55438.88888888889;1467.2222222222224;115495122.77777779
1688367556;115632316.22222222;69291.22222222223;1311.5555555555557;115741881.8888889
1688367557;115605593.11111112;60473.00000000001;775.3333333333334;115556628.55555557
1688367558;115835367.11111112;61206.444444444445;1186.888888888889;115950300.55555557
1688367559;115976544.00000001;52382;1162.5555555555557;116016565.66666667
1688367560;116380136.66666667;61066.333333333336;1263;116243846.44444445
1688367561;116255776.8888889;56262.66666666667;1245.5555555555557;116135999.77777779
1688367562;116447776.44444445;49135.444444444445;1230.5555555555557;116113418.66666667
1688367563;113134548.8888889;53869.222222222226;1224.7777777777778;116409234.8888889
1688367564;110796854.22222222;55120.444444444445;1230.5555555555557;111580700.22222222
1688367565;110290459.11111112;40475.333333333336;1224.7777777777778;110253785.33333334
1688367566;110314163.33333334;38650.333333333336;1230.5555555555557;110286551.55555557
1688367567;110151729.77777779;38249.11111111112;696.8888888888889;110395465.11111112
1688367568;110406008.44444445;36270.11111111112;1233.111111111111;110110521.33333334
1688367569;109744949.55555557;26499.111111111113;1132.6666666666667;109887854.44444445
1688367570;109705040.44444445;26793.333333333336;1145.7777777777778;109792475.55555557
1688367571;109277502.22222222;28346.55555555556;1221.4444444444446;109565474.00000001
1688367572;112532007.11111112;23502;1227.2222222222224;109472532.00000001
1688367573;115075582.66666667;22615.77777777778;1221.4444444444446;114312005.33333334
1688367574;115510763.11111112;21062.55555555556;1227.2222222222224;115598279.55555557
1688367575;111870822.44444445;22617.111111111113;1221.4444444444446;115884646.44444445
1688367576;105876261.66666667;21566.77777777778;1206.111111111111;109873988.8888889
1688367577;92725676.11111112;23182.666666666668;669.8888888888889;98765553.22222222
1688367578;84127111.8888889;23743;696.4444444444445;85930202.55555557
1688367579;84538484.11111112;24886.222222222223;1232.7777777777778;84542311.66666667
1688367580;84980086.11111112;24302.111111111113;1157.111111111111;84896481.8888889
1688367581;84989403.44444445;25768.222222222223;1250.888888888889;85124183.22222222
1688367582;84876400.77777779;24869.222222222223;1297.888888888889;85078187.66666667
1688367583;85049778.33333334;25455.55555555556;1292.1111111111113;84696834.33333334
1688367584;89021255.44444445;24167.111111111113;1297.888888888889;84924608.55555557
1688367585;95074045.11111112;24112.111111111113;1292.1111111111113;91058039.8888889
1688367586;107739271.55555557;26873.88888888889;1297.888888888889;102277279.33333334
1688367587;116876565.77777779;29063.88888888889;1271.3333333333335;115006592.8888889
1688367588;116518577.77777779;29624.88888888889;727.6666666666667;116697691.77777779
1688367589;116305297.77777779;27497.55555555556;1265.5555555555557;116359604.22222222
1688367590;116341636.44444445;28514.55555555556;1190.3333333333335;116500543.33333334
1688367591;116182832.00000001;28806.444444444445;1231.6666666666667;116170082.00000001
1688367592;105906203.33333334;29007.55555555556;1237.4444444444446;112035098.00000001
1688367593;94551077.55555557;28087.88888888889;1252.111111111111;98895453.77777779
1688367594;83748741.11111112;28693.111111111113;1278.3333333333335;89508373.77777779
1688367595;74136396.8888889;24804.88888888889;1272.5555555555557;79345355.55555557
1688367596;68186442.8888889;22503.333333333336;1306.4444444444446;71517730.66666667
1688367597;67636698.44444445;22346.333333333336;1300.6666666666667;67395496.44444445
1688367598;67525860.22222222;23363.88888888889;783.2222222222223;67647376.22222222
1688367599;67401925.11111112;21210.444444444445;1314.888888888889;67071026.888888896
1688367600;67735631.77777778;22822.55555555556;1232.3333333333335;67448994.44444445
1688367601;76325220.44444445;22818.222222222223;1233.888888888889;71282771.11111112
1688367602;75194183.33333334;23243.111111111113;1322.7777777777778;76819523.55555557
1688367603;73108257.33333334;22497.444444444445;1296.5555555555557;73144834.22222222
1688367604;70055375.11111112;21929.55555555556;1302.3333333333335;70469119.55555557
1688367605;63045254.888888896;21766.222222222223;1268.4444444444446;65567436.66666667
1688367606;50786270.66666667;21483.111111111113;1297.4444444444446;56793304.44444445
1688367607;37896552;22299.444444444445;1292.3333333333335;43780072.222222224
1688367608;25025700.88888889;23198;763.2222222222223;31072391.555555556
1688367609;11932808;21750.333333333336;1325.4444444444446;17942526.444444444
1688367610;454996.6666666667;22123.111111111113;1429.4444444444446;5536983.333333334
1688367611;556.6666666666667;23425;1451;1314
1688367612;557.3333333333334;23016.111111111113;1552.888888888889;1319.7777777777778
1688367613;566.5555555555555;23921.444444444445;1602.1111111111113;1332.5555555555557
1688367614;573.2222222222223;22851.333333333336;1607.888888888889;1338.3333333333335
1688367615;573.2222222222223;22782.666666666668;1578.888888888889;1255.4444444444446
1688367616;603;25484.88888888889;1563.5555555555557;799.3333333333334
1688367617;595.6666666666667;28259.333333333336;1536.6666666666667;1325.1111111111113
1688367618;602.3333333333334;30922.333333333336;993.0000000000001;1330.888888888889
1688367619;595.6666666666667;30830.222222222223;1429.6666666666667;1304
1688367620;595.6666666666667;30293.77777777778;1304.5555555555557;1309.7777777777778
1688367621;595;32191.666666666668;1202.6666666666667;1304
1688367622;604.4444444444445;31487.666666666668;1249.111111111111;1291.2222222222224
1688367623;597.7777777777778;32662.666666666668;1243.3333333333335;1400.3333333333335
1688367624;651.8888888888889;31908.666666666668;1249.111111111111;1387.5555555555557
1688367625;589.4444444444445;28740.222222222223;1243.3333333333335;1293.5555555555557
1688367626;596.1111111111112;25860.111111111113;1249.111111111111;786.7777777777778
1688367627;589.4444444444445;23738.111111111113;1224.7777777777778;924.2222222222223
1688367628;596.1111111111112;24263.77777777778;682.5555555555557;1472.7777777777778
1688367629;596.1111111111112;23903.444444444445;1207.2222222222224;1485.4444444444446
1688367630;589.4444444444445;23423;1213;1491.2222222222224
1688367631;601.4444444444445;23442.77777777778;1111.5555555555557;1485.4444444444446
1688367632;646.1111111111112;23216.77777777778;1124.6666666666667;1384.1111111111113
1688367633;592;23295.666666666668;1199.888888888889;1378.3333333333335
1688367634;592;22506.444444444445;1205.6666666666667;1404.5555555555557
1688367635;592;22433;1199.888888888889;1379.7777777777778
1688367636;592;29561.77777777778;1205.6666666666667;1274.2222222222224
1688367637;623.8888888888889;29055.444444444445;2034.7777777777778;1648.888888888889
1688367638;617.2222222222223;29204.88888888889;1620.1111111111113;2175.1111111111113
1688367639;623.8888888888889;29880.333333333336;1635.1111111111113;2169.3333333333335
1688367640;593.2222222222223;33894.222222222226;4405.555555555556;2884.2222222222226
1688367641;555.8888888888889;34128.66666666667;4392.444444444444;2891.1111111111113
1688367642;562.5555555555555;33927.333333333336;4358.444444444444;2917.666666666667
1688367643;569.2222222222223;35412.555555555555;4440.777777777778;2891.444444444445
1688367644;562.5555555555555;34820.77777777778;4446.555555555556;3006.777777777778
1688367645;569.2222222222223;28036.222222222223;4440.777777777778;2991.777777777778
1688367646;593.1111111111112;30508.88888888889;3611.666666666667;2074.3333333333335
1688367647;599.7777777777778;33730.444444444445;3495.888888888889;1638.7777777777778
1688367648;600.4444444444445;32123.111111111113;3488.666666666667;2206.1111111111113
1688367649;600.4444444444445;29126.444444444445;718.2222222222223;1519.2222222222224
1688367650;599.7777777777778;30252.444444444445;1273;1504.5555555555557
1688367651;593.1111111111112;29956.000000000004;1226;1478
1688367652;605.1111111111112;28714.222222222223;1143.6666666666667;1483.7777777777778
1688367653;605.1111111111112;29542.55555555556;1244.6666666666667;1368.4444444444446
1688367654;605.1111111111112;29896.55555555556;1250.4444444444446;1370.1111111111113
1688367655;542.6666666666667;27185.000000000004;1244.6666666666667;1364.3333333333335
1688367656;542.6666666666667;23753;1270.888888888889;1261
1688367657;542.6666666666667;24410.88888888889;1265.111111111111;796.4444444444445
1688367658;549.3333333333334;23368.666666666668;1270.888888888889;1295.888888888889
1688367659;542.6666666666667;22021.444444444445;716.1111111111112;1290.1111111111113
1688367660;542.6666666666667;24808.111111111113;1280;1295.888888888889
1688367661;530.6666666666667;23731.222222222223;1274.2222222222224;1290.1111111111113
1688367662;538;23039.444444444445;1173.2222222222224;1295.888888888889
1688367663;531.3333333333334;21933.55555555556;1182.111111111111;1294.7777777777778
1688367664;545.3333333333334;23048.55555555556;1291.5555555555557;1300.5555555555557
1688367665;538.6666666666667;22667.77777777778;1288;1294.7777777777778
1688367666;538;22384;1306.7777777777778;1197.7777777777778
1688367667;556.6666666666667;23180.444444444445;1352.2222222222224;670.3333333333334
1688367668;564;23402;1386;801.4444444444445
1688367669;571.3333333333334;22014.77777777778;861.7777777777778;1339
1688367670;564.6666666666667;25352.111111111113;1483.3333333333335;1384.888888888889
1688367671;557.3333333333334;25205.666666666668;1477.5555555555557;1397.5555555555557
1688367672;564;25378.77777777778;1491.3333333333335;1415.4444444444446
1688367673;557.3333333333334;23658.77777777778;1381.888888888889;1428.2222222222224
1688367674;564;24567.111111111113;1474;1434
1688367675;557.3333333333334;24402;1447.4444444444446;1446.7777777777778
1688367676;601.1111111111112;27131.333333333336;1402;1452.5555555555557
1688367677;593.7777777777778;29790.333333333336;1368.2222222222224;1321.4444444444446
1688367678;586.4444444444445;29252.88888888889;1352.888888888889;783.8888888888889
1688367679;586.4444444444445;27721.222222222223;731.3333333333334;738
1688367680;593.1111111111112;29951.77777777778;1260.2222222222224;1371.5555555555557
1688367681;593.7777777777778;29954.111111111113;1231.7777777777778;1330.4444444444446
1688367682;619.1111111111112;29766.666666666668;1237.5555555555557;1353
1688367683;619.1111111111112;29193.222222222223;1122.7777777777778;1347.2222222222224
1688367684;680.5555555555557;29404.55555555556;1217.3333333333335;1334.4444444444446
1688367685;633.1111111111112;25944.444444444445;1211.5555555555557;1328.6666666666667
1688367686;647.1111111111112;23166.111111111113;1217.3333333333335;1497.5555555555557
1688367687;654.4444444444445;23648.88888888889;1193;1491.7777777777778
1688367688;661.1111111111112;23738.111111111113;1198.7777777777778;1497.5555555555557
1688367689;661.1111111111112;21298.333333333336;669.8888888888889;864.1111111111112
1688367690;661.1111111111112;23966.77777777778;675.6666666666667;869.8888888888889
1688367691;628.4444444444445;23342.666666666668;1193;1446.2222222222224
1688367692;628.4444444444445;24010.666666666668;1198.7777777777778;1452
1688367693;737.6666666666667;22622.333333333336;1104.2222222222224;1446.2222222222224
1688367694;723.3333333333334;24131.111111111113;1198.3333333333335;1452
1688367695;709.3333333333334;22546.88888888889;1192.5555555555557;1283.1111111111113
1688367696;709.3333333333334;23110.333333333336;1313.2222222222224;1309.3333333333335
1688367697;735.3333333333334;22252.77777777778;1307.4444444444446;1303.5555555555557
1688367698;728.6666666666667;23496.333333333336;1313.2222222222224;1290.7777777777778
1688367699;743;19712;1319.1111111111113;1285
1688367700;749.6666666666667;23905.55555555556;841.5555555555557;673.3333333333334
1688367701;749.6666666666667;23263.333333333336;1387;1305.2222222222224
1688367702;579;23396.77777777778;1411.3333333333335;1311
1688367703;571.6666666666667;22143.222222222223;1349.1111111111113;1326
1688367704;578.3333333333334;23684.444444444445;1354.888888888889;1331.7777777777778
1688367705;571;23204.55555555556;1322.4444444444446;1328.2222222222224
1688367706;600.7777777777778;25861;1328.2222222222224;1352.5555555555557
1688367707;607.4444444444445;27769.444444444445;1322.4444444444446;1365.3333333333335
1688367708;585.7777777777778;29482.333333333336;1316.5555555555557;1393.7777777777778
1688367709;585.7777777777778;26428.444444444445;1271;1436.6666666666667
1688367710;579.1111111111112;27554.222222222223;744.1111111111112;804.7777777777778
1688367711;585.7777777777778;30014.111111111113;1250.2222222222224;1337.888888888889
1688367712;611.7777777777778;29361.000000000004;1224.111111111111;1401.2222222222224
1688367713;612.4444444444445;28990.88888888889;1218.3333333333335;1395.4444444444446
1688367714;612.4444444444445;27854.222222222223;1135.888888888889;1378.5555555555557
1688367715;797.4444444444445;26337.222222222223;1239.2222222222224;1372.7777777777778
1688367716;10533678.111111112;23587.333333333336;1245;4429502.888888889
1688367717;23402582.111111112;23426.666666666668;1239.2222222222224;17476154.88888889
1688367718;36514409;23872.88888888889;1245;30680546.444444448
1688367719;49789105.888888896;23560.55555555556;1241.111111111111;43817113.11111111
1688367720;62764889.66666667;22988.333333333336;716.4444444444445;56831757.77777778
1688367721;75707972.11111112;25194.77777777778;1245.4444444444446;69958982.22222222
1688367722;88815131.8888889;24287.666666666668;1251.2222222222224;83044038.22222222
1688367723;101821793;25751;1245.4444444444446;96211780
1688367724;114747069.11111112;24253.88888888889;1142.111111111111;108950597.55555557
1688367725;117411670.44444445;25362.666666666668;1224.6666666666667;117412012.00000001
1688367726;117037374.22222222;25181.88888888889;1253.111111111111;117057639.11111112
1688367727;117113306.44444445;25185.333333333336;1270.5555555555557;117253032.44444445
1688367728;116187439.11111112;24425.222222222223;1276.6666666666667;116664284.22222222
1688367729;116088993.33333334;23938.111111111113;1310.5555555555557;116334036.44444445
1688367730;115394900.8888889;22824.333333333336;800.5555555555557;115550923.77777779
1688367731;115437712.44444445;30049.88888888889;1380.1111111111113;115516827.33333334
1688367732;115452596.22222222;27749.88888888889;2100.1111111111113;115558885.33333334
1688367733;115623290.44444445;28395.222222222223;2117;115491920.00000001
1688367734;115406408.00000001;27080.77777777778;2034.4444444444446;115719714.66666667
1688367735;115789912.8888889;26236.77777777778;2013.3333333333335;116011938.22222222
1688367736;115534989.77777779;29648.444444444445;2076.888888888889;115540022.8888889
1688367737;116329125.77777779;31240.333333333336;2050.3333333333335;115935570.44444445
1688367738;116028515.33333334;32431.444444444445;2035.0000000000002;116141934.22222222
1688367739;116872210.66666667;30751.77777777778;2010.2222222222224;116512440.00000001
1688367740;116776393.33333334;26465.55555555556;1430.6666666666667;116506776.22222222
1688367741;116755041.11111112;28383.000000000004;1233.7777777777778;116603455.55555557
1688367742;116366843.33333334;28994.444444444445;1216.888888888889;116792174.66666667
1688367743;116136895.55555557;27973.444444444445;1211.111111111111;116450799.33333334
1688367744;115768509.55555557;28547.55555555556;1209.5555555555557;115981030.66666667
1688367745;109029503.8888889;25062.55555555556;1122.7777777777778;114767021.44444445
1688367746;95886538.33333334;23240;1228.111111111111;101823680.55555557
1688367747;87730582.77777779;21923.88888888889;1203.7777777777778;88932891.8888889
1688367748;87334540.55555557;22983.55555555556;1209.5555555555557;87425354.33333334
1688367749;87303551.8888889;21432.88888888889;1203.7777777777778;87546330.33333334
1688367750;87429497.22222222;20952.222222222223;686.4444444444445;87132346.77777779
1688367751;87625058.33333334;21671.444444444445;680.6666666666667;87210594.55555557
1688367752;87948498.11111112;23131.88888888889;1216.888888888889;87439017.66666667
1688367753;88495837;23134.88888888889;1229.6666666666667;88195865.8888889
1688367754;95389275.55555557;22610.666666666668;1235.4444444444446;89616281.55555557
1688367755;105148067.55555557;22474.111111111113;1158.111111111111;102713988
1688367756;112988094.44444445;22539.666666666668;1252.2222222222224;111643506.22222222
1688367757;113399008.00000001;22541.111111111113;1246.4444444444446;113614432.44444445
1688367758;113444303.77777779;23299;1252.2222222222224;113459589.77777779
1688367759;113401652.00000001;22280.666666666668;1258.111111111111;113551380.00000001
1688367760;113654408.44444445;21176.77777777778;1263.888888888889;113827687.55555557
1688367761;106861362.8888889;20954.77777777778;727.6666666666667;112374503.33333334
1688367762;97144102.22222222;23027.88888888889;1282.888888888889;99738220.44444445
1688367763;97256352.22222222;23015.55555555556;1297.888888888889;97255168.44444445
1688367764;100481193.55555557;23634;1275.6666666666667;97206505.33333334
1688367765;101087406.8888889;22475.77777777778;1181.5555555555557;101345470.66666667
1688367766;101130597.55555557;25939.444444444445;1275.7777777777778;101184376.22222222
1688367767;101000415.33333334;27289.222222222223;1270;101146220.44444445
1688367768;95229798.44444445;29091.444444444445;1264.111111111111;101036862.66666667
1688367769;82073304.44444445;28511.77777777778;1258.3333333333335;88032906.8888889
1688367770;75791864.8888889;29654.55555555556;1282.6666666666667;76480488.22222222
1688367771;72452060;27414.55555555556;708.8888888888889;75845208.66666667
1688367772;59252541.11111111;29604.77777777778;1224.3333333333335;65193978.888888896
1688367773;46268907.77777778;29228.333333333336;1218.5555555555557;52144916.222222224
1688367774;33401895.55555556;30677.55555555556;1224.3333333333335;39076426.88888889
1688367775;20251148.222222224;26757.333333333336;1150.5555555555557;26059534.88888889
1688367776;7312869.333333334;24855.88888888889;1156.3333333333335;13086241.777777778
1688367777;570.6666666666667;23003.111111111113;1245.2222222222224;211319.55555555556
1688367778;570.6666666666667;25091.77777777778;1258.3333333333335;1435.6666666666667
1688367779;570;22969.333333333336;1334.888888888889;1429.888888888889
1688367780;562.6666666666667;24229.444444444445;1361.1111111111113;1435.6666666666667
1688367781;537.3333333333334;21874.222222222223;824.8888888888889;1452.5555555555557
1688367782;540.6666666666667;23391.77777777778;1379.6666666666667;821.7777777777778
1688367783;533.3333333333334;22296.88888888889;1373.888888888889;1512
1688367784;540;23076.666666666668;1387.2222222222224;1415.1111111111113
1688367785;533.3333333333334;22126.88888888889;1381.4444444444446;1390.3333333333335
1688367786;533.3333333333334;22908.77777777778;1315.2222222222224;1451
1688367787;565.3333333333334;21501.666666666668;1434.888888888889;1456
1688367788;558.6666666666667;21873.444444444445;1339.7777777777778;1480.3333333333335
1688367789;558.6666666666667;22267.666666666668;1313.5555555555557;1474.5555555555557
1688367790;566;22920.88888888889;1359;1474.888888888889
1688367791;563.3333333333334;22152.77777777778;859.1111111111112;1469.1111111111113
1688367792;570;21842.222222222223;864.8888888888889;797.3333333333334
1688367793;570;23250.55555555556;1384.2222222222224;1332
1688367794;577.3333333333334;23234.77777777778;1390;1449.4444444444446
1688367795;570.6666666666667;23852.333333333336;1361.5555555555557;1388.7777777777778
1688367796;615.4444444444445;25852.55555555556;1234.5555555555557;1383.7777777777778
1688367797;615.4444444444445;29234.55555555556;1317.1111111111113;1359.4444444444446
1688367798;683.4444444444445;28101.55555555556;1322.888888888889;1365.2222222222224
1688367799;683.4444444444445;29193.111111111113;1277.4444444444446;1342.2222222222224
1688367800;676.1111111111112;31155.000000000004;1228.3333333333335;1348
1688367801;669.4444444444445;30528.000000000004;1222.5555555555557;1331.5555555555557
1688367802;688.1111111111112;29200.88888888889;675.2222222222223;793.4444444444445
1688367803;680.7777777777778;30598.000000000004;1199.888888888889;1233.5555555555557
1688367804;687.4444444444445;31166.222222222223;1205.6666666666667;1332.4444444444446
1688367805;658.1111111111112;27616.333333333336;1199.888888888889;1326.6666666666667
1688367806;672.1111111111112;25505;1117.3333333333335;1332.4444444444446
1688367807;611.4444444444445;24545.88888888889;1111.5555555555557;1326.6666666666667
1688367808;611.4444444444445;24199.222222222223;1205.6666666666667;1332.4444444444446
1688367809;618.7777777777778;21528.111111111113;1199.888888888889;1345.2222222222224
1688367810;632.7777777777778;24621.666666666668;1205.6666666666667;1343.2222222222224
1688367811;607.4444444444445;22952.222222222223;1199.888888888889;1316.3333333333335
1688367812;614.1111111111112;22454.77777777778;675.2222222222223;764.5555555555557
1688367813;607.4444444444445;21245.444444444445;1199.888888888889;1223.2222222222224
1688367814;560;22967.666666666668;1205.6666666666667;1324.4444444444446
1688367815;552.6666666666667;22425;1218.4444444444446;1318.6666666666667
1688367816;545.3333333333334;22393.333333333336;1224.2222222222224;1344.888888888889
1688367817;564;21567.333333333336;1137.888888888889;1339.1111111111113
1688367818;556.6666666666667;21950.222222222223;1239.2222222222224;1326.3333333333335
1688367819;549.3333333333334;21272.111111111113;1233.4444444444446;1320.5555555555557
1688367820;549.3333333333334;22773.111111111113;1250.888888888889;1326.3333333333335
1688367821;549.3333333333334;22521.111111111113;1264.111111111111;1352.6666666666667
1688367822;556;21331.88888888889;758;800.8888888888889
1688367823;549.3333333333334;21355.333333333336;1318.1111111111113;1278.1111111111113
1688367824;556.6666666666667;22311.55555555556;1305.3333333333335;1379.4444444444446
1688367825;556.6666666666667;23684.111111111113;1299.5555555555557;1375.888888888889
1688367826;600.4444444444445;25754;1297.5555555555557;1381.6666666666667
1688367827;607.1111111111112;27177.222222222223;1196.2222222222224;1375.888888888889
1688367828;607.7777777777778;27745.77777777778;1271.5555555555557;1381.6666666666667
1688367829;622.1111111111112;27104.55555555556;1390;1415.2222222222224
1688367830;622.1111111111112;29145.77777777778;1376.7777777777778;1388.888888888889
1688367831;622.1111111111112;28986.222222222223;1387.7777777777778;1383.1111111111113
1688367832;640.7777777777778;28964.000000000004;827.6666666666667;810.4444444444445
1688367833;633.4444444444445;26750.55555555556;1359.6666666666667;709.1111111111112
1688367834;633.4444444444445;28849.111111111113;1365.4444444444446;1283.1111111111113
1688367835;557;25650.333333333336;1380.1111111111113;1373
1688367836;564.3333333333334;23637.77777777778;1385.888888888889;1378.7777777777778
1688367837;563.6666666666667;21980.111111111113;1310.5555555555557;1373
1688367838;549.3333333333334;21835.444444444445;1180.4444444444446;1339.4444444444446
1688367839;542.6666666666667;21297.111111111113;1281.888888888889;1326.3333333333335
1688367840;542.6666666666667;23241.222222222223;1272.7777777777778;1332.1111111111113
1688367841;524;23082.222222222223;1267;1326.3333333333335
1688367842;524;23280.666666666668;735;1332.1111111111113
1688367843;530.6666666666667;20571.77777777778;729.2222222222223;735.4444444444445
1688367844;538;22825.444444444445;1267.888888888889;1241.7777777777778
1688367845;524;24419.333333333336;1262.111111111111;1324.4444444444446
1688367846;524;23822.111111111113;1267.888888888889;1330.2222222222224
1688367847;542.6666666666667;24563.666666666668;1328.7777777777778;1324.4444444444446
1688367848;549.3333333333334;22332.55555555556;1349.5555555555557;1374.6666666666667
1688367849;557;23597.88888888889;1419;1387.4444444444446
1688367850;571;23727.55555555556;1443.3333333333335;1500.888888888889
1688367851;564.3333333333334;24968.77777777778;1458.6666666666667;1495.1111111111113
1688367852;564.3333333333334;23921.77777777778;1464.4444444444446;1547.3333333333335
1688367853;564.3333333333334;22303;928.0000000000001;945.3333333333334
1688367854;585;21361.666666666668;1471.5555555555557;1452.5555555555557
1688367855;585;23008.111111111113;1465.7777777777778;1542.4444444444446
1688367856;573.6666666666667;25601.222222222223;1404.888888888889;1548.2222222222224
1688367857;636.7777777777778;28749.111111111113;1276.888888888889;1505.3333333333335
1688367858;636.4444444444445;27023.111111111113;1187;1492.5555555555557
1688367859;629.1111111111112;26557.444444444445;1251;1379.1111111111113
1688367860;629.1111111111112;28340.666666666668;1235.6666666666667;1384.888888888889
1688367861;649.7777777777778;29616.88888888889;1241.5555555555557;1448.2222222222224
1688367862;675.1111111111112;29632.55555555556;1224.6666666666667;1475.1111111111113
1688367863;654.4444444444445;28371.111111111113;681.1111111111112;879.4444444444445
1688367864;654.4444444444445;27798.000000000004;1217.2222222222224;1344.1111111111113
1688367865;701.2222222222223;25887.55555555556;1230;1424.1111111111113
1688367866;645.4444444444445;23455.88888888889;1235.7777777777778;1429.888888888889
1688367867;652.1111111111112;23227.77777777778;1261.888888888889;1424.1111111111113
1688367868;652.7777777777778;23138.55555555556;1179.3333333333335;1448.4444444444446
1688367869;666.7777777777778;21076.222222222223;1261.7777777777778;1442.6666666666667
1688367870;639.4444444444445;22843.666666666668;1255.888888888889;1332.888888888889
1688367871;620.7777777777778;22520.88888888889;1250.111111111111;1306
1688367872;620.7777777777778;23356.55555555556;1255.888888888889;1311.7777777777778
1688367873;621.4444444444445;22235.88888888889;719.7777777777778;751.4444444444445
1688367874;581.3333333333334;22165.77777777778;1237.4444444444446;1229
1688367875;574;22532.77777777778;1250.2222222222224;1320.2222222222224
1688367876;553.3333333333334;23789.88888888889;1224.111111111111;1346.4444444444446
1688367877;578.6666666666667;23075.55555555556;1218.3333333333335;1322.1111111111113
1688367878;572;24002.88888888889;1135.888888888889;1327.888888888889
1688367879;579.3333333333334;21359.666666666668;1130.111111111111;1322.1111111111113
1688367880;8135129.888888889;24006.333333333336;1230.5555555555557;2433972.4444444445
1688367881;20860239.333333336;24179.222222222223;1236.4444444444446;15034165.444444446
1688367882;33433186.222222224;24772.77777777778;1242.2222222222224;27884586.111111112
1688367883;46535768.66666667;23660.222222222223;726.7777777777778;40544431.222222224
1688367884;59423114.00000001;24146.88888888889;1244.4444444444446;53785243.222222224
1688367885;72226404;23842.55555555556;1238.6666666666667;66370104.11111112
1688367886;85085018.8888889;27864.444444444445;1244.4444444444446;79300736.77777778
1688367887;98278240.44444445;29582.333333333336;1238.6666666666667;92459674.33333334
1688367888;111195821.77777779;30156.88888888889;1244.4444444444446;105428610.77777779
1688367889;116222460.77777779;27943.666666666668;1162.5555555555557;115908480.55555557
1688367890;116324242.22222222;29159.333333333336;1299.7777777777778;116559027.55555557
1688367891;116287984.44444445;29464.88888888889;1319.4444444444446;116168467.33333334
1688367892;116089798.22222222;28882.000000000004;1304.4444444444446;116450483.33333334
1688367893;116079146.44444445;28214.55555555556;768.2222222222223;116064757.11111112
1688367894;116409336.8888889;26804.111111111113;774;116336866.8888889
1688367895;116344033.55555557;23960.333333333336;1305.7777777777778;116402134.00000001
1688367896;116382463.55555557;22149.77777777778;1332;116287544.22222222
1688367897;116336310.44444445;22172;1326.2222222222224;116177388.8888889
1688367898;116200365.33333334;22678;1313.4444444444446;116677859.77777779
1688367899;116417954.00000001;21069.111111111113;1185;116131532.00000001
1688367900;117104485.11111112;22821.55555555556;1172.6666666666667;116707245.33333334
1688367901;117041882.44444445;23594.444444444445;1248.3333333333335;116831480.8888889
1688367902;116908431.77777779;22112.444444444445;1254.111111111111;116771472.22222222
1688367903;116976363.55555557;22641.77777777778;1248.3333333333335;117102937.55555557
1688367904;117210762.00000001;22246;735.1111111111112;117164429.77777779
1688367905;117261106.44444445;21582.77777777778;1239.3333333333335;117146828.44444445
1688367906;117111961.55555557;21983;1267.7777777777778;117223729.11111112
1688367907;117061164.22222222;22022.55555555556;1282.7777777777778;116774873.77777779
1688367908;116761894.44444445;22492.666666666668;1291.3333333333335;117014949.33333334
1688367909;114755600.8888889;20369.222222222223;1278.2222222222224;115615376.8888889
1688367910;101913824.66666667;22355.333333333336;1223.6666666666667;107805801.11111112
1688367911;89170581.77777779;23113.222222222223;1306.2222222222224;95010724
1688367912;78617292.8888889;23018.444444444445;1312;81822302
1688367913;78755736.44444445;22816.77777777778;1287.6666666666667;78560571.33333334
1688367914;78498930.44444445;22937;785.6666666666667;78572382.8888889
1688367915;78758883.77777778;26816.88888888889;2001.7777777777778;78728639.11111112
1688367916;78939474.8888889;30013.333333333336;1986.7777777777778;79059306.66666667
1688367917;79189943.11111112;33595.11111111112;1957.7777777777778;79101583.55555557
1688367918;81113912.8888889;34076;1963.5555555555557;80346384.8888889
1688367919;93940078.22222222;31841.111111111113;1936.6666666666667;88121121.11111112
1688367920;103247129.33333334;34392.66666666667;1854.1111111111113;102718017.33333334
1688367921;113556232.8888889;34522.444444444445;1848.3333333333335;110658289.11111112
1688367922;113517130.22222222;34393.222222222226;1942.4444444444446;113781623.55555557
1688367923;113433948.22222222;33902.222222222226;1914.0000000000002;113633861.77777779
1688367924;113093777.33333334;30487.333333333336;675.2222222222223;113315802.8888889
1688367925;113077629.77777779;26630.444444444445;1207.2222222222224;112881684.66666667
1688367926;103343815.77777779;23804.88888888889;1213;109226090.00000001
1688367927;91946295.11111112;23655.111111111113;1207.2222222222224;96345326
1688367928;92156252.8888889;24116.666666666668;1231.5555555555557;92332058.22222222
1688367929;95721302.8888889;21110.222222222223;1225.7777777777778;90468023.11111112
1688367930;95947409.11111112;23329.77777777778;1351;95785829.55555557
1688367931;95798387.11111112;22966.111111111113;1256.888888888889;95864352
1688367932;95842698;24187.55555555556;1350.888888888889;96082312.8888889
1688367933;95192650.55555557;23065.55555555556;1455.1111111111113;96071199.11111112
1688367934;83839781;24223.77777777778;923.1111111111112;89962407
1688367935;80577917;22417.222222222223;935.8888888888889;80631242.77777778
1688367936;78834541.22222222;24121;1472.1111111111113;80631207.66666667
1688367937;65798400.77777778;23778.444444444445;1447.7777777777778;71613238.11111112
1688367938;52926299.66666667;25793.333333333336;1453.5555555555557;58880357.222222224
1688367939;39742966.55555556;22427.88888888889;1328.3333333333335;45622270.77777778
1688367940;26764937.666666668;25158.77777777778;1345.7777777777778;32624760.77777778
1688367941;13778618.777777778;30546.222222222223;2086.666666666667;19515981.444444444
1688367942;1786600.4444444445;31592.222222222223;2075.1111111111113;6753255.444444445
1688367943;549.6666666666667;29763.55555555556;2069.3333333333335;2286.5555555555557
1688367944;556.3333333333334;31573.333333333336;2077.3333333333335;2315
1688367945;556.3333333333334;28314.000000000004;1541.1111111111113;1706.0000000000002
1688367946;593.4444444444445;36634.333333333336;4311.555555555556;2769.666666666667
1688367947;593.4444444444445;37409;4305.777777777778;2778.5555555555557
1688367948;593.4444444444445;40271.444444444445;4311.555555555556;2865.666666666667
1688367949;600.1111111111112;37158.66666666667;4294.111111111111;2906.5555555555557
1688367950;600.1111111111112;32629.222222222226;3465.0000000000005;2912.3333333333335
1688367951;585.7777777777778;31387.222222222223;3440.0000000000005;2090.222222222222
1688367952;604.4444444444445;33451.66666666667;3561.777777777778;2114.5555555555557
1688367953;597.7777777777778;31854.77777777778;3535.2222222222226;2121.444444444445
1688367954;597.7777777777778;33520.11111111112;3582.666666666667;2127.222222222222
1688367955;542;25035.333333333336;812.2222222222223;854.8888888888889
1688367956;542;23780.111111111113;1355.7777777777778;1441.4444444444446
1688367957;542;21801.222222222223;1350;1354.3333333333335
1688367958;535.3333333333334;24408.666666666668;1355.7777777777778;1429.4444444444446
1688367959;535.3333333333334;22273.444444444445;1350;1423.6666666666667
1688367960;535.3333333333334;23769.333333333336;1302.7777777777778;1421.6666666666667
1688367961;523.3333333333334;22432.55555555556;1181;1414.5555555555557
1688367962;523.3333333333334;24514.222222222223;1186.7777777777778;1385
1688367963;554;24592.222222222223;1235;1402.4444444444446
1688367964;578;24354.77777777778;1240.7777777777778;1430.888888888889
1688367965;584.6666666666667;23701.111111111113;715.7777777777778;829.6666666666667
1688367966;578;23461.666666666668;1274.6666666666667;1397.2222222222224
1688367967;603.3333333333334;22143.222222222223;1312.888888888889;1282.7777777777778
1688367968;603.3333333333334;23259.111111111113;1318.6666666666667;1288.5555555555557
1688367969;603.3333333333334;21858.333333333336;1292.4444444444446;1360.3333333333335
1688367970;596.6666666666667;25020.55555555556;1319.3333333333335;1367.4444444444446
1688367971;603.3333333333334;22677;1313.5555555555557;1416.5555555555557
1688367972;572.6666666666667;23391.77777777778;1223.6666666666667;1436.1111111111113
1688367973;563.7777777777778;23224.222222222223;1328.888888888889;1407.6666666666667
1688367974;557.1111111111112;24725.88888888889;1316.1111111111113;1432
1688367975;557.1111111111112;24076.222222222223;757.2222222222223;864.4444444444445
1688367976;600.8888888888889;27653.222222222223;1249.4444444444446;1462.5555555555557
1688367977;621.8888888888889;29033.666666666668;1266.888888888889;1480
1688367978;615.2222222222223;30066.55555555556;1295.888888888889;1425.4444444444446
1688367979;615.2222222222223;28875.111111111113;1269;1408.4444444444446
1688367980;615.2222222222223;30941.55555555556;1314;1448.1111111111113
1688367981;608.5555555555555;29733.111111111113;1327.2222222222224;1405.3333333333335
1688367982;612.1111111111112;30618.77777777778;1222;1432.2222222222224
1688367983;618.7777777777778;29373.88888888889;1216.2222222222224;1407.888888888889
1688367984;618.7777777777778;29728.333333333336;1323.888888888889;1413.6666666666667
1688367985;603.7777777777778;26545.77777777778;787.6666666666667;815.5555555555557
1688367986;589.4444444444445;23634.77777777778;770.2222222222223;818.8888888888889
1688367987;589.4444444444445;23349.111111111113;1279;1361.6666666666667
1688367988;603.4444444444445;21471.666666666668;1303.3333333333335;1360.1111111111113
1688367989;596.7777777777778;21413.111111111113;1258.3333333333335;1265.5555555555557
1688367990;603.4444444444445;23541.333333333336;1245.111111111111;1378.2222222222224
1688367991;584.7777777777778;22851.444444444445;1239.3333333333335;1371.7777777777778
1688367992;578.1111111111112;23239.666666666668;1245.111111111111;1377.5555555555557
1688367993;578.1111111111112;23656;1137.4444444444446;1364.4444444444446
1688367994;530.6666666666667;23489.77777777778;1239.2222222222224;1370.2222222222224
1688367995;530.6666666666667;23995.666666666668;1252;1343.6666666666667
1688367996;530.6666666666667;23613.88888888889;720;772.8888888888889
1688367997;542;24596.333333333336;1218.7777777777778;1350.888888888889
1688367998;542;23881;1344.4444444444446;1349.3333333333335
1688367999;542;21226.222222222223;1338.6666666666667;1236.6666666666667
1688368000;535.3333333333334;24336.222222222223;1356.1111111111113;1310.3333333333335
1688368001;535.3333333333334;22414.666666666668;1350.3333333333335;1323.5555555555557
1688368002;542;23457.666666666668;1356.1111111111113;1336.6666666666667
1688368003;548.6666666666667;22884.55555555556;1254.3333333333335;1330.888888888889
1688368004;542;24150.55555555556;1350.5555555555557;1359.3333333333335
1688368005;548.6666666666667;23030.77777777778;1344.7777777777778;1353.5555555555557
1688368006;585.7777777777778;26294.88888888889;827.4444444444445;775.5555555555557
1688368007;585.7777777777778;27991.77777777778;1224.888888888889;1447.1111111111113
1688368008;585.7777777777778;30357.77777777778;1230.6666666666667;1452.888888888889
1688368009;592.4444444444445;26308.111111111113;1213.2222222222224;1398.1111111111113
1688368010;592.4444444444445;30560.000000000004;1219;1392.2222222222224
1688368011;585.7777777777778;28633.222222222223;1305.6666666666667;1467.3333333333335
1688368012;597.7777777777778;29182.666666666668;1311.4444444444446;1491.6666666666667
1688368013;611;28086.77777777778;1217.111111111111;1463.2222222222224
1688368014;611;29199.222222222223;1230.2222222222224;1469
1688368015;555.2222222222223;25055.666666666668;1305.888888888889;1463.2222222222224
1688368016;555.2222222222223;23103;788.5555555555557;810.6666666666667
1688368017;548.5555555555555;21515.444444444445;1313.2222222222224;1374
1688368018;548.5555555555555;23317.444444444445;1319;1340.4444444444446
1688368019;555.2222222222223;19815.666666666668;1333.6666666666667;1327.3333333333335
1688368020;555.2222222222223;22965.88888888889;1268.111111111111;1252.2222222222224
1688368021;529.8888888888889;22424.111111111113;1283.4444444444446;1336.6666666666667
1688368022;523.3333333333334;22061.77777777778;1289.5555555555557;1342.4444444444446
1688368023;523.3333333333334;22141;1325.2222222222224;1336.6666666666667
1688368024;516.6666666666667;23058.55555555556;1249.5555555555557;1365.1111111111113
1688368025;516.6666666666667;22332.77777777778;1378.6666666666667;1347.6666666666667
1688368026;530.6666666666667;22331.111111111113;876.6666666666667;784.3333333333334
1688368027;549.3333333333334;22161.666666666668;870.8888888888889;778.5555555555557
1688368028;542.6666666666667;23368.666666666668;1386.5555555555557;1360.7777777777778
1688368029;542.6666666666667;20881.444444444445;1359.6666666666667;1355
1688368030;549.3333333333334;22869.55555555556;1344.3333333333335;1289.1111111111113
1688368031;549.3333333333334;23705;1317.7777777777778;1416.3333333333335
1688368032;549.3333333333334;23320.77777777778;1274.7777777777778;1562
1688368033;549.3333333333334;23019.88888888889;1291.6666666666667;1533.5555555555557
1688368034;570.3333333333334;23647.77777777778;1162.5555555555557;1557.888888888889
1688368035;563;23253.77777777778;1134.111111111111;1552.1111111111113
1688368036;600.1111111111112;27029.333333333336;1228.2222222222224;1557.888888888889
1688368037;600.1111111111112;28510.000000000004;692.1111111111112;998.8888888888889
1688368038;606.7777777777778;30286.55555555556;1228.3333333333335;1594.7777777777778
1688368039;606.7777777777778;28154.55555555556;1245.7777777777778;1551.888888888889
1688368040;600.1111111111112;27889.444444444445;1251.5555555555557;1424.6666666666667
1688368041;903.3333333333334;30955.000000000004;1264.7777777777778;1279
1688368042;1711.1111111111113;29852.222222222223;1247.888888888889;1967.2222222222224
1688368043;4224556.666666667;31157.77777777778;1242.111111111111;1973.0000000000002
1688368044;17158900.666666668;31150.77777777778;1247.888888888889;11203324.111111112
1688368045;30137067.333333336;27697.77777777778;1153.7777777777778;24441490.555555556
1688368046;43193365.11111111;25054;1259.4444444444446;37719793.44444445
1688368047;56301349.11111111;24445.666666666668;723.2222222222223;50610832.77777778
1688368048;69440534.8888889;24743.111111111113;1269.4444444444446;63606726.77777778
1688368049;82388055.77777778;24580.77777777778;1263.6666666666667;76622101.44444445
1688368050;95576479.11111112;21924.55555555556;1250.4444444444446;89662384.77777779
1688368051;108449560.66666667;23763.333333333336;1244.6666666666667;102706050
1688368052;117239593.55555557;22719.88888888889;1250.4444444444446;115643664.66666667
1688368053;117282389.11111112;22398.77777777778;1244.6666666666667;117378785.77777779
1688368054;117477881.11111112;22871.77777777778;1250.4444444444446;117347733.11111112
1688368055;117576966.22222222;22299.111111111113;1163.3333333333335;117118168.00000001
1688368056;117210221.11111112;22528.666666666668;1276.4444444444446;117063564.22222222
1688368057;117168235.55555557;25799.77777777778;707;117172994.66666667
1688368058;116968762.66666667;27244.666666666668;1994.0000000000002;117147784.00000001
1688368059;116525980.44444445;26091.444444444445;1988.2222222222224;116821824.00000001
1688368060;116411391.33333334;26730.000000000004;1994.0000000000002;116213091.77777779
1688368061;116340592.8888889;26256.88888888889;1988.2222222222224;116361402.66666667
1688368062;116036037.55555557;27402.000000000004;1994.0000000000002;116404400.44444445
1688368063;115871653.11111112;25544.55555555556;1988.2222222222224;115870979.11111112
1688368064;115754284.8888889;27631.000000000004;1996.2222222222224;115780019.33333334
1688368065;116086076.22222222;26362.77777777778;1883.1111111111113;116214002.22222222
1688368066;115946153.77777779;26307.77777777778;1977.2222222222224;116107708.44444445
1688368067;116236726.44444445;28025.666666666668;690.2222222222223;115995854.00000001
1688368068;116189307.55555557;29615.88888888889;696;116337696.44444445
1688368069;116508160.44444445;27374.111111111113;1228;116719010.8888889
1688368070;116696058.00000001;28263.77777777778;1340.888888888889;116563283.33333334
1688368071;117070887.77777779;27649.77777777778;1408.5555555555557;116791305.33333334
1688368072;114684194.33333334;30380.333333333336;1414.3333333333335;116953148.11111112
1688368073;101646179.66666667;28183.111111111113;1408.2222222222224;107626186.77777779
1688368074;88573149.44444445;30442.000000000004;1414;94355768.33333334
1688368075;86168393.44444445;25844.55555555556;1319.888888888889;86130301.22222222
1688368076;85901939.8888889;24017.333333333336;1325.6666666666667;86206595.66666667
1688368077;86199881.8888889;22563.88888888889;1408.2222222222224;85816798.55555557
1688368078;86315978.11111112;23987.77777777778;876.2222222222223;86227619.66666667
1688368079;86084175.8888889;22506.88888888889;1314.2222222222224;86134262.55555557
1688368080;85913401.66666667;22573;1246.5555555555557;85921984.77777779
1688368081;88237022.22222222;21752.77777777778;1240.7777777777778;85744539.33333334
1688368082;100375994;22541.88888888889;1269.888888888889;95214859.33333334
1688368083;101352344;22015.77777777778;1286.7777777777778;101417479.77777779
1688368084;103432810.8888889;23453;1292.5555555555557;103576447.11111112
1688368085;103729553.11111112;21875.111111111113;1354.1111111111113;103626398.8888889
1688368086;103787756;22579;1294.2222222222224;103968220.66666667
1688368087;103654316.8888889;21381.222222222223;1387.888888888889;103856560.44444445
1688368088;104041113.33333334;22506.222222222223;842.7777777777778;104187727.77777779
1688368089;102802910.66666667;22711.55555555556;1367.4444444444446;103630480.8888889
1688368090;102860044.8888889;21411.333333333336;1373.2222222222224;103150480.66666667
1688368091;103856885.77777779;22022.666666666668;1323.6666666666667;103170760
1688368092;115910667.77777779;20268.55555555556;1306.7777777777778;110029806.44444445
1688368093;116175107.11111112;21125.111111111113;1301;115986045.11111112
1688368094;115910305.77777779;22607;1239.4444444444446;116016458.00000001
1688368095;111798972.33333334;21594.88888888889;1211;115967684.22222222
1688368096;98737998.11111112;24958.222222222223;1117.3333333333335;104586791.44444445
1688368097;85453026.33333334;26803.444444444445;1118.888888888889;91418769.22222222
1688368098;73814589.22222222;26841.111111111113;681.5555555555557;78980796.11111112
1688368099;60811253.66666667;27396.222222222223;1229.4444444444446;66802712.333333336
1688368100;47675441;28435.444444444445;1235.2222222222224;53681304.55555556
1688368101;34645309;28539.444444444445;1248.4444444444446;40619629.44444445
1688368102;21747881;27507.666666666668;1254.2222222222224;27730882.111111112
1688368103;8943773;25774.55555555556;1248.4444444444446;14695895.88888889
1688368104;637.4444444444445;28380.88888888889;1254.2222222222224;1736482.777777778
1688368105;618.1111111111112;25437;1248.4444444444446;1418.4444444444446
1688368106;611.4444444444445;23970.77777777778;1246.888888888889;1408.3333333333335
1688368107;610.7777777777778;23386.333333333336;1153.7777777777778;1402.5555555555557
1688368108;596.7777777777778;23558.88888888889;713.1111111111112;813.1111111111112
1688368109;603.4444444444445;22451.333333333336;1237.7777777777778;1399.5555555555557
1688368110;596.1111111111112;23488;1224.5555555555557;1405.3333333333335
1688368111;577.4444444444445;24222.444444444445;1218.7777777777778;1398.888888888889
1688368112;570.7777777777778;23892.55555555556;1224.5555555555557;1404.6666666666667
1688368113;577.4444444444445;22789.444444444445;1218.7777777777778;1380.3333333333335
1688368114;524;23283;1224.5555555555557;1265.5555555555557
1688368115;531.3333333333334;22957.444444444445;1237.3333333333335;1348.2222222222224
1688368116;531.3333333333334;23146.111111111113;1254.7777777777778;1354
1688368117;556.6666666666667;22784.222222222223;1141.7777777777778;1348.2222222222224
1688368118;557.3333333333334;22667.666666666668;712.7777777777778;761.7777777777778
1688368119;564.6666666666667;21859.666666666668;707;1351.2222222222224
1688368120;564.6666666666667;23027.333333333336;1250.5555555555557;1336.5555555555557
1688368121;571.3333333333334;23133.77777777778;1244.7777777777778;1330.7777777777778
1688368122;564.6666666666667;22777.55555555556;1250.5555555555557;1348.2222222222224
1688368123;557.3333333333334;21392.222222222223;1244.7777777777778;1342.4444444444446
1688368124;556.6666666666667;22357.666666666668;1232;1259.7777777777778
1688368125;618;22815.77777777778;1235.3333333333335;1357
1688368126;655.1111111111112;25511.88888888889;1241.111111111111;1362.7777777777778
1688368127;647.7777777777778;27743.88888888889;1139.6666666666667;1357
1688368128;647.1111111111112;28878.666666666668;1241;767.5555555555557
1688368129;654.8888888888889;26880.88888888889;697.4444444444445;1357
1688368130;648.2222222222223;29549.88888888889;1241;1383.5555555555557
1688368131;654.8888888888889;29006.88888888889;1272.7777777777778;1366.1111111111113
1688368132;673.5555555555557;29323.88888888889;1333.4444444444446;1390.3333333333335
1688368133;673.5555555555557;27658.444444444445;1348.1111111111113;1448.6666666666667
1688368134;605.5555555555555;28930.444444444445;1333.1111111111113;1351.4444444444446
1688368135;549.7777777777778;26101.77777777778;1327.3333333333335;1434
1688368136;549.7777777777778;24124.666666666668;1333.1111111111113;1458.7777777777778
1688368137;549.7777777777778;22033.88888888889;1252.2222222222224;1453
1688368138;535.3333333333334;24382.77777777778;1410.6666666666667;863.5555555555557
1688368139;549.3333333333334;21199.222222222223;960.6666666666667;1424.888888888889
1688368140;556.6666666666667;22201.333333333336;1452;1430.6666666666667
1688368141;544.6666666666667;22552.333333333336;1391.3333333333335;1426.888888888889
1688368142;538;23218.333333333336;1376.6666666666667;1368.5555555555557
1688368143;544.6666666666667;20890.222222222223;1392;1362.7777777777778
1688368144;575.5555555555555;22620.111111111113;1420.4444444444446;1302.888888888889
1688368145;589.5555555555555;21798.88888888889;1435.4444444444446;1278.1111111111113
1688368146;582.8888888888889;24431.55555555556;1462;1394.888888888889
1688368147;601.5555555555555;20878.444444444445;1303.5555555555557;1381.7777777777778
1688368148;594.2222222222223;23085.55555555556;1215.7777777777778;799.6666666666667
1688368149;594.2222222222223;22170.444444444445;775.1111111111112;1400.3333333333335
1688368150;587.5555555555555;21960.77777777778;1315.6666666666667;1385.6666666666667
1688368151;594.8888888888889;23298.55555555556;1309.888888888889;1379.888888888889
1688368152;608.8888888888889;22783.111111111113;1294.5555555555557;1470.7777777777778
1688368153;585.3333333333334;21971.77777777778;1266.111111111111;1460.888888888889
1688368154;571.3333333333334;22068.111111111113;1251.111111111111;1466.6666666666667
1688368155;578.6666666666667;20755.333333333336;1204.111111111111;1349.888888888889
1688368156;629.1111111111112;26957.666666666668;1209.888888888889;1370.3333333333335
1688368157;629.1111111111112;27243.88888888889;1204.111111111111;1469.3333333333335
1688368158;615.1111111111112;28698.88888888889;1121.6666666666667;868.6666666666667
1688368159;622.4444444444445;29860.222222222223;692.6666666666667;862.8888888888889
1688368160;621.7777777777778;28465.333333333336;698.4444444444445;1463.888888888889
1688368161;601.1111111111112;30252.77777777778;1223;1373
1688368162;612.4444444444445;29051.333333333336;1247.7777777777778;1381.3333333333335
1688368163;619.7777777777778;29919.77777777778;1242;1491.1111111111113
1688368164;626.4444444444445;29099.333333333336;1247.7777777777778;1496.888888888889
1688368165;618.1111111111112;24298.77777777778;1242;1502.3333333333335
1688368166;611.4444444444445;23371.333333333336;1247.7777777777778;1424.1111111111113
1688368167;625.4444444444445;22681.222222222223;1242;1433
1688368168;625.4444444444445;21784.222222222223;1154.7777777777778;1519.6666666666667
1688368169;626.1111111111112;21738.77777777778;1237.3333333333335;939.4444444444445
1688368170;640.1111111111112;20625.111111111113;712.7777777777778;1540.4444444444446
1688368171;628.7777777777778;22436.222222222223;1218.4444444444446;1569.3333333333335
1688368172;621.4444444444445;21797.88888888889;1224.2222222222224;1459.5555555555557
1688368173;614.1111111111112;22112.55555555556;1218.4444444444446;1453.7777777777778
1688368174;553.3333333333334;22399.68895800933;1224.2222222222224;1441
1688368175;560;21939;1237;1414.4444444444446
1688368176;566;23392.666666666668;1254.4444444444446;1405.5555555555557
1688368177;577.3333333333334;22773.55555555556;1230.111111111111;1318.888888888889
1688368178;576.6666666666667;22923.77777777778;1147.5555555555557;1399.6666666666667
1688368179;569.3333333333334;22906.666666666668;1241.3333333333335;798.6666666666667
1688368180;562.6666666666667;23225.222222222223;716.6666666666667;1351.2222222222224
1688368181;569.3333333333334;22309.444444444445;1234;1345.4444444444446
1688368182;577;23634;1239.7777777777778;1362.888888888889
1688368183;577;22148.810846854856;1234;1357.1111111111113
1688368184;577;23252.88888888889;1221.2222222222224;1362.888888888889
1688368185;563.6666666666667;20589.333333333336;1203.7777777777778;1357.1111111111113
1688368186;607.4444444444445;25528;1230.3333333333335;1362.888888888889
1688368187;600.7777777777778;27327.222222222223;1224.5555555555557;1261.3333333333335
1688368188;600.7777777777778;29304.333333333336;1130.7777777777778;1367
1688368189;593.4444444444445;26700.222222222223;1213.3333333333335;758.6666666666667
1688368190;593.4444444444445;28710.333333333336;696;764.4444444444445
1688368191;586.4444444444445;27269.444444444445;1294.1111111111113;1334.888888888889
1688368192;611.7777777777778;29588.77777777778;1299.888888888889;1340.6666666666667
1688368193;605.1111111111112;27741.666666666668;1294.1111111111113;1353.4444444444446
1688368194;605.1111111111112;29253.000000000004;1320.3333333333335;1377.6666666666667
1688368195;542.6666666666667;24000.333333333336;1293.7777777777778;1371.888888888889
1688368196;549.3333333333334;23574;1299.5555555555557;1396.6666666666667
1688368197;549.3333333333334;21809.333333333336;1293.7777777777778;1291
1688368198;549.3333333333334;24358.111111111113;1231.6666666666667;1385
1688368199;549.3333333333334;22562.444444444445;1314.2222222222224;1379.2222222222224
1688368200;542;24825.88888888889;716.1111111111112;797.1111111111112
1688368201;516.6666666666667;23019.88888888889;1240.7777777777778;1399.6666666666667
1688368202;1665.1111111111113;24640;1382.1111111111113;1902.5555555555557
1688368203;11352551.111111112;24520.88888888889;1355.888888888889;5326315.666666667
1688368204;23969165.77777778;25376.333333333336;1384.3333333333335;18349858.111111112
1688368205;37242936.222222224;23428.333333333336;1399.3333333333335;31245617.000000004
1688368206;50059910.222222224;24074.88888888889;1427.7777777777778;44325208.333333336
1688368207;62895589.11111111;23417;1420.1111111111113;57384536.55555556
1688368208;75883464.22222222;24342;1337.5555555555557;70071953.66666667
1688368209;89007847.33333334;22684.666666666668;1331.7777777777778;83115363.22222222
1688368210;101756852.8888889;29113.55555555556;901.7777777777778;96019533.8888889
1688368211;114793143.77777779;28371.666666666668;1525.6666666666667;108852512.66666667
1688368212;116608954.22222222;27136.333333333336;2061.888888888889;116744066.66666667
1688368213;116842822.44444445;26774.55555555556;2033.4444444444446;116457637.77777779
1688368214;116515774.44444445;26994.77777777778;2018.4444444444446;116586188.22222222
1688368215;116702515.55555557;27203.666666666668;1990.0000000000002;116580818.8888889
1688368216;116689170.8888889;28787.666666666668;1977.2222222222224;116223917.77777779
1688368217;116700323.55555557;32695.000000000004;1971.4444444444446;116583994.44444445
1688368218;116559676.44444445;32647.88888888889;1977.2222222222224;116810227.55555557
1688368219;117012697.77777779;27588.444444444445;1900.0000000000002;116932005.11111112
1688368220;116592405.55555557;27690.444444444445;1228.888888888889;116886734.8888889
1688368221;116528904.8888889;29332.333333333336;692.6666666666667;116505254.44444445
1688368222;116728335.55555557;28562.111111111113;1228.888888888889;117092277.11111112
1688368223;116683683.11111112;28269.000000000004;1223.111111111111;116819437.11111112
1688368224;116720146.22222222;28001.77777777778;1228.888888888889;116747325.33333334
1688368225;116715487.77777779;24902.77777777778;1223.111111111111;117006512.44444445
1688368226;117056310.44444445;21232.222222222223;1228.888888888889;117065435.11111112
1688368227;116654192.8888889;21593.77777777778;1223.111111111111;116611856.8888889
1688368228;116437704.8888889;21975.88888888889;1205.6666666666667;116599944.66666667
1688368229;116528842.44444445;21671.333333333336;1130.111111111111;116487538.44444445
1688368230;116593593.11111112;22276.222222222223;1224.5555555555557;116457483.77777779
1688368231;115684663.8888889;23955;688.3333333333334;116253372.8888889
1688368232;107745293.44444445;24168.222222222223;1224.5555555555557;113591837.00000001
1688368233;94705115.22222222;24139.77777777778;1218.7777777777778;100589740.77777779
1688368234;81887439.44444445;25253.111111111113;1224.5555555555557;87628126.55555557
1688368235;77630228.77777778;23678.666666666668;1237.3333333333335;77887587.8888889
1688368236;78194369.66666667;24261.222222222223;1254.7777777777778;78067541.22222222
1688368237;78123223.66666667;23017.333333333336;1249;78035078.11111112
1688368238;78464934.11111112;24984.77777777778;1236.2222222222224;78508404.55555557
1688368239;78158356.33333334;23056.222222222223;1141.7777777777778;78329292.33333334
1688368240;78909678.22222222;22498.666666666668;1154.888888888889;78226699.22222222
1688368241;86948506.8888889;23523.88888888889;718.5555555555557;81217087.55555557
1688368242;98756369.33333334;23187.77777777778;1247.4444444444446;97014991.33333334
1688368243;99474296;22219;1359;99544398.44444445
1688368244;101762394;24967.88888888889;1346.2222222222224;101908064
1688368245;100552832.22222222;22796.77777777778;1328.7777777777778;100771137.33333334
1688368246;100272534.8888889;26880.333333333336;1355.3333333333335;100360256.22222222
1688368247;100359264.22222222;26564.333333333336;1349.5555555555557;100189274.44444445
1688368248;100188265.11111112;36579.66666666667;2190.222222222222;100553736.22222222
1688368249;100580858.66666667;35514.333333333336;2177.1111111111113;100488624.44444445
1688368250;100641332.66666667;34796.222222222226;2083;100470577.11111112
1688368251;100484010.8888889;33690.88888888889;1642.2222222222224;97744039.77777779
1688368252;104451204.66666667;40246.77777777778;4429;100440019.55555557
1688368253;106237539.77777779;37893.444444444445;4423.222222222223;105914943.33333334
1688368254;107266982.66666667;40813.88888888889;4468;107278227.55555557
1688368255;107694668.44444445;36005.333333333336;4441.444444444444;107668313.77777779
1688368256;103362850;35349.222222222226;4486.333333333334;107235540.55555557
1688368257;90672480.44444445;25355.55555555556;3668.3333333333335;96401781.55555557
1688368258;77387585.33333334;28584.55555555556;3696.777777777778;83449469.33333334
1688368259;64325583.11111111;28665.111111111113;3711.444444444445;70387200.66666667
1688368260;52675042.44444445;30866.222222222223;3664.444444444445;57315814.44444445
1688368261;47989922;24524.222222222223;760.3333333333334;52090433.333333336
1688368262;34832849.11111111;25974;1407.6666666666667;40885960.44444445
1688368263;21867208.666666668;24765;1362.888888888889;27663618.88888889
1688368264;8805427.333333334;26073.444444444445;1412.1111111111113;14702821.111111112
1688368265;523.3333333333334;25049.55555555556;1367.2222222222224;2156199.666666667
1688368266;523.3333333333334;25475.666666666668;1350.3333333333335;1516.7777777777778
1688368267;542;23433.444444444445;1449;1511
1688368268;535.3333333333334;22630.444444444445;1434.3333333333335;1516.7777777777778
1688368269;570.3333333333334;22975.444444444445;1393.2222222222224;1420.3333333333335
1688368270;570.3333333333334;23139.77777777778;1399;1440.7777777777778
1688368271;570.3333333333334;23058;751.6666666666667;1406
1688368272;583.6666666666667;22501.666666666668;845.6666666666667;855.8888888888889
1688368273;591;21701.222222222223;1326.888888888889;1449.4444444444446
1688368274;584.3333333333334;22392;1332.6666666666667;1432.5555555555557
1688368275;591;22587.111111111113;1326.888888888889;1426.7777777777778
1688368276;653.7777777777778;24984.88888888889;1205.5555555555557;1432.5555555555557
1688368277;660.4444444444445;27926.55555555556;1199.7777777777778;1426.7777777777778
1688368278;625.4444444444445;26914.77777777778;1205.5555555555557;1414
1688368279;633.2222222222223;27393.222222222223;1199.7777777777778;1424.1111111111113
1688368280;633.2222222222223;29051.666666666668;1228.7777777777778;1348.888888888889
1688368281;619.8888888888889;28399.333333333336;1134.7777777777778;1358
1688368282;638.5555555555557;29168.111111111113;657.2222222222223;764.4444444444445
1688368283;645.2222222222223;28228.55555555556;1270.6666666666667;758.6666666666667
1688368284;638.5555555555557;28314.000000000004;1301.888888888889;1363.7777777777778
1688368285;604.5555555555555;25316.666666666668;1296.1111111111113;1369.2222222222224
1688368286;659.2222222222223;22876.333333333336;1301.888888888889;1375
1688368287;665.8888888888889;22746.111111111113;1296.1111111111113;1424.1111111111113
1688368288;658.1111111111112;22339.333333333336;1301.888888888889;1461.5555555555557
1688368289;651.4444444444445;21260.111111111113;1272.888888888889;1466.5555555555557
1688368290;658.1111111111112;22998.444444444445;1297.2222222222224;1408.5555555555557
1688368291;632.1111111111112;22635.333333333336;1244.3333333333335;1462.5555555555557
1688368292;639.7777777777778;22650.77777777778;630.8888888888889;1549.6666666666667
1688368293;803.7777777777778;22607.333333333336;1215.6666666666667;956.2222222222223
1688368294;756.3333333333334;23210.88888888889;1240.4444444444446;1557.4444444444446
1688368295;701.6666666666667;23067.444444444445;1234.6666666666667;1551.6666666666667
1688368296;695;23236.222222222223;1240.4444444444446;1523.3333333333335
1688368297;713.6666666666667;23377.444444444445;1234.6666666666667;1462.6666666666667
1688368298;720.3333333333334;22354.333333333336;1240.4444444444446;1457.6666666666667
1688368299;713.6666666666667;20853.444444444445;1216.111111111111;1448.4444444444446
1688368300;713.6666666666667;21910.77777777778;1221.888888888889;1394.4444444444446
1688368301;706;22621.333333333336;1216.111111111111;1307.3333333333335
1688368302;542;23054.77777777778;605.8888888888889;1499.7777777777778
1688368303;542;23890.77777777778;669.3333333333334;887.3333333333334
1688368304;535.3333333333334;24183.333333333336;1195.6666666666667;1499.6666666666667
1688368305;535.3333333333334;24017.77777777778;1189.888888888889;1473.1111111111113
1688368306;585.7777777777778;26231.222222222223;1195.6666666666667;1478.888888888889
1688368307;585.7777777777778;29060.111111111113;1189.888888888889;1473.1111111111113
1688368308;585.7777777777778;29638.666666666668;1195.6666666666667;1457.7777777777778
1688368309;593.1111111111112;27636.88888888889;1189.888888888889;1470.5555555555557
1688368310;594.2222222222223;29493.88888888889;1195.6666666666667;1476.3333333333335
1688368311;594.2222222222223;28679.666666666668;1263.3333333333335;1272.2222222222224
1688368312;612.8888888888889;27910.55555555556;1180.888888888889;1298.4444444444446
1688368313;620.6666666666667;27566.77777777778;763.2222222222223;813.1111111111112
1688368314;634.6666666666667;27741.111111111113;1296.888888888889;1485
1688368315;565.5555555555555;24909.111111111113;1291.1111111111113;1479.2222222222224
1688368316;565.5555555555555;22201.666666666668;1315.4444444444446;1485
1688368317;579.5555555555555;22005.333333333336;1309.6666666666667;1479.2222222222224
1688368318;572.2222222222223;23071.666666666668;1315.4444444444446;1466.4444444444446
1688368319;564.4444444444445;20762.666666666668;1330.1111111111113;1460.6666666666667
1688368320;571.1111111111112;23762.77777777778;1285.1111111111113;1485.4444444444446
1688368321;545.7777777777778;22563.77777777778;1279.3333333333335;1459.2222222222224
1688368322;544.6666666666667;22078.444444444445;1197.5555555555557;1344.4444444444446
1688368323;538;21884.55555555556;671.2222222222223;784.3333333333334
1688368324;544.6666666666667;22384.77777777778;1333.3333333333335;1411.4444444444446
1688368325;545.3333333333334;22088;1309;1405.6666666666667
1688368326;538;22198.222222222223;1314.7777777777778;1434.1111111111113
1688368327;550;22173;1382.4444444444446;1428.3333333333335
1688368328;556.6666666666667;22564.222222222223;1367.7777777777778;1434.1111111111113
1688368329;564;19334.666666666668;1394.2222222222224;1409.3333333333335
1688368330;571.3333333333334;22380.222222222223;1435.3333333333335;1433.6666666666667
1688368331;572;23300.333333333336;1408.4444444444446;1446.4444444444446
1688368332;571.3333333333334;22277.222222222223;1406.888888888889;1334
1688368333;571.3333333333334;22038;744.7777777777778;706.8888888888889
1688368334;571.3333333333334;22426.333333333336;1359.3333333333335;1319.4444444444446
1688368335;572;22963.333333333336;1353.5555555555557;1369.4444444444446
1688368336;664.8888888888889;25034.88888888889;1285.888888888889;1375.2222222222224
1688368337;672.5555555555557;28764.222222222223;1426.5555555555557;1369.4444444444446
1688368338;700.3333333333334;28851.111111111113;1377.4444444444446;1398.4444444444446
1688368339;699.6666666666667;28691.444444444445;1380.3333333333335;1374.1111111111113
1688368340;727.4444444444445;29814.222222222223;1421.4444444444446;1361.3333333333335
1688368341;720.7777777777778;31961.88888888889;1415.6666666666667;1355.5555555555557
1688368342;739.4444444444445;31784.333333333336;1421.4444444444446;1361.3333333333335
1688368343;738.7777777777778;31816.55555555556;827.6666666666667;748.7777777777778
1688368344;766.5555555555557;31013.333333333336;1363.888888888889;676.1111111111112
1688368345;655;29122.111111111113;1443.888888888889;1355.3333333333335
1688368346;708.7777777777778;24965;1303.2222222222224;1379.6666666666667
1688368347;667;25723.666666666668;1297.4444444444446;1350.6666666666667
1688368348;667;23544;1259.2222222222224;1356.4444444444446
1688368349;631.8888888888889;21621.88888888889;1236.6666666666667;1405.5555555555557
1688368350;638.5555555555557;21319.222222222223;1242.4444444444446;1404
1688368351;613.2222222222223;22952.666666666668;1236.6666666666667;1439.4444444444446
1688368352;613.2222222222223;22326.55555555556;1221.6666666666667;1445.2222222222224
1688368353;584.7777777777778;22326.666666666668;685.4444444444445;1439.4444444444446
1688368354;584.7777777777778;22662.111111111113;605.4444444444445;771.8888888888889
1688368355;516.6666666666667;22948.111111111113;1218.6666666666667;1439.888888888889
1688368356;523.3333333333334;22390.666666666668;1224.4444444444446;1459.1111111111113
1688368357;535.3333333333334;22255.222222222223;1218.6666666666667;1453.3333333333335
1688368358;542;24203.55555555556;1205.888888888889;1426.888888888889
1688368359;542.6666666666667;21915.222222222223;1200.111111111111;1472.2222222222224
1688368360;549.3333333333334;22449.55555555556;1224.888888888889;1464.7777777777778
1688368361;549.3333333333334;22356.333333333336;1219.111111111111;1459
1688368362;549.3333333333334;23348.77777777778;1224.888888888889;1464.7777777777778
1688368363;1293.5555555555557;22895.333333333336;1219.111111111111;1447.3333333333335
1688368364;1293.5555555555557;22920;605.8888888888889;1580.7777777777778
1688368365;7183620.000000001;23928;1218.7777777777778;1017743.4444444445
1688368366;19926137.77777778;27493.000000000004;1224.5555555555557;14066488.555555556
1688368367;32987650.000000004;28331.222222222223;1218.7777777777778;27084311.000000004
1688368368;46042152.44444445;30643.000000000004;1224.5555555555557;40271538.55555556
1688368369;59198179.333333336;28513.55555555556;1199.7777777777778;53259639
1688368370;72146461.11111112;29310.55555555556;1217.2222222222224;66227837.00000001
1688368371;85001910;28694.333333333336;1230;79116882.33333334
1688368372;98318330.22222222;28905.88888888889;1235.7777777777778;92329747
1688368373;111036825.11111112;30182.444444444445;1276.3333333333335;105309118.8888889
1688368374;116887781.55555557;29211.000000000004;698.8888888888889;117150526.22222222
1688368375;116870136.44444445;25546;1323.7777777777778;116819991.77777779
1688368376;116917049.11111112;23377;1366.6666666666667;116991773.55555557
1688368377;116675257.77777779;21981.77777777778;1360.888888888889;116824687.11111112
1688368378;116661838.8888889;22338;1405.7777777777778;116541554.44444445
1688368379;116543371.55555557;22430.222222222223;1408.7777777777778;116473387.11111112
1688368380;116869641.33333334;23088.444444444445;1418.6666666666667;116826038.22222222
1688368381;116364565.33333334;22222;1412.888888888889;116536750.22222222
1688368382;116447520.22222222;22129.111111111113;1372.3333333333335;116641431.33333334
1688368383;116413153.77777779;21882;1352.2222222222224;116491809.11111112
1688368384;116622170.00000001;22740.77777777778;727.3333333333334;116791302.22222222
1688368385;116568535.77777779;22118;1249.2222222222224;116472730.66666667
1688368386;116821679.55555557;23083;1336;116789949.77777779
1688368387;116832019.11111112;22591.666666666668;1291.1111111111113;117226286.44444445
1688368388;116949754.8888889;21537.77777777778;1276.4444444444446;117408303.77777779
1688368389;116936386.00000001;21332.111111111113;1248;117019466.44444445
1688368390;117169068.44444445;22869.222222222223;1343.5555555555557;117065752.66666667
1688368391;116924544.44444445;21451.666666666668;1337.7777777777778;116949494.8888889
1688368392;117044013.33333334;22128.88888888889;1345.6666666666667;116930255.11111112
1688368393;117258811.77777779;21783.55555555556;1375.2222222222224;116843218.00000001
1688368394;111749387.77777779;22832.88888888889;816.2222222222223;117054052.33333334
1688368395;98683532.8888889;22455.88888888889;729.4444444444445;104361300.44444445
1688368396;85530585.33333334;30883.222222222223;2163.5555555555557;91219996
1688368397;72583035.11111112;33698.88888888889;2157.777777777778;78137962
1688368398;64946142.66666667;33499.88888888889;2272.222222222222;65285103.55555556
1688368399;64841499.77777778;32400.111111111113;2176.666666666667;64981886.222222224
1688368400;65375506.44444445;33952.222222222226;2203.222222222222;65177281.55555556
1688368401;65065988.888888896;33245.66666666667;2174.222222222222;65462575.11111111
1688368402;64530757.77777778;33835;2144.666666666667;65082559.333333336
1688368403;69527749.77777778;33464.555555555555;2159.666666666667;64423078.11111111
1688368404;82332019.55555557;33417;2165.444444444445;76641147.55555557
1688368405;95407886.66666667;25090.444444444445;731.3333333333334;92344805.33333334
1688368406;108494563.55555557;23527.666666666668;1267.5555555555557;102674653.11111112
1688368407;108453640.44444445;23818.111111111113;1238.888888888889;113710114.66666667
1688368408;106239252;23359.333333333336;1244.6666666666667;106188736.44444445
1688368409;106154551.55555557;22154.444444444445;1218.111111111111;106095454.22222222
1688368410;106355272.44444445;22874.111111111113;1223.888888888889;106098203.33333334
1688368411;102416973.55555557;22916.88888888889;1218.111111111111;106252298.66666667
1688368412;102918888.66666667;23305.444444444445;1203.111111111111;102908307.55555557
1688368413;103074609.77777779;22757.666666666668;1197.3333333333335;102964551.77777779
1688368414;102847500.22222222;23877.55555555556;1203.111111111111;100118238.66666667
1688368415;102716912;22515.77777777778;666.8888888888889;102829450.66666667
1688368416;106873467.77777779;22464.111111111113;1117.2222222222224;104892731.55555557
1688368417;106464190.8888889;22555.88888888889;1199.7777777777778;106748324
1688368418;106623124;23176.111111111113;1205.5555555555557;106544814.8888889
1688368419;101185229.22222222;21434;1199.7777777777778;106547653
1688368420;92509702.33333334;23168.666666666668;1205.5555555555557;94464661
1688368421;79465428.55555557;21484;1199.7777777777778;85386244.11111112
1688368422;66505437.66666667;23129.666666666668;1205.5555555555557;72467330.33333334
1688368423;53656680.11111111;21399.111111111113;1199.7777777777778;59610036.55555556
1688368424;40700591.44444445;23369.77777777778;1205.5555555555557;46568957
1688368425;31053501.444444448;21530.77777777778;669.4444444444445;33470205.666666668
1688368426;20736489.444444444;25688.55555555556;1129;26469313.666666668
1688368427;7571324.333333334;27199.000000000004;1222.6666666666667;13601524.333333334
1688368428;614.7777777777778;29439.666666666668;1228.4444444444446;621935.5555555556
1688368429;607.4444444444445;26211.88888888889;1222.6666666666667;1365.6666666666667
1688368430;608.1111111111112;29008.333333333336;1240.111111111111;1390
1688368431;600.7777777777778;27706.88888888889;1234.3333333333335;1384.2222222222224
1688368432;611.7777777777778;29106.111111111113;1258.6666666666667;1390
1688368433;611.7777777777778;27753.666666666668;1273.3333333333335;1384.2222222222224
1688368434;619.1111111111112;28818.333333333336;1297.6666666666667;1428.888888888889
1688368435;564;25466.333333333336;749.7777777777778;1423.1111111111113
1688368436;564;23003.77777777778;674.6666666666667;1428.888888888889
1688368437;571.3333333333334;22424.55555555556;1205.7777777777778;704.5555555555557
1688368438;564.6666666666667;23726.88888888889;1318.4444444444446;1436.1111111111113
1688368439;564;21739.55555555556;1321.4444444444446;1416.1111111111113
1688368440;564;23260.55555555556;1349.888888888889;1421.888888888889
1688368441;545.3333333333334;23015.666666666668;1325.5555555555557;1416.1111111111113
1688368442;538.6666666666667;22174.666666666668;1332;1421.888888888889
1688368443;531.3333333333334;22193.88888888889;1307.6666666666667;1377.2222222222224
1688368444;524;22144.77777777778;1336.1111111111113;1406.2222222222224
1688368445;524;21431.333333333336;1311.7777777777778;1423.6666666666667
1688368446;516.6666666666667;22349.77777777778;780.6666666666667;1463.6666666666667
1688368447;557;20927.666666666668;1198.4444444444446;754.7777777777778
1688368448;557;22688.444444444445;1272.111111111111;1470
1688368449;625.6666666666667;20443.222222222223;1243.6666666666667;1464.2222222222224
1688368450;625.6666666666667;22710.222222222223;1304.3333333333335;1481.6666666666667
1688368451;639.6666666666667;22225;1277.4444444444446;1475.888888888889
1688368452;646.3333333333334;22815.111111111113;1306.4444444444446;1500.2222222222224
1688368453;646.3333333333334;21646.88888888889;1278;1471.2222222222224
1688368454;653.6666666666667;23663.111111111113;1283.7777777777778;1453.7777777777778
1688368455;647;22120.111111111113;1278;1413.7777777777778
1688368456;682.4444444444445;26752.88888888889;753.3333333333334;1396.888888888889
1688368457;675.7777777777778;26957.77777777778;1182.3333333333335;695.8888888888889
1688368458;613.7777777777778;29163.444444444445;1276.4444444444446;1341.6666666666667
1688368459;613.7777777777778;25635.666666666668;1215.7777777777778;1417.3333333333335
1688368460;599.7777777777778;29453.88888888889;1242.3333333333335;1423.1111111111113
1688368461;599.7777777777778;27839.666666666668;1213.3333333333335;1398.7777777777778
1688368462;611.7777777777778;29400.77777777778;1219.111111111111;1404.5555555555557
1688368463;604.4444444444445;27654.77777777778;1234.111111111111;1398.7777777777778
1688368464;611.1111111111112;29020.77777777778;1239.888888888889;1404.5555555555557
1688368465;542;24402.333333333336;1234.111111111111;1398.7777777777778
1688368466;596.1111111111112;24346.444444444445;716.7777777777778;1404.5555555555557
1688368467;589.4444444444445;21701.333333333336;1153.111111111111;751.4444444444445
1688368468;589.4444444444445;23913.88888888889;1158.888888888889;664.1111111111112
1688368469;596.1111111111112;20723.77777777778;1228;1388.888888888889
1688368470;589.4444444444445;22940.444444444445;1233.7777777777778;1500.3333333333335
1688368471;577.4444444444445;22574.333333333336;1228;1543
1688368472;577.4444444444445;22615.333333333336;1213;1548.7777777777778
1688368473;577.4444444444445;22301.444444444445;1207.2222222222224;1543
1688368474;570.7777777777778;23716.222222222223;1213;1567.3333333333335
1688368475;523.3333333333334;22059.666666666668;1227.6666666666667;1543
1688368476;523.3333333333334;23671.55555555556;724.1111111111112;1576.888888888889
1688368477;535.3333333333334;22739.111111111113;738.7777777777778;1571.1111111111113
1688368478;535.3333333333334;22846.666666666668;1261;846.3333333333334
1688368479;542;22838.88888888889;1350.7777777777778;1374.1111111111113
1688368480;535.3333333333334;22669;1368.2222222222224;1449.6666666666667
1688368481;535.3333333333334;24527.333333333336;1362.4444444444446;1443.888888888889
1688368482;535.3333333333334;22733.666666666668;1368.2222222222224;1449.6666666666667
1688368483;542;23044.88888888889;1362.4444444444446;1425.3333333333335
1688368484;535.3333333333334;23093.666666666668;1366.3333333333335;1529.7777777777778
1688368485;535.3333333333334;23152;1339.4444444444446;1503.2222222222224
1688368486;523.3333333333334;25692.111111111113;1352.7777777777778;1509
1688368487;585.7777777777778;29775.444444444445;734.8888888888889;1503.2222222222224
1688368488;586.8888888888889;27839.333333333336;1168.2222222222224;869.7777777777778
1688368489;586.8888888888889;28552.88888888889;1239.111111111111;745.7777777777778
1688368490;593.5555555555555;38482.66666666667;2839;6275
1688368491;613.5555555555555;40222.77777777778;2833.2222222222226;6269.222222222223
1688368492;625.5555555555555;39062.222222222226;2839;6275
1688368493;625.5555555555555;38645.222222222226;2814.666666666667;6170.555555555556
1688368494;632.2222222222223;39350.77777777778;2839;6215.222222222223
1688368495;638.7777777777778;36098.555555555555;2805.2222222222226;6209.444444444445
1688368496;576.3333333333334;32494.444444444445;2829.5555555555557;6215.222222222223
1688368497;581.8888888888889;33877.77777777778;2300.666666666667;6209.444444444445
1688368498;581.8888888888889;33178.77777777778;2764.1111111111113;6215.222222222223
1688368499;581.8888888888889;21851;1273;686
1688368500;555.2222222222223;21467;1301.4444444444446;787.2222222222223
1688368501;536.5555555555555;22714.333333333336;1295.6666666666667;1432.888888888889
1688368502;557.5555555555555;22854.666666666668;1301.4444444444446;1438.6666666666667
1688368503;557.5555555555555;21999;1277.1111111111113;1394
1688368504;544.3333333333334;22573.444444444445;1282.888888888889;1420.2222222222224
1688368505;537.6666666666667;23090.666666666668;1281.2222222222224;1414.4444444444446
1688368506;531;21879.222222222223;1287;1431
1688368507;549.6666666666667;22504;735.2222222222223;1441.1111111111113
1688368508;549.6666666666667;21978.88888888889;1162.6666666666667;1475.3333333333335
1688368509;556.3333333333334;22430.88888888889;1134.2222222222224;1374.1111111111113
1688368510;556.3333333333334;26723.55555555556;1986.0000000000002;728.4444444444445
1688368511;535.3333333333334;27258.222222222223;1980.2222222222224;3742.5555555555557
1688368512;535.3333333333334;27133.77777777778;2009.2222222222224;3748.3333333333335
1688368513;542;26516.111111111113;2003.4444444444446;3740.666666666667
1688368514;542;26955.666666666668;1986.5555555555557;3746.444444444445
1688368515;542;26942.55555555556;1980.7777777777778;3729.888888888889
1688368516;585.7777777777778;29310.333333333336;1986.5555555555557;3719.777777777778
1688368517;579.1111111111112;32447.77777777778;1450.3333333333335;3704.1111111111113
1688368518;579.1111111111112;32537.111111111113;1993.888888888889;3709.888888888889
1688368519;579.1111111111112;28210.55555555556;1142.111111111111;3696.777777777778
1688368520;585.7777777777778;30893.444444444445;1255.111111111111;682.6666666666667
1688368521;579.1111111111112;29596.111111111113;1246.888888888889;1328.2222222222224
1688368522;597.7777777777778;30487.000000000004;1252.6666666666667;1315.4444444444446
1688368523;604.4444444444445;28771.55555555556;1267.6666666666667;1309.6666666666667
1688368524;607.7777777777778;29637.666666666668;1296.1111111111113;1315.4444444444446
1688368525;545.3333333333334;26871.000000000004;1313;1328.2222222222224
1688368526;606.1111111111112;25184.88888888889;1318.7777777777778;1315.4444444444446
1688368527;606.1111111111112;24310;807.1111111111112;1309.6666666666667
1688368528;606.1111111111112;23890.77777777778;812.8888888888889;1322.7777777777778
1688368529;599.4444444444445;21498.444444444445;1237.7777777777778;1317
1688368530;606.1111111111112;23944.111111111113;1311;726.3333333333334
1688368531;587.4444444444445;24086.222222222223;1305.2222222222224;1408.1111111111113
1688368532;580.7777777777778;24226.444444444445;1290.2222222222224;1413.888888888889
1688368533;4974107.444444445;25273.111111111113;1261.7777777777778;1975.3333333333335
1688368534;17754530.77777778;24553.88888888889;1244.888888888889;11952183.777777778
1688368535;30863270.555555556;25332.444444444445;1239.111111111111;24993474.222222224
1688368536;43867841;25080.666666666668;1323;38225964
1688368537;57022053.66666667;25557.111111111113;1338.3333333333335;50977944.222222224
1688368538;69986106.77777778;24658;826.6666666666667;64160393.11111111
1688368539;83059590.33333334;23233.88888888889;1263.111111111111;77122226.66666667
1688368540;96206768.33333334;23173.77777777778;1295.2222222222224;90316388.44444445
1688368541;109085556.77777779;29824.444444444445;2109.3333333333335;103412761.33333334
1688368542;117408248.00000001;27748.000000000004;2115.1111111111113;116432261.55555557
1688368543;117403559.33333334;27955.444444444445;2109.3333333333335;117521478.44444445
1688368544;117274877.55555557;26276.88888888889;2115.1111111111113;117382816.22222222
1688368545;117238796.22222222;27191.000000000004;1999.3333333333335;116991455.55555557
1688368546;117128162.44444445;30153.111111111113;2002.5555555555557;117244897.77777779
1688368547;117214073.33333334;33101.11111111112;1976.3333333333335;117215436.44444445
1688368548;117007293.55555557;34029.88888888889;1451.6666666666667;117147068.00000001
1688368549;116739258.22222222;33957.444444444445;1950.0000000000002;116784189.77777779
1688368550;116971594.44444445;28546.666666666668;1135.888888888889;117042977.11111112
1688368551;116684567.77777779;29666.333333333336;1137.4444444444446;116741110.44444445
1688368552;117191948.44444445;30085.444444444445;1231.5555555555557;116831910.66666667
1688368553;116830779.11111112;30842.88888888889;1327.1111111111113;116815092.8888889
1688368554;116586567.33333334;29419.111111111113;1358.7777777777778;116628566.22222222
1688368555;116370535.11111112;33155.222222222226;2169.3333333333335;116440227.55555557
1688368556;116123552.8888889;30152.000000000004;2175.1111111111113;116050663.11111112
1688368557;116064264.66666667;29857.77777777778;2187.888888888889;116056215.55555557
1688368558;116301598.22222222;29259.77777777778;1681.7777777777778;116435029.11111112
1688368559;116400522.8888889;32065.222222222226;4477.333333333334;115853307.11111112
1688368560;116215542.44444445;32094.88888888889;4496.222222222223;116328919.55555557
1688368561;115981563.77777779;31545.111111111113;4424.777777777778;116141235.55555557
1688368562;113221609.11111112;30840.88888888889;4329.222222222223;115734176.33333334
1688368563;100497349.11111112;32923.222222222226;4393.111111111111;106390887.55555557
1688368564;87669802.44444445;24906.77777777778;3564.0000000000005;93573789.77777779
1688368565;76535432.22222222;25937.666666666668;3558.2222222222226;80810328.44444445
1688368566;76625648.66666667;24858.55555555556;3545.444444444445;76821021.33333334
1688368567;76727127.33333334;26311.222222222223;3521.1111111111113;76580944
1688368568;76498942.44444445;22215.55555555556;725.5555555555557;76939073.11111112
1688368569;76785405.55555557;23658;699.3333333333334;76833508.22222222
1688368570;76774940.8888889;24156.444444444445;1275.1111111111113;76984365.55555557
1688368571;79920324.66666667;24477;1269.3333333333335;77435459.66666667
1688368572;91628634.22222222;22669.55555555556;1202.7777777777778;86495743.55555557
1688368573;104497468.8888889;24638.666666666668;1197;107842430.00000001
1688368574;115742988.44444445;23249.77777777778;1298.4444444444446;111751381.77777779
1688368575;115425882.66666667;24209.55555555556;1292.6666666666667;115765171.11111112
1688368576;103140412.66666667;24517.77777777778;1298.4444444444446;109136652.00000001
1688368577;94190775.55555557;28765.666666666668;1292.6666666666667;96005119.77777779
1688368578;94219532.66666667;27302.88888888889;1307.1111111111113;94222773.55555557
1688368579;94084358;27395.77777777778;708.6666666666667;93864509.33333334
1688368580;93847152.8888889;28009.88888888889;1237.5555555555557;93856569.55555557
1688368581;88572305.11111112;27915.222222222223;1229.3333333333335;89278732.8888889
1688368582;88722660.66666667;27242.55555555556;1235.111111111111;79731609.55555557
1688368583;88803308.66666667;28739.666666666668;1154.4444444444446;88947811.33333334
1688368584;89319624.22222222;29135.88888888889;1248.4444444444446;88895426
1688368585;101573412;27632.666666666668;1242.6666666666667;95505375.33333334
1688368586;106465361.77777779;24598.88888888889;1271.111111111111;108610280.66666667
1688368587;102056681.33333334;23652.222222222223;1256.6666666666667;102675286.44444445
1688368588;90914268.11111112;24287;1262.4444444444446;97019800.11111112
1688368589;78147155.44444445;23091.222222222223;733.5555555555557;84097900.33333334
1688368590;71713676.33333334;23881.55555555556;1248.888888888889;76304119.66666667
1688368591;58694486.11111111;23465.77777777778;1243.111111111111;64504562.333333336
1688368592;45699707;22332.111111111113;1228.111111111111;51379403
1688368593;32602865.222222224;22214;1134.111111111111;38508293.66666667
1688368594;19416592.555555556;23404.222222222223;1246.7777777777778;25556837.88888889
1688368595;10492415.444444446;22583.333333333336;1218.3333333333335;12451889.222222224
1688368596;1761084.1111111112;23962.333333333336;1224.111111111111;7079803.222222223
1688368597;595.1111111111112;22788.333333333336;1218.3333333333335;1516.3333333333335
1688368598;588.4444444444445;23550.111111111113;1273.4444444444446;1522.1111111111113
1688368599;543.1111111111112;23447.444444444445;737.3333333333334;1442.4444444444446
1688368600;549.7777777777778;23722.222222222223;762.1111111111112;1450.1111111111113
1688368601;542.6666666666667;24979.222222222223;1294;1421.6666666666667
1688368602;549.3333333333334;23673;1299.7777777777778;763.1111111111112
1688368603;549.3333333333334;21576;1187.111111111111;1308.5555555555557
1688368604;542.6666666666667;24433.88888888889;1288.5555555555557;1365.5555555555557
1688368605;550;22430.77777777778;1282.7777777777778;1341.6666666666667
1688368606;593.7777777777778;27128.333333333336;1327.888888888889;1347.4444444444446
1688368607;601.1111111111112;27727.666666666668;1272.7777777777778;1341.6666666666667
1688368608;607.7777777777778;28537.55555555556;1299.3333333333335;1347.4444444444446
1688368609;607.7777777777778;27705.666666666668;1310.2222222222224;1319
1688368610;600.4444444444445;28581.666666666668;778.3333333333334;1343.3333333333335
1688368611;593.7777777777778;29003.666666666668;1305.7777777777778;1337.5555555555557
1688368612;612.4444444444445;29171.111111111113;1311.5555555555557;773.5555555555557
1688368613;619.1111111111112;27073.444444444445;1210.111111111111;679.4444444444445
1688368614;619.1111111111112;29197.444444444445;1249.111111111111;1347.3333333333335
1688368615;556.6666666666667;24780.77777777778;1285;1360
1688368616;549.3333333333334;24456.666666666668;1290.7777777777778;1384.3333333333335
1688368617;549.3333333333334;23376.111111111113;1282.7777777777778;1397.1111111111113
1688368618;611.3333333333334;23997.55555555556;1252.888888888889;1430.7777777777778
1688368619;611.3333333333334;22447;1265.6666666666667;1406.4444444444446
1688368620;625.3333333333334;24612.88888888889;758.6666666666667;1423.888888888889
1688368621;606.6666666666667;24820.444444444445;1320.6666666666667;1418.1111111111113
1688368622;607.3333333333334;24299.111111111113;1326.4444444444446;1423.888888888889
1688368623;607.3333333333334;23585;1287.4444444444446;742.2222222222223
1688368624;607.3333333333334;23810.333333333336;1212.2222222222224;1370.4444444444446
1688368625;641.5555555555557;23496.444444444445;1302.4444444444446;1346.1111111111113
1688368626;634.8888888888889;24818.444444444445;1289.6666666666667;1333.3333333333335
1688368627;584.8888888888889;22911.111111111113;1283.888888888889;1322.888888888889
1688368628;598.8888888888889;23497.333333333336;1271.111111111111;1349.1111111111113
1688368629;591.5555555555555;20519.444444444445;1244.888888888889;1331.6666666666667
1688368630;584.8888888888889;22951.222222222223;756.7777777777778;1337.4444444444446
1688368631;584.2222222222223;22704.77777777778;1288.7777777777778;1331.6666666666667
1688368632;590.8888888888889;22866.55555555556;1294.5555555555557;1358.2222222222224
1688368633;598.2222222222223;21349.222222222223;1312;711.5555555555557
1688368634;564;22173.222222222223;1221.7777777777778;1375.2222222222224
1688368635;570.6666666666667;20681.88888888889;1304.4444444444446;1369.4444444444446
1688368636;614.4444444444445;25794.88888888889;1310.2222222222224;1344.6666666666667
1688368637;607.1111111111112;27022.444444444445;1304.4444444444446;1339.2222222222224
1688368638;607.7777777777778;28905.444444444445;1310.2222222222224;1363.5555555555557
1688368639;614.4444444444445;25998.55555555556;1230.5555555555557;1378.5555555555557
1688368640;607.7777777777778;28292.444444444445;719.3333333333334;1425.888888888889
1688368641;607.7777777777778;27627.444444444445;713.5555555555557;1399.3333333333335
1688368642;612.4444444444445;29146.444444444445;1226.5555555555557;1405.1111111111113
1688368643;612.4444444444445;26641.333333333336;1220.7777777777778;741.4444444444445
1688368644;619.7777777777778;26585.666666666668;1138.111111111111;1331.6666666666667
1688368645;564;23933.55555555556;1132.3333333333335;1428.888888888889
1688368646;619.2222222222223;22200.444444444445;1249;1413.888888888889
1688368647;611.8888888888889;22313;1243.2222222222224;1389.5555555555557
1688368648;611.8888888888889;22832.55555555556;1249;1374.5555555555557
1688368649;611.8888888888889;21339.444444444445;1222.4444444444446;1327.2222222222224
1688368650;604.5555555555555;22303.666666666668;1228.2222222222224;1387.888888888889
1688368651;585.8888888888889;23391;692;1382.1111111111113
1688368652;592.5555555555555;24055.77777777778;1235.5555555555557;1387.888888888889
1688368653;592.5555555555555;23554;1229.7777777777778;820.3333333333334
1688368654;585.8888888888889;23395.333333333336;1235.5555555555557;730.4444444444445
1688368655;524;22497.666666666668;1118.888888888889;1313
1688368656;530.6666666666667;23636.77777777778;1219.2222222222224;1426.2222222222224
1688368657;549.3333333333334;23535.222222222223;1213.4444444444446;1420.4444444444446
1688368658;549.3333333333334;23811.444444444445;1219.2222222222224;1418.888888888889
1688368659;542.6666666666667;22033.111111111113;1255;1358.2222222222224
1688368660;549.3333333333334;22743.55555555556;1272.4444444444446;1364
1688368661;542.6666666666667;22963.88888888889;728.8888888888889;1380.888888888889
1688368662;542.6666666666667;24398;1257.7777777777778;1364
1688368663;549.3333333333334;22126.333333333336;1252;1358.2222222222224
1688368664;556.6666666666667;22664.444444444445;1257.7777777777778;775.6666666666667
1688368665;571;20891;1157.4444444444446;1217.5555555555557
1688368666;608.1111111111112;24799.88888888889;1259.7777777777778;1351.7777777777778
1688368667;614.7777777777778;28098.88888888889;1272.5555555555557;1360.6666666666667
1688368668;622.1111111111112;28157.000000000004;1257.5555555555557;1366.4444444444446
1688368669;622.7777777777778;25315.444444444445;1240.111111111111;1379.2222222222224
1688368670;636.7777777777778;26494.77777777778;1245.888888888889;1362.3333333333335
1688368671;636.7777777777778;27486.88888888889;717;1356.5555555555557
1688368672;648.7777777777778;28630.222222222223;1253.111111111111;1380.7777777777778
1688368673;648.1111111111112;28038.88888888889;1247.3333333333335;1410.3333333333335
1688368674;627.1111111111112;27879.222222222223;1253.111111111111;861.0000000000001
1688368675;571.3333333333334;24074.333333333336;1169.3333333333335;1324.3333333333335
1688368676;564.6666666666667;21818.77777777778;1207;1322.7777777777778
1688368677;564;22472.333333333336;1268.888888888889;1431.1111111111113
1688368678;570.6666666666667;23936.444444444445;1274.6666666666667;1418.3333333333335
1688368679;556.6666666666667;21941.77777777778;1287.4444444444446;1412.5555555555557
1688368680;549.3333333333334;22640.88888888889;1313.6666666666667;1437.3333333333335
1688368681;537.3333333333334;21417.77777777778;800.2222222222223;1413.1111111111113
1688368682;530.6666666666667;23491.222222222223;1336.4444444444446;1404
1688368683;530.6666666666667;22258.55555555556;1330.6666666666667;1398.2222222222224
1688368684;538;23704;1317.888888888889;843.1111111111112
1688368685;544.6666666666667;20960.444444444445;1261.6666666666667;1402.6666666666667
1688368686;538;23201;1179;1294.3333333333335
1688368687;549.3333333333334;22515.55555555556;1272.6666666666667;1418.6666666666667
1688368688;549.3333333333334;24354;1259.888888888889;1463.4444444444446
1688368689;549.3333333333334;20983.55555555556;1233.6666666666667;1438.6666666666667
1688368690;542.6666666666667;23611.666666666668;1271.6666666666667;1472.4444444444446
1688368691;564.3333333333334;22053.666666666668;735.4444444444445;1446.2222222222224
1688368692;571;24402.88888888889;741.2222222222223;1465.4444444444446
1688368693;571;22636.88888888889;1289.1111111111113;1423
1688368694;564.3333333333334;23449.222222222223;1294.888888888889;863.4444444444445
1688368695;571;21434.444444444445;1289.1111111111113;857.6666666666667
1688368696;615.4444444444445;24886.666666666668;1195.4444444444446;1294.7777777777778
1688368697;615.4444444444445;28472.55555555556;1278;1338.2222222222224
1688368698;615.4444444444445;29797.666666666668;1283.7777777777778;1344
1688368699;622.7777777777778;27983.55555555556;1223.111111111111;1328.7777777777778
1688368700;607.7777777777778;26833.666666666668;1249.6666666666667;1334.5555555555557
1688368701;601.1111111111112;28663.666666666668;1243.888888888889;1336.1111111111113
1688368702;612.4444444444445;29606.88888888889;696;1341.888888888889
1688368703;612.4444444444445;30611.77777777778;1220.6666666666667;1642.0000000000002
1688368704;612.4444444444445;30372.000000000004;1226.4444444444446;1736.0000000000002
1688368705;542.6666666666667;27377.333333333336;1220.6666666666667;1244.4444444444446
1688368706;603.4444444444445;22946.111111111113;1138.111111111111;1768.2222222222224
1688368707;596.7777777777778;25179.222222222223;1271.111111111111;1858.0000000000002
1688368708;596.1111111111112;25183.333333333336;1276.888888888889;1845.2222222222224
1688368709;589.4444444444445;27092.55555555556;1285.6666666666667;1887.0000000000002
1688368710;596.1111111111112;24474.666666666668;1291.4444444444446;1872.0000000000002
1688368711;570.7777777777778;24636.77777777778;1285.6666666666667;1858.888888888889
1688368712;577.4444444444445;23532.88888888889;761;1551.4444444444446
1688368713;577.4444444444445;24624.333333333336;1293;1480.1111111111113
1688368714;577.4444444444445;23549.222222222223;1298.7777777777778;1410.2222222222224
1688368715;530.6666666666667;23969;1293;816.7777777777778
1688368716;530.6666666666667;21346.333333333336;1160;1322.6666666666667
1688368717;556.6666666666667;24459.77777777778;1251.3333333333335;1405.5555555555557
1688368718;564;23224.111111111113;1242.2222222222224;1363.7777777777778
1688368719;571.3333333333334;23131.333333333336;1257.5555555555557;1405.5555555555557
1688368720;578.6666666666667;23177.77777777778;1275;1418.6666666666667
1688368721;578.6666666666667;23816.222222222223;1269.2222222222224;1470.888888888889
1688368722;578.6666666666667;22799;737.2222222222223;1454
1688368723;585.3333333333334;23852.88888888889;1269.2222222222224;1448.2222222222224
1688368724;571.3333333333334;22781.77777777778;1275;1435.4444444444446
1688368725;571.3333333333334;25389.77777777778;1287.7777777777778;826.6666666666667
1688368726;615.1111111111112;27337.000000000004;1943.1111111111113;3796.3333333333335
1688368727;614.4444444444445;32040.88888888889;2075.444444444445;3790.5555555555557
1688368728;600.4444444444445;32113.55555555556;2080.888888888889;3844.3333333333335
1688368729;593.1111111111112;32268.000000000004;2063.444444444445;3838.5555555555557
1688368730;600.4444444444445;32370.666666666668;2069.222222222222;3793.666666666667
1688368731;593.7777777777778;33121;2063.444444444445;3787.888888888889
1688368732;612.4444444444445;32266.55555555556;1531.4444444444446;3793.666666666667
1688368733;612.4444444444445;33479.77777777778;2063.444444444445;3787.888888888889
1688368734;619.1111111111112;30585.444444444445;2050.666666666667;3819.444444444445
1688368735;549.3333333333334;26867.666666666668;1298.2222222222224;761.1111111111112
1688368736;557;22759.666666666668;1164;1370.1111111111113
1688368737;557;23082.77777777778;1137.4444444444446;1268.7777777777778
1688368738;563.6666666666667;23565.222222222223;1238.888888888889;1389.2222222222224
1688368739;570.3333333333334;23480.111111111113;1251.6666666666667;1383.4444444444446
1688368740;570.3333333333334;24057.444444444445;1257.4444444444446;1389.2222222222224
