Time;{instance="10.231.0.208:9100"};{instance="192.168.221.10:9100"};{instance="192.168.221.11:9100"};{instance="192.168.221.12:9100"}
1688367540;11260.88888888889;23662;11937;12727.666666666668
1688367541;11250.444444444445;25343;11937.555555555557;12730
1688367542;11257.77777777778;23289.88888888889;11944.444444444445;12732.88888888889
1688367543;11264.444444444445;30374.88888888889;11942.333333333334;12647.666666666668
1688367544;11261.88888888889;28473.000000000004;11945.88888888889;12976.333333333334
1688367545;12564.444444444445;39691.77777777778;11952.77777777778;12910.333333333334
1688367546;11478424.222222224;44238.55555555556;11987.444444444445;13604.444444444445
1688367547;24313551.222222224;46890;12036.88888888889;24423.55555555556
1688367548;36937168.55555556;56743.77777777778;12001.222222222223;35962.444444444445
1688367549;49692764.66666667;56953.66666666667;12099.88888888889;48588
1688367550;62454987.222222224;67079;12105.555555555557;64459.77777777778
1688367551;75133797.22222222;69141.88888888889;12099.88888888889;78568.55555555556
1688367552;88053419.33333334;65748;12120.333333333334;93283.88888888889
1688367553;101061204.22222222;73907.33333333334;12127.111111111111;108446.88888888889
1688367554;114067767.22222222;60972.444444444445;12120.555555555557;121643.55555555556
1688367555;115427029.00000001;55438.88888888889;12085.222222222223;126871.66666666667
1688367556;115650556.22222222;69291.22222222223;11989.666666666668;130115.00000000001
1688367557;115616900.77777779;60473.00000000001;11933.88888888889;132565.8888888889
1688367558;115853774.77777779;61206.444444444445;11899.555555555557;135788.77777777778
1688367559;115987868.8888889;52382;11893;136522.33333333334
1688367560;116382441.00000001;61066.333333333336;11984.111111111111;138407.55555555556
1688367561;116267101.11111112;56262.66666666667;11963.77777777778;138576.8888888889
1688367562;116459110.11111112;49135.444444444445;11955.444444444445;139458.22222222222
1688367563;113145881.44444445;53869.222222222226;11954.222222222223;141631.55555555556
1688367564;110787871.44444445;55120.444444444445;11954.666666666668;134912.44444444447
1688367565;110305839.8888889;40475.333333333336;11950.88888888889;131005.55555555556
1688367566;110325510.77777779;38650.333333333336;11950.333333333334;132789.11111111112
1688367567;110163076.66666667;38249.11111111112;11892.555555555557;131107.55555555556
1688367568;110414131.77777779;36270.11111111112;11947.88888888889;130268.66666666667
1688367569;109765313.8888889;26499.111111111113;11855.444444444445;129432.8888888889
1688367570;109694286.00000001;26793.333333333336;11930.77777777778;131291.55555555556
1688367571;109288829.33333334;28346.55555555556;11946.77777777778;131441.55555555556
1688367572;112543334.11111112;23502;11947.666666666668;131977.55555555556
1688367573;115065005.44444445;22615.77777777778;11949.111111111111;142546.6666666667
1688367574;115522086.00000001;21062.55555555556;11952.444444444445;147953.55555555556
1688367575;111882142.66666667;22617.111111111113;11953;149353.33333333334
1688367576;105887581.8888889;21566.77777777778;11948.88888888889;143460.6666666667
1688367577;92740230.66666667;23182.666666666668;11895;129845.55555555556
1688367578;84134732.77777779;23743;11906.444444444445;114687.33333333334
1688367579;84564657.11111112;24886.222222222223;11907.222222222223;112698.88888888889
1688367580;84984168.22222222;24302.111111111113;11893.77777777778;113322.22222222223
1688367581;84985587.8888889;25768.222222222223;11992.333333333334;111936.22222222223
1688367582;84929943.66666667;24869.222222222223;12008.111111111111;109390.44444444445
1688367583;85061104.66666667;25455.55555555556;12009;107936.22222222223
1688367584;89025337.44444445;24167.111111111113;12010;107509.77777777778
1688367585;95085376.55555557;24112.111111111113;12008.222222222223;116148.44444444445
1688367586;107750594.22222222;26873.88888888889;12007.555555555557;128388.22222222223
1688367587;116891596.33333334;29063.88888888889;12000.666666666668;142966
1688367588;116537150.11111112;29624.88888888889;11923.666666666668;144679.33333333334
1688367589;116323871.8888889;27497.55555555556;11983.77777777778;143636.22222222222
1688367590;116368106.22222222;28514.55555555556;11893.666666666668;143108.22222222222
1688367591;116194160.77777779;28806.444444444445;11968.222222222223;142606.22222222222
1688367592;105917529.11111112;29007.55555555556;11968.555555555557;133054.8888888889
1688367593;94569645.11111112;28087.88888888889;11977.333333333334;116337.55555555556
1688367594;83760051.77777779;28693.111111111113;11986.333333333334;100737.55555555556
1688367595;74147706.33333334;24804.88888888889;11985.222222222223;87458.88888888889
1688367596;68197757.33333334;22503.333333333336;12020;74754.44444444445
1688367597;67365288.11111112;22346.333333333336;12020.88888888889;64908.88888888889
1688367598;67532017.22222222;23363.88888888889;11965.666666666668;65245.77777777778
1688367599;67413069.33333334;21210.444444444445;12050.555555555557;66724.22222222223
1688367600;67742107.44444445;22822.55555555556;11962;68858.22222222223
1688367601;76334721.8888889;22818.222222222223;12035.444444444445;77272.88888888889
1688367602;75205519.33333334;23243.111111111113;12050.555555555557;84993.55555555556
1688367603;73119589.44444445;22497.444444444445;12041.88888888889;83663.55555555556
1688367604;70066697;21929.55555555556;12040.666666666668;82563.55555555556
1688367605;63056570.55555556;21766.222222222223;12003.444444444445;80690.22222222223
1688367606;51080300.11111111;21483.111111111113;12012.444444444445;74085.77777777778
1688367607;37913022.88888889;22299.444444444445;12012.333333333334;57298.00000000001
1688367608;25037184.666666668;23198;11925.333333333334;40466.88888888889
1688367609;11948954.333333334;21750.333333333336;12005.444444444445;22817.77777777778
1688367610;468111.1111111111;22123.111111111113;11990.77777777778;15094.444444444445
1688367611;11276.555555555557;23425;12032.77777777778;15084.555555555557
1688367612;11287;23016.111111111113;12134.222222222223;15084.111111111111
1688367613;11289.444444444445;23921.444444444445;12174.333333333334;15090.666666666668
1688367614;11292.111111111111;22851.333333333336;12177.333333333334;15092.333333333334
1688367615;11296.333333333334;22782.666666666668;12170;14995.444444444445
1688367616;11277.88888888889;25484.88888888889;12165.444444444445;15031.333333333334
1688367617;11272.77777777778;28259.333333333336;12161.222222222223;15093.444444444445
1688367618;11274;30922.333333333336;12087.333333333334;15092.444444444445
1688367619;11273.88888888889;30830.222222222223;12082.666666666668;15092.555555555557
1688367620;11275.666666666668;30293.77777777778;12018.222222222223;15094.333333333334
1688367621;11269.444444444445;32191.666666666668;11917.77777777778;15097.111111111111
1688367622;11281.555555555557;31487.666666666668;11968.88888888889;15091.555555555557
1688367623;11282.88888888889;32662.666666666668;11966;15165.77777777778
1688367624;11282.333333333334;31908.666666666668;11963.555555555557;15164.666666666668
1688367625;11282.111111111111;28740.222222222223;11961;15082.333333333334
1688367626;11281.555555555557;25860.111111111113;11960.222222222223;15032.88888888889
1688367627;11281.222222222223;23738.111111111113;11951.88888888889;15122.000000000002
1688367628;11281.88888888889;24263.77777777778;11898;15176.222222222223
1688367629;11282.666666666668;23903.444444444445;11943.222222222223;15182.88888888889
1688367630;11284.88888888889;23423;11940;15182.77777777778
1688367631;11295.666666666668;23442.77777777778;11850.111111111111;15182.77777777778
1688367632;11325.111111111111;23216.77777777778;11927.444444444445;15110.88888888889
1688367633;11324.222222222223;23295.666666666668;11943.222222222223;15106.444444444445
1688367634;11324.555555555557;22506.444444444445;11941.77777777778;15108.77777777778
1688367635;11323.666666666668;22433;11939.222222222223;15090.222222222223
1688367636;11323.222222222223;29561.77777777778;11939.555555555557;15027.555555555557
1688367637;11334.666666666668;29055.444444444445;11963.333333333334;15084.111111111111
1688367638;11334.77777777778;29204.88888888889;11983.333333333334;15140.77777777778
1688367639;11332.555555555557;29880.333333333336;11993.88888888889;15154.444444444445
1688367640;11310.88888888889;33894.222222222226;12212;15203.555555555557
1688367641;11287.222222222223;34128.66666666667;12136.666666666668;15217.000000000002
1688367642;11292.88888888889;33927.333333333336;12137.444444444445;15231.88888888889
1688367643;11292.111111111111;35412.555555555555;12229.88888888889;15222.111111111111
1688367644;11291.333333333334;34820.77777777778;12231.77777777778;15280.77777777778
1688367645;11291.111111111111;28036.222222222223;12233.111111111111;15256.444444444445
1688367646;11278.444444444445;30508.88888888889;12209.222222222223;15137.000000000002
1688367647;11277.444444444445;33730.444444444445;12145;15172.111111111111
1688367648;11283.666666666668;32123.111111111113;12137.333333333334;15229.77777777778
1688367649;11283.666666666668;29126.444444444445;11919.222222222223;15214.88888888889
1688367650;11275.222222222223;30252.444444444445;11972.333333333334;15201.444444444445
1688367651;11269.111111111111;29956.000000000004;11958.77777777778;15183.111111111111
1688367652;11279.666666666668;28714.222222222223;11868.666666666668;15182.333333333334
1688367653;11280.111111111111;29542.55555555556;11966.222222222223;15121.77777777778
1688367654;11278.333333333334;29896.55555555556;11964.111111111111;15119.444444444445
1688367655;11276.88888888889;27185.000000000004;11964.666666666668;15120.444444444445
1688367656;11274.666666666668;23753;11971.222222222223;15020.111111111111
1688367657;11276.111111111111;24410.88888888889;11969.88888888889;15038.555555555557
1688367658;11275.555555555557;23368.666666666668;11970.222222222223;15060.88888888889
1688367659;11275.666666666668;22021.444444444445;11916.111111111111;15074.111111111111
1688367660;11276.333333333334;24808.111111111113;11968.111111111111;15085.111111111111
1688367661;11266.111111111111;23731.222222222223;11966.111111111111;15094.333333333334
1688367662;11274.77777777778;23039.444444444445;11868.77777777778;15095.222222222223
1688367663;11277;21933.55555555556;11946.222222222223;15095.88888888889
1688367664;11284.77777777778;23048.55555555556;11967.88888888889;15096.000000000002
1688367665;11288.111111111111;22667.77777777778;11967.333333333334;15099.000000000002
1688367666;11279.333333333334;22384;11977;15011.000000000002
1688367667;11288.666666666668;23180.444444444445;12022.555555555557;14955.111111111111
1688367668;11296.77777777778;23402;12066.77777777778;15058.000000000002
1688367669;11304.111111111111;22014.77777777778;12027;15095.666666666668
1688367670;11305.444444444445;25352.111111111113;12095.666666666668;15114.222222222223
1688367671;11298.666666666668;25205.666666666668;12097.77777777778;15124.444444444445
1688367672;11297.111111111111;25378.77777777778;12027.666666666668;15156.333333333334
1688367673;11297.666666666668;23658.77777777778;12004;15164.444444444445
1688367674;11297.666666666668;24567.111111111113;12094.111111111111;15162.88888888889
1688367675;11297.555555555557;24402;12084.555555555557;15167.222222222223
1688367676;11287.666666666668;27131.333333333336;12039.666666666668;15166.666666666668
1688367677;11280.222222222223;29790.333333333336;11995.77777777778;15049.666666666668
1688367678;11273;29252.88888888889;11988.333333333334;15004.111111111111
1688367679;11273.222222222223;27721.222222222223;11921.222222222223;14977.88888888889
1688367680;11273.444444444445;29951.77777777778;11963.333333333334;15113.333333333334
1688367681;11284.111111111111;29954.111111111113;11955.77777777778;15073.88888888889
1688367682;11296.111111111111;29766.666666666668;11956.666666666668;15211.555555555557
1688367683;11293.333333333334;29193.222222222223;11858.111111111111;15211.444444444445
1688367684;11300.88888888889;29404.55555555556;11950.88888888889;15207.555555555557
1688367685;11309.77777777778;25944.444444444445;11949.88888888889;15208.222222222223
1688367686;11315.77777777778;23166.111111111113;11950.111111111111;15280.555555555557
1688367687;11327.88888888889;23648.88888888889;11944.555555555557;15281.222222222223
1688367688;11327.444444444445;23738.111111111113;11944.555555555557;15282.333333333334
1688367689;11324.555555555557;21298.333333333336;11899.555555555557;15147.222222222223
1688367690;11322.77777777778;23966.77777777778;11900.666666666668;15151.222222222223
1688367691;11303.444444444445;23342.666666666668;11947.444444444445;15155.333333333334
1688367692;11304;24010.666666666668;11948.77777777778;15157.666666666668
1688367693;11303.555555555557;22622.333333333336;11857.222222222223;15156.222222222223
1688367694;11301.444444444445;24131.111111111113;11950.444444444445;15156.444444444445
1688367695;11295.222222222223;22546.88888888889;11949.666666666668;15084.111111111111
1688367696;11288.77777777778;23110.333333333336;12007.111111111111;15087.88888888889
1688367697;11307.77777777778;22252.77777777778;12006.88888888889;15087.222222222223
1688367698;11309.333333333334;23496.333333333336;12008.444444444445;15079.111111111111
1688367699;11309.555555555557;19712;12027.666666666668;15078.222222222223
1688367700;11311.111111111111;23905.55555555556;12008.666666666668;14932.000000000002
1688367701;11313.111111111111;23263.333333333336;12070.222222222223;15086.000000000002
1688367702;11306.77777777778;23396.77777777778;12080.444444444445;15088.111111111111
1688367703;11299.666666666668;22143.222222222223;12024.88888888889;15095.555555555557
1688367704;11298.77777777778;23684.444444444445;12026;15097.555555555557
1688367705;11293.333333333334;23204.55555555556;12061.222222222223;15098.88888888889
1688367706;11273.444444444445;25861;12062.555555555557;15106.77777777778
1688367707;11273.77777777778;27769.444444444445;12063.88888888889;15115.111111111111
1688367708;11265.555555555557;29482.333333333336;12046.222222222223;15122.444444444445
1688367709;11264;26428.444444444445;12019.77777777778;15167.111111111111
1688367710;11262.88888888889;27554.222222222223;11967.222222222223;15013.000000000002
1688367711;11263.222222222223;30014.111111111113;12015.222222222223;15161.444444444445
1688367712;11280.77777777778;29361.000000000004;11978.444444444445;15169.666666666668
1688367713;11287.77777777778;28990.88888888889;11979.111111111111;15167.666666666668
1688367714;11286.555555555557;27854.222222222223;11887.666666666668;15161.222222222223
1688367715;11690.222222222223;26337.222222222223;11983.88888888889;15163.555555555557
1688367716;10544964.111111112;23587.333333333336;11983.222222222223;15332.666666666668
1688367717;23413873.77777778;23426.666666666668;11982.222222222223;24720.222222222223
1688367718;36484271.11111111;23872.88888888889;11983.111111111111;41201.333333333336
1688367719;49793149.55555556;23560.55555555556;11985;60364.222222222226
1688367720;62768936.888888896;22988.333333333336;11929.88888888889;78349.55555555556
1688367721;75713949.22222222;25194.77777777778;11987.333333333334;95820.22222222223
1688367722;88826426.11111112;24287.666666666668;11987.222222222223;113927.11111111112
1688367723;101833095.66666667;25751;11984.444444444445;130902.44444444445
1688367724;114758372.8888889;24253.88888888889;11886.88888888889;146874.6666666667
1688367725;117417986.44444445;25362.666666666668;11975.77777777778;155701.55555555556
1688367726;117048687.8888889;25181.88888888889;11984.444444444445;155146.44444444447
1688367727;117158814.8888889;25185.333333333336;11990.555555555557;156674
1688367728;116200231.00000001;24425.222222222223;11987;155188.44444444447
1688367729;116107590.22222222;23938.111111111113;11999.666666666668;155343.11111111112
1688367730;115411551.77777779;22824.333333333336;11962.88888888889;154646.22222222222
1688367731;115449045.77777779;30049.88888888889;12027.222222222223;154393.11111111112
1688367732;115463934.55555557;27749.88888888889;12062;155478.8888888889
1688367733;115623197.77777779;28395.222222222223;12069.77777777778;157616.6666666667
1688367734;115422746.33333334;27080.77777777778;11977.111111111111;159661.77777777778
1688367735;115791250.11111112;26236.77777777778;12043.333333333334;160472.22222222222
1688367736;115547935.22222222;29648.444444444445;12050.88888888889;159542.22222222222
1688367737;116346251.22222222;31240.333333333336;12043.666666666668;159931.55555555556
1688367738;116039839.55555557;32431.444444444445;12033.88888888889;158678.8888888889
1688367739;116855485.66666667;30751.77777777778;12012.666666666668;157202.8888888889
1688367740;116753065.55555557;26465.55555555556;11948.666666666668;156888.6666666667
1688367741;116756536.33333334;28383.000000000004;11971.444444444445;156448.44444444447
1688367742;116389616.33333334;28994.444444444445;11965.77777777778;156826.22222222222
1688367743;116143720.8888889;27973.444444444445;11969;156200.6666666667
1688367744;115789852.22222222;28547.55555555556;11894.555555555557;156567.33333333334
1688367745;109046483.44444445;25062.55555555556;11879.666666666668;153880.8888888889
1688367746;95897871.22222222;23240;11976.666666666668;135837.55555555556
1688367747;87741907.44444445;21923.88888888889;11971;118919.55555555556
1688367748;87373919.8888889;22983.55555555556;11971.555555555557;119665.33333333334
1688367749;87342288.44444445;21432.88888888889;11971.222222222223;119249.11111111112
1688367750;87443405.33333334;20952.222222222223;11916.77777777778;117397.11111111112
1688367751;87630736.33333334;21671.444444444445;11915.555555555557;114430.00000000001
1688367752;87964327.33333334;23131.88888888889;11970.555555555557;113286.88888888889
1688367753;88503492.66666667;23134.88888888889;11978.111111111111;113638.00000000001
1688367754;95400585.11111112;22610.666666666668;11977.222222222223;116381.33333333334
1688367755;105159387;22474.111111111113;11922.444444444445;133076.22222222222
1688367756;112992173.8888889;22539.666666666668;12011.444444444445;140798.44444444447
1688367757;113410345.55555557;22541.111111111113;12010.77777777778;139988.6666666667
1688367758;113462888.55555557;23299;12008.333333333334;140638.22222222222
1688367759;113420236.22222222;22280.666666666668;12026.444444444445;141780
1688367760;113642391.66666667;21176.77777777778;12026.666666666668;142515.11111111112
1688367761;106872695.8888889;20954.77777777778;11971.88888888889;140085.55555555556
1688367762;97159096.22222222;23027.88888888889;12044.444444444445;122280.22222222223
1688367763;97267689.22222222;23015.55555555556;12053.666666666668;116483.55555555556
1688367764;100485275.55555557;23634;12013.333333333334;116055.33333333334
1688367765;101105987.77777779;22475.77777777778;11923.222222222223;124485.11111111112
1688367766;101141916.77777779;25939.444444444445;12014.555555555557;125863.11111111112
1688367767;101004486;27289.222222222223;12014.555555555557;123591.77777777778
1688367768;95241116;29091.444444444445;11993;122220.44444444445
1688367769;82113605.44444445;28511.77777777778;11989.444444444445;106123.55555555556
1688367770;75803177.22222222;29654.55555555556;11997.77777777778;91839.33333333334
1688367771;72463373.22222222;27414.55555555556;11913.555555555557;91725.77777777778
1688367772;59263857.888888896;29604.77777777778;11959.333333333334;80386.88888888889
1688367773;46287471.888888896;29228.333333333336;11956.555555555557;64096.88888888889
1688367774;33413210.111111112;30677.55555555556;11955.666666666668;47944.88888888889
1688367775;20262459.555555556;26757.333333333336;11870.111111111111;31350.222222222223
1688367776;7331420.555555556;24855.88888888889;11871.222222222223;15831.555555555557
1688367777;11300.444444444445;23003.111111111113;11962;14888.77777777778
1688367778;11299.77777777778;25091.77777777778;12010.111111111111;14880.222222222223
1688367779;11289.666666666668;22969.333333333336;12015.666666666668;14882.555555555557
1688367780;11281.333333333334;24229.444444444445;12025.333333333334;14881.77777777778
1688367781;11270.222222222223;21874.222222222223;11969.222222222223;14887.333333333334
1688367782;11278.333333333334;23391.77777777778;12033.444444444445;14733.111111111111
1688367783;11267.666666666668;22296.88888888889;12037.444444444445;14914.222222222223
1688367784;11266.77777777778;23076.666666666668;12063.555555555557;14879.222222222223
1688367785;11263.444444444445;22126.88888888889;12063;14847.444444444445
1688367786;11256.666666666668;22908.77777777778;11980.444444444445;14847.333333333334
1688367787;11274.666666666668;21501.666666666668;12042.444444444445;14846.000000000002
1688367788;11273.77777777778;21873.444444444445;12027.88888888889;14849.555555555557
1688367789;11273.444444444445;22267.666666666668;12021.555555555557;14848.77777777778
1688367790;11280.444444444445;22920.88888888889;12036.77777777778;14870.666666666668
1688367791;11279;22152.77777777778;11979.88888888889;14868.444444444445
1688367792;11278.88888888889;21842.222222222223;11977;14696.333333333334
1688367793;11280;23250.55555555556;12009.444444444445;14716.222222222223
1688367794;11290.111111111111;23234.77777777778;12011.111111111111;14811.666666666668
1688367795;11292.555555555557;23852.333333333336;12004.666666666668;14804.000000000002
1688367796;11273.333333333334;25852.55555555556;11896.111111111111;14794.666666666668
1688367797;11273.88888888889;29234.55555555556;11987.555555555557;14786.666666666668
1688367798;11322.555555555557;28101.55555555556;11987.555555555557;14786.88888888889
1688367799;11322.555555555557;29193.111111111113;11972.222222222223;14758.333333333334
1688367800;11314.88888888889;31155.000000000004;11966.555555555557;14755.666666666668
1688367801;11315.77777777778;30528.000000000004;11978.222222222223;14745.77777777778
1688367802;11323.88888888889;29200.88888888889;11915.444444444445;14702.77777777778
1688367803;11317.77777777778;30598.000000000004;11969.444444444445;14651.77777777778
1688367804;11317.222222222223;31166.222222222223;11967.77777777778;14742.444444444445
1688367805;11318.555555555557;27616.333333333336;11969.88888888889;14747.444444444445
1688367806;11327.666666666668;25505;11878.77777777778;14746.333333333334
1688367807;11286.555555555557;24545.88888888889;11877.88888888889;14744.88888888889
1688367808;11286.333333333334;24199.222222222223;11968.666666666668;14745.77777777778
1688367809;11292.666666666668;21528.111111111113;11966.333333333334;14755.000000000002
1688367810;11299.77777777778;24621.666666666668;11955.333333333334;14755.444444444445
1688367811;11290.444444444445;22952.222222222223;11953.88888888889;14745.000000000002
1688367812;11289.666666666668;22454.77777777778;11898.333333333334;14697.666666666668
1688367813;11289.111111111111;21245.444444444445;11954.666666666668;14653.555555555557
1688367814;11288.111111111111;22967.666666666668;11955.111111111111;14742.666666666668
1688367815;11278.666666666668;22425;11959.444444444445;14742.222222222223
1688367816;11271.111111111111;22393.333333333336;11959.88888888889;14750.111111111111
1688367817;11282.111111111111;21567.333333333336;11872.333333333334;14756.333333333334
1688367818;11275.444444444445;21950.222222222223;11975.77777777778;14749.000000000002
1688367819;11269;21272.111111111113;11976.333333333334;14749.333333333334
1688367820;11268.88888888889;22773.111111111113;11995.88888888889;14752.333333333334
1688367821;11268.555555555557;22521.111111111113;12014.111111111111;14778.222222222223
1688367822;11275.444444444445;21331.88888888889;11966.666666666668;14732.222222222223
1688367823;11274.444444444445;21355.333333333336;12026.222222222223;14705.444444444445
1688367824;11283.444444444445;22311.55555555556;12021.555555555557;14797.88888888889
1688367825;11282.555555555557;23684.111111111113;12021.222222222223;14796.000000000002
1688367826;11270.555555555557;25754;12021.111111111111;14788.333333333334
1688367827;11269.666666666668;27177.222222222223;11919.222222222223;14788.111111111111
1688367828;11275.77777777778;27745.77777777778;12001.333333333334;14787.88888888889
1688367829;11274.444444444445;27104.55555555556;12007;14800.77777777778
1688367830;11272.444444444445;29145.77777777778;11990.111111111111;14776.333333333334
1688367831;11265.88888888889;28986.222222222223;12017.222222222223;14775.333333333334
1688367832;11276;28964.000000000004;11957.555555555557;14710.000000000002
1688367833;11267.111111111111;26750.55555555556;12003.333333333334;14620.000000000002
1688367834;11266.88888888889;28849.111111111113;12002.333333333334;14685.000000000002
1688367835;11259.666666666668;25650.333333333336;12006.222222222223;14774.111111111111
1688367836;11266;23637.77777777778;12006.666666666668;14771.444444444445
1688367837;11257.666666666668;21980.111111111113;11924.111111111111;14772.222222222223
1688367838;11257.88888888889;21835.444444444445;11900.222222222223;14756.333333333334
1688367839;11259.222222222223;21297.111111111113;11996;14754.88888888889
1688367840;11259.666666666668;23241.222222222223;11967.88888888889;14754.000000000002
1688367841;11250.333333333334;23082.222222222223;11965.555555555557;14752.555555555557
1688367842;11251;23280.666666666668;11920.88888888889;14750.77777777778
1688367843;11251.333333333334;20571.77777777778;11923.222222222223;14680.555555555557
1688367844;11259.222222222223;22825.444444444445;11973.111111111111;14661.000000000002
1688367845;11253.111111111111;24419.333333333336;11969.222222222223;14752.000000000002
1688367846;11253.222222222223;23822.111111111113;11969.88888888889;14748.77777777778
1688367847;11263.77777777778;24563.666666666668;11990.666666666668;14748.88888888889
1688367848;11262.333333333334;22332.55555555556;11953.77777777778;14764.88888888889
1688367849;11261.88888888889;23597.88888888889;12040;14773.555555555557
1688367850;11269.555555555557;23727.55555555556;12050.444444444445;14831.333333333334
1688367851;11269.666666666668;24968.77777777778;12058.77777777778;14833.666666666668
1688367852;11267.444444444445;23921.77777777778;12057.555555555557;14880.333333333334
1688367853;11266.555555555557;22303;12010.222222222223;14814.333333333334
1688367854;11274.666666666668;21361.666666666668;12072.111111111111;14795.555555555557
1688367855;11275.555555555557;23008.111111111113;12072.88888888889;14880.77777777778
1688367856;11272.333333333334;25601.222222222223;12052.88888888889;14880.444444444445
1688367857;11281.111111111111;28749.111111111113;11995.111111111111;14864.666666666668
1688367858;11290.77777777778;27023.111111111113;11904.333333333334;14855.000000000002
1688367859;11283.111111111111;26557.444444444445;11985.111111111111;14799.333333333334
1688367860;11283.222222222223;28340.666666666668;11977;14796.77777777778
1688367861;11292.88888888889;29616.88888888889;11996;14803.222222222223
1688367862;11303.77777777778;29632.55555555556;11988.666666666668;14808.88888888889
1688367863;11296.333333333334;28371.111111111113;11929.77777777778;14739.222222222223
1688367864;11296.555555555557;27798.000000000004;11984.666666666668;14698.111111111111
1688367865;11290.111111111111;25887.55555555556;11992.333333333334;14782.444444444445
1688367866;11291.88888888889;23455.88888888889;11990;14784.111111111111
1688367867;11295.111111111111;23227.77777777778;12029.333333333334;14787.444444444445
1688367868;11301.555555555557;23138.55555555556;11941.222222222223;14795.111111111111
1688367869;11309.111111111111;21076.222222222223;12031.77777777778;14799.333333333334
1688367870;11302.444444444445;22843.666666666668;12015.111111111111;14746.77777777778
1688367871;11292.666666666668;22520.88888888889;12014.333333333334;14739.111111111111
1688367872;11291.111111111111;23356.55555555556;12015.555555555557;14737.222222222223
1688367873;11297.222222222223;22235.88888888889;11958.666666666668;14696.111111111111
1688367874;11303.333333333334;22165.77777777778;12006.555555555557;14677.000000000002
1688367875;11295.333333333334;22532.77777777778;12014.444444444445;14775.88888888889
1688367876;11282.88888888889;23789.88888888889;11972.333333333334;14783.444444444445
1688367877;11295.333333333334;23075.55555555556;11970.555555555557;14775.222222222223
1688367878;11295.333333333334;24002.88888888889;11880.666666666668;14777.111111111111
1688367879;11303;21359.666666666668;11878.77777777778;14784.000000000002
1688367880;8144645.666666667;24006.333333333336;11972.555555555557;15115.222222222223
1688367881;20871543.333333336;24179.222222222223;11990.222222222223;21846
1688367882;33432081.222222224;24772.77777777778;11992.77777777778;33910.444444444445
1688367883;46542084.11111111;23660.222222222223;11944;47144
1688367884;59430081.00000001;24146.88888888889;11993.88888888889;63529.11111111112
1688367885;72235460.8888889;23842.55555555556;11995.555555555557;73912
1688367886;85096327;27864.444444444445;11995.111111111111;91140
1688367887;98282933.11111112;29582.333333333336;11992;109194.22222222223
1688367888;111207126.8888889;30156.88888888889;11992.333333333334;127828.66666666667
1688367889;116235556.11111112;27943.666666666668;11906;141013.55555555556
1688367890;116334909.00000001;29159.333333333336;11984.555555555557;142732.8888888889
1688367891;116299302.22222222;29464.88888888889;12029.333333333334;147134.22222222222
1688367892;116090001.11111112;28882.000000000004;12019.77777777778;150395.55555555556
1688367893;116094823.11111112;28214.55555555556;11962.77777777778;152778.44444444447
1688367894;116417288.00000001;26804.111111111113;11962;160178.8888888889
1688367895;116319556.44444445;23960.333333333336;12029;160134.22222222222
1688367896;116395407.66666667;22149.77777777778;12035.444444444445;160110.22222222222
1688367897;116347638.77777779;22172;12036.666666666668;159228.22222222222
1688367898;116211692.55555557;22678;12029.666666666668;159914.8888888889
1688367899;116429932.44444445;21069.111111111113;11938.88888888889;158608.22222222222
1688367900;117124516.44444445;22821.55555555556;11974;161352.22222222222
1688367901;117069312.44444445;23594.444444444445;11991.444444444445;161467.33333333334
1688367902;116919738.22222222;22112.444444444445;11993.333333333334;159662.22222222222
1688367903;116993316.33333334;22641.77777777778;11993.444444444445;159177.55555555556
1688367904;117257874.44444445;22246;11934.222222222223;160076.8888888889
1688367905;117277414.22222222;21582.77777777778;11986;160854.8888888889
1688367906;117123274.11111112;21983;11993.222222222223;160488.44444444447
1688367907;117067492.33333334;22022.55555555556;12001.555555555557;159469.77777777778
1688367908;116773215.11111112;22492.666666666668;12004.444444444445;160157.11111111112
1688367909;114770629.22222222;20369.222222222223;11926;156073.77777777778
1688367910;101925143.44444445;22355.333333333336;11919;145923.77777777778
1688367911;89181900.77777779;23113.222222222223;12008;128960.8888888889
1688367912;78628606.8888889;23018.444444444445;12009.666666666668;111675.77777777778
1688367913;78767057.44444445;22816.77777777778;12004.77777777778;107684.88888888889
1688367914;78510252.11111112;22937;11955;105014.88888888889
1688367915;78770206.22222222;26816.88888888889;12034.666666666668;103262.66666666667
1688367916;78955783.55555557;30013.333333333336;12026.666666666668;101502.66666666667
1688367917;79201258.44444445;33595.11111111112;12016.444444444445;100106.66666666667
1688367918;81124578.8888889;34076;12013.666666666668;101940
1688367919;93951404;31841.111111111113;12005;111388.66666666667
1688367920;103258455.77777779;34392.66666666667;11917.666666666668;128181.33333333334
1688367921;113567557.8888889;34522.444444444445;11917.88888888889;136861.77777777778
1688367922;113528465.33333334;34393.222222222226;12006.444444444445;137472.22222222222
1688367923;113438029.11111112;33902.222222222226;12001.666666666668;137900.8888888889
1688367924;113105112.44444445;30487.333333333336;11914.555555555557;137383.55555555556
1688367925;113088965.11111112;26630.444444444445;11976.77777777778;136701.55555555556
1688367926;103355152.11111112;23804.88888888889;11978.111111111111;130612.8888888889
1688367927;91958273.11111112;23655.111111111113;11977.333333333334;113680.22222222223
1688367928;92018090.22222222;24116.666666666668;11984.111111111111;108272.88888888889
1688367929;95732633.77777779;21110.222222222223;11981.333333333334;106807.55555555556
1688367930;95958744;23329.77777777778;12046.333333333334;114430.22222222223
1688367931;95809708.8888889;22966.111111111113;11956.222222222223;116377.33333333334
1688367932;95861272.11111112;24187.55555555556;12043.666666666668;115937.55555555556
1688367933;95203963.22222222;23065.55555555556;12103.333333333334;114550.88888888889
1688367934;83851091.66666667;24223.77777777778;12041.444444444445;106677.55555555556
1688367935;80589220.33333334;22417.222222222223;12050.333333333334;96087.55555555556
1688367936;78845848.11111112;24121;12106.555555555557;96072.88888888889
1688367937;65959201.333333336;23778.444444444445;12101.88888888889;85588.66666666667
1688367938;52937606.11111111;25793.333333333336;12102.555555555557;70244.22222222223
1688367939;39754268;22427.88888888889;12037.88888888889;53927.55555555556
1688367940;26776235.444444448;25158.77777777778;12059.666666666668;37295.333333333336
1688367941;13789910.777777778;30546.222222222223;11991;21134
1688367942;1797892.888888889;31592.222222222223;12023.222222222223;14672.666666666668
1688367943;11284.77777777778;29763.55555555556;12022.444444444445;14611.111111111111
1688367944;11283.333333333334;31573.333333333336;12022.222222222223;14618.111111111111
1688367945;11280;28314.000000000004;11970;14546.77777777778
1688367946;11268.88888888889;36634.333333333336;12184.444444444445;14450.77777777778
1688367947;11268.444444444445;37409;12182.88888888889;14523.111111111111
1688367948;11267.111111111111;40271.444444444445;12180.222222222223;14533.666666666668
1688367949;11265.555555555557;37158.66666666667;12157.222222222223;14548.222222222223
1688367950;11267.555555555557;32629.222222222226;12136.555555555557;14532.444444444445
1688367951;11266.555555555557;31387.222222222223;12053.111111111111;14504.333333333334
1688367952;11277.666666666668;33451.66666666667;12158.666666666668;14505.77777777778
1688367953;11277.666666666668;31854.77777777778;12149.88888888889;14539.88888888889
1688367954;11279.111111111111;33520.11111111112;12184.555555555557;14540.666666666668
1688367955;11277.88888888889;25035.333333333336;11966.77777777778;14473.555555555557
1688367956;11276.77777777778;23780.111111111113;12017.333333333334;14471.555555555557
1688367957;11277.333333333334;21801.222222222223;12017.111111111111;14456.111111111111
1688367958;11279.111111111111;24408.666666666668;12016.77777777778;14537.88888888889
1688367959;11276.88888888889;22273.444444444445;12018.111111111111;14537.222222222223
1688367960;11276.88888888889;23769.333333333336;12016.666666666668;14539.666666666668
1688367961;11267.333333333334;22432.55555555556;11911.555555555557;14562.555555555557
1688367962;11268.111111111111;24514.222222222223;11912.555555555557;14521.88888888889
1688367963;11291.555555555557;24592.222222222223;11964.111111111111;14531.222222222223
1688367964;11318.222222222223;24354.77777777778;11965.111111111111;14539.111111111111
1688367965;11319.666666666668;23701.111111111113;11921.111111111111;14464.333333333334
1688367966;11318.111111111111;23461.666666666668;11976.77777777778;14519.333333333334
1688367967;11328;22143.222222222223;11991.88888888889;14421.000000000002
1688367968;11326.88888888889;23259.111111111113;11989.111111111111;14420.111111111111
1688367969;11324;21858.333333333336;11983.111111111111;14501.333333333334
1688367970;11319.77777777778;25020.55555555556;11990.333333333334;14479.333333333334
1688367971;11317.666666666668;22677;11990.444444444445;14485.77777777778
1688367972;11296.666666666668;23391.77777777778;11901.88888888889;14487.666666666668
1688367973;11276.77777777778;23224.222222222223;11999.222222222223;14479.444444444445
1688367974;11275.444444444445;24725.88888888889;11992.111111111111;14490.333333333334
1688367975;11273.88888888889;24076.222222222223;11937;14436.666666666668
1688367976;11262.666666666668;27653.222222222223;11970.222222222223;14501.444444444445
1688367977;11263.555555555557;29033.666666666668;11977.88888888889;14509.555555555557
1688367978;11265;30066.55555555556;11982.222222222223;14454.666666666668
1688367979;11265.333333333334;28875.111111111113;11974.77777777778;14521.88888888889
1688367980;11266.111111111111;30941.55555555556;12008.666666666668;14541.666666666668
1688367981;11263.555555555557;29733.111111111113;12024.77777777778;14528.555555555557
1688367982;11266.77777777778;30618.77777777778;11928;14538.000000000002
1688367983;11266.555555555557;29373.88888888889;11928.555555555557;14527.77777777778
1688367984;11269.666666666668;29728.333333333336;12018.444444444445;14528.666666666668
1688367985;11269.111111111111;26545.77777777778;11970.77777777778;14465.222222222223
1688367986;11267.77777777778;23634.77777777778;11964;14466.77777777778
1688367987;11266.444444444445;23349.111111111113;12002.444444444445;14468.88888888889
1688367988;11274.88888888889;21471.666666666668;12010;14392.222222222223
1688367989;11274.88888888889;21413.111111111113;11973.77777777778;14365.88888888889
1688367990;11274.555555555557;23541.333333333336;11956;14463.77777777778
1688367991;11263.666666666668;22851.444444444445;11955.111111111111;14459.666666666668
1688367992;11262.77777777778;23239.666666666668;11955;14468.555555555557
1688367993;11262.222222222223;23656;11867.222222222223;14467.666666666668
1688367994;11263.333333333334;23489.77777777778;11958.77777777778;14477.222222222223
1688367995;11264.444444444445;23995.666666666668;11965.88888888889;14476.555555555557
1688367996;11266.77777777778;23613.88888888889;11922.88888888889;14438.000000000002
1688367997;11271.111111111111;24596.333333333336;11958.666666666668;14501.222222222223
1688367998;11271.333333333334;23881;12026.77777777778;14494.444444444445
1688367999;11271.333333333334;21226.222222222223;12028.77777777778;14398.444444444445
1688368000;11272.333333333334;24336.222222222223;12049;14483.222222222223
1688368001;11273.666666666668;22414.666666666668;12048.222222222223;14494.333333333334
1688368002;11272.555555555557;23457.666666666668;12045.555555555557;14493.222222222223
1688368003;11273.222222222223;22884.55555555556;11954.88888888889;14485.222222222223
1688368004;11271.333333333334;24150.55555555556;12045.222222222223;14482.88888888889
1688368005;11270.222222222223;23030.77777777778;12045.444444444445;14482.88888888889
1688368006;11256.666666666668;26294.88888888889;12001.444444444445;14417.555555555557
1688368007;11255.111111111111;27991.77777777778;11989;14544.000000000002
1688368008;11253.555555555557;30357.77777777778;11984.88888888889;14543.444444444445
1688368009;11252.111111111111;26308.111111111113;11964.88888888889;14467.222222222223
1688368010;11251.111111111111;30560.000000000004;11964.222222222223;14521.77777777778
1688368011;11251.333333333334;28633.222222222223;11997.333333333334;14537.000000000002
1688368012;11260;29182.666666666668;11996.222222222223;14544.666666666668
1688368013;11260.88888888889;28086.77777777778;11906;14540.444444444445
1688368014;11259.111111111111;29199.222222222223;11978.333333333334;14540.555555555557
1688368015;11259.444444444445;25055.666666666668;11992.111111111111;14545.88888888889
1688368016;11261.555555555557;23103;11936.333333333334;14445.222222222223
1688368017;11262.555555555557;21515.444444444445;11994.555555555557;14513.444444444445
1688368018;11262.88888888889;23317.444444444445;11994.444444444445;14500.88888888889
1688368019;11263.222222222223;19815.666666666668;12004.444444444445;14429.666666666668
1688368020;11262.555555555557;22965.88888888889;11981.222222222223;14417.77777777778
1688368021;11254.555555555557;22424.111111111113;11992.444444444445;14508.333333333334
1688368022;11255.222222222223;22061.77777777778;11993.555555555557;14505.333333333334
1688368023;11256.88888888889;22141;12075;14507.111111111111
1688368024;11259.444444444445;23058.55555555556;12063.333333333334;14511.000000000002
1688368025;11259.333333333334;22332.77777777778;12207.444444444445;14494.666666666668
1688368026;11267;22331.111111111113;12160.88888888889;14427.666666666668
1688368027;11279.111111111111;22161.666666666668;12161.111111111111;14429.333333333334
1688368028;11279.333333333334;23368.666666666668;12209.333333333334;14481.111111111111
1688368029;11281.222222222223;20881.444444444445;12199.77777777778;14486.111111111111
1688368030;11278.88888888889;22869.55555555556;12189.333333333334;14410.000000000002
1688368031;11280.555555555557;23705;12181.111111111111;14536.666666666668
1688368032;11285.222222222223;23320.77777777778;12028.222222222223;14605.111111111111
1688368033;11284.77777777778;23019.88888888889;12034.444444444445;14600.88888888889
1688368034;11283.555555555557;23647.77777777778;11894.88888888889;14605.88888888889
1688368035;11274.333333333334;23253.77777777778;11887.555555555557;14605.88888888889
1688368036;11263;27029.333333333336;11979.222222222223;14604.000000000002
1688368037;11261.666666666668;28510.000000000004;11922.88888888889;14556.555555555557
1688368038;11262;30286.55555555556;11979.666666666668;14604.222222222223
1688368039;11261.111111111111;28154.55555555556;11987.111111111111;14582.333333333334
1688368040;11258.77777777778;27889.444444444445;11988;14457.444444444445
1688368041;11993.333333333334;30955.000000000004;12005.222222222223;14388.77777777778
1688368042;12976.666666666668;29852.222222222223;11999.88888888889;14701.444444444445
1688368043;4230185.222222223;31157.77777777778;11997.77777777778;14812.111111111111
1688368044;17170170.222222224;31150.77777777778;11997;19088.666666666668
1688368045;30148344.000000004;27697.77777777778;11906.222222222223;36887.77777777778
1688368046;43204650.888888896;25054;11997.77777777778;54659.333333333336
1688368047;56312630.333333336;24445.666666666668;11941.666666666668;71192.22222222223
1688368048;69451828.33333334;24743.111111111113;11997.88888888889;87764.88888888889
1688368049;82392104.55555557;24580.77777777778;11997.555555555557;105091.11111111112
1688368050;95587792.55555557;21924.55555555556;11978;122468.00000000001
1688368051;108460866.44444445;23763.333333333336;11975.111111111111;139488.6666666667
1688368052;117256546.55555557;22719.88888888889;11974.555555555557;156461.77777777778
1688368053;117293710.11111112;22398.77777777778;11972.222222222223;155815.11111111112
1688368054;117477429.8888889;22871.77777777778;11972.666666666668;155801.33333333334
1688368055;117577310.44444445;22299.111111111113;11887;155475.11111111112
1688368056;117221547.00000001;22528.666666666668;11996.444444444445;155436.22222222222
1688368057;117179570.44444445;25799.77777777778;11933.333333333334;155884.22222222222
1688368058;116987354.33333334;27244.666666666668;12015.666666666668;155946.22222222222
1688368059;116537317.22222222;26091.444444444445;12016.111111111111;156424.44444444447
1688368060;116380639.00000001;26730.000000000004;12018.666666666668;157031.77777777778
1688368061;116347744.66666667;26256.88888888889;12017;158234
1688368062;116042860.00000001;27402.000000000004;12018;157186.44444444447
1688368063;115894761.8888889;25544.55555555556;12016.111111111111;157249.77777777778
1688368064;115776598.33333334;27631.000000000004;12016.88888888889;158276.44444444447
1688368065;116097420.11111112;26362.77777777778;11907.333333333334;160874.22222222222
1688368066;115957488.77777779;26307.77777777778;11996.77777777778;162266.22222222222
1688368067;116233871.55555557;28025.666666666668;11913.333333333334;162377.77777777778
1688368068;116200638.55555557;29615.88888888889;11914.222222222223;162702.44444444447
1688368069;116561584.77777779;27374.111111111113;12010.555555555557;161084.22222222222
1688368070;116706258.66666667;28263.77777777778;12027.111111111111;160019.11111111112
1688368071;117045464.77777779;27649.77777777778;12042.444444444445;163142
1688368072;114695534.55555557;30380.333333333336;12041.77777777778;161830.22222222222
1688368073;101657519.77777779;28183.111111111113;12041;146835.55555555556
1688368074;88584479.8888889;30442.000000000004;12042.444444444445;127743.77777777778
1688368075;86170851;25844.55555555556;11952.666666666668;115812.00000000001
1688368076;85920200.44444445;24017.333333333336;11951.555555555557;114732.00000000001
1688368077;86211202.22222222;22563.88888888889;12040.444444444445;112206.66666666667
1688368078;86327298.55555557;23987.77777777778;11940.666666666668;112070.88888888889
1688368079;86100814.77777779;22506.88888888889;11987.77777777778;111051.33333333334
1688368080;85965993.77777779;22573;11970.666666666668;108500.66666666667
1688368081;87973839.11111112;21752.77777777778;11971;109336.44444444445
1688368082;100387311.8888889;22541.88888888889;11979.444444444445;123648.00000000001
1688368083;101363670.44444445;22015.77777777778;11985.222222222223;130756.00000000001
1688368084;103438503.66666667;23453;11985.111111111111;131104.8888888889
1688368085;103748126.55555557;21875.111111111113;12038.88888888889;129466.66666666667
1688368086;103794891.66666667;22579;11957.111111111111;130607.55555555556
1688368087;103665655.11111112;21381.222222222223;12055.666666666668;130640.22222222223
1688368088;104052453.66666667;22506.222222222223;11993.77777777778;131433.33333333334
1688368089;102814248;22711.55555555556;12051.666666666668;128842.66666666667
1688368090;103145881.55555557;21411.333333333336;12052;126174.88888888889
1688368091;103860974.11111112;22022.666666666668;12036.88888888889;125436.00000000001
1688368092;115914760.66666667;20268.55555555556;12028.88888888889;135606.8888888889
1688368093;116193703.44444445;21125.111111111113;12029.222222222223;143256.22222222222
1688368094;115921647.11111112;22607;11978.555555555557;143803.77777777778
1688368095;111814495.33333334;21594.88888888889;11971;143985.55555555556
1688368096;98749308;24958.222222222223;11874.222222222223;129391.33333333334
1688368097;85464325;26803.444444444445;11949;112490.44444444445
1688368098;73825889.11111112;26841.111111111113;11909.666666666668;98009.11111111112
1688368099;60822552.222222224;27396.222222222223;11973.77777777778;83304.22222222223
1688368100;47693978.55555556;28435.444444444445;11977.111111111111;66271.33333333334
1688368101;34663841.11111111;28539.444444444445;11995.555555555557;48975.333333333336
1688368102;21766417.555555556;27507.666666666668;11997;34526.88888888889
1688368103;8955059.111111112;25774.55555555556;11994.333333333334;19168.222222222223
1688368104;11287.88888888889;28380.88888888889;11993.222222222223;14087.88888888889
1688368105;11290.111111111111;25437;11993;14180.333333333334
1688368106;11292;23970.77777777778;11918.666666666668;14172.333333333334
1688368107;11284.88888888889;23386.333333333336;11902.666666666668;14171.88888888889
1688368108;11276.77777777778;23558.88888888889;11934.444444444445;14114.88888888889
1688368109;11276.555555555557;22451.333333333336;11985.333333333334;14161.555555555557
1688368110;11268;23488;11966;14162.111111111111
1688368111;11255.333333333334;24222.444444444445;11962.444444444445;14162.555555555557
1688368112;11253.77777777778;23892.55555555556;11964.666666666668;14164.444444444445
1688368113;11251.444444444445;22789.444444444445;11963.666666666668;14157.222222222223
1688368114;11258.222222222223;23283;11962.222222222223;14062.555555555557
1688368115;11262.222222222223;22957.444444444445;11968.333333333334;14153.77777777778
1688368116;11262.666666666668;23146.111111111113;11986.77777777778;14153.222222222223
1688368117;11273.88888888889;22784.222222222223;11890.88888888889;14155.77777777778
1688368118;11282.77777777778;22667.666666666668;11939.666666666668;14109.222222222223
1688368119;11290.111111111111;21859.666666666668;11940;14173.222222222223
1688368120;11290.444444444445;23027.333333333336;11973.88888888889;14163.88888888889
1688368121;11292.77777777778;23133.77777777778;11974.222222222223;14164.333333333334
1688368122;11294.444444444445;22777.55555555556;11976.222222222223;14184.77777777778
1688368123;11287.666666666668;21392.222222222223;11976.88888888889;14184.666666666668
1688368124;11283.77777777778;22357.666666666668;11969.88888888889;14094.333333333334
1688368125;11331.666666666668;22815.77777777778;11959.111111111111;14196.88888888889
1688368126;11319.77777777778;25511.88888888889;11958.444444444445;14193.88888888889
1688368127;11311.444444444445;27743.88888888889;11854.666666666668;14194.333333333334
1688368128;11305.222222222223;28878.666666666668;11945.88888888889;14128.555555555557
1688368129;11302.111111111111;26880.88888888889;11911.555555555557;14177.222222222223
1688368130;11299.444444444445;29549.88888888889;11955.88888888889;14188.77777777778
1688368131;11299.88888888889;29006.88888888889;11979.222222222223;14176.222222222223
1688368132;11308.111111111111;29323.88888888889;11986;14192.111111111111
1688368133;11306.444444444445;27658.444444444445;11992.222222222223;14246.444444444445
1688368134;11257.111111111111;28930.444444444445;11983.666666666668;14143.88888888889
1688368135;11257.444444444445;26101.77777777778;11982.666666666668;14234.77777777778
1688368136;11256.444444444445;24124.666666666668;11982.88888888889;14252.333333333334
1688368137;11255.88888888889;22033.88888888889;11899.333333333334;14254.444444444445
1688368138;11258.222222222223;24382.77777777778;11996.111111111111;14203.444444444445
1688368139;11267;21199.222222222223;12040.333333333334;14245.88888888889
1688368140;11273.666666666668;22201.333333333336;12071.88888888889;14238.444444444445
1688368141;11264.666666666668;22552.333333333336;12066.88888888889;14228.222222222223
1688368142;11263.111111111111;23218.333333333336;12060.333333333334;14173.555555555557
1688368143;11262.77777777778;20890.222222222223;12068.333333333334;14176.444444444445
1688368144;11262.555555555557;22620.111111111113;12079.666666666668;14092.555555555557
1688368145;11269;21798.88888888889;12087.88888888889;14073.000000000002
1688368146;11270.666666666668;24431.55555555556;12096.333333333334;14168.111111111111
1688368147;11282.333333333334;20878.444444444445;12001.666666666668;14169.444444444445
1688368148;11273.77777777778;23085.55555555556;11911;14116.666666666668
1688368149;11272.88888888889;22170.444444444445;11944.444444444445;14173.000000000002
1688368150;11273.77777777778;21960.77777777778;11999.88888888889;14175.000000000002
1688368151;11282.222222222223;23298.55555555556;11999.444444444445;14173.88888888889
1688368152;11296.555555555557;22783.111111111113;11990.222222222223;14206.444444444445
1688368153;11304.88888888889;21971.77777777778;11981.88888888889;14207.000000000002
1688368154;11298.222222222223;22068.111111111113;11974.222222222223;14207.77777777778
1688368155;11306.77777777778;20755.333333333336;11958.555555555557;14114.111111111111
1688368156;11296.111111111111;26957.666666666668;11958.666666666668;14192.555555555557
1688368157;11296.88888888889;27243.88888888889;11959.444444444445;14213.555555555557
1688368158;11289.111111111111;28698.88888888889;11870.111111111111;14156.222222222223
1688368159;11294.555555555557;29860.222222222223;11911.555555555557;14163.77777777778
1688368160;11287.444444444445;28465.333333333336;11910.88888888889;14236.444444444445
1688368161;11275.111111111111;30252.77777777778;11968;14209.444444444445
1688368162;11280.666666666668;29051.333333333336;11986.666666666668;14208.555555555557
1688368163;11287.88888888889;29919.77777777778;11989.555555555557;14277.222222222223
1688368164;11286.77777777778;29099.333333333336;11990.444444444445;14273.77777777778
1688368165;11283.88888888889;24298.77777777778;11990.333333333334;14203.555555555557
1688368166;11285;23371.333333333336;11990.77777777778;14189.666666666668
1688368167;11291.77777777778;22681.222222222223;11989.88888888889;14265.444444444445
1688368168;11292.222222222223;21784.222222222223;11896.444444444445;14260.000000000002
1688368169;11299.111111111111;21738.77777777778;11987.222222222223;14195.88888888889
1688368170;11304.111111111111;20625.111111111113;11934.666666666668;14234.111111111111
1688368171;11298.111111111111;22436.222222222223;11973.88888888889;14270.77777777778
1688368172;11292.111111111111;21797.88888888889;11970.444444444445;14201.666666666668
1688368173;11283.222222222223;22112.55555555556;11967.88888888889;14202.444444444445
1688368174;11285.333333333334;22399.68895800933;11967.222222222223;14196.333333333334
1688368175;11283.333333333334;21939;11972.666666666668;14188.222222222223
1688368176;11277.555555555557;23392.666666666668;11994;14113.666666666668
1688368177;11282.333333333334;22773.55555555556;11991.333333333334;14101.444444444445
1688368178;11273.555555555557;22923.77777777778;11902.77777777778;14183.444444444445
1688368179;11266.555555555557;22906.666666666668;11999.444444444445;14138.555555555557
1688368180;11266.111111111111;23225.222222222223;11944.333333333334;14159.444444444445
1688368181;11265.555555555557;22309.444444444445;12003.77777777778;14159.444444444445
1688368182;11265.111111111111;23634;12009.222222222223;14179.88888888889
1688368183;11264;22148.810846854856;12013.222222222223;14181.222222222223
1688368184;11265.666666666668;23252.88888888889;12011.111111111111;14179.555555555557
1688368185;11264.222222222223;20589.333333333336;11992.88888888889;14178.77777777778
1688368186;11253.88888888889;25528;12001.333333333334;14180.222222222223
1688368187;11255.77777777778;27327.222222222223;12000.111111111111;14091.000000000002
1688368188;11257.88888888889;29304.333333333336;11900.88888888889;14185.444444444445
1688368189;11252.111111111111;26700.222222222223;11988.77777777778;14121.333333333334
1688368190;11252.222222222223;28710.333333333336;11934;14120.77777777778
1688368191;11260.555555555557;27269.444444444445;12004.111111111111;14155.666666666668
1688368192;11273.111111111111;29588.77777777778;12002.222222222223;14152.77777777778
1688368193;11273.333333333334;27741.666666666668;12001;14163.666666666668
1688368194;11274.333333333334;29253.000000000004;12007.666666666668;14170.333333333334
1688368195;11274;24000.333333333336;11999.222222222223;14170.77777777778
1688368196;11274;23574;12001.555555555557;14189.88888888889
1688368197;11274.111111111111;21809.333333333336;12000.555555555557;14093.666666666668
1688368198;11273.222222222223;24358.111111111113;11918.444444444445;14183.77777777778
1688368199;11274.222222222223;22562.444444444445;12006.111111111111;14183.666666666668
1688368200;11266.333333333334;24825.88888888889;11933.77777777778;14128.666666666668
1688368201;11254.333333333334;23019.88888888889;11987.77777777778;14194.666666666668
1688368202;12926.555555555557;24640;12053.222222222223;14392.77777777778
1688368203;11119083.88888889;24520.88888888889;12046.555555555557;14493.444444444445
1688368204;23980441.444444448;25376.333333333336;12052.77777777778;28041.55555555556
1688368205;37015532.77777778;23428.333333333336;12059.666666666668;45996.222222222226
1688368206;50071201;24074.88888888889;12069.111111111111;63374.444444444445
1688368207;62906895.11111111;23417;12067.333333333334;81162.22222222223
1688368208;75894777.66666667;24342;11977;98595.11111111112
1688368209;89019170.11111112;22684.666666666668;11977;117087.77777777778
1688368210;101731590;29113.55555555556;12012.111111111111;134136.22222222222
1688368211;114802377.55555557;28371.666666666668;11964.333333333334;151234
1688368212;116865026.77777779;27136.333333333336;12020.444444444445;161031.55555555556
1688368213;116785589.55555557;26774.55555555556;12012.333333333334;160157.77777777778
1688368214;116765810.77777779;26994.77777777778;12003.111111111111;159607.77777777778
1688368215;116713866.00000001;27203.666666666668;11994.555555555557;159896.22222222222
1688368216;116700514.33333334;28787.666666666668;11987.77777777778;159017.11111111112
1688368217;116711665.11111112;32695.000000000004;11983.444444444445;159710.22222222222
1688368218;116571015.8888889;32647.88888888889;11984;159798
1688368219;117060623.55555557;27588.444444444445;11899.444444444445;161678.44444444447
1688368220;116605834.44444445;27690.444444444445;11971.222222222223;160331.55555555556
1688368221;116532975.77777779;29332.333333333336;11912.111111111111;158518.22222222222
1688368222;116807910.11111112;28562.111111111113;11967.555555555557;157956.44444444447
1688368223;116695003.33333334;28269.000000000004;11967.222222222223;158488
1688368224;116725662.66666667;28001.77777777778;11966.222222222223;159426.22222222222
1688368225;116726802.77777779;24902.77777777778;11964.77777777778;160688.22222222222
1688368226;117067623.8888889;21232.222222222223;11966.444444444445;160246.22222222222
1688368227;116658260.00000001;21593.77777777778;11965;158839.11111111112
1688368228;116449028.00000001;21975.88888888889;11958;157289.55555555556
1688368229;116540167.22222222;21671.333333333336;11872.88888888889;157132
1688368230;116610556.00000001;22276.222222222223;11962;156987.55555555556
1688368231;115696311.11111112;23955;11905.555555555557;159064.22222222222
1688368232;107756613.55555557;24168.222222222223;11962.77777777778;153906.22222222222
1688368233;94722230.33333334;24139.77777777778;11963.555555555557;135314.8888888889
1688368234;81898746;25253.111111111113;11963.555555555557;117144.22222222223
1688368235;77641534.77777778;23678.666666666668;11973.555555555557;103990.44444444445
1688368236;78205677.33333334;24261.222222222223;11992.88888888889;103959.33333333334
1688368237;78120040.77777778;23017.333333333336;11992.555555555557;102871.33333333334
1688368238;78476246.77777778;24984.77777777778;11985.77777777778;103159.33333333334
1688368239;78164039.8888889;23056.222222222223;11897;102182
1688368240;78917926.77777778;22498.666666666668;11973.222222222223;99799.55555555556
1688368241;86959820.55555557;23523.88888888889;11949.77777777778;103984.66666666667
1688368242;98767688.11111112;23187.77777777778;12007.666666666668;124495.55555555556
1688368243;99485625.33333334;22219;12078.555555555557;126348.44444444445
1688368244;101706610;24967.88888888889;12070.111111111111;128112.22222222223
1688368245;100567694.8888889;22796.77777777778;12049;126024.00000000001
1688368246;100298348.44444445;26880.333333333336;12057.111111111111;124042.66666666667
1688368247;100334342.77777779;26564.333333333336;12057.77777777778;124141.55555555556
1688368248;100206826.11111112;36579.66666666667;12086.111111111111;124277.77777777778
1688368249;100566247.66666667;35514.333333333336;12011.77777777778;123126.66666666667
1688368250;100652645.33333334;34796.222222222226;11979;122920.66666666667
1688368251;100495327.22222222;33690.88888888889;12011.222222222223;120380.88888888889
1688368252;104455276.33333334;40246.77777777778;12205.333333333334;123910.66666666667
1688368253;106308728.55555557;37893.444444444445;12202.666666666668;128428.8888888889
1688368254;107247542.44444445;40813.88888888889;12219.666666666668;130843.55555555556
1688368255;107705986.55555557;36005.333333333336;12214;133561.55555555556
1688368256;103410405.8888889;35349.222222222226;12254.88888888889;133914.22222222222
1688368257;90683794.33333334;25355.55555555556;12234.111111111111;122821.11111111112
1688368258;77427876.77777778;28584.55555555556;12241.88888888889;106770.88888888889
1688368259;64336879.44444445;28665.111111111113;12250.555555555557;90013.55555555556
1688368260;52686329.77777778;30866.222222222223;12197.88888888889;72028.88888888889
1688368261;48008447.11111111;24524.222222222223;11934.222222222223;66646.22222222223
1688368262;34851365;25974;12082.222222222223;55834.00000000001
1688368263;21912945.666666668;24765;12067.444444444445;38396
1688368264;8816688.88888889;26073.444444444445;12081.77777777778;21350.88888888889
1688368265;11257.88888888889;25049.55555555556;12038.222222222223;13918.222222222223
1688368266;11255.444444444445;25475.666666666668;12031.77777777778;13923.77777777778
1688368267;11264.666666666668;23433.444444444445;12089.666666666668;13925.555555555557
1688368268;11261.444444444445;22630.444444444445;12080.666666666668;13923.333333333334
1688368269;11267.111111111111;22975.444444444445;12044;13829.88888888889
1688368270;11263.222222222223;23139.77777777778;12044;13913.222222222223
1688368271;11264.333333333334;23058;11900.666666666668;13873.555555555557
1688368272;11267.666666666668;22501.666666666668;11992.666666666668;13812.666666666668
1688368273;11276;21701.222222222223;12033.444444444445;13857.000000000002
1688368274;11276.77777777778;22392;12035.88888888889;13846.333333333334
1688368275;11276.444444444445;22587.111111111113;12033.555555555557;13847.000000000002
1688368276;11263.88888888889;24984.88888888889;11966.666666666668;13845.555555555557
1688368277;11263.111111111111;27926.55555555556;11965.222222222223;13847.666666666668
1688368278;11256.333333333334;26914.77777777778;11964.666666666668;13840.444444444445
1688368279;11257.222222222223;27393.222222222223;11962.333333333334;13770.222222222223
1688368280;11256;29051.666666666668;11968.444444444445;13752.222222222223
1688368281;11250.444444444445;28399.333333333336;11875.222222222223;13828.666666666668
1688368282;11258.88888888889;29168.111111111113;11919;13786.444444444445
1688368283;11257.77777777778;28228.55555555556;11994.444444444445;13789.666666666668
1688368284;11257.333333333334;28314.000000000004;12031.111111111111;13846.444444444445
1688368285;11258.222222222223;25316.666666666668;12032;13846.88888888889
1688368286;11308.666666666668;22876.333333333336;12031.444444444445;13849.555555555557
1688368287;11307.88888888889;22746.111111111113;12030.555555555557;13858.555555555557
1688368288;11307.666666666668;22339.333333333336;12032.444444444445;13860.88888888889
1688368289;11308;21260.111111111113;12024.555555555557;13870.000000000002
1688368290;11307.111111111111;22998.444444444445;12031.88888888889;13808.444444444445
1688368291;11290.555555555557;22635.333333333336;11933.555555555557;13902.333333333334
1688368292;11289.444444444445;22650.77777777778;11856.333333333334;13916.88888888889
1688368293;11298.333333333334;22607.333333333336;11966.555555555557;13878.333333333334
1688368294;11297.77777777778;23210.88888888889;11982.77777777778;13935.555555555557
1688368295;11247.555555555557;23067.444444444445;11983.333333333334;13931.333333333334
1688368296;11246;23236.222222222223;11982.77777777778;13931.333333333334
1688368297;11257;23377.444444444445;11981.333333333334;13920.666666666668
1688368298;11256.333333333334;22354.333333333336;11978.444444444445;13910.77777777778
1688368299;11257.88888888889;20853.444444444445;11970.666666666668;13887.666666666668
1688368300;11258.222222222223;21910.77777777778;11971.444444444445;13789.88888888889
1688368301;11260.666666666668;22621.333333333336;11973.666666666668;13773.333333333334
1688368302;11251.77777777778;23054.77777777778;11829.111111111111;13916.333333333334
1688368303;11250.88888888889;23890.77777777778;11893;13859.111111111111
1688368304;11251.666666666668;24183.333333333336;11944;13907.333333333334
1688368305;11252.333333333334;24017.77777777778;11942.555555555557;13897.222222222223
1688368306;11239;26231.222222222223;11944.111111111111;13897.333333333334
1688368307;11239;29060.111111111113;11944.333333333334;13897.000000000002
1688368308;11238.111111111111;29638.666666666668;11946.666666666668;13889.666666666668
1688368309;11243.88888888889;27636.88888888889;11943.444444444445;13898.222222222223
1688368310;11243;29493.88888888889;11942.77777777778;13899.000000000002
1688368311;11243.444444444445;28679.666666666668;11956;13740.333333333334
1688368312;11254;27910.55555555556;11875.222222222223;13749.000000000002
1688368313;11254.444444444445;27566.77777777778;11922.666666666668;13802.333333333334
1688368314;11263.111111111111;27741.111111111113;11978.444444444445;13897.000000000002
1688368315;11266;24909.111111111113;11979;13899.111111111111
1688368316;11265.222222222223;22201.666666666668;11987.555555555557;13899.333333333334
1688368317;11275.88888888889;22005.333333333336;11985.333333333334;13903.000000000002
1688368318;11269.111111111111;23071.666666666668;11985.333333333334;13892.666666666668
1688368319;11268.333333333334;20762.666666666668;11991.77777777778;13906.111111111111
1688368320;11267;23762.77777777778;11984.333333333334;13928.77777777778
1688368321;11256.333333333334;22563.77777777778;11984.444444444445;13926.88888888889
1688368322;11254.222222222223;22078.444444444445;11895.111111111111;13829.77777777778
1688368323;11254.333333333334;21884.55555555556;11915.444444444445;13843.77777777778
1688368324;11253.444444444445;22384.77777777778;11999.444444444445;13905.555555555557
1688368325;11261.333333333334;22088;11992.77777777778;13906.88888888889
1688368326;11251.555555555557;22198.222222222223;11992.555555555557;13913.77777777778
1688368327;11261.333333333334;22173;12008.555555555557;13914.555555555557
1688368328;11262.555555555557;22564.222222222223;12000.444444444445;13900.77777777778
1688368329;11271.333333333334;19334.666666666668;12001.222222222223;13873.88888888889
1688368330;11279.333333333334;22380.222222222223;12036.444444444445;13877.666666666668
1688368331;11287.555555555557;23300.333333333336;12027.111111111111;13883.222222222223
1688368332;11281.111111111111;22277.222222222223;11953.77777777778;13775.222222222223
1688368333;11280.555555555557;22038;11868.666666666668;13712.333333333334
1688368334;11280.555555555557;22426.333333333336;12017.555555555557;13839.444444444445
1688368335;11288.88888888889;22963.333333333336;12019.333333333334;13846.222222222223
1688368336;11286.88888888889;25034.88888888889;12004.555555555557;13848.333333333334
1688368337;11285.444444444445;28764.222222222223;12079.555555555557;13851.000000000002
1688368338;11277.88888888889;28851.111111111113;12071.222222222223;13859.444444444445
1688368339;11272.333333333334;28691.444444444445;12052.444444444445;13848.222222222223
1688368340;11265.111111111111;29814.222222222223;12097;13841.77777777778
1688368341;11264.111111111111;31961.88888888889;12096.77777777778;13843.000000000002
1688368342;11275.333333333334;31784.333333333336;12096.555555555557;13844.555555555557
1688368343;11269.77777777778;31816.55555555556;11956;13718.666666666668
1688368344;11261.222222222223;31013.333333333336;12011.88888888889;13702.555555555557
1688368345;11253.555555555557;29122.111111111113;12100.333333333334;13837.111111111111
1688368346;11260.77777777778;24965;12025.111111111111;13842.444444444445
1688368347;11259.333333333334;25723.666666666668;12022.666666666668;13836.555555555557
1688368348;11257.88888888889;23544;12004.111111111111;13839.333333333334
1688368349;11256.666666666668;21621.88888888889;11965;13846.88888888889
1688368350;11256;21319.222222222223;11961.555555555557;13840.111111111111
1688368351;11247.333333333334;22952.666666666668;11959.111111111111;13853.88888888889
1688368352;11245.111111111111;22326.55555555556;11948.88888888889;13852.444444444445
1688368353;11245.222222222223;22326.666666666668;11891;13853.222222222223
1688368354;11243.88888888889;22662.111111111113;11799.77777777778;13738.222222222223
1688368355;11237.444444444445;22948.111111111113;11945.222222222223;13875.111111111111
1688368356;11240.444444444445;22390.666666666668;11944.555555555557;13880.333333333334
1688368357;11252.666666666668;22255.222222222223;11945.222222222223;13878.333333333334
1688368358;11253.333333333334;24203.55555555556;11940.444444444445;13877.111111111111
1688368359;11260.555555555557;21915.222222222223;11943.111111111111;13897.000000000002
1688368360;11258;22449.55555555556;11964.88888888889;13920.555555555557
1688368361;11257.666666666668;22356.333333333336;11966.444444444445;13922.000000000002
1688368362;11261.111111111111;23348.77777777778;11966.666666666668;13921.222222222223
1688368363;12555;22895.333333333336;11966.88888888889;13901.111111111111
1688368364;12555.333333333334;22920;11821.222222222223;14065.222222222223
1688368365;7194880.000000001;23928;11969.77777777778;14114.111111111111
1688368366;19935460.333333336;27493.000000000004;11970.222222222223;23514.333333333336
1688368367;32998919.55555556;28331.222222222223;11970;41444.55555555556
1688368368;46053251.333333336;30643.000000000004;11969.77777777778;60156.55555555556
1688368369;59209456.77777778;28513.55555555556;11950.111111111111;79335.88888888889
1688368370;72157748.22222222;29310.55555555556;11970.444444444445;97330.77777777778
1688368371;85013194.11111112;28694.333333333336;11979.222222222223;115821.66666666667
1688368372;98157462.55555557;28905.88888888889;11979.333333333334;134941
1688368373;111043306.11111112;30182.444444444445;12005.77777777778;151786
1688368374;116896686.8888889;29211.000000000004;11899.444444444445;165093.33333333334
1688368375;116880013.11111112;25546;12035.88888888889;163254.6666666667
1688368376;116920798.77777779;23377;12050;164000
1688368377;116651764.00000001;21981.77777777778;12049.444444444445;163301.77777777778
1688368378;116368767.8888889;22338;12088.111111111111;162649.11111111112
1688368379;116547441.33333334;22430.222222222223;12076.666666666668;162624.8888888889
1688368380;116879034.77777779;23088.444444444445;12077.77777777778;162387.55555555556
1688368381;116543548.44444445;22222;12079;161063.55555555556
1688368382;116456420.33333334;22129.111111111113;12056.444444444445;161760.8888888889
1688368383;116426893.00000001;21882;12024.555555555557;162147.55555555556
1688368384;116622356.11111112;22740.77777777778;11887.77777777778;162173.55555555556
1688368385;116587422.11111112;22118;12003.222222222223;161038.22222222222
1688368386;116842350.22222222;23083;12020.333333333334;159757.33333333334
1688368387;117145481.66666667;22591.666666666668;11983.77777777778;160224.22222222222
1688368388;116968336.55555557;21537.77777777778;11975.555555555557;159938.8888888889
1688368389;116949650.66666667;21332.111111111113;11968.333333333334;159140.8888888889
1688368390;117184904.22222222;22869.222222222223;12002.111111111111;159715.55555555556
1688368391;116943123.8888889;21451.666666666668;11999.444444444445;159704.8888888889
1688368392;117012446.44444445;22128.88888888889;12000.666666666668;160608.6666666667
1688368393;117284639.22222222;21783.55555555556;12038.333333333334;160554.22222222222
1688368394;111760703.77777779;22832.88888888889;11910.444444444445;160476.8888888889
1688368395;98720472.11111112;22455.88888888889;11896.222222222223;144707.11111111112
1688368396;85544139.8888889;30883.222222222223;12069.77777777778;125713.55555555556
1688368397;72594328.66666667;33698.88888888889;12069.111111111111;108045.33333333334
1688368398;64957430.44444445;33499.88888888889;12133.222222222223;90662.44444444445
1688368399;64845540.77777778;32400.111111111113;12100.333333333334;89900.66666666667
1688368400;65386794.333333336;33952.222222222226;12108.666666666668;89034.66666666667
1688368401;65119801.11111111;33245.66666666667;12100.555555555557;87718.44444444445
1688368402;64288372.888888896;33835;12064.444444444445;84655.77777777778
1688368403;69539068.66666667;33464.555555555555;12071.666666666668;83315.33333333334
1688368404;82336103.77777778;33417;12071.222222222223;95833.33333333334
1688368405;95419221.11111112;25090.444444444445;11896.222222222223;115387.33333333334
1688368406;108505901.66666667;23527.666666666668;11953.444444444445;128291.55555555556
1688368407;108464990.22222222;23818.111111111113;11977.77777777778;141880.8888888889
1688368408;106257842.77777779;23359.333333333336;11977.444444444445;128958.8888888889
1688368409;106158646.33333334;22154.444444444445;11970.111111111111;128416.8888888889
1688368410;106366615.22222222;22874.111111111113;11972.444444444445;129915.11111111112
1688368411;102682006.77777779;22916.88888888889;11972.333333333334;132000.8888888889
1688368412;102930210.55555557;23305.444444444445;11963.88888888889;123972.00000000001
1688368413;103093177.77777779;22757.666666666668;11963.444444444445;126160.88888888889
1688368414;102852530.44444445;23877.55555555556;11963.444444444445;123509.55555555556
1688368415;102728223;22515.77777777778;11904.88888888889;127976.88888888889
1688368416;106884774.11111112;22464.111111111113;11871.222222222223;132009.77777777778
1688368417;106475513.77777779;22555.88888888889;11962.222222222223;132060.8888888889
1688368418;106634427.33333334;23176.111111111113;11962.111111111111;131627.55555555556
1688368419;101196543.77777779;21434;11960.555555555557;130460.22222222223
1688368420;92521015.22222222;23168.666666666668;11962.111111111111;114109.33333333334
1688368421;79476741.66666667;21484;11964.555555555557;105981.55555555556
1688368422;66516747.00000001;23129.666666666668;11965.333333333334;90328.66666666667
1688368423;53674270.77777778;21399.111111111113;11964.444444444445;73470.22222222223
1688368424;40711892.11111111;23369.77777777778;11967.222222222223;56081.55555555556
1688368425;31064794.444444448;21530.77777777778;11912.111111111111;38369.555555555555
1688368426;20747763.77777778;25688.55555555556;11895.444444444445;33609.77777777778
1688368427;7589857.666666667;27199.000000000004;11993.77777777778;17239.111111111113
1688368428;11262.111111111111;29439.666666666668;11993.111111111111;13502.000000000002
1688368429;11253.77777777778;26211.88888888889;11992;13492.444444444445
1688368430;11260.222222222223;29008.333333333336;12010;13499.000000000002
1688368431;11252.111111111111;27706.88888888889;12007.666666666668;13499.111111111111
1688368432;11262.333333333334;29106.111111111113;12015;13502.000000000002
1688368433;11261.666666666668;27753.666666666668;12021.88888888889;13502.111111111111
1688368434;11268.444444444445;28818.333333333336;12027.77777777778;13517.77777777778
1688368435;11273.666666666668;25466.333333333336;11954.222222222223;13513.333333333334
1688368436;11273.88888888889;23003.77777777778;11863.666666666668;13514.222222222223
1688368437;11283.555555555557;22424.55555555556;11920.222222222223;13409.666666666668
1688368438;11284.444444444445;23726.88888888889;12016.77777777778;13561.666666666668
1688368439;11279;21739.55555555556;12002.88888888889;13587.000000000002
1688368440;11280.555555555557;23260.55555555556;12011.88888888889;13594.222222222223
1688368441;11272.111111111111;23015.666666666668;12006.111111111111;13601.000000000002
1688368442;11274.444444444445;22174.666666666668;12005.333333333334;13598.88888888889
1688368443;11267.555555555557;22193.88888888889;11998.444444444445;13584.333333333334
1688368444;11264.111111111111;22144.77777777778;12004.444444444445;13589.111111111111
1688368445;11266.111111111111;21431.333333333336;11996.333333333334;13596.000000000002
1688368446;11259.666666666668;22349.77777777778;11942.444444444445;13629.88888888889
1688368447;11278.333333333334;20927.666666666668;11898;13489.111111111111
1688368448;11278.666666666668;22688.444444444445;11981.444444444445;13613.77777777778
1688368449;11334.222222222223;20443.222222222223;11973.77777777778;13604.88888888889
1688368450;11330.333333333334;22710.222222222223;11979.555555555557;13614.555555555557
1688368451;11335.88888888889;22225;11973.77777777778;13615.000000000002
1688368452;11340.111111111111;22815.111111111113;11981.88888888889;13621.222222222223
1688368453;11338.111111111111;21646.88888888889;11974.555555555557;13614.444444444445
1688368454;11344.666666666668;23663.111111111113;11974.555555555557;13608.555555555557
1688368455;11343.555555555557;22120.111111111113;11969.555555555557;13570.444444444445
1688368456;11324.222222222223;26752.88888888889;11918.444444444445;13557.555555555557
1688368457;11323.111111111111;26957.77777777778;11884.444444444445;13406.444444444445
1688368458;11265.88888888889;29163.444444444445;11975.444444444445;13458.666666666668
1688368459;11267.444444444445;25635.666666666668;11969.444444444445;13532.666666666668
1688368460;11259.222222222223;29453.88888888889;11978;13529.000000000002
1688368461;11253.88888888889;27839.666666666668;11972.555555555557;13523.444444444445
1688368462;11265.222222222223;29400.77777777778;11972.555555555557;13525.222222222223
1688368463;11256.77777777778;27654.77777777778;11978.333333333334;13522.88888888889
1688368464;11256;29020.77777777778;11980.88888888889;13525.333333333334
1688368465;11255.111111111111;24402.333333333336;11979.555555555557;13526.111111111111
1688368466;11252.666666666668;24346.444444444445;11925.77777777778;13526.88888888889
1688368467;11251.88888888889;21701.333333333336;11891.444444444445;13472.77777777778
1688368468;11251.222222222223;23913.88888888889;11891.88888888889;13383.222222222223
1688368469;11249.666666666668;20723.77777777778;11985.77777777778;13551.333333333334
1688368470;11249.666666666668;22940.444444444445;11983.77777777778;13583.111111111111
1688368471;11237.77777777778;22574.333333333336;11985.555555555557;13626.333333333334
1688368472;11238;22615.333333333336;11979.333333333334;13625.000000000002
1688368473;11239.111111111111;22301.444444444445;11977.444444444445;13622.444444444445
1688368474;11237.88888888889;23716.222222222223;11978.88888888889;13629.444444444445
1688368475;11237.88888888889;22059.666666666668;11984.666666666668;13621.555555555557
1688368476;11238.88888888889;23671.55555555556;11936.222222222223;13631.666666666668
1688368477;11248.444444444445;22739.111111111113;11944.444444444445;13629.444444444445
1688368478;11248;22846.666666666668;11978.111111111111;13462.77777777778
1688368479;11247.111111111111;22838.88888888889;12068.77777777778;13469.222222222223
1688368480;11247.555555555557;22669;12089.555555555557;13556.000000000002
1688368481;11247.88888888889;24527.333333333336;12090.111111111111;13558.333333333334
1688368482;11247.444444444445;22733.666666666668;12093.666666666668;13559.88888888889
1688368483;11246.222222222223;23044.88888888889;12091;13549.222222222223
1688368484;11246.222222222223;23093.666666666668;12091.111111111111;13606.666666666668
1688368485;11246.77777777778;23152;12083.222222222223;13598.111111111111
1688368486;11237.666666666668;25692.111111111113;12114.111111111111;13597.111111111111
1688368487;11238.666666666668;29775.444444444445;11977;13596.666666666668
1688368488;11239.77777777778;27839.333333333336;11931.555555555557;13558.555555555557
1688368489;11240.77777777778;28552.88888888889;12000.666666666668;13425.77777777778
1688368490;11238.77777777778;38482.66666666667;12055.111111111111;13920.111111111111
1688368491;11239.333333333334;40222.77777777778;12053.111111111111;13921.555555555557
1688368492;11253.222222222223;39062.222222222226;12054;13928.222222222223
1688368493;11255.222222222223;38645.222222222226;12047.444444444445;13870.88888888889
1688368494;11254.88888888889;39350.77777777778;12055.88888888889;13878.333333333334
1688368495;11255.555555555557;36098.555555555555;12018.77777777778;13877.666666666668
1688368496;11254.222222222223;32494.444444444445;12027.333333333334;13877.111111111111
1688368497;11260.333333333334;33877.77777777778;11983.222222222223;13875.666666666668
1688368498;11261.111111111111;33178.77777777778;11947.222222222223;13893.000000000002
1688368499;11261.666666666668;21851;11989.88888888889;13403.000000000002
1688368500;11261.77777777778;21467;11999.555555555557;13488.111111111111
1688368501;11251.666666666668;22714.333333333336;12002.222222222223;13518.555555555557
1688368502;11251;22854.666666666668;12001.555555555557;13516.88888888889
1688368503;11252.111111111111;21999;11993.333333333334;13511.222222222223
1688368504;11252.555555555557;22573.444444444445;11992.666666666668;13512.77777777778
1688368505;11254.222222222223;23090.666666666668;11993.222222222223;13520.111111111111
1688368506;11247.333333333334;21879.222222222223;11993.88888888889;13527.555555555557
1688368507;11257.555555555557;22504;11940.222222222223;13513.555555555557
1688368508;11259.555555555557;21978.88888888889;11890.111111111111;13537.88888888889
1688368509;11259.77777777778;22430.88888888889;11880.666666666668;13453.555555555557
1688368510;11258.555555555557;26723.55555555556;11995.666666666668;13421.555555555557
1688368511;11258.444444444445;27258.222222222223;11998.333333333334;13860.111111111111
1688368512;11257.555555555557;27133.77777777778;12006.555555555557;13857.000000000002
1688368513;11256.555555555557;26516.111111111113;12005;13866.555555555557
1688368514;11257.666666666668;26955.666666666668;11996.555555555557;13861.222222222223
1688368515;11260.77777777778;26942.55555555556;11994.333333333334;13853.666666666668
1688368516;11249.222222222223;29310.333333333336;11992.77777777778;13850.222222222223
1688368517;11248.77777777778;32447.77777777778;11944.444444444445;13826.333333333334
1688368518;11247.333333333334;32537.111111111113;11991.88888888889;13823.555555555557
1688368519;11246.666666666668;28210.55555555556;11876.333333333334;13814.000000000002
1688368520;11247.666666666668;30893.444444444445;11970.333333333334;13375.333333333334
1688368521;11249.333333333334;29596.111111111113;11969.555555555557;13520.222222222223
1688368522;11258.77777777778;30487.000000000004;11971.444444444445;13511.77777777778
1688368523;11257;28771.55555555556;11978.555555555557;13512.222222222223
1688368524;11255.444444444445;29637.666666666668;11989.333333333334;13513.88888888889
1688368525;11256.666666666668;26871.000000000004;11997.111111111111;13522.555555555557
1688368526;11256.111111111111;25184.88888888889;11998.444444444445;13519.77777777778
1688368527;11256.444444444445;24310;11989.444444444445;13519.111111111111
1688368528;11257;23890.77777777778;11987.77777777778;13527.88888888889
1688368529;11257.111111111111;21498.444444444445;11952.77777777778;13527.88888888889
1688368530;11257.111111111111;23944.111111111113;12033.88888888889;13393.000000000002
1688368531;11246.444444444445;24086.222222222223;12033;13545.111111111111
1688368532;11247.666666666668;24226.444444444445;12025.555555555557;13545.444444444445
1688368533;4976323;25273.111111111113;12012.88888888889;13745.666666666668
1688368534;17765784.444444444;24553.88888888889;12006.77777777778;19829.777777777777
1688368535;30874527.666666668;25332.444444444445;12003.88888888889;37547.11111111112
1688368536;43879105.11111111;25080.666666666668;12033.666666666668;55860.222222222226
1688368537;57027218.222222224;25557.111111111113;12041.88888888889;73018
1688368538;69997397.66666667;24658;11986.666666666668;90485.55555555556
1688368539;83070887.66666667;23233.88888888889;11954.111111111111;108868.88888888889
1688368540;96218075.77777779;23173.77777777778;12049.222222222223;127447.55555555556
1688368541;109096871.00000001;29824.444444444445;12100.555555555557;145673.77777777778
1688368542;117230368.77777779;27748.000000000004;12103.666666666668;162607.33333333334
1688368543;117408768.66666667;27955.444444444445;12102.666666666668;162551.33333333334
1688368544;117284111.77777779;26276.88888888889;12105.333333333334;162430
1688368545;117248515.22222222;27191.000000000004;12037.444444444445;161712.6666666667
1688368546;117145607.55555557;30153.111111111113;12034.77777777778;161969.33333333334
1688368547;117220085.11111112;33101.11111111112;12029.88888888889;163075.11111111112
1688368548;116876258.22222222;34029.88888888889;11972.77777777778;162285.11111111112
1688368549;116743809.00000001;33957.444444444445;11933.333333333334;160323.77777777778
1688368550;116948583.55555557;28546.666666666668;11885;161115.77777777778
1688368551;116891545.66666667;29666.333333333336;11959.222222222223;160570.44444444447
1688368552;117167319.33333334;30085.444444444445;12017.444444444445;160071.11111111112
1688368553;116844205.11111112;30842.88888888889;12030.444444444445;159125.77777777778
1688368554;116408169.11111112;29419.111111111113;12049.111111111111;157409.33333333334
1688368555;116376867.00000001;33155.222222222226;12071.111111111111;154805.77777777778
1688368556;115884921.8888889;30152.000000000004;12068.333333333334;152245.33333333334
1688368557;116217956.55555557;29857.77777777778;12075.77777777778;151484.22222222222
1688368558;116317919.77777779;29259.77777777778;12026.666666666668;152509.55555555556
1688368559;116438938.8888889;32065.222222222226;12271.77777777778;150866.22222222222
1688368560;116222203.22222222;32094.88888888889;12203.555555555557;152088.8888888889
1688368561;116034970.11111112;31545.111111111113;12152.555555555557;152576.44444444447
1688368562;113232934.77777779;30840.88888888889;12141;151511.77777777778
1688368563;100700009.77777779;32923.222222222226;12213.222222222223;139404.22222222222
1688368564;87686110;24906.77777777778;12186.333333333334;124576.22222222223
1688368565;76802012.22222222;25937.666666666668;12188.111111111111;108538.88888888889
1688368566;76636955.66666667;24858.55555555556;12181.666666666668;103678.44444444445
1688368567;76740228.8888889;26311.222222222223;12174.444444444445;103576
1688368568;76510266.55555557;22215.55555555556;11926.333333333334;101193.33333333334
1688368569;76803974.77777778;23658;11920.77777777778;98271.33333333334
1688368570;76777544.66666667;24156.444444444445;11969.555555555557;94858.66666666667
1688368571;79915695.11111112;24477;11969;93804.66666666667
1688368572;91639961.11111112;22669.55555555556;11885.555555555557;109579.77777777778
1688368573;104501540.55555557;24638.666666666668;11885.111111111111;139496.8888888889
1688368574;115754321.11111112;23249.77777777778;11974.555555555557;144615.55555555556
1688368575;115437214.44444445;24209.55555555556;11973.333333333334;149793.33333333334
1688368576;103151732.8888889;24517.77777777778;11974.555555555557;138970.44444444447
1688368577;94209330.22222222;28765.666666666668;11974.222222222223;123996.66666666667
1688368578;94223594.33333334;27302.88888888889;12038.333333333334;120387.33333333334
1688368579;93860620;27395.77777777778;11981.444444444445;122510.66666666667
1688368580;93852669.44444445;28009.88888888889;12026.666666666668;125180.66666666667
1688368581;88583614.44444445;27915.222222222223;12027.333333333334;114568.22222222223
1688368582;88741239.22222222;27242.55555555556;12028.444444444445;96982.44444444445
1688368583;88814631.77777779;28739.666666666668;11946.444444444445;109033.11111111112
1688368584;89330946.44444445;29135.88888888889;12037.666666666668;107150.88888888889
1688368585;101584735.77777779;27632.666666666668;12035.666666666668;116566.88888888889
1688368586;106476696.8888889;24598.88888888889;12044.111111111111;132906
1688368587;102075261.77777779;23652.222222222223;11980;124135.33333333334
1688368588;91169354.22222222;24287;11980;113915.55555555556
1688368589;78180220.44444445;23091.222222222223;11935.444444444445;96713.55555555556
1688368590;71724989.44444445;23881.55555555556;11974.222222222223;87765.55555555556
1688368591;58705782.11111111;23465.77777777778;11972.444444444445;75434.22222222223
1688368592;45710992.888888896;22332.111111111113;11965.555555555557;58264.88888888889
1688368593;32614144.333333336;22214;11877.77777777778;42923.55555555556
1688368594;19427861.555555556;23404.222222222223;11975.555555555557;26790.222222222223
1688368595;10503675.88888889;22583.333333333336;11967.666666666668;13259.77777777778
1688368596;1772339.777777778;23962.333333333336;11966.88888888889;13300.666666666668
1688368597;11262.111111111111;22788.333333333336;11966.88888888889;13297.111111111111
1688368598;11262.666666666668;23550.111111111113;11980.666666666668;13297.555555555557
1688368599;11266;23447.444444444445;11934.555555555557;13279.000000000002
1688368600;11266.666666666668;23722.222222222223;11954.666666666668;13279.444444444445
1688368601;11277.555555555557;24979.222222222223;12002.111111111111;13276.77777777778
1688368602;11274.666666666668;23673;12000.222222222223;13130.555555555557
1688368603;11273.77777777778;21576;11903;13187.444444444445
1688368604;11275.111111111111;24433.88888888889;11992;13262.222222222223
1688368605;11282.88888888889;22430.77777777778;11991.77777777778;13223.000000000002
1688368606;11270.111111111111;27128.333333333336;12007.555555555557;13225.333333333334
1688368607;11274.555555555557;27727.666666666668;11994;13227.333333333334
1688368608;11272;28537.55555555556;12003.333333333334;13226.88888888889
1688368609;11273.222222222223;27705.666666666668;12021.444444444445;13219.333333333334
1688368610;11265.555555555557;28581.666666666668;11971.666666666668;13221.333333333334
1688368611;11269;29003.666666666668;12019.77777777778;13220.555555555557
1688368612;11282.111111111111;29171.111111111113;12021.111111111111;13156.88888888889
1688368613;11282.333333333334;27073.444444444445;11933.111111111111;13065.222222222223
1688368614;11282.666666666668;29197.444444444445;12017.88888888889;13223.222222222223
1688368615;11283.666666666668;24780.77777777778;12018.333333333334;13230.666666666668
1688368616;11278.333333333334;24456.666666666668;12017;13239.111111111111
1688368617;11278.222222222223;23376.111111111113;12016.111111111111;13246.666666666668
1688368618;11334.333333333334;23997.55555555556;11979.333333333334;13288.000000000002
1688368619;11332.666666666668;22447;11989.77777777778;13282.222222222223
1688368620;11336.555555555557;24612.88888888889;11950;13293.88888888889
1688368621;11324.444444444445;24820.444444444445;12011.88888888889;13292.333333333334
1688368622;11331.222222222223;24299.111111111113;12010.77777777778;13293.111111111111
1688368623;11331.444444444445;23585;11923.88888888889;13133.555555555557
1688368624;11331;23810.333333333336;11907.333333333334;13275.333333333334
1688368625;11329.555555555557;23496.444444444445;11994.666666666668;13266.666666666668
1688368626;11329.77777777778;24818.444444444445;11984.77777777778;13260.222222222223
1688368627;11282.222222222223;22911.111111111113;11981;13226.666666666668
1688368628;11289.444444444445;23497.333333333336;11969.111111111111;13233.111111111111
1688368629;11282;20519.444444444445;11958.77777777778;13221.333333333334
1688368630;11282.444444444445;22951.222222222223;11921.555555555557;13221.333333333334
1688368631;11274;22704.77777777778;11976.222222222223;13222.333333333334
1688368632;11277.222222222223;22866.55555555556;11977.666666666668;13229.444444444445
1688368633;11283.666666666668;21349.222222222223;11984.111111111111;13080.222222222223
1688368634;11283.77777777778;22173.222222222223;11895.222222222223;13214.666666666668
1688368635;11284.222222222223;20681.88888888889;11985.666666666668;13212.88888888889
1688368636;11275.333333333334;25794.88888888889;11986.222222222223;13198.77777777778
1688368637;11270.333333333334;27022.444444444445;11988.444444444445;13199.222222222223
1688368638;11277.77777777778;28905.444444444445;11990.222222222223;13205.555555555557
1688368639;11278.333333333334;25998.55555555556;11962.88888888889;13213.88888888889
1688368640;11278.111111111111;28292.444444444445;11915.77777777778;13246.111111111111
1688368641;11273.555555555557;27627.444444444445;11916;13237.333333333334
1688368642;11277.88888888889;29146.444444444445;11964.88888888889;13238.555555555557
1688368643;11277.444444444445;26641.333333333336;11963.88888888889;13100.88888888889
1688368644;11285;26585.666666666668;11872.555555555557;13164.666666666668
1688368645;11283.88888888889;23933.55555555556;11872.111111111111;13259.88888888889
1688368646;11282.555555555557;22200.444444444445;11961.555555555557;13253.111111111111
1688368647;11278.111111111111;22313;11960.111111111111;13245.666666666668
1688368648;11278;22832.55555555556;11960.111111111111;13237.333333333334
1688368649;11280.444444444445;21339.444444444445;11950.222222222223;13205.333333333334
1688368650;11273.222222222223;22303.666666666668;11946.88888888889;13217.77777777778
1688368651;11261.666666666668;23391;11890.111111111111;13217.444444444445
1688368652;11261.666666666668;24055.77777777778;11956.555555555557;13218.555555555557
1688368653;11260.444444444445;23554;11957.333333333334;13162.88888888889
1688368654;11260.88888888889;23395.333333333336;11956;13072.88888888889
1688368655;11258.444444444445;22497.666666666668;11863.88888888889;13135.88888888889
1688368656;11257;23636.77777777778;11953.111111111111;13236.000000000002
1688368657;11268.666666666668;23535.222222222223;11955.88888888889;13236.77777777778
1688368658;11267.88888888889;23811.444444444445;11956.666666666668;13227.77777777778
1688368659;11267;22033.111111111113;11972.555555555557;13219.333333333334
1688368660;11266.88888888889;22743.55555555556;11994.444444444445;13218.77777777778
1688368661;11267.666666666668;22963.88888888889;11930;13224.000000000002
1688368662;11266.88888888889;24398;11984.88888888889;13215.77777777778
1688368663;11264.77777777778;22126.333333333336;11986.444444444445;13218.222222222223
1688368664;11274.444444444445;22664.444444444445;11989;13154.88888888889
1688368665;11273.333333333334;20891;11899;13112.222222222223
1688368666;11261.333333333334;24799.88888888889;11985.88888888889;13229.000000000002
1688368667;11261.444444444445;28098.88888888889;11992.444444444445;13238.77777777778
1688368668;11270.444444444445;28157.000000000004;11987.88888888889;13232.88888888889
1688368669;11277.77777777778;25315.444444444445;11968.77777777778;13237.666666666668
1688368670;11285.222222222223;26494.77777777778;11968.88888888889;13231.333333333334
1688368671;11285.555555555557;27486.88888888889;11914;13231.111111111111
1688368672;11297.111111111111;28630.222222222223;11969.333333333334;13237.222222222223
1688368673;11289.666666666668;28038.88888888889;11968.333333333334;13277.000000000002
1688368674;11291.444444444445;27879.222222222223;11968.555555555557;13220.555555555557
1688368675;11292.333333333334;24074.333333333336;11886.555555555557;13164.333333333334
1688368676;11291.222222222223;21818.77777777778;11930.333333333334;13163.555555555557
1688368677;11287;22472.333333333336;12013.88888888889;13263.555555555557
1688368678;11287.111111111111;23936.444444444445;12012.111111111111;13266.666666666668
1688368679;11279;21941.77777777778;12019;13273.222222222223
1688368680;11273.333333333334;22640.88888888889;12026;13299.333333333334
1688368681;11264.77777777778;21417.77777777778;11978.88888888889;13299.666666666668
1688368682;11266;23491.222222222223;12035.666666666668;13267.222222222223
1688368683;11265.88888888889;22258.55555555556;12035.333333333334;13266.111111111111
1688368684;11273.88888888889;23704;12028.555555555557;13239.222222222223
1688368685;11274.222222222223;20960.444444444445;11978.88888888889;13300.555555555557
1688368686;11273.111111111111;23201;11886.555555555557;13202.88888888889
1688368687;11279;22515.55555555556;11983.222222222223;13301.333333333334
1688368688;11278.222222222223;24354;11975.111111111111;13309.333333333334
1688368689;11277;20983.55555555556;11967.555555555557;13283.222222222223
1688368690;11277;23611.666666666668;11968.222222222223;13317.444444444445
1688368691;11284.77777777778;22053.666666666668;11912.222222222223;13310.555555555557
1688368692;11284.111111111111;24402.88888888889;11913.77777777778;13319.333333333334
1688368693;11283.111111111111;22636.88888888889;11976.555555555557;13285.222222222223
1688368694;11283;23449.222222222223;11979.666666666668;13224.88888888889
1688368695;11279.555555555557;21434.444444444445;11979.666666666668;13227.88888888889
1688368696;11274.77777777778;24886.666666666668;11882.555555555557;13188.111111111111
1688368697;11276.444444444445;28472.55555555556;11973.333333333334;13263.666666666668
1688368698;11277.88888888889;29797.666666666668;11972.77777777778;13262.77777777778
1688368699;11284.222222222223;27983.55555555556;11966.666666666668;13227.555555555557
1688368700;11275;26833.666666666668;11974.88888888889;13228.77777777778
1688368701;11274.555555555557;28663.666666666668;11973.88888888889;13227.222222222223
1688368702;11276.88888888889;29606.88888888889;11910.444444444445;13227.222222222223
1688368703;11277.666666666668;30611.77777777778;11963.88888888889;13447.444444444445
1688368704;11279.222222222223;30372.000000000004;11963.555555555557;13508.88888888889
1688368705;11271.88888888889;27377.333333333336;11963.111111111111;13464.666666666668
1688368706;11271.333333333334;22946.111111111113;11875.222222222223;13408.000000000002
1688368707;11270.222222222223;25179.222222222223;11993.222222222223;13460.333333333334
1688368708;11263.333333333334;25183.333333333336;11992.444444444445;13413.555555555557
1688368709;11264.88888888889;27092.55555555556;12019.666666666668;13372.88888888889
1688368710;11266.88888888889;24474.666666666668;12020.88888888889;13328.77777777778
1688368711;11259.111111111111;24636.77777777778;12022.444444444445;13280.77777777778
1688368712;11258.111111111111;23532.88888888889;11966.88888888889;13012.444444444445
1688368713;11256.444444444445;24624.333333333336;12013.222222222223;12918
1688368714;11257.444444444445;23549.222222222223;12014.88888888889;12858.333333333334
1688368715;11273.222222222223;23969;12011.88888888889;12795.555555555557
1688368716;11275.333333333334;21346.333333333336;11897;12777.333333333334
1688368717;11294.333333333334;24459.77777777778;11988;12867.333333333334
1688368718;11301.111111111111;23224.111111111113;11959.111111111111;12866.222222222223
1688368719;11307.666666666668;23131.333333333336;11966.88888888889;12865
1688368720;11314.333333333334;23177.77777777778;11986.111111111111;12874.222222222223
1688368721;11315.88888888889;23816.222222222223;11986.333333333334;12921.88888888889
1688368722;11320.666666666668;22799;11941.111111111111;12914.666666666668
1688368723;11319.333333333334;23852.88888888889;11994.77777777778;12912.666666666668
1688368724;11303;22781.77777777778;11995.666666666668;12902.444444444445
1688368725;11302.88888888889;25389.77777777778;12001.222222222223;12824.111111111111
1688368726;11289.666666666668;27337.000000000004;11938.333333333334;13130.111111111111
1688368727;11282.666666666668;32040.88888888889;12070.666666666668;13131.666666666668
1688368728;11276;32113.55555555556;12069.222222222223;13216.88888888889
1688368729;11270.555555555557;32268.000000000004;12048.77777777778;13218.222222222223
1688368730;11277.222222222223;32370.666666666668;12047.222222222223;13179.000000000002
1688368731;11275;33121;12046.333333333334;13178.77777777778
1688368732;11286.333333333334;32266.55555555556;11992;13179.000000000002
1688368733;11287.111111111111;33479.77777777778;12038.222222222223;13180.88888888889
1688368734;11286.222222222223;30585.444444444445;12030.555555555557;13194.222222222223
1688368735;11281.555555555557;26867.666666666668;12002.111111111111;12799.444444444445
1688368736;11281.666666666668;22759.666666666668;11871.666666666668;12865.111111111111
1688368737;11281.222222222223;23082.77777777778;11864.555555555557;12782.77777777778
1688368738;11278.111111111111;23565.222222222223;11953.555555555557;12880
1688368739;11278.88888888889;23480.111111111113;11962.88888888889;12880.222222222223
1688368740;11277.444444444445;24057.444444444445;11963.88888888889;12881.77777777778
