Time;{instance="10.231.0.208:9100"};{instance="192.168.221.10:9100"};{instance="192.168.221.11:9100"};{instance="192.168.221.12:9100"}
1688370925;0;74575.44827586207;11440.551724137931;11864.275862068966
1688370926;0;73728;11440.551724137931;12852.965517241379
1688370927;0;79801.37931034483;11440.551724137931;59321.379310344826
1688370928;0;80790.06896551725;11440.551724137931;130224.55172413793
1688370929;0;82484.96551724138;11440.551724137931;1248573.7931034483
1688370930;0;86439.72413793103;10734.344827586207;6800348.689655173
1688370931;0;87428.41379310345;10734.344827586207;9207525.51724138
1688370932;1836.1379310344828;92371.86206896552;10734.344827586207;14338259.862068966
1688370933;1836.1379310344828;94349.24137931035;10734.344827586207;23455532.137931034
1688370934;1836.1379310344828;93643.03448275862;10734.344827586207;23527565.24137931
1688370935;1836.1379310344828;94066.75862068965;11016.827586206897;32100916.96551724
1688370936;1836.1379310344828;94349.24137931035;11016.827586206897;32140182.068965517
1688370937;3389.793103448276;101976.27586206897;9604.413793103447;36288158.89655172
1688370938;3389.793103448276;103106.20689655172;9604.413793103447;39476965.51724138
1688370939;3389.793103448276;103529.93103448275;9604.413793103447;43891747.31034483
1688370940;3389.793103448276;107484.6896551724;9745.655172413793;51417794.20689655
1688370941;3389.793103448276;107908.41379310345;9745.655172413793;51418641.655172415
1688370942;3672.2758620689656;113558.06896551725;9745.655172413793;56201639.72413793
1688370943;4237.241379310345;115111.72413793103;847.448275862069;60300888.27586207
1688370944;4237.241379310345;113134.3448275862;847.448275862069;64324572.68965517
1688370945;4237.241379310345;112286.89655172413;847.448275862069;69680022.06896551
1688370946;4237.241379310345;95761.6551724138;847.448275862069;69680022.06896551
1688370947;4237.241379310345;96750.3448275862;847.448275862069;74235904
1688370948;4519.724137931034;96750.3448275862;847.448275862069;85354849.10344827
1688370949;4519.724137931034;95196.6896551724;423.7241379310345;85364594.7586207
1688370950;4519.724137931034;95902.89655172413;423.7241379310345;89197320.8275862
1688370951;4519.724137931034;96891.58620689655;423.7241379310345;89323873.10344827
1688370952;4519.724137931034;99292.6896551724;423.7241379310345;93942324.96551724
1688370953;4519.724137931034;98445.24137931035;423.7241379310345;100947897.37931034
1688370954;4519.724137931034;92936.8275862069;423.7241379310345;101563568.55172414
1688370955;4519.724137931034;91948.13793103448;564.9655172413793;108697529.37931034
1688370956;4519.724137931034;87287.1724137931;564.9655172413793;110305421.2413793
1688370957;4519.724137931034;98162.75862068965;564.9655172413793;121450213.51724137
1688370958;4519.724137931034;97174.06896551725;564.9655172413793;120331864.27586207
1688370959;4519.724137931034;91665.6551724138;564.9655172413793;114784609.10344827
1688370960;4519.724137931034;90676.96551724138;564.9655172413793;115631633.65517241
1688370961;2683.5862068965516;86439.72413793103;564.9655172413793;117262547.86206897
1688370962;2683.5862068965516;85451.03448275862;564.9655172413793;116726254.34482758
1688370963;2683.5862068965516;84179.86206896552;564.9655172413793;116654221.2413793
1688370964;2683.5862068965516;81778.75862068965;282.48275862068965;108357278.89655173
1688370965;2683.5862068965516;80507.58620689655;282.48275862068965;111896929.10344827
1688370966;1129.9310344827586;73586.75862068965;282.48275862068965;116155780.4137931
1688370967;1129.9310344827586;76411.58620689655;282.48275862068965;121638488.27586207
1688370968;1129.9310344827586;75140.41379310345;282.48275862068965;117223706.48275863
1688370969;1129.9310344827586;71326.89655172413;141.24137931034483;113688858.48275863
1688370970;1129.9310344827586;71185.6551724138;141.24137931034483;113688011.03448276
1688370971;847.448275862069;64829.793103448275;141.24137931034483;112105118.89655173
1688370972;282.48275862068965;64688.55172413793;141.24137931034483;117725960.8275862
1688370973;282.48275862068965;70620.6896551724;847.448275862069;117806185.93103448
1688370974;282.48275862068965;69914.4827586207;847.448275862069;112455115.03448276
1688370975;282.48275862068965;69632;847.448275862069;117264101.51724137
1688370976;282.48275862068965;70338.20689655172;847.448275862069;114263287.1724138
1688370977;0;72174.3448275862;847.448275862069;110212625.65517241
1688370978;0;74010.4827586207;847.448275862069;110202880
1688370979;0;75846.62068965517;847.448275862069;114157638.62068966
1688370980;0;75422.89655172413;847.448275862069;119346423.1724138
1688370981;0;73586.75862068965;847.448275862069;122324780.13793103
1688370982;0;75422.89655172413;847.448275862069;115319207.72413793
1688370983;0;74999.1724137931;847.448275862069;119188939.03448276
1688370984;0;77400.27586206897;706.2068965517242;113685327.44827586
1688370985;0;75422.89655172413;706.2068965517242;115755219.86206897
1688370986;0;66242.20689655172;706.2068965517242;109633394.7586207
1688370987;0;64123.58620689655;706.2068965517242;113357647.44827586
1688370988;0;68502.06896551725;706.2068965517242;118632165.51724137
1688370989;0;67795.86206896552;706.2068965517242;118745441.10344827
1688370990;0;69349.5172413793;706.2068965517242;111983792.55172414
1688370991;0;67513.37931034483;706.2068965517242;109513904.55172414
1688370992;0;66665.93103448275;706.2068965517242;114341817.37931034
1688370993;0;67513.37931034483;706.2068965517242;123560924.68965517
1688370994;0;65536;706.2068965517242;119986811.5862069
1688370995;0;65818.4827586207;706.2068965517242;114219643.5862069
1688370996;0;62004.96551724138;706.2068965517242;109704862.89655173
1688370997;0;61157.51724137931;706.2068965517242;114551137.10344827
1688370998;0;60027.58620689655;5225.931034482758;117719181.2413793
1688370999;0;58897.65517241379;5225.931034482758;117723559.72413793
1688371000;0;59462.620689655174;5225.931034482758;118681458.7586207
1688371001;0;59321.379310344826;5225.931034482758;114421901.2413793
1688371002;0;55931.58620689655;4519.724137931034;117911128.27586207
1688371003;0;56072.8275862069;4943.448275862069;117906749.79310344
1688371004;0;57626.48275862069;5084.689655172414;118488805.51724137
1688371005;0;54660.41379310345;5084.689655172414;117804067.31034483
1688371006;0;53671.724137931036;5084.689655172414;116366371.31034483
1688371007;0;52118.06896551724;5084.689655172414;122874774.06896551
1688371008;0;51835.58620689655;5084.689655172414;116949415.72413793
1688371009;0;50988.137931034486;5084.689655172414;117577798.62068966
1688371010;0;51976.8275862069;5084.689655172414;109980142.34482758
1688371011;0;50140.68965517241;5084.689655172414;109980142.34482758
1688371012;0;51694.3448275862;5084.689655172414;105871571.86206897
1688371013;0;51129.379310344826;5084.689655172414;117775819.03448276
1688371014;0;56779.03448275862;5084.689655172414;116821592.27586207
1688371015;0;54236.68965517241;5084.689655172414;114927686.62068966
1688371016;0;53954.206896551725;5084.689655172414;111203433.93103448
1688371017;0;49434.48275862069;5084.689655172414;106168461.2413793
1688371018;0;49293.24137931034;5084.689655172414;119135408.55172414
1688371019;0;48728.275862068964;5084.689655172414;120645702.62068966
1688371020;0;49858.206896551725;5084.689655172414;116087984.55172414
1688371021;0;49716.96551724138;5084.689655172414;117964658.7586207
1688371022;0;51411.862068965514;5084.689655172414;114507493.51724137
1688371023;0;53248;5084.689655172414;118516206.34482758
1688371024;0;53106.75862068965;5084.689655172414;117291219.86206897
1688371025;0;53812.96551724138;5084.689655172414;117517206.06896551
1688371026;0;51976.8275862069;5084.689655172414;115771462.62068966
1688371027;0;53530.48275862069;564.9655172413793;113918799.44827586
1688371028;0;54095.448275862065;564.9655172413793;113914420.96551724
1688371029;0;51411.862068965514;564.9655172413793;117001251.31034483
1688371030;0;53106.75862068965;564.9655172413793;117181475.31034483
1688371031;0;50564.41379310345;564.9655172413793;114578114.20689654
1688371032;0;54377.93103448276;141.24137931034483;119459416.27586207
1688371033;0;52400.55172413793;0;114068374.06896551
1688371034;0;53530.48275862069;706.2068965517242;119278909.79310344
1688371035;0;53389.24137931034;706.2068965517242;115573159.72413793
1688371036;0;55790.3448275862;706.2068965517242;109489611.03448276
1688371037;0;52259.31034482759;706.2068965517242;111943680
1688371038;0;52118.06896551724;706.2068965517242;114551278.34482758
1688371039;0;50988.137931034486;706.2068965517242;119145719.1724138
1688371040;0;55084.137931034486;706.2068965517242;122451473.65517241
1688371041;1271.1724137931035;52683.03448275862;706.2068965517242;128627817.93103448
1688371042;1271.1724137931035;53671.724137931036;706.2068965517242;121535382.06896551
1688371043;1271.1724137931035;48587.03448275862;706.2068965517242;126533349.51724137
1688371044;1271.1724137931035;50140.68965517241;706.2068965517242;130864233.93103448
1688371045;1271.1724137931035;49716.96551724138;706.2068965517242;134877890.20689654
1688371046;2542.344827586207;50988.137931034486;706.2068965517242;141284881.6551724
1688371047;2542.344827586207;51835.58620689655;706.2068965517242;134302755.31034482
1688371048;2542.344827586207;48445.793103448275;706.2068965517242;137558510.3448276
1688371049;2542.344827586207;49010.75862068965;706.2068965517242;143612115.86206895
1688371050;2542.344827586207;50988.137931034486;706.2068965517242;136907528.8275862
1688371051;3389.793103448276;49434.48275862069;706.2068965517242;136293128.8275862
1688371052;3389.793103448276;48445.793103448275;706.2068965517242;139758627.31034482
1688371053;3389.793103448276;49010.75862068965;706.2068965517242;148761494.06896552
1688371054;3389.793103448276;49293.24137931034;706.2068965517242;146041326.3448276
1688371055;4096;50564.41379310345;706.2068965517242;155530204.68965518
1688371056;4096;49999.448275862065;706.2068965517242;151942108.68965518
1688371057;4096;48587.03448275862;706.2068965517242;158512516.4137931
1688371058;4096;51129.379310344826;706.2068965517242;152946758.62068966
1688371059;4096;48163.31034482759;5225.931034482758;164197199.44827586
1688371060;4096;50564.41379310345;5225.931034482758;164884480
1688371061;4096;48304.55172413793;5225.931034482758;161720673.10344827
1688371062;4096;49152;5225.931034482758;165355520
1688371063;4660.9655172413795;49575.724137931036;4519.724137931034;159274654.89655173
1688371064;4660.9655172413795;50564.41379310345;4519.724137931034;171243166.89655173
1688371065;4660.9655172413795;53812.96551724138;5225.931034482758;179322597.5172414
1688371066;4660.9655172413795;55084.137931034486;5367.172413793103;175006402.20689654
1688371067;4660.9655172413795;54236.68965517241;5367.172413793103;176232518.62068966
1688371068;4660.9655172413795;55649.10344827586;5367.172413793103;186453027.31034482
1688371069;4802.206896551724;52400.55172413793;10593.103448275862;184942874.4827586
1688371070;3531.0344827586205;55225.379310344826;10593.103448275862;178389698.20689654
1688371071;3531.0344827586205;53389.24137931034;10593.103448275862;171946548.96551725
1688371072;3531.0344827586205;54660.41379310345;10593.103448275862;180613402.4827586
1688371073;3531.0344827586205;55366.620689655174;10593.103448275862;181455059.86206895
1688371074;3531.0344827586205;57344;10593.103448275862;177549312
1688371075;2259.862068965517;57767.724137931036;11016.827586206897;173923080.8275862
1688371076;2259.862068965517;59321.379310344826;11016.827586206897;167108466.75862068
1688371077;2259.862068965517;59180.137931034486;11016.827586206897;171096840.8275862
1688371078;2259.862068965517;59038.89655172414;11016.827586206897;168355486.89655173
1688371079;2259.862068965517;55507.862068965514;11016.827586206897;174842138.4827586
1688371080;1412.4137931034484;58615.1724137931;11016.827586206897;173058259.86206895
1688371081;1412.4137931034484;57626.48275862069;11016.827586206897;173601332.96551725
1688371082;2542.344827586207;56214.06896551724;11016.827586206897;168781612.13793102
1688371083;2542.344827586207;55790.3448275862;11016.827586206897;192149150.89655173
1688371084;1836.1379310344828;57061.51724137931;11016.827586206897;179564120.27586207
1688371085;1836.1379310344828;56920.275862068964;11016.827586206897;179413980.68965518
1688371086;1836.1379310344828;58615.1724137931;11016.827586206897;172843572.96551725
1688371087;2824.8275862068967;56920.275862068964;11016.827586206897;171164495.44827586
1688371088;2824.8275862068967;57061.51724137931;6497.103448275862;174340731.58620688
1688371089;2824.8275862068967;55507.862068965514;6497.103448275862;168666641.6551724
1688371090;2824.8275862068967;54377.93103448276;6497.103448275862;168750115.31034482
1688371091;2824.8275862068967;56637.793103448275;6497.103448275862;168920028.68965518
1688371092;2683.5862068965516;55366.620689655174;6497.103448275862;174160931.31034482
1688371093;2683.5862068965516;56355.31034482759;6497.103448275862;168652093.79310346
1688371094;2683.5862068965516;50423.1724137931;5790.896551724138;163940281.37931034
1688371095;2683.5862068965516;52683.03448275862;5649.6551724137935;173858109.79310346
1688371096;2683.5862068965516;54942.89655172414;5649.6551724137935;168209725.79310346
1688371097;2683.5862068965516;53106.75862068965;5649.6551724137935;158136673.10344827
1688371098;2542.344827586207;54236.68965517241;423.7241379310345;164729114.4827586
1688371099;3672.2758620689656;52259.31034482759;423.7241379310345;166513981.79310346
1688371100;3672.2758620689656;52400.55172413793;423.7241379310345;168332747.03448275
1688371101;3672.2758620689656;56214.06896551724;4943.448275862069;153462995.86206895
1688371102;3672.2758620689656;55507.862068965514;4943.448275862069;145090489.37931034
1688371103;3672.2758620689656;54236.68965517241;4943.448275862069;144982580.96551725
1688371104;4519.724137931034;53248;4519.724137931034;142491224.27586207
1688371105;4519.724137931034;51835.58620689655;4519.724137931034;165658059.03448275
1688371106;4519.724137931034;54377.93103448276;5084.689655172414;156903635.86206895
1688371107;4519.724137931034;54942.89655172414;5225.931034482758;153773726.89655173
1688371108;4519.724137931034;55649.10344827586;5225.931034482758;147287075.31034482
1688371109;4519.724137931034;53389.24137931034;5225.931034482758;143648979.86206895
1688371110;4802.206896551724;55507.862068965514;5225.931034482758;163800452.4137931
1688371111;3672.2758620689656;55649.10344827586;5225.931034482758;158202632.8275862
1688371112;3672.2758620689656;55790.3448275862;5225.931034482758;135025346.20689654
1688371113;3672.2758620689656;54095.448275862065;5225.931034482758;135020967.72413793
1688371114;3672.2758620689656;55931.58620689655;5225.931034482758;136574199.1724138
1688371115;3672.2758620689656;54377.93103448276;5225.931034482758;157396003.31034482
1688371116;2683.5862068965516;56214.06896551724;5649.6551724137935;162203436.13793102
1688371117;2683.5862068965516;58473.93103448276;5649.6551724137935;143837254.62068966
1688371118;2683.5862068965516;59462.620689655174;5649.6551724137935;143834288.55172414
1688371119;2683.5862068965516;57344;5649.6551724137935;143816915.86206895
1688371120;2683.5862068965516;57767.724137931036;5649.6551724137935;162048353.10344827
1688371121;2259.862068965517;56920.275862068964;5649.6551724137935;158289355.03448275
1688371122;2259.862068965517;55225.379310344826;5649.6551724137935;149895238.62068966
1688371123;2259.862068965517;55225.379310344826;5649.6551724137935;146102766.3448276
1688371124;2259.862068965517;54236.68965517241;5649.6551724137935;152028830.89655173
1688371125;2259.862068965517;52683.03448275862;5649.6551724137935;155025972.96551725
1688371126;2259.862068965517;53954.206896551725;5649.6551724137935;152263715.31034482
1688371127;2259.862068965517;54095.448275862065;5649.6551724137935;143875672.27586207
1688371128;1129.9310344827586;55225.379310344826;10734.344827586207;153489266.75862068
1688371129;1129.9310344827586;55084.137931034486;10734.344827586207;169030479.44827586
1688371130;1129.9310344827586;49858.206896551725;6214.620689655172;167468491.03448275
1688371131;1129.9310344827586;50423.1724137931;6214.620689655172;169331182.3448276
1688371132;1129.9310344827586;50423.1724137931;6214.620689655172;169331182.3448276
1688371133;282.48275862068965;48869.51724137931;6355.862068965517;168815792.55172414
1688371134;282.48275862068965;49575.724137931036;6355.862068965517;160445969.6551724
1688371135;282.48275862068965;48163.31034482759;5790.896551724138;160445969.6551724
1688371136;282.48275862068965;48587.03448275862;5649.6551724137935;159247536.55172414
1688371137;282.48275862068965;49434.48275862069;5649.6551724137935;171325793.10344827
1688371138;282.48275862068965;51835.58620689655;5649.6551724137935;182198978.20689654
1688371139;0;51129.379310344826;5649.6551724137935;160896812.13793102
1688371140;0;52400.55172413793;5649.6551724137935;163897908.96551725
1688371141;0;51553.10344827586;5649.6551724137935;163193538.20689654
1688371142;0;57202.75862068965;5649.6551724137935;168408452.4137931
1688371143;0;55366.620689655174;5649.6551724137935;167180641.10344827
1688371144;706.2068965517242;56072.8275862069;5649.6551724137935;146358836.96551725
1688371145;1129.9310344827586;56920.275862068964;5225.931034482758;142062980.4137931
1688371146;1129.9310344827586;54236.68965517241;5225.931034482758;155811840
1688371147;1129.9310344827586;54095.448275862065;5225.931034482758;159683831.1724138
1688371148;1129.9310344827586;57202.75862068965;5225.931034482758;157900235.03448275
1688371149;1129.9310344827586;56214.06896551724;5225.931034482758;141929648.55172414
1688371150;1129.9310344827586;59603.862068965514;5225.931034482758;148448926.89655173
1688371151;1977.3793103448274;59462.620689655174;5225.931034482758;150396928
1688371152;1977.3793103448274;58615.1724137931;5225.931034482758;152415267.31034482
1688371153;1977.3793103448274;57202.75862068965;5225.931034482758;144649816.27586207
1688371154;1977.3793103448274;56214.06896551724;5225.931034482758;141655075.31034482
1688371155;1977.3793103448274;56779.03448275862;5225.931034482758;145084557.24137932
1688371156;2542.344827586207;55225.379310344826;5225.931034482758;151866685.79310346
1688371157;2542.344827586207;56214.06896551724;141.24137931034483;145148539.58620688
1688371158;2542.344827586207;58615.1724137931;141.24137931034483;127796612.4137931
1688371159;2542.344827586207;59180.137931034486;564.9655172413793;133868014.34482758
1688371160;2542.344827586207;57202.75862068965;564.9655172413793;137498059.03448275
1688371161;2542.344827586207;59180.137931034486;564.9655172413793;148938469.5172414
1688371162;2542.344827586207;59038.89655172414;423.7241379310345;148924204.13793102
1688371163;2542.344827586207;58332.68965517241;423.7241379310345;131589508.4137931
1688371164;2542.344827586207;57344;423.7241379310345;134899782.62068966
1688371165;2542.344827586207;57344;423.7241379310345;136412760.27586207
1688371166;2542.344827586207;56355.31034482759;423.7241379310345;129263686.62068966
1688371167;2542.344827586207;52259.31034482759;423.7241379310345;124312470.06896551
1688371168;2542.344827586207;53671.724137931036;423.7241379310345;122903304.8275862
1688371169;2542.344827586207;53106.75862068965;423.7241379310345;127009050.48275863
1688371170;2542.344827586207;54519.1724137931;423.7241379310345;130639801.37931034
1688371171;2542.344827586207;48022.06896551724;423.7241379310345;129324137.93103448
1688371172;2542.344827586207;48728.275862068964;423.7241379310345;129225692.68965517
1688371173;1836.1379310344828;49293.24137931034;423.7241379310345;136320812.13793102
1688371174;1412.4137931034484;46609.65517241379;423.7241379310345;144976931.31034482
1688371175;1412.4137931034484;49575.724137931036;423.7241379310345;129669190.62068966
1688371176;1412.4137931034484;48728.275862068964;423.7241379310345;131871708.68965517
1688371177;1412.4137931034484;46609.65517241379;423.7241379310345;131873968.55172414
1688371178;1412.4137931034484;49293.24137931034;423.7241379310345;127463000.27586207
1688371179;1412.4137931034484;48445.793103448275;423.7241379310345;119461817.37931034
1688371180;564.9655172413793;49152;423.7241379310345;126140839.72413793
1688371181;564.9655172413793;49999.448275862065;423.7241379310345;132064503.1724138
1688371182;564.9655172413793;51553.10344827586;423.7241379310345;125774883.31034483
1688371183;564.9655172413793;52541.793103448275;423.7241379310345;121860378.48275863
1688371184;564.9655172413793;50705.65517241379;5932.137931034483;126414706.7586207
1688371185;0;51694.3448275862;5932.137931034483;127365120
1688371186;0;50140.68965517241;5932.137931034483;123259939.31034483
1688371187;0;47880.8275862069;5932.137931034483;128177681.65517241
1688371188;0;46892.137931034486;5508.413793103448;122103172.4137931
1688371189;0;46468.41379310345;5508.413793103448;123633099.03448276
1688371190;0;46609.65517241379;5508.413793103448;118057030.62068966
1688371191;0;48728.275862068964;5508.413793103448;123262622.89655173
1688371192;0;47739.58620689655;5508.413793103448;126398605.2413793
1688371193;0;49293.24137931034;5508.413793103448;134499080.8275862
1688371194;0;46750.89655172414;5508.413793103448;132448820.96551724
1688371195;0;49293.24137931034;5508.413793103448;136269824
1688371196;0;49999.448275862065;5508.413793103448;130348702.89655173
1688371197;0;48304.55172413793;6214.620689655172;127648167.72413793
1688371198;0;47880.8275862069;6214.620689655172;120937931.03448276
1688371199;0;48022.06896551724;6214.620689655172;118471432.8275862
1688371200;0;51270.620689655174;6214.620689655172;120258983.72413793
1688371201;0;52259.31034482759;6214.620689655172;119635403.03448276
1688371202;0;50846.89655172414;6214.620689655172;115779937.10344827
1688371203;0;51835.58620689655;6779.586206896552;115399997.79310344
1688371204;0;48445.793103448275;6779.586206896552;117408732.68965517
1688371205;0;49434.48275862069;6779.586206896552;118050957.2413793
1688371206;0;49858.206896551725;6779.586206896552;126507361.10344827
1688371207;0;46327.1724137931;6779.586206896552;129102247.72413793
1688371208;0;47315.862068965514;6779.586206896552;132614497.10344827
1688371209;0;46609.65517241379;6779.586206896552;123992699.5862069
1688371210;0;50564.41379310345;6779.586206896552;119087951.44827586
1688371211;0;52541.793103448275;6779.586206896552;124842972.68965517
1688371212;0;51553.10344827586;6779.586206896552;133155027.86206897
1688371213;0;51694.3448275862;5790.896551724138;123195956.96551724
1688371214;0;50988.137931034486;5790.896551724138;117334157.2413793
1688371215;0;50281.93103448276;5790.896551724138;116759022.34482758
1688371216;0;52683.03448275862;5790.896551724138;115693497.37931034
1688371217;0;51835.58620689655;5790.896551724138;119762520.27586207
1688371218;0;61157.51724137931;6214.620689655172;119898818.20689654
1688371219;0;58191.448275862065;6638.3448275862065;119883422.89655173
1688371220;0;59603.862068965514;6638.3448275862065;128556914.7586207
1688371221;0;62146.206896551725;6638.3448275862065;125420932.4137931
1688371222;0;62852.41379310345;6638.3448275862065;114010182.62068966
1688371223;0;62852.41379310345;6638.3448275862065;120060115.86206897
1688371224;0;61440;6638.3448275862065;111309929.93103448
1688371225;0;61016.275862068964;6638.3448275862065;112651440.55172414
1688371226;0;62711.1724137931;5932.137931034483;114600995.31034483
1688371227;0;61440;5932.137931034483;123335220.96551724
1688371228;0;59886.3448275862;5932.137931034483;122822091.03448276
1688371229;0;57626.48275862069;5932.137931034483;117931890.7586207
1688371230;0;56214.06896551724;5932.137931034483;121534675.86206897
1688371231;0;58897.65517241379;5932.137931034483;125642540.13793103
1688371232;0;58756.41379310345;5367.172413793103;116951393.10344827
1688371233;0;59462.620689655174;5367.172413793103;120874796.13793103
1688371234;0;58473.93103448276;5367.172413793103;124467835.5862069
1688371235;0;59038.89655172414;5367.172413793103;116009171.86206897
1688371236;0;58615.1724137931;5367.172413793103;113571769.37931034
1688371237;0;57202.75862068965;5367.172413793103;117361416.8275862
1688371238;0;58615.1724137931;5367.172413793103;120393445.51724137
1688371239;0;60168.8275862069;5367.172413793103;130119185.65517241
1688371240;0;57626.48275862069;5367.172413793103;122575342.34482758
1688371241;0;60875.03448275862;5367.172413793103;114046340.4137931
1688371242;0;63417.379310344826;847.448275862069;115602820.4137931
1688371243;0;63417.379310344826;847.448275862069;113732078.34482758
1688371244;0;66948.41379310345;847.448275862069;124325040.55172414
1688371245;0;64688.55172413793;847.448275862069;122343988.96551724
1688371246;0;65394.75862068965;847.448275862069;125396356.4137931
1688371247;0;57202.75862068965;423.7241379310345;124051597.2413793
1688371248;0;58050.206896551725;0;124277159.72413793
1688371249;0;55790.3448275862;0;110396663.1724138
1688371250;0;54942.89655172414;141.24137931034483;112133508.4137931
1688371251;0;54095.448275862065;141.24137931034483;112133508.4137931
1688371252;0;59180.137931034486;141.24137931034483;106908283.5862069
1688371253;0;57344;141.24137931034483;129615942.62068966
1688371254;0;57767.724137931036;141.24137931034483;130471724.13793103
1688371255;0;55507.862068965514;141.24137931034483;125760476.68965517
1688371256;0;56496.55172413793;141.24137931034483;118333298.7586207
1688371257;0;56920.275862068964;141.24137931034483;116532329.93103448
1688371258;0;57767.724137931036;141.24137931034483;115735728.55172414
1688371259;0;57767.724137931036;141.24137931034483;127483480.27586207
1688371260;0;56920.275862068964;141.24137931034483;121776763.5862069
1688371261;0;57908.96551724138;141.24137931034483;121680154.48275863
1688371262;0;59886.3448275862;141.24137931034483;128862843.5862069
1688371263;0;60027.58620689655;141.24137931034483;119665063.72413793
1688371264;0;59745.10344827586;141.24137931034483;127495627.03448276
1688371265;0;60875.03448275862;141.24137931034483;126370356.96551724
1688371266;0;60451.31034482759;141.24137931034483;120266469.51724137
1688371267;0;57344;141.24137931034483;121333124.4137931
1688371268;0;54377.93103448276;141.24137931034483;117461274.48275863
1688371269;0;53106.75862068965;141.24137931034483;121693854.89655173
1688371270;0;52400.55172413793;141.24137931034483;124731109.51724137
1688371271;0;50423.1724137931;847.448275862069;124774894.34482758
1688371272;0;51270.620689655174;847.448275862069;136930974.89655173
1688371273;0;48022.06896551724;847.448275862069;126338012.68965517
1688371274;0;49293.24137931034;847.448275862069;126053411.31034483
1688371275;0;54801.65517241379;847.448275862069;127233059.31034483
1688371276;0;54801.65517241379;847.448275862069;121418857.93103448
1688371277;0;53954.206896551725;847.448275862069;123855271.72413793
1688371278;0;55225.379310344826;847.448275862069;126917949.79310344
1688371279;0;54942.89655172414;706.2068965517242;128195054.34482758
1688371280;0;54942.89655172414;706.2068965517242;130074270.89655173
1688371281;0;51411.862068965514;706.2068965517242;129249562.48275863
1688371282;0;54660.41379310345;706.2068965517242;106541903.44827586
1688371283;0;60733.793103448275;706.2068965517242;120687368.8275862
1688371284;0;60451.31034482759;706.2068965517242;120687368.8275862
1688371285;0;62287.448275862065;706.2068965517242;118988658.7586207
1688371286;0;61863.724137931036;706.2068965517242;122415457.10344827
1688371287;0;61581.24137931034;706.2068965517242;133863212.13793103
1688371288;0;60451.31034482759;706.2068965517242;123135364.4137931
1688371289;0;60451.31034482759;706.2068965517242;124776730.48275863
1688371290;0;58191.448275862065;706.2068965517242;125936039.72413793
1688371291;0;57344;1412.4137931034484;112678841.37931034
1688371292;0;57908.96551724138;1412.4137931034484;111566848
1688371293;0;60310.06896551724;1412.4137931034484;110367143.72413793
1688371294;0;60310.06896551724;1412.4137931034484;119863507.86206897
1688371295;0;58756.41379310345;1412.4137931034484;120067036.68965517
1688371296;0;63134.89655172414;5932.137931034483;115963127.1724138
1688371297;0;59745.10344827586;5932.137931034483;110128304.55172414
1688371298;0;59886.3448275862;5932.137931034483;110935216.55172414
1688371299;0;58191.448275862065;5932.137931034483;114866811.5862069
1688371300;0;58897.65517241379;5225.931034482758;118522138.48275863
1688371301;0;60592.55172413793;5225.931034482758;116079227.5862069
1688371302;0;60451.31034482759;5367.172413793103;118968602.48275863
1688371303;0;59462.620689655174;5367.172413793103;120722396.68965517
1688371304;0;56355.31034482759;5367.172413793103;119206170.48275863
1688371305;0;56496.55172413793;5367.172413793103;122243566.34482758
1688371306;0;57626.48275862069;5790.896551724138;119807152.55172414
1688371307;0;58756.41379310345;5790.896551724138;129377809.65517241
1688371308;0;57344;5790.896551724138;126363859.86206897
1688371309;0;58191.448275862065;5790.896551724138;124487326.89655173
1688371310;0;60027.58620689655;5790.896551724138;125697483.03448276
1688371311;0;59180.137931034486;5790.896551724138;125697483.03448276
1688371312;0;52965.51724137931;5790.896551724138;125424604.68965517
1688371313;0;55649.10344827586;5790.896551724138;130085711.44827586
1688371314;0;53812.96551724138;5790.896551724138;130083310.34482758
1688371315;0;54660.41379310345;5790.896551724138;128211297.10344827
1688371316;0;59886.3448275862;5790.896551724138;121284396.13793103
1688371317;0;59886.3448275862;5790.896551724138;121564477.79310344
1688371318;0;60733.793103448275;5790.896551724138;131109993.93103448
1688371319;0;61298.75862068965;5790.896551724138;129953509.51724137
1688371320;0;63417.379310344826;5084.689655172414;129953509.51724137
1688371321;0;62146.206896551725;5084.689655172414;131633434.48275861
1688371322;0;59745.10344827586;5084.689655172414;125002575.44827586
1688371323;0;58050.206896551725;5084.689655172414;125289295.44827586
1688371324;0;60310.06896551724;5084.689655172414;136611628.13793102
1688371325;0;57202.75862068965;564.9655172413793;136611628.13793102
1688371326;0;58473.93103448276;564.9655172413793;135035656.8275862
1688371327;0;59603.862068965514;564.9655172413793;130257037.2413793
1688371328;0;61016.275862068964;564.9655172413793;130740365.2413793
1688371329;0;59745.10344827586;564.9655172413793;139592386.20689654
1688371330;0;57767.724137931036;564.9655172413793;131411544.27586207
1688371331;0;60310.06896551724;423.7241379310345;128522169.37931034
1688371332;0;59462.620689655174;423.7241379310345;125173901.2413793
1688371333;0;58473.93103448276;423.7241379310345;126610043.5862069
1688371334;0;57767.724137931036;423.7241379310345;128674427.5862069
1688371335;0;58473.93103448276;0;124254278.62068966
1688371336;0;57767.724137931036;0;111618542.34482758
1688371337;0;57767.724137931036;0;116871450.48275863
1688371338;0;56355.31034482759;0;122116449.10344827
1688371339;0;53671.724137931036;0;125828978.7586207
1688371340;0;55084.137931034486;0;130852793.37931034
1688371341;0;55225.379310344826;0;123270532.4137931
1688371342;0;52541.793103448275;0;118609425.65517241
1688371343;0;52400.55172413793;0;126845069.2413793
1688371344;0;52259.31034482759;0;128327538.7586207
1688371345;0;47457.10344827586;0;125229267.86206897
1688371346;0;47880.8275862069;0;119154758.62068966
1688371347;0;48869.51724137931;0;106327075.31034483
1688371348;0;48723.23552735925;0;109769551.44827586
1688371349;0;44773.51724137931;0;121291740.68965517
1688371350;0;48304.55172413793;0;121272108.13793103
1688371351;0;48587.03448275862;5649.6551724137935;131462814.89655173
1688371352;0;54095.448275862065;5649.6551724137935;129136710.62068966
1688371353;0;52824.275862068964;5649.6551724137935;123587336.8275862
1688371354;0;54236.68965517241;5649.6551724137935;123587336.8275862
1688371355;0;53106.75862068965;5649.6551724137935;122110234.48275863
1688371356;0;54801.65517241379;5790.896551724138;123697646.34482758
1688371357;0;53812.96551724138;5790.896551724138;116245468.68965517
1688371358;0;54519.1724137931;5790.896551724138;105528355.31034483
1688371359;0;53106.75862068965;5790.896551724138;115430505.93103448
1688371360;0;52259.31034482759;5790.896551724138;128055931.5862069
1688371361;0;53248;6497.103448275862;128055790.34482758
1688371362;0;54095.448275862065;6497.103448275862;121595409.65517241
1688371363;0;52824.275862068964;6497.103448275862;116493629.79310344
1688371364;0;54801.65517241379;6497.103448275862;114839269.51724137
1688371365;0;52824.275862068964;6497.103448275862;126566682.48275863
1688371366;0;55507.862068965514;6497.103448275862;121313774.34482758
1688371367;0;56355.31034482759;6497.103448275862;119818734.34482758
1688371368;0;55790.3448275862;6497.103448275862;123307255.1724138
1688371369;0;52965.51724137931;6497.103448275862;123649200.55172414
1688371370;0;53954.206896551725;6497.103448275862;121221120
1688371371;0;54942.89655172414;6497.103448275862;125099467.03448276
1688371372;0;54095.448275862065;6497.103448275862;125240143.44827586
1688371373;0;53530.48275862069;6497.103448275862;122202888.8275862
1688371374;0;51553.10344827586;6497.103448275862;120780305.65517241
1688371375;0;52965.51724137931;6497.103448275862;126472898.20689654
1688371376;0;49999.448275862065;6497.103448275862;129186003.86206897
1688371377;0;53112.25299168878;6497.103448275862;127628958.89655173
1688371378;0;52965.51724137931;6497.103448275862;126261318.62068966
1688371379;0;50140.68965517241;6497.103448275862;124601026.20689654
1688371380;0;49293.24137931034;847.448275862069;123070817.10344827
1688371381;0;44491.03448275862;847.448275862069;122250910.89655173
1688371382;0;45903.448275862065;847.448275862069;115076413.79310344
1688371383;0;45479.724137931036;847.448275862069;116591510.06896551
1688371384;0;47174.620689655174;847.448275862069;116588261.51724137
1688371385;0;44208.55172413793;706.2068965517242;123637336.27586207
1688371386;0;44208.55172413793;706.2068965517242;127191251.86206897
1688371387;0;46468.41379310345;706.2068965517242;128374007.1724138
1688371388;0;56355.31034482759;706.2068965517242;125372345.37931034
1688371389;0;54660.41379310345;706.2068965517242;115049154.20689654
1688371390;0;54236.68965517241;0;118821428.96551724
1688371391;0;53530.48275862069;0;119967037.79310344
1688371392;0;54660.41379310345;0;124938169.37931034
1688371393;0;53954.206896551725;0;139291824.55172414
1688371394;0;54095.448275862065;0;127564411.5862069
1688371395;0;56355.31034482759;0;127564411.5862069
1688371396;0;54942.89655172414;0;127975141.51724137
1688371397;0;59180.137931034486;0;119563934.89655173
1688371398;0;58191.448275862065;0;114198174.89655173
1688371399;0;58050.206896551725;0;108135812.4137931
1688371400;0;57202.75862068965;0;129297443.31034483
1688371401;0;58897.65517241379;0;122273792
1688371402;0;59603.862068965514;0;122274921.93103448
1688371403;0;60592.55172413793;0;124082529.10344827
1688371404;0;59321.379310344826;0;118389936.55172414
1688371405;0;59462.620689655174;0;123284374.06896551
1688371406;0;59603.862068965514;0;124438739.86206897
1688371407;0;60592.55172413793;0;119926077.79310344
1688371408;0;62428.68965517241;0;125227008
1688371409;0;66807.1724137931;0;118814225.65517241
1688371410;0;67089.6551724138;0;123571235.31034483
1688371411;0;66524.6896551724;4943.448275862069;123571235.31034483
1688371412;0;65112.275862068964;5084.689655172414;126273889.10344827
1688371413;0;66524.6896551724;5084.689655172414;133080311.1724138
1688371414;1553.655172413793;66524.6896551724;5084.689655172414;130492486.62068966
1688371415;1553.655172413793;67372.13793103448;5084.689655172414;132672829.79310344
1688371416;1553.655172413793;64406.06896551724;5084.689655172414;135455426.20689654
1688371417;1553.655172413793;56214.06896551724;5225.931034482758;130517203.86206897
1688371418;1553.655172413793;56355.31034482759;5225.931034482758;136683802.4827586
1688371419;1836.1379310344828;57485.24137931034;5225.931034482758;141172312.27586207
1688371420;2401.103448275862;56214.06896551724;5225.931034482758;138266270.89655173
1688371421;2401.103448275862;56920.275862068964;5225.931034482758;137029985.10344827
1688371422;2401.103448275862;56496.55172413793;5225.931034482758;129309731.31034483
1688371423;2401.103448275862;58050.206896551725;5225.931034482758;138458500.4137931
1688371424;2401.103448275862;53106.75862068965;5225.931034482758;141477817.37931034
1688371425;2683.5862068965516;55507.862068965514;5225.931034482758;145702912
1688371426;2683.5862068965516;53530.48275862069;5225.931034482758;149635778.20689654
1688371427;2683.5862068965516;54236.68965517241;9745.655172413793;153570339.31034482
1688371428;2683.5862068965516;58050.206896551725;10593.103448275862;158505454.3448276
1688371429;2683.5862068965516;64264.8275862069;10593.103448275862;138459206.62068966
1688371430;3107.310344827586;67089.6551724138;10593.103448275862;142614104.27586207
1688371431;3107.310344827586;67089.6551724138;10593.103448275862;146983971.31034482
1688371432;3107.310344827586;67089.6551724138;10593.103448275862;145235544.27586207
1688371433;3531.0344827586205;70903.1724137931;10593.103448275862;145245572.4137931
1688371434;3531.0344827586205;71468.13793103448;10593.103448275862;141664820.96551725
1688371435;4378.482758620689;68360.8275862069;10593.103448275862;143214238.89655173
1688371436;4378.482758620689;68219.58620689655;10593.103448275862;141970891.03448275
1688371437;4378.482758620689;68360.8275862069;10593.103448275862;138669515.03448275
1688371438;4378.935751974342;65818.4827586207;10593.103448275862;137237751.1724138
1688371439;4378.482758620689;68784.55172413793;10593.103448275862;125156811.03448276
1688371440;4378.482758620689;68078.3448275862;5649.6551724137935;136730553.37931034
1688371441;4943.448275862069;70903.1724137931;5508.413793103448;136860919.1724138
1688371442;4943.448275862069;68502.06896551725;5508.413793103448;136183525.5172414
1688371443;3389.793103448276;69349.5172413793;5508.413793103448;129878934.06896551
1688371444;3389.793103448276;68078.3448275862;5508.413793103448;129098292.96551724
1688371445;3389.793103448276;69208.27586206897;5508.413793103448;126763996.68965517
1688371446;3389.793103448276;69490.75862068965;5367.172413793103;127012581.51724137
1688371447;3389.793103448276;69490.75862068965;5367.172413793103;118543748.4137931
1688371448;3107.310344827586;69914.4827586207;5367.172413793103;119902349.2413793
1688371449;2542.344827586207;71750.62068965517;5367.172413793103;125858639.44827586
1688371450;2542.344827586207;71044.41379310345;5367.172413793103;123179996.68965517
1688371451;2542.344827586207;71185.6551724138;5367.172413793103;121613064.8275862
1688371452;2542.344827586207;68502.06896551725;5367.172413793103;117815649.10344827
1688371453;2542.344827586207;70338.20689655172;5367.172413793103;121388067.31034483
1688371454;2259.862068965517;68360.8275862069;5367.172413793103;112999600.55172414
1688371455;2259.862068965517;69067.03448275862;5367.172413793103;114156226.20689654
1688371456;2259.862068965517;68360.8275862069;847.448275862069;114694214.62068966
1688371457;2259.862068965517;66665.93103448275;0;114204389.51724137
1688371458;2259.862068965517;61440;0;115494770.7586207
1688371459;1836.1379310344828;60733.793103448275;564.9655172413793;114041679.44827586
1688371460;1836.1379310344828;62004.96551724138;564.9655172413793;113619085.2413793
1688371461;1836.1379310344828;63134.89655172414;564.9655172413793;118575104
1688371462;1412.4137931034484;59462.620689655174;564.9655172413793;122200628.96551724
1688371463;1412.4137931034484;60451.31034482759;564.9655172413793;119491901.79310344
1688371464;564.9655172413793;70761.93103448275;564.9655172413793;116864953.37931034
1688371465;564.9655172413793;70479.44827586207;564.9655172413793;121771537.65517241
1688371466;564.9655172413793;68502.06896551725;564.9655172413793;121109821.79310344
1688371467;564.9655172413793;65536;564.9655172413793;124162754.20689654
1688371468;564.9655172413793;63841.10344827586;564.9655172413793;128429373.79310344
1688371469;564.9655172413793;64406.06896551724;564.9655172413793;122770820.4137931
1688371470;0;64123.58620689655;564.9655172413793;118649114.48275863
1688371471;0;65253.51724137931;564.9655172413793;112520086.06896551
1688371472;0;63558.620689655174;564.9655172413793;124926446.34482758
1688371473;0;63699.862068965514;564.9655172413793;124033659.5862069
1688371474;0;63276.13793103448;564.9655172413793;120012941.2413793
1688371475;0;63558.620689655174;564.9655172413793;120206159.44827586
1688371476;0;63558.620689655174;564.9655172413793;120206159.44827586
1688371477;0;61581.24137931034;1271.1724137931035;119208430.34482758
1688371478;0;60310.06896551724;1271.1724137931035;118594454.06896551
1688371479;0;60168.8275862069;1271.1724137931035;121875773.79310344
1688371480;0;59321.379310344826;1271.1724137931035;116809304.27586207
1688371481;0;60451.31034482759;1271.1724137931035;115413415.72413793
1688371482;0;60592.55172413793;1271.1724137931035;115501832.8275862
1688371483;0;59745.10344827586;1271.1724137931035;120310819.31034483
1688371484;0;56779.03448275862;1271.1724137931035;118599256.27586207
1688371485;0;60168.8275862069;1271.1724137931035;114126706.7586207
1688371486;0;56920.275862068964;1271.1724137931035;113328975.44827586
1688371487;0;56496.55172413793;1271.1724137931035;113980380.68965517
1688371488;0;55366.620689655174;706.2068965517242;115022883.31034483
1688371489;0;54095.448275862065;706.2068965517242;114111735.1724138
1688371490;0;58191.448275862065;706.2068965517242;117050685.79310344
1688371491;0;58473.93103448276;706.2068965517242;114315828.96551724
1688371492;1129.9310344827586;56920.275862068964;706.2068965517242;120446269.79310344
1688371493;1129.9310344827586;46327.1724137931;706.2068965517242;118881174.06896551
1688371494;1129.9310344827586;47315.862068965514;706.2068965517242;121629166.34482758
1688371495;1129.9310344827586;51835.58620689655;706.2068965517242;120291328
1688371496;1129.9310344827586;53530.48275862069;706.2068965517242;126460610.20689654
1688371497;2542.344827586207;51270.620689655174;706.2068965517242;127581501.79310344
1688371498;2542.344827586207;50281.93103448276;6355.862068965517;129910289.65517241
1688371499;2542.344827586207;48587.03448275862;6355.862068965517;131289511.72413793
1688371500;2542.344827586207;51835.58620689655;6355.862068965517;131500102.62068966
1688371501;2542.344827586207;53389.24137931034;6355.862068965517;122844972.13793103
1688371502;2824.8275862068967;55507.862068965514;7627.0344827586205;118784141.2413793
1688371503;3389.793103448276;54660.41379310345;7768.275862068966;117778926.34482758
1688371504;3389.793103448276;53248;7768.275862068966;131451374.34482758
1688371505;3389.793103448276;55084.137931034486;7768.275862068966;142325265.6551724
1688371506;3389.793103448276;58473.93103448276;7062.068965517241;133703609.37931034
1688371507;3389.793103448276;57767.724137931036;7062.068965517241;128361295.44827586
1688371508;3672.2758620689656;57626.48275862069;8474.48275862069;124023772.68965517
1688371509;3672.2758620689656;57908.96551724138;8474.48275862069;124023772.68965517
1688371510;3672.2758620689656;61157.51724137931;8474.48275862069;134903596.13793102
1688371511;3672.2758620689656;60168.8275862069;8474.48275862069;143067489.10344827
1688371512;3672.2758620689656;61157.51724137931;8474.48275862069;138258502.62068966
1688371513;4096;61722.48275862069;8474.48275862069;140014980.4137931
1688371514;4096;61157.51724137931;8474.48275862069;150012327.72413793
1688371515;4096;62004.96551724138;8474.48275862069;151537734.62068966
1688371516;4096;62146.206896551725;8474.48275862069;155820738.20689654
1688371517;4096;60310.06896551724;8474.48275862069;153162151.72413793
1688371518;4237.241379310345;65677.24137931035;8474.48275862069;151983774.89655173
1688371519;4237.241379310345;61581.24137931034;8474.48275862069;144029625.37931034
1688371520;4237.241379310345;62711.1724137931;8474.48275862069;143128929.10344827
1688371521;3107.310344827586;66807.1724137931;8474.48275862069;156292766.89655173
1688371522;3107.310344827586;66948.41379310345;8474.48275862069;163655821.24137932
1688371523;3107.310344827586;66948.41379310345;8474.48275862069;152043802.4827586
1688371524;3107.310344827586;63558.620689655174;8474.48275862069;153440538.4827586
1688371525;3107.310344827586;62711.1724137931;8474.48275862069;146286803.86206895
1688371526;1694.896551724138;63982.3448275862;8474.48275862069;160909100.13793102
1688371527;1694.896551724138;63982.3448275862;2824.8275862068967;154201970.75862068
1688371528;1694.896551724138;63134.89655172414;2824.8275862068967;152596338.75862068
1688371529;1694.896551724138;60027.58620689655;2824.8275862068967;154988261.5172414
1688371530;1694.896551724138;59745.10344827586;2824.8275862068967;175651734.06896552
1688371531;1412.4137931034484;62711.1724137931;1553.655172413793;175651734.06896552
1688371532;847.448275862069;61863.724137931036;1412.4137931034484;177224598.06896552
1688371533;847.448275862069;62711.1724137931;7627.0344827586205;159615752.8275862
1688371534;847.448275862069;59886.3448275862;7627.0344827586205;148741861.5172414
1688371535;847.448275862069;59038.89655172414;7627.0344827586205;163004416
1688371536;847.448275862069;69490.75862068965;7627.0344827586205;163560059.58620688
1688371537;564.9655172413793;69773.24137931035;6214.620689655172;166600421.5172414
1688371538;564.9655172413793;68219.58620689655;6355.862068965517;179695898.4827586
1688371539;564.9655172413793;65394.75862068965;6355.862068965517;173660230.62068966
1688371540;564.9655172413793;66242.20689655172;6355.862068965517;160414472.8275862
1688371541;564.9655172413793;66948.41379310345;6355.862068965517;163539155.86206895
1688371542;141.24137931034483;69773.24137931035;6355.862068965517;158404749.24137932
1688371543;141.24137931034483;66948.41379310345;7485.793103448275;168226251.03448275
1688371544;141.24137931034483;66665.93103448275;7485.793103448275;166289125.5172414
1688371545;141.24137931034483;66383.44827586207;7485.793103448275;155070605.24137932
1688371546;141.24137931034483;66807.1724137931;7485.793103448275;152629671.72413793
1688371547;0;62569.93103448276;7485.793103448275;156818184.8275862
1688371548;0;60451.31034482759;7485.793103448275;164985891.31034482
1688371549;1129.9310344827586;59180.137931034486;7485.793103448275;173841302.06896552
1688371550;1129.9310344827586;54801.65517241379;7485.793103448275;156873975.1724138
1688371551;1129.9310344827586;57626.48275862069;7485.793103448275;149826454.06896552
1688371552;1129.9310344827586;59180.137931034486;7485.793103448275;155481193.93103448
1688371553;1129.9310344827586;60733.793103448275;7485.793103448275;160163345.6551724
1688371554;1977.3793103448274;59886.3448275862;7485.793103448275;165327695.44827586
1688371555;2118.6206896551726;59603.862068965514;7485.793103448275;151634484.96551725
1688371556;2118.6206896551726;60168.8275862069;7485.793103448275;159702051.31034482
1688371557;2118.6206896551726;61157.51724137931;7485.793103448275;162467416.27586207
1688371558;2118.6206896551726;60733.793103448275;7485.793103448275;161601182.89655173
1688371559;2118.6206896551726;59462.620689655174;7485.793103448275;157106034.75862068
1688371560;2401.103448275862;57485.24137931034;7485.793103448275;157106034.75862068
1688371561;2401.103448275862;57485.24137931034;8192;162384366.3448276
1688371562;2401.103448275862;56920.275862068964;1977.3793103448274;163923473.6551724
1688371563;2401.103448275862;58615.1724137931;1977.3793103448274;163923473.6551724
1688371564;2401.103448275862;57061.51724137931;1977.3793103448274;149660919.1724138
1688371565;2401.103448275862;47739.58620689655;1977.3793103448274;149105134.3448276
1688371566;2401.103448275862;47739.58620689655;1977.3793103448274;149349340.68965518
1688371567;2401.103448275862;52541.793103448275;1836.1379310344828;144101234.75862068
1688371568;2401.103448275862;52824.275862068964;1836.1379310344828;138299180.13793102
1688371569;2401.103448275862;52683.03448275862;1836.1379310344828;155741501.79310346
1688371570;2401.103448275862;51694.3448275862;1836.1379310344828;152616818.75862068
1688371571;2401.103448275862;50988.137931034486;1836.1379310344828;154408889.37931034
1688371572;2401.103448275862;52400.55172413793;706.2068965517242;134590040.27586207
1688371573;2401.103448275862;53248;706.2068965517242;135384523.03448275
1688371574;2401.103448275862;55507.862068965514;706.2068965517242;155035294.89655173
1688371575;2401.103448275862;54377.93103448276;706.2068965517242;163351869.79310346
1688371576;2401.103448275862;53671.724137931036;706.2068965517242;157304478.89655173
1688371577;2401.103448275862;59180.137931034486;706.2068965517242;150654411.03448275
1688371578;1271.1724137931035;60310.06896551724;706.2068965517242;141799000.27586207
1688371579;1271.1724137931035;60592.55172413793;706.2068965517242;138153984
1688371580;2401.103448275862;59745.10344827586;706.2068965517242;138246355.86206895
1688371581;2401.103448275862;57485.24137931034;706.2068965517242;147687353.37931034
1688371582;2401.103448275862;55931.58620689655;706.2068965517242;143247995.58620688
1688371583;4378.482758620689;59180.137931034486;706.2068965517242;135199214.3448276
1688371584;4237.241379310345;60875.03448275862;706.2068965517242;135679717.5172414
1688371585;6497.103448275862;62428.68965517241;706.2068965517242;132543028.96551724
1688371586;6497.103448275862;61440;5367.172413793103;133637367.1724138
1688371587;6497.103448275862;62993.65517241379;5367.172413793103;136853009.6551724
1688371588;12288;64688.55172413793;5367.172413793103;127411588.4137931
1688371589;12711.724137931034;63276.13793103448;5367.172413793103;127411588.4137931
1688371590;12711.724137931034;67372.13793103448;5508.413793103448;122086505.93103448
1688371591;12711.724137931034;67230.89655172413;5508.413793103448;120547398.62068966
1688371592;12711.724137931034;66665.93103448275;5508.413793103448;134216739.31034483
1688371593;12711.724137931034;64971.03448275862;5508.413793103448;134216739.31034483
1688371594;13135.448275862069;65536;5508.413793103448;147212076.13793102
1688371595;13135.448275862069;66100.96551724138;5508.413793103448;143929626.4827586
1688371596;13135.448275862069;62569.93103448276;6073.379310344828;136082255.44827586
1688371597;13135.448275862069;65112.275862068964;6073.379310344828;134873511.72413793
1688371598;13135.448275862069;64547.31034482759;6073.379310344828;115832902.62068966
1688371599;13135.448275862069;67230.89655172413;6073.379310344828;124797916.68965517
1688371600;13135.448275862069;65959.72413793103;6073.379310344828;128987277.2413793
1688371601;13135.448275862069;66383.44827586207;6073.379310344828;128987277.2413793
1688371602;13135.448275862069;65253.51724137931;6073.379310344828;129488684.13793103
1688371603;13135.448275862069;64264.8275862069;6073.379310344828;117788107.03448276
1688371604;13135.448275862069;66100.96551724138;6073.379310344828;113250162.7586207
1688371605;13135.448275862069;66100.96551724138;6073.379310344828;122640595.86206897
1688371606;13135.448275862069;62993.65517241379;6073.379310344828;124336339.86206897
1688371607;13135.448275862069;61016.275862068964;6073.379310344828;124336339.86206897
1688371608;13135.448275862069;62004.96551724138;6073.379310344828;130413108.96551724
1688371609;12005.51724137931;59180.137931034486;6073.379310344828;129905911.1724138
1688371610;12005.51724137931;60451.31034482759;6073.379310344828;118670300.68965517
1688371611;12005.51724137931;59180.137931034486;6073.379310344828;117030770.7586207
1688371612;9180.689655172413;56920.275862068964;6073.379310344828;117030770.7586207
1688371613;9180.689655172413;60733.793103448275;6073.379310344828;122906129.65517241
1688371614;6920.827586206897;59321.379310344826;6073.379310344828;123654144
1688371615;6920.827586206897;61440;1412.4137931034484;127631218.7586207
1688371616;6920.827586206897;60451.31034482759;1412.4137931034484;122679296
1688371617;1129.9310344827586;59745.10344827586;1412.4137931034484;112196219.5862069
1688371618;423.7241379310345;59462.620689655174;1412.4137931034484;112196219.5862069
1688371619;423.7241379310345;57908.96551724138;564.9655172413793;123604568.27586207
1688371620;423.7241379310345;58332.68965517241;564.9655172413793;125351159.1724138
1688371621;423.7241379310345;60875.03448275862;564.9655172413793;111681818.48275863
1688371622;423.7241379310345;62287.448275862065;564.9655172413793;116129650.7586207
1688371623;0;60451.31034482759;564.9655172413793;109601756.68965517
1688371624;0;62569.93103448276;564.9655172413793;111778710.06896551
1688371625;0;62852.41379310345;706.2068965517242;115786010.48275863
1688371626;0;60451.31034482759;706.2068965517242;127878108.68965517
1688371627;0;59462.620689655174;706.2068965517242;127878108.68965517
1688371628;0;61157.51724137931;706.2068965517242;122288763.5862069
1688371629;0;60875.03448275862;706.2068965517242;125250877.79310344
1688371630;0;65536;706.2068965517242;125257516.13793103
1688371631;0;68643.31034482758;706.2068965517242;127745341.79310344
1688371632;0;67795.86206896552;706.2068965517242;121389762.20689654
1688371633;0;67089.6551724138;706.2068965517242;122882259.86206897
1688371634;0;69067.03448275862;706.2068965517242;113491968
1688371635;0;68502.06896551725;706.2068965517242;120400366.34482758
1688371636;0;70620.6896551724;706.2068965517242;120400366.34482758
1688371637;0;68784.55172413793;706.2068965517242;114323738.48275863
1688371638;0;72174.3448275862;706.2068965517242;120097544.8275862
1688371639;0;71891.86206896552;706.2068965517242;127123173.51724137
1688371640;0;73163.03448275862;706.2068965517242;128923012.4137931
1688371641;0;72174.3448275862;706.2068965517242;128923012.4137931
1688371642;0;65959.72413793103;706.2068965517242;116965940.96551724
1688371643;0;65959.72413793103;706.2068965517242;115109464.27586207
1688371644;0;64123.58620689655;706.2068965517242;110309940.96551724
1688371645;0;62852.41379310345;706.2068965517242;123285645.2413793
1688371646;0;63841.10344827586;706.2068965517242;123285645.2413793
1688371647;0;62569.93103448276;706.2068965517242;123285645.2413793
1688371648;0;62004.96551724138;706.2068965517242;119469726.89655173
1688371649;0;70479.44827586207;706.2068965517242;117723136
1688371650;0;68219.58620689655;5084.689655172414;130553785.37931034
1688371651;0;67654.62068965517;5084.689655172414;126107083.03448276
1688371652;0;68502.06896551725;5084.689655172414;119639640.27586207
1688371653;0;65536;5084.689655172414;119090776.27586207
1688371654;0;68219.58620689655;4378.482758620689;121158973.79310344
1688371655;0;66383.44827586207;4802.206896551724;111733795.31034483
1688371656;0;70761.93103448275;4943.448275862069;120776068.4137931
1688371657;0;65677.24137931035;4943.448275862069;120910812.68965517
1688371658;0;66948.41379310345;4943.448275862069;112908358.62068966
1688371659;0;61440;4943.448275862069;118980466.7586207
1688371660;0;61016.275862068964;4943.448275862069;114504386.20689654
1688371661;0;59038.89655172414;4943.448275862069;123288187.5862069
1688371662;0;59462.620689655174;4943.448275862069;118017059.31034483
1688371663;0;57202.75862068965;4943.448275862069;119399812.4137931
1688371664;0;57626.48275862069;4943.448275862069;109278031.44827586
1688371665;0;55507.862068965514;4943.448275862069;113973318.62068966
1688371666;0;59603.862068965514;4943.448275862069;120682284.13793103
1688371667;0;56920.275862068964;4943.448275862069;122722515.86206897
1688371668;0;57767.724137931036;4943.448275862069;111395663.44827586
1688371669;0;58615.1724137931;4943.448275862069;112633079.1724138
1688371670;0;60027.58620689655;4943.448275862069;117066363.5862069
1688371671;0;60027.58620689655;4943.448275862069;116350976
1688371672;0;59180.137931034486;5649.6551724137935;113176717.2413793
1688371673;0;62428.68965517241;5649.6551724137935;121343858.7586207
1688371674;0;61581.24137931034;5649.6551724137935;108368295.72413793
1688371675;0;60451.31034482759;5649.6551724137935;112836043.03448276
1688371676;0;62569.93103448276;5649.6551724137935;117780480
1688371677;0;62428.68965517241;5649.6551724137935;114167101.79310344
1688371678;0;55225.379310344826;5649.6551724137935;114181790.89655173
1688371679;0;56214.06896551724;1271.1724137931035;109373369.37931034
1688371680;0;58050.206896551725;1271.1724137931035;109372239.44827586
1688371681;0;57202.75862068965;1271.1724137931035;116332755.86206897
1688371682;0;58473.93103448276;1271.1724137931035;114702547.86206897
1688371683;0;55507.862068965514;1271.1724137931035;110850048
1688371684;0;58332.68965517241;847.448275862069;109801754.48275863
1688371685;0;54942.89655172414;706.2068965517242;106935684.4137931
1688371686;0;56214.06896551724;706.2068965517242;112265004.13793103
1688371687;0;54660.41379310345;706.2068965517242;118845581.2413793
1688371688;0;56214.06896551724;706.2068965517242;112769942.06896551
1688371689;0;53389.24137931034;706.2068965517242;112013312
1688371690;0;56072.8275862069;706.2068965517242;101634895.44827586
1688371691;0;55931.58620689655;706.2068965517242;109118287.44827586
1688371692;0;54236.68965517241;706.2068965517242;113652559.44827586
1688371693;0;53389.24137931034;706.2068965517242;115127966.89655173
1688371694;0;53671.724137931036;706.2068965517242;110432679.72413793
1688371695;0;57485.24137931034;706.2068965517242;117147012.4137931
1688371696;0;57061.51724137931;706.2068965517242;112818387.86206897
1688371697;0;56214.06896551724;5932.137931034483;115106780.68965517
1688371698;0;54236.68965517241;5932.137931034483;113464143.44827586
1688371699;0;55507.862068965514;5932.137931034483;119787802.48275863
1688371700;0;59038.89655172414;5932.137931034483;122535794.7586207
1688371701;0;59180.137931034486;5225.931034482758;123388045.2413793
1688371702;0;56920.275862068964;5649.6551724137935;118262113.10344827
1688371703;0;58473.93103448276;5790.896551724138;118261971.86206897
1688371704;0;58473.93103448276;5790.896551724138;115148164.4137931
1688371705;0;56355.31034482759;5790.896551724138;113435047.72413793
1688371706;0;57485.24137931034;5790.896551724138;107929882.48275863
1688371707;0;55649.10344827586;5790.896551724138;115236581.51724137
1688371708;0;56214.06896551724;5790.896551724138;112136756.96551724
1688371709;0;55084.137931034486;5790.896551724138;117271304.8275862
1688371710;0;55649.10344827586;5790.896551724138;115767507.86206897
1688371711;0;56214.06896551724;5790.896551724138;121374790.62068966
1688371712;0;55084.137931034486;5790.896551724138;125929401.37931034
1688371713;0;53812.96551724138;5790.896551724138;127212296.8275862
1688371714;0;55790.3448275862;5790.896551724138;127639693.2413793
1688371715;0;56496.55172413793;5790.896551724138;118834423.1724138
1688371716;0;57485.24137931034;5790.896551724138;124661618.7586207
1688371717;0;54942.89655172414;5790.896551724138;124811193.37931034
1688371718;0;57344;5790.896551724138;123024348.68965517
1688371719;0;56637.793103448275;5790.896551724138;124329842.7586207
1688371720;0;57202.75862068965;5790.896551724138;121615607.1724138
1688371721;0;57767.724137931036;5790.896551724138;124810204.68965517
1688371722;0;58332.68965517241;5790.896551724138;123337622.06896551
1688371723;0;58050.206896551725;5790.896551724138;125159070.89655173
1688371724;0;50846.89655172414;5790.896551724138;114815964.68965517
1688371725;0;51553.10344827586;5790.896551724138;115078391.1724138
1688371726;0;51129.379310344826;564.9655172413793;126516400.55172414
1688371727;0;51835.58620689655;564.9655172413793;125125879.1724138
1688371728;0;50140.68965517241;564.9655172413793;114368935.72413793
1688371729;0;50564.41379310345;564.9655172413793;114658339.31034483
1688371730;0;52824.275862068964;564.9655172413793;116877665.10344827
1688371731;0;53106.75862068965;141.24137931034483;124358091.03448276
1688371732;0;51411.862068965514;0;124640150.06896551
1688371733;0;51835.58620689655;0;123286210.20689654
1688371734;0;53106.75862068965;0;121731001.37931034
1688371735;0;50281.93103448276;0;121731001.37931034
1688371736;0;54660.41379310345;0;131840776.8275862
1688371737;0;51694.3448275862;0;129816929.10344827
1688371738;0;51835.58620689655;0;124682381.2413793
1688371739;0;52259.31034482759;706.2068965517242;120788073.93103448
1688371740;0;52683.03448275862;706.2068965517242;115180791.1724138
1688371741;0;51835.58620689655;706.2068965517242;119964495.44827586
1688371742;0;51835.58620689655;706.2068965517242;124274334.89655173
1688371743;0;50281.93103448276;706.2068965517242;117670735.44827586
1688371744;0;48445.793103448275;706.2068965517242;119183006.89655173
1688371745;0;47598.3448275862;706.2068965517242;105834142.89655173
1688371746;0;55225.379310344826;706.2068965517242;113879251.86206897
1688371747;0;54942.89655172414;706.2068965517242;126256092.68965517
1688371748;0;53671.724137931036;706.2068965517242;124950598.62068966
1688371749;0;52683.03448275862;706.2068965517242;121526483.86206897
1688371750;0;55366.620689655174;706.2068965517242;112414720
1688371751;0;55507.862068965514;706.2068965517242;120179464.8275862
1688371752;0;57626.48275862069;706.2068965517242;131166631.72413793
1688371753;0;57908.96551724138;706.2068965517242;128086298.48275863
1688371754;0;57767.724137931036;706.2068965517242;125147206.62068966
1688371755;0;58050.206896551725;706.2068965517242;111420804.4137931
1688371756;0;57767.724137931036;706.2068965517242;124342695.72413793
1688371757;0;58191.448275862065;706.2068965517242;124344531.86206897
1688371758;0;53954.206896551725;706.2068965517242;122727600.55172414
1688371759;0;51976.8275862069;706.2068965517242;117471020.13793103
1688371760;0;52965.51724137931;706.2068965517242;103912130.20689654
1688371761;0;54660.41379310345;706.2068965517242;108285245.79310344
1688371762;0;53530.48275862069;706.2068965517242;116721734.62068966
1688371763;0;53530.48275862069;706.2068965517242;132253201.65517241
1688371764;0;54377.93103448276;5932.137931034483;132253201.65517241
1688371765;0;49999.448275862065;5932.137931034483;114822179.31034483
1688371766;0;51270.620689655174;6779.586206896552;113580526.34482758
1688371767;0;50281.93103448276;6779.586206896552;119242610.7586207
1688371768;0;49293.24137931034;6073.379310344828;125047348.96551724
1688371769;0;47880.8275862069;6073.379310344828;128908323.31034483
1688371770;0;54377.93103448276;6073.379310344828;122675341.2413793
1688371771;0;56214.06896551724;6073.379310344828;120076782.34482758
1688371772;0;60310.06896551724;6073.379310344828;122785227.03448276
1688371773;0;64829.793103448275;6073.379310344828;125399463.72413793
1688371774;0;64688.55172413793;6638.3448275862065;127650145.10344827
1688371775;0;58756.41379310345;6638.3448275862065;123033105.65517241
1688371776;0;57344;6638.3448275862065;110658524.68965517
1688371777;0;63841.10344827586;6638.3448275862065;116354224.55172414
1688371778;0;63558.620689655174;6638.3448275862065;115009182.89655173
1688371779;0;61016.275862068964;6638.3448275862065;115009182.89655173
1688371780;0;60592.55172413793;6638.3448275862065;110286494.89655173
1688371781;0;60875.03448275862;6638.3448275862065;99101590.06896551
1688371782;0;59886.3448275862;6638.3448275862065;103559309.2413793
1688371783;0;62428.68965517241;6638.3448275862065;105487112.8275862
1688371784;0;60733.793103448275;6638.3448275862065;108524367.44827586
1688371785;0;60875.03448275862;6638.3448275862065;98636905.93103448
1688371786;0;60310.06896551724;6638.3448275862065;100297057.10344827
1688371787;0;61863.724137931036;6638.3448275862065;102519772.68965517
1688371788;0;61581.24137931034;6638.3448275862065;111967126.06896551
1688371789;0;60310.06896551724;6638.3448275862065;111967126.06896551
1688371790;0;59462.620689655174;6638.3448275862065;107313363.86206897
1688371791;0;63558.620689655174;6638.3448275862065;100134629.51724137
1688371792;0;62428.68965517241;6638.3448275862065;87745924.4137931
1688371793;0;64406.06896551724;1412.4137931034484;100250871.1724138
1688371794;0;64971.03448275862;1412.4137931034484;100251718.62068966
1688371795;0;68502.06896551725;564.9655172413793;98594816
1688371796;0;68925.79310344828;564.9655172413793;95580160
1688371797;0;69067.03448275862;564.9655172413793;88239986.7586207
1688371798;0;68643.31034482758;564.9655172413793;84381272.27586207
1688371799;0;63134.89655172414;564.9655172413793;79052941.2413793
1688371800;0;61581.24137931034;564.9655172413793;72651316.96551724
1688371801;0;59180.137931034486;564.9655172413793;69942872.27586207
1688371802;0;58756.41379310345;564.9655172413793;65787833.37931035
1688371803;0;59745.10344827586;564.9655172413793;63565117.79310345
1688371804;0;59745.10344827586;564.9655172413793;59984366.344827585
1688371805;0;59321.379310344826;564.9655172413793;59982106.48275862
1688371806;0;52965.51724137931;564.9655172413793;54286406.62068965
1688371807;0;53530.48275862069;564.9655172413793;54286406.62068965
1688371808;0;54236.68965517241;564.9655172413793;54286406.62068965
1688371809;0;53389.24137931034;564.9655172413793;51241524.96551724
1688371810;0;52259.31034482759;564.9655172413793;49617814.06896552
1688371811;0;53106.75862068965;564.9655172413793;45160094.89655172
1688371812;0;51694.3448275862;564.9655172413793;42122840.27586207
1688371813;0;54519.1724137931;564.9655172413793;39085585.655172415
1688371814;0;55790.3448275862;564.9655172413793;36047059.862068966
1688371815;0;56920.275862068964;1271.1724137931035;34385072.551724136
1688371816;0;58191.448275862065;1271.1724137931035;30741892.413793102
1688371817;0;57485.24137931034;1271.1724137931035;21294539.03448276
1688371818;0;61157.51724137931;5790.896551724138;21294539.03448276
1688371819;0;61157.51724137931;5790.896551724138;21303578.48275862
1688371820;0;62004.96551724138;5790.896551724138;20045824
1688371821;0;61581.24137931034;6355.862068965517;15226950.620689655
1688371822;0;63558.620689655174;6355.862068965517;2722003.8620689656
1688371823;0;65112.275862068964;6355.862068965517;2721015.172413793
1688371824;0;64688.55172413793;6355.862068965517;2721015.172413793
1688371825;0;65112.275862068964;6355.862068965517;78388.96551724138
1688371826;0;67372.13793103448;6355.862068965517;51411.862068965514
1688371827;0;66100.96551724138;7062.068965517241;49152
1688371828;0;72315.58620689655;7062.068965517241;60875.03448275862
1688371829;0;70338.20689655172;7062.068965517241;60875.03448275862
1688371830;0;71185.6551724138;7062.068965517241;60875.03448275862
1688371831;0;66948.41379310345;7062.068965517241;56072.8275862069
1688371832;0;69349.5172413793;6497.103448275862;33332.96551724138
1688371833;0;67654.62068965517;6497.103448275862;33332.96551724138
1688371834;0;68360.8275862069;6497.103448275862;33332.96551724138
1688371835;0;69067.03448275862;6497.103448275862;33332.96551724138
1688371836;0;69349.5172413793;6497.103448275862;33332.96551724138
1688371837;0;69914.4827586207;6497.103448275862;33332.96551724138
1688371838;0;70903.1724137931;6497.103448275862;36016.55172413793
1688371839;0;68784.55172413793;6497.103448275862;36016.55172413793
1688371840;0;71750.62068965517;6497.103448275862;36016.55172413793
1688371841;0;69632;6497.103448275862;36016.55172413793
1688371842;0;70479.44827586207;6497.103448275862;36016.55172413793
1688371843;0;68360.8275862069;6497.103448275862;36016.55172413793
1688371844;0;68784.55172413793;5790.896551724138;36016.55172413793
1688371845;0;66665.93103448275;5790.896551724138;36016.55172413793
1688371846;0;68219.58620689655;5790.896551724138;36016.55172413793
1688371847;0;62428.68965517241;1271.1724137931035;36016.55172413793
1688371848;0;64123.58620689655;1271.1724137931035;25564.689655172413
1688371849;0;59038.89655172414;1271.1724137931035;25564.689655172413
1688371850;0;61157.51724137931;706.2068965517242;25564.689655172413
1688371851;0;56214.06896551724;706.2068965517242;25564.689655172413
1688371852;0;62569.93103448276;5649.6551724137935;25564.689655172413
1688371853;0;59038.89655172414;5649.6551724137935;25564.689655172413
1688371854;0;60027.58620689655;5649.6551724137935;20762.48275862069
1688371855;0;57908.96551724138;5649.6551724137935;20762.48275862069
1688371856;0;59745.10344827586;4943.448275862069;20762.48275862069
1688371857;0;52541.793103448275;5084.689655172414;9039.448275862069
1688371858;0;54942.89655172414;5084.689655172414;15395.310344827585
1688371859;0;52118.06896551724;5084.689655172414;15395.310344827585
1688371860;0;55225.379310344826;5084.689655172414;14265.379310344828
1688371861;0;50846.89655172414;5084.689655172414;9039.448275862069
1688371862;0;53530.48275862069;5084.689655172414;9039.448275862069
1688371863;0;55225.379310344826;5084.689655172414;9039.448275862069
1688371864;0;55366.620689655174;5084.689655172414;9039.448275862069
1688371865;0;54236.68965517241;5084.689655172414;9039.448275862069
1688371866;0;55507.862068965514;5084.689655172414;9039.448275862069
1688371867;0;53671.724137931036;5084.689655172414;6355.862068965517
1688371868;0;55366.620689655174;5084.689655172414;6355.862068965517
1688371869;0;51694.3448275862;5084.689655172414;6355.862068965517
1688371870;0;54660.41379310345;5084.689655172414;6355.862068965517
1688371871;0;50988.137931034486;5084.689655172414;6355.862068965517
1688371872;0;51976.8275862069;5084.689655172414;6355.862068965517
1688371873;0;52824.275862068964;5084.689655172414;6355.862068965517
1688371874;0;52400.55172413793;5084.689655172414;6355.862068965517
1688371875;0;51270.620689655174;5084.689655172414;6355.862068965517
1688371876;0;53106.75862068965;5084.689655172414;6355.862068965517
1688371877;0;52259.31034482759;5084.689655172414;6355.862068965517
1688371878;0;53389.24137931034;5084.689655172414;6355.862068965517
1688371879;0;50423.1724137931;5084.689655172414;6355.862068965517
1688371880;0;53530.48275862069;5084.689655172414;6355.862068965517
1688371881;0;44208.55172413793;141.24137931034483;6355.862068965517
1688371882;0;45338.48275862069;141.24137931034483;6355.862068965517
1688371883;706.2068965517242;46327.1724137931;141.24137931034483;6355.862068965517
1688371884;706.2068965517242;47033.379310344826;141.24137931034483;11723.034482758621
1688371885;706.2068965517242;47598.3448275862;141.24137931034483;11723.034482758621
1688371886;706.2068965517242;51129.379310344826;0;11723.034482758621
1688371887;706.2068965517242;48728.275862068964;0;5367.172413793103
1688371888;988.6896551724137;50423.1724137931;0;5367.172413793103
1688371889;988.6896551724137;47315.862068965514;0;5367.172413793103
1688371890;988.6896551724137;49434.48275862069;0;5367.172413793103
1688371891;988.6896551724137;48445.793103448275;706.2068965517242;5367.172413793103
1688371892;988.6896551724137;47598.3448275862;706.2068965517242;5367.172413793103
1688371893;988.6896551724137;48022.06896551724;706.2068965517242;5367.172413793103
1688371894;988.6896551724137;51270.620689655174;706.2068965517242;10028.137931034482
1688371895;988.6896551724137;50281.93103448276;706.2068965517242;10028.137931034482
1688371896;988.6896551724137;55790.3448275862;706.2068965517242;10028.137931034482
1688371897;988.6896551724137;54095.448275862065;706.2068965517242;10734.344827586207
1688371898;988.6896551724137;56355.31034482759;706.2068965517242;10734.344827586207
1688371899;988.6896551724137;54660.41379310345;706.2068965517242;10734.344827586207
1688371900;988.6896551724137;59462.620689655174;706.2068965517242;10734.344827586207
1688371901;988.6896551724137;57767.724137931036;706.2068965517242;10734.344827586207
1688371902;988.6896551724137;56355.31034482759;1412.4137931034484;10734.344827586207
1688371903;988.6896551724137;56920.275862068964;1412.4137931034484;11158.068965517241
1688371904;988.6896551724137;60310.06896551724;1412.4137931034484;11158.068965517241
1688371905;988.6896551724137;59038.89655172414;1412.4137931034484;11158.068965517241
1688371906;988.6896551724137;59886.3448275862;1412.4137931034484;11158.068965517241
1688371907;988.6896551724137;59603.862068965514;1412.4137931034484;11158.068965517241
1688371908;988.6896551724137;61298.75862068965;1412.4137931034484;11158.068965517241
1688371909;988.6896551724137;58191.448275862065;1412.4137931034484;11158.068965517241
1688371910;988.6896551724137;68360.8275862069;1412.4137931034484;11158.068965517241
1688371911;988.6896551724137;66383.44827586207;1412.4137931034484;11158.068965517241
1688371912;282.48275862068965;64406.06896551724;1412.4137931034484;11158.068965517241
1688371913;282.48275862068965;63417.379310344826;1412.4137931034484;5790.896551724138
1688371914;282.48275862068965;64547.31034482759;1412.4137931034484;5790.896551724138
1688371915;282.48275862068965;61581.24137931034;1412.4137931034484;5790.896551724138
1688371916;282.48275862068965;63276.13793103448;6073.379310344828;5790.896551724138
1688371917;0;61298.75862068965;6073.379310344828;5790.896551724138
1688371918;0;63699.862068965514;6073.379310344828;5790.896551724138
1688371919;0;61581.24137931034;6073.379310344828;5790.896551724138
1688371920;0;62993.65517241379;5367.172413793103;5790.896551724138
1688371921;0;60451.31034482759;5790.896551724138;5790.896551724138
1688371922;0;60451.31034482759;6214.620689655172;5790.896551724138
1688371923;0;57344;6214.620689655172;1129.9310344827586
1688371924;0;58332.68965517241;6214.620689655172;1129.9310344827586
1688371925;0;54236.68965517241;6214.620689655172;1129.9310344827586
1688371926;0;55225.379310344826;6214.620689655172;423.7241379310345
1688371927;0;53671.724137931036;6214.620689655172;423.7241379310345
1688371928;0;54236.68965517241;6214.620689655172;423.7241379310345
1688371929;0;49434.48275862069;6214.620689655172;423.7241379310345
1688371930;0;52400.55172413793;6214.620689655172;423.7241379310345
1688371931;0;50564.41379310345;5508.413793103448;423.7241379310345
1688371932;0;49152;5508.413793103448;0
1688371933;0;45903.448275862065;5508.413793103448;0
1688371934;0;48445.793103448275;5508.413793103448;0
1688371935;0;48163.31034482759;5508.413793103448;0
1688371936;0;48163.31034482759;5508.413793103448;0
1688371937;0;48304.55172413793;5508.413793103448;0
1688371938;0;48445.793103448275;5508.413793103448;0
1688371939;0;39123.862068965514;5508.413793103448;0
1688371940;0;41101.24137931035;5508.413793103448;0
1688371941;0;40395.03448275862;5508.413793103448;0
1688371942;0;39688.8275862069;5508.413793103448;0
1688371943;0;37005.24137931035;5508.413793103448;0
1688371944;0;38135.1724137931;5508.413793103448;0
1688371945;0;39688.8275862069;847.448275862069;0
1688371946;0;38700.137931034486;847.448275862069;0
1688371947;0;38841.379310344826;847.448275862069;0
1688371948;0;38841.379310344826;847.448275862069;0
1688371949;0;37570.206896551725;847.448275862069;0
1688371950;0;38700.137931034486;423.7241379310345;0
1688371951;0;42796.137931034486;0;0
1688371952;0;42089.93103448276;0;0
1688371953;0;41666.206896551725;141.24137931034483;0
1688371954;0;41101.24137931035;141.24137931034483;0
1688371955;0;45762.206896551725;141.24137931034483;0
1688371956;0;45762.206896551725;141.24137931034483;0
1688371957;0;47739.58620689655;141.24137931034483;0
1688371958;0;47739.58620689655;141.24137931034483;0
1688371959;0;46468.41379310345;141.24137931034483;0
1688371960;0;49999.448275862065;141.24137931034483;0
1688371961;0;52400.55172413793;141.24137931034483;0
1688371962;0;53671.724137931036;141.24137931034483;0
1688371963;0;53248;141.24137931034483;0
1688371964;0;51835.58620689655;141.24137931034483;0
1688371965;0;55225.379310344826;141.24137931034483;0
1688371966;0;54660.41379310345;141.24137931034483;5225.931034482758
1688371967;0;56214.06896551724;141.24137931034483;5225.931034482758
1688371968;0;56920.275862068964;141.24137931034483;5225.931034482758
1688371969;0;56779.03448275862;847.448275862069;5225.931034482758
1688371970;0;58897.65517241379;847.448275862069;5225.931034482758
1688371971;0;60592.55172413793;847.448275862069;5225.931034482758
1688371972;0;59745.10344827586;847.448275862069;5225.931034482758
1688371973;0;59745.10344827586;847.448275862069;5225.931034482758
1688371974;0;56496.55172413793;847.448275862069;5225.931034482758
1688371975;0;61581.24137931034;847.448275862069;5225.931034482758
1688371976;0;59886.3448275862;847.448275862069;10734.344827586207
1688371977;0;61722.48275862069;847.448275862069;10734.344827586207
1688371978;0;60733.793103448275;847.448275862069;10734.344827586207
1688371979;0;60592.55172413793;847.448275862069;10734.344827586207
1688371980;0;56496.55172413793;847.448275862069;10734.344827586207
1688371981;0;57485.24137931034;847.448275862069;10734.344827586207
1688371982;0;54519.1724137931;706.2068965517242;10734.344827586207
1688371983;0;54660.41379310345;706.2068965517242;10734.344827586207
1688371984;0;49010.75862068965;706.2068965517242;10734.344827586207
1688371985;0;51976.8275862069;706.2068965517242;10734.344827586207
1688371986;0;49010.75862068965;1412.4137931034484;10734.344827586207
1688371987;0;56496.55172413793;1412.4137931034484;10734.344827586207
1688371988;0;55649.10344827586;1412.4137931034484;10734.344827586207
1688371989;0;53106.75862068965;1412.4137931034484;10734.344827586207
1688371990;0;51553.10344827586;1412.4137931034484;10734.344827586207
1688371991;0;50705.65517241379;1412.4137931034484;10734.344827586207
1688371992;0;49716.96551724138;1412.4137931034484;10734.344827586207
1688371993;0;50564.41379310345;1412.4137931034484;10734.344827586207
1688371994;0;46327.1724137931;6214.620689655172;10734.344827586207
1688371995;0;49293.24137931034;6214.620689655172;5508.413793103448
1688371996;0;48445.793103448275;6214.620689655172;5508.413793103448
1688371997;0;50564.41379310345;6214.620689655172;5508.413793103448
1688371998;0;50281.93103448276;5508.413793103448;5508.413793103448
1688371999;0;48869.51724137931;5790.896551724138;5508.413793103448
1688372000;0;48163.31034482759;6638.3448275862065;5508.413793103448
1688372001;0;49999.448275862065;6638.3448275862065;5508.413793103448
1688372002;0;48869.51724137931;6638.3448275862065;5508.413793103448
1688372003;0;52400.55172413793;6638.3448275862065;5508.413793103448
1688372004;0;47315.862068965514;6638.3448275862065;5508.413793103448
1688372005;0;50281.93103448276;7203.310344827586;0
1688372006;0;52541.793103448275;7203.310344827586;0
1688372007;0;55790.3448275862;7203.310344827586;564.9655172413793
1688372008;0;55931.58620689655;7203.310344827586;564.9655172413793
1688372009;0;55507.862068965514;7203.310344827586;564.9655172413793
1688372010;0;56355.31034482759;7203.310344827586;564.9655172413793
1688372011;0;58050.206896551725;7203.310344827586;564.9655172413793
1688372012;0;57061.51724137931;7203.310344827586;564.9655172413793
1688372013;0;58897.65517241379;7203.310344827586;564.9655172413793
1688372014;0;55084.137931034486;7203.310344827586;564.9655172413793
1688372015;0;58050.206896551725;6497.103448275862;564.9655172413793
1688372016;0;51553.10344827586;6497.103448275862;564.9655172413793
1688372017;0;53954.206896551725;6497.103448275862;564.9655172413793
1688372018;0;53812.96551724138;6497.103448275862;564.9655172413793
1688372019;0;54519.1724137931;6497.103448275862;564.9655172413793
1688372020;0;55649.10344827586;6497.103448275862;564.9655172413793
1688372021;0;56920.275862068964;6497.103448275862;564.9655172413793
1688372022;0;60310.06896551724;6497.103448275862;564.9655172413793
1688372023;0;62004.96551724138;1694.896551724138;564.9655172413793
1688372024;0;57767.724137931036;1694.896551724138;564.9655172413793
1688372025;0;60592.55172413793;1694.896551724138;564.9655172413793
1688372026;0;58756.41379310345;1694.896551724138;564.9655172413793
1688372027;0;59745.10344827586;1694.896551724138;564.9655172413793
1688372028;0;59038.89655172414;1412.4137931034484;564.9655172413793
1688372029;0;59745.10344827586;564.9655172413793;564.9655172413793
1688372030;0;60168.8275862069;564.9655172413793;564.9655172413793
1688372031;0;60733.793103448275;564.9655172413793;564.9655172413793
1688372032;0;58050.206896551725;5649.6551724137935;564.9655172413793
1688372033;0;59745.10344827586;5649.6551724137935;564.9655172413793
1688372034;0;56779.03448275862;5084.689655172414;564.9655172413793
1688372035;0;54519.1724137931;5084.689655172414;564.9655172413793
1688372036;0;52400.55172413793;5084.689655172414;0
1688372037;0;53248;5225.931034482758;0
1688372038;0;52400.55172413793;5225.931034482758;0
1688372039;0;54236.68965517241;5225.931034482758;706.2068965517242
1688372040;0;53812.96551724138;5225.931034482758;706.2068965517242
1688372041;0;54801.65517241379;5225.931034482758;706.2068965517242
1688372042;0;52965.51724137931;5225.931034482758;706.2068965517242
1688372043;0;55790.3448275862;5225.931034482758;706.2068965517242
1688372044;0;52965.51724137931;5225.931034482758;706.2068965517242
1688372045;0;55084.137931034486;5225.931034482758;706.2068965517242
1688372046;0;54095.448275862065;5225.931034482758;706.2068965517242
1688372047;0;55366.620689655174;5225.931034482758;706.2068965517242
1688372048;0;54377.93103448276;5225.931034482758;706.2068965517242
1688372049;0;54095.448275862065;5225.931034482758;706.2068965517242
1688372050;0;52259.31034482759;5225.931034482758;1412.4137931034484
1688372051;0;48869.51724137931;5225.931034482758;1412.4137931034484
1688372052;0;47174.620689655174;5225.931034482758;1412.4137931034484
1688372053;0;48304.55172413793;5225.931034482758;1412.4137931034484
1688372054;0;44632.275862068964;5225.931034482758;1412.4137931034484
1688372055;0;46609.65517241379;5225.931034482758;1412.4137931034484
1688372056;0;45620.96551724138;5225.931034482758;1412.4137931034484
1688372057;0;45620.96551724138;5225.931034482758;1412.4137931034484
1688372058;0;51553.10344827586;5225.931034482758;1412.4137931034484
1688372059;0;51835.58620689655;5225.931034482758;1412.4137931034484
1688372060;0;52541.793103448275;5225.931034482758;1412.4137931034484
1688372061;0;53530.48275862069;141.24137931034483;1412.4137931034484
1688372062;0;52541.793103448275;564.9655172413793;1412.4137931034484
1688372063;0;52683.03448275862;564.9655172413793;1412.4137931034484
1688372064;0;51694.3448275862;564.9655172413793;6073.379310344828
1688372065;0;52259.31034482759;564.9655172413793;6073.379310344828
1688372066;0;52259.31034482759;423.7241379310345;6073.379310344828
1688372067;0;52400.55172413793;423.7241379310345;6073.379310344828
1688372068;0;51835.58620689655;423.7241379310345;5367.172413793103
1688372069;0;51694.3448275862;423.7241379310345;5790.896551724138
1688372070;0;53530.48275862069;423.7241379310345;5932.137931034483
1688372071;0;53530.48275862069;1129.9310344827586;5932.137931034483
1688372072;0;52965.51724137931;1129.9310344827586;5932.137931034483
1688372073;0;51976.8275862069;1129.9310344827586;5932.137931034483
1688372074;0;50423.1724137931;1129.9310344827586;5932.137931034483
1688372075;0;48163.31034482759;1129.9310344827586;5932.137931034483
1688372076;0;48869.51724137931;1129.9310344827586;5932.137931034483
1688372077;0;49010.75862068965;1129.9310344827586;5932.137931034483
1688372078;0;48869.51724137931;1129.9310344827586;5932.137931034483
1688372079;0;48587.03448275862;1129.9310344827586;5225.931034482758
1688372080;0;49716.96551724138;1129.9310344827586;5225.931034482758
1688372081;0;49716.96551724138;1129.9310344827586;5225.931034482758
1688372082;0;49575.724137931036;1129.9310344827586;5225.931034482758
1688372083;0;49575.724137931036;1129.9310344827586;5225.931034482758
1688372084;0;48728.275862068964;1129.9310344827586;5225.931034482758
1688372085;0;47174.620689655174;1129.9310344827586;5225.931034482758
1688372086;0;49434.48275862069;1129.9310344827586;5225.931034482758
1688372087;0;42654.89655172414;1129.9310344827586;5225.931034482758
1688372088;0;41948.68965517241;1129.9310344827586;5225.931034482758
1688372089;0;40112.55172413793;1129.9310344827586;5225.931034482758
1688372090;0;41383.724137931036;1129.9310344827586;5225.931034482758
1688372091;0;40677.51724137931;706.2068965517242;5225.931034482758
1688372092;0;40677.51724137931;706.2068965517242;5225.931034482758
1688372093;0;41383.724137931036;706.2068965517242;564.9655172413793
1688372094;0;39971.31034482759;706.2068965517242;564.9655172413793
1688372095;0;37993.93103448276;706.2068965517242;564.9655172413793
1688372096;0;40112.55172413793;5084.689655172414;564.9655172413793
1688372097;0;37993.93103448276;5084.689655172414;564.9655172413793
1688372098;0;37852.68965517241;5084.689655172414;141.24137931034483
1688372099;0;36864;5084.689655172414;5225.931034482758
1688372100;0;40960;4378.482758620689;5225.931034482758
1688372101;0;39688.8275862069;5225.931034482758;5225.931034482758
1688372102;0;41383.724137931036;5225.931034482758;5225.931034482758
1688372103;0;39830.06896551724;5225.931034482758;5225.931034482758
1688372104;0;49010.75862068965;5225.931034482758;5225.931034482758
1688372105;0;46185.93103448276;5225.931034482758;5225.931034482758
1688372106;0;46892.137931034486;5225.931034482758;5225.931034482758
1688372107;0;47880.8275862069;6638.3448275862065;5225.931034482758
1688372108;0;48869.51724137931;6638.3448275862065;6638.3448275862065
1688372109;0;48304.55172413793;6638.3448275862065;6638.3448275862065
1688372110;0;51270.620689655174;6638.3448275862065;6638.3448275862065
1688372111;0;50281.93103448276;6638.3448275862065;6638.3448275862065
1688372112;0;51411.862068965514;6638.3448275862065;6638.3448275862065
1688372113;0;51129.379310344826;6638.3448275862065;6638.3448275862065
1688372114;0;52259.31034482759;6638.3448275862065;6638.3448275862065
1688372115;0;49010.75862068965;6638.3448275862065;6638.3448275862065
1688372116;0;50564.41379310345;15254.068965517241;6638.3448275862065
1688372117;0;49575.724137931036;15254.068965517241;6638.3448275862065
1688372118;0;58050.206896551725;15254.068965517241;6638.3448275862065
1688372119;0;55931.58620689655;15254.068965517241;17090.206896551725
1688372120;0;60027.58620689655;15254.068965517241;17090.206896551725
1688372121;0;60027.58620689655;15254.068965517241;17090.206896551725
1688372122;0;59462.620689655174;15254.068965517241;17090.206896551725
1688372123;0;58332.68965517241;15254.068965517241;17090.206896551725
1688372124;0;59321.379310344826;15254.068965517241;17090.206896551725
1688372125;0;56214.06896551724;10875.58620689655;17090.206896551725
