Time;{instance="10.231.0.208:9100"};{instance="192.168.221.10:9100"};{instance="192.168.221.11:9100"};{instance="192.168.221.12:9100"}
1688370925;0;0;0;282.48275862068965
1688370926;0;0;0;5084.689655172414
1688370927;1148292.4137931035;0;0;183048.8275862069
1688370928;5139350.068965517;0;0;202822.62068965516
1688370929;8042284.137931034;0;0;205929.93103448275
1688370930;11043098.48275862;0;0;211579.58620689655
1688370931;14210295.172413792;0;0;221325.24137931035
1688370932;18561659.586206898;0;0;221325.24137931035
1688370933;22825313.103448275;0;0;225562.4827586207
1688370934;26738123.03448276;0;0;227539.8620689655
1688370935;30939489.103448275;0;0;227539.8620689655
1688370936;34885067.034482755;0;0;234884.41379310345
1688370937;38816662.06896552;0;0;234884.41379310345
1688370938;42442610.75862069;0;0;234884.41379310345
1688370939;46134095.448275864;0;0;243358.89655172414
1688370940;50027979.034482755;0;0;272172.1379310345
1688370941;53798417.655172415;0;0;272172.1379310345
1688370942;57939332.4137931;0;0;274714.4827586207
1688370943;61573896.827586204;0;0;274714.4827586207
1688370944;65416792.27586207;0;0;274714.4827586207
1688370945;69082571.03448276;0;0;275561.9310344828
1688370946;72903150.34482759;0;0;280364.1379310345
1688370947;76673730.20689654;0;0;284036.4137931034
1688370948;80612811.03448276;0;0;284036.4137931034
1688370949;84436215.1724138;0;0;284036.4137931034
1688370950;88331369.93103448;0;0;284036.4137931034
1688370951;92456183.1724138;0;0;284036.4137931034
1688370952;96459246.34482758;0;0;284036.4137931034
1688370953;100501433.37931034;0;0;284036.4137931034
1688370954;104405486.34482758;0;0;283753.9310344828
1688370955;108599507.86206897;0;0;278951.724137931
1688370956;111500888.27586207;0;0;101976.27586206897
1688370957;111410070.06896551;0;0;82202.4827586207
1688370958;112476442.48275863;0;0;79095.1724137931
1688370959;113303552;0;0;73445.5172413793
1688370960;114037159.72413793;0;0;63699.862068965514
1688370961;113619085.2413793;0;0;63699.862068965514
1688370962;113417110.06896551;0;0;59745.10344827586
1688370963;113384907.03448276;0;0;57767.724137931036
1688370964;113303975.72413793;0;0;57767.724137931036
1688370965;113324314.48275863;0;0;50423.1724137931
1688370966;113390274.20689654;0;0;50423.1724137931
1688370967;113665694.89655173;0;0;52259.31034482759
1688370968;114018092.13793103;0;0;43784.8275862069
1688370969;114015126.06896551;0;0;14971.58620689655
1688370970;114134475.03448276;0;0;14971.58620689655
1688370971;113865410.20689654;0;0;12429.241379310344
1688370972;113950720;0;0;12429.241379310344
1688370973;114259756.13793103;0;0;12429.241379310344
1688370974;114628819.86206897;0;0;11581.793103448275
1688370975;114826275.31034483;0;0;6779.586206896552
1688370976;115150283.03448276;0;0;3248.551724137931
1688370977;115116243.86206897;0;0;14124.137931034482
1688370978;115297315.31034483;0;0;14124.137931034482
1688370979;115596464.55172414;0;0;14124.137931034482
1688370980;115439969.10344827;0;0;14124.137931034482
1688370981;115468499.86206897;0;0;14124.137931034482
1688370982;115620616.8275862;0;0;14124.137931034482
1688370983;115621605.51724137;0;0;14124.137931034482
1688370984;115423020.13793103;0;0;14124.137931034482
1688370985;115477256.8275862;0;0;13135.448275862069
1688370986;115626690.20689654;0;0;13276.689655172413
1688370987;115417794.20689654;0;0;13276.689655172413
1688370988;115883608.27586207;0;0;13276.689655172413
1688370989;115878806.06896551;0;0;13276.689655172413
1688370990;115705926.62068966;0;0;13276.689655172413
1688370991;115458895.44827586;0;0;12994.206896551725
1688370992;115627961.37931034;0;0;12994.206896551725
1688370993;115756067.31034483;0;0;12994.206896551725
1688370994;115496324.4137931;0;0;12994.206896551725
1688370995;115693073.65517241;0;0;13135.448275862069
1688370996;115787140.4137931;0;0;11299.310344827587
1688370997;115612142.34482758;0;0;11299.310344827587
1688370998;115861292.13793103;0;0;11299.310344827587
1688370999;116021177.37931034;0;0;11440.551724137931
1688371000;116054369.10344827;0;0;11440.551724137931
1688371001;116528798.89655173;0;0;11440.551724137931
1688371002;116426540.13793103;0;0;14406.620689655172
1688371003;116251542.06896551;0;0;14406.620689655172
1688371004;116328377.37931034;0;0;19773.793103448275
1688371005;116428093.79310344;0;0;31073.103448275862
1688371006;116428093.79310344;0;0;26129.655172413793
1688371007;116328659.86206897;0;0;26129.655172413793
1688371008;116473291.03448276;0;0;30366.896551724138
1688371009;116410014.89655173;0;0;30366.896551724138
1688371010;116428093.79310344;0;0;30366.896551724138
1688371011;116193068.13793103;0;0;30366.896551724138
1688371012;116238265.37931034;0;0;33615.448275862065
1688371013;116482330.48275863;0;0;68925.79310344828
1688371014;116283462.62068966;0;0;71750.62068965517
1688371015;116174989.2413793;0;0;73445.5172413793
1688371016;116428093.79310344;0;0;100422.62068965517
1688371017;116328659.86206897;0;0;119772.6896551724
1688371018;116482330.48275863;0;0;141382.62068965516
1688371019;116482330.48275863;0;0;149574.62068965516
1688371020;116861987.31034483;0;0;186579.8620689655
1688371021;116816790.06896551;0;0;243358.89655172414
1688371022;116572724.96551724;0;0;657761.1034482758
1688371023;117006618.48275863;0;0;981768.8275862068
1688371024;116626961.65517241;0;0;1154789.5172413792
1688371025;116771592.8275862;0;0;1191936
1688371026;116970460.68965517;0;0;1283742.896551724
1688371027;116861987.31034483;0;0;1283742.896551724
1688371028;116762553.37931034;0;0;1287132.6896551724
1688371029;116861987.31034483;0;0;1322725.5172413792
1688371030;116717356.13793103;0;0;1322725.5172413792
1688371031;116861987.31034483;0;0;1323149.2413793104
1688371032;116898145.10344827;0;0;1325550.344827586
1688371033;116762553.37931034;0;0;1320183.1724137932
1688371034;116807750.62068966;0;0;1320889.3793103448
1688371035;117627656.8275862;0;0;1323572.9655172413
1688371036;116476822.06896551;0;0;1453797.5172413792
1688371037;115997731.31034483;0;0;1473006.344827586
1688371038;116187559.72413793;0;0;1474136.2758620689
1688371039;115922167.1724138;0;0;1516508.6896551724
1688371040;116006205.79310344;0;0;1892493.2413793104
1688371041;115961008.55172414;0;0;3301658.4827586208
1688371042;115789259.03448276;0;0;4676784.551724138
1688371043;115794908.68965517;0;0;5821263.448275862
1688371044;115903382.06896551;0;0;7310088.827586207
1688371045;115434178.20689654;0;0;8851456
1688371046;114783620.4137931;0;0;10440562.758620689
1688371047;114494358.06896551;0;0;12126702.344827587
1688371048;114638989.2413793;0;0;13420190.896551725
1688371049;114494358.06896551;0;0;15032884.965517242
1688371050;114006227.86206897;0;0;16829192.827586208
1688371051;113762162.7586207;0;0;17418310.620689657
1688371052;113671768.27586207;0;0;18680726.068965517
1688371053;113572334.34482758;0;0;19809244.689655174
1688371054;113527137.10344827;0;0;21469254.620689657
1688371055;113364427.03448276;0;0;22886611.862068966
1688371056;113527137.10344827;0;0;23641547.03448276
1688371057;113481939.86206897;0;0;25226981.517241377
1688371058;113427703.1724138;0;0;26969617.655172415
1688371059;113337308.68965517;0;0;28221581.24137931
1688371060;113138440.8275862;0;0;29849811.862068966
1688371061;113292111.44827586;0;0;31542307.310344826
1688371062;113382505.93103448;0;0;33180707.310344826
1688371063;110589316.4137931;0;0;33908947.862068966
1688371064;109868844.13793103;0;0;33977167.448275864
1688371065;111209507.31034483;0;0;35433366.06896552
1688371066;111399335.72413793;0;0;37159476.96551724
1688371067;110685219.31034483;0;0;38322599.72413793
1688371068;110941572.4137931;0;0;39806764.137931034
1688371069;110902731.03448276;0;0;41031891.862068966
1688371070;111047362.20689654;0;0;41335419.5862069
1688371071;108859815.72413793;0;0;41005197.24137931
1688371072;108854166.06896551;0;0;40541219.31034483
1688371073;108131010.20689654;0;0;40448282.48275862
1688371074;106466904.27586207;0;0;39294481.655172415
1688371075;106972830.89655173;0;0;39450553.37931035
1688371076;106972830.89655173;0;0;39346458.48275862
1688371077;106642043.5862069;0;0;38952818.75862069
1688371078;106687240.8275862;0;0;39054088.827586204
1688371079;107121134.34482758;0;0;38932056.27586207
1688371080;107410396.68965517;0;0;39632472.27586207
1688371081;107356160;0;0;39804221.79310345
1688371082;106877069.2413793;0;0;40123286.06896552
1688371083;106542609.65517241;0;0;39465666.20689655
1688371084;105843464.8275862;0;0;39750832.551724136
1688371085;104740652.13793103;0;0;40858023.72413793
1688371086;104252521.93103448;0;0;41110987.034482755
1688371087;100325587.86206897;0;0;40037835.034482755
1688371088;96366309.51724137;0;0;40272860.68965517
1688371089;92370873.37931034;0;0;41054772.96551724
1688371090;88321200.55172414;0;0;41762674.75862069
1688371091;84271527.72413793;0;0;42339504.551724136
1688371092;82825216;0;0;43922255.448275864
1688371093;78820740.4137931;0;0;46091723.034482755
1688371094;77221323.03448276;0;0;46884934.62068965
1688371095;77311717.51724137;0;0;46721800.827586204
1688371096;77890242.20689654;0;0;47323489.10344827
1688371097;78043912.8275862;0;0;47460210.75862069
1688371098;78043912.8275862;0;0;47497357.24137931
1688371099;76353536;0;0;46685219.31034483
1688371100;77845044.96551724;0;0;46334234.48275862
1688371101;78233741.2413793;0;0;47309647.448275864
1688371102;75630380.13793103;0;0;46739032.27586207
1688371103;73750174.89655173;0;0;46335646.89655172
1688371104;70568289.10344827;0;0;44573519.448275864
1688371105;70713061.51724137;0;0;44027480.27586207
1688371106;71333111.1724138;0;0;44897668.4137931
1688371107;71287913.93103448;0;0;44847527.72413793
1688371108;70664192;0;0;44843008
1688371109;68205462.06896551;0;0;43377628.68965517
1688371110;68115067.5862069;0;0;42130184.827586204
1688371111;68928617.93103448;0;0;42113094.62068965
1688371112;69217880.27586207;0;0;42682862.344827585
1688371113;70061656.27586207;0;0;42628343.172413796
1688371114;69907985.65517241;0;0;41682590.89655172
1688371115;70495549.79310344;0;0;40563817.93103448
1688371116;74521917.79310344;0;0;41544598.06896552
1688371117;78426959.44827586;0;0;41648551.72413793
1688371118;82476632.27586207;0;0;40952514.20689655
1688371119;84555705.37931034;0;0;39278945.10344827
1688371120;88695772.68965517;0;0;38080653.24137931
1688371121;92745445.51724137;0;0;37538286.344827585
1688371122;96795118.34482758;0;0;36914564.4137931
1688371123;96179870.89655173;0;0;35678419.862068966
1688371124;95510951.72413793;0;0;34603855.448275864
1688371125;95312083.86206897;0;0;33389320.827586208
1688371126;95095137.10344827;0;0;33461353.931034483
1688371127;95068018.7586207;0;0;33436777.931034483
1688371128;95456715.03448276;0;0;33168984.275862068
1688371129;96134673.65517241;0;0;33723356.68965517
1688371130;95890608.55172414;0;0;33750475.034482755
1688371131;99217125.51724137;0;0;34523347.862068966
1688371132;102832904.8275862;0;0;36039856.551724136
1688371133;103845323.03448276;0;0;36584342.06896552
1688371134;103989812.96551724;0;0;36229967.448275864
1688371135;101097189.51724137;0;0;35536048.551724136
1688371136;98783090.7586207;0;0;33846377.93103448
1688371137;99361615.44827586;0;0;33461495.172413792
1688371138;101820345.37931034;0;0;34749899.034482755
1688371139;101820345.37931034;0;0;35819943.72413793
1688371140;100471207.72413793;0;0;35944518.62068965
1688371141;96421534.89655173;0;0;35100883.862068966
1688371142;92371862.06896551;0;0;35692967.72413793
1688371143;89434041.37931034;0;0;37370915.31034483
1688371144;85429565.79310344;0;0;39287278.344827585
1688371145;81379892.96551724;0;0;40176534.06896552
1688371146;77474851.31034483;0;0;40793476.4137931
1688371147;73425178.48275863;0;0;41575953.655172415
1688371148;71346105.37931034;0;0;43291895.172413796
1688371149;67206038.06896551;0;0;44602615.172413796
1688371150;63156365.24137931;0;0;45343284.96551724
1688371151;59106692.4137931;0;0;46302031.448275864
1688371152;57226487.17241379;0;0;47654135.17241379
1688371153;53755339.034482755;0;0;49324738.20689655
1688371154;49994928.551724136;0;0;51102967.17241379
1688371155;46017571.31034483;0;0;51734598.62068965
1688371156;42040214.06896552;0;0;52611425.10344827
1688371157;39292221.79310345;0;0;54257875.862068966
1688371158;35242548.96551724;0;0;55390631.72413793
1688371159;31192876.137931034;0;0;56223108.4137931
1688371160;27143203.310344826;0;0;57143860.96551724
1688371161;23527424;0;0;58074924.137931034
1688371162;21647218.75862069;0;0;59973208.27586207
1688371163;17597545.931034483;0;0;61697059.31034483
1688371164;16295865.379310345;0;0;63148314.48275862
1688371165;14560291.310344828;0;0;65663682.20689655
1688371166;10655249.655172413;0;0;66615507.862068966
1688371167;6605576.827586207;0;0;67406600.8275862
1688371168;2700535.172413793;0;0;68118457.37931034
1688371169;0;0;0;68700089.37931034
1688371170;0;0;0;70246258.7586207
1688371171;0;0;0;70524645.51724137
1688371172;0;0;0;70436793.37931034
1688371173;0;0;0;70256004.4137931
1688371174;0;0;0;70047955.86206897
1688371175;0;0;0;70409251.31034483
1688371176;0;0;0;70404166.62068966
1688371177;0;0;0;70544278.06896551
1688371178;0;0;0;70621113.37931034
1688371179;0;0;0;70591876.4137931
1688371180;0;0;0;70367161.37931034
1688371181;0;0;0;70303179.03448276
1688371182;0;0;0;70594842.48275863
1688371183;0;0;0;70214196.96551724
1688371184;0;0;0;70249083.5862069
1688371185;0;0;0;70212784.55172414
1688371186;0;0;0;70528600.27586207
1688371187;0;0;0;70593712.55172414
1688371188;0;0;0;70710236.68965517
1688371189;0;0;0;70634672.55172414
1688371190;0;0;0;70609107.86206897
1688371191;0;0;0;70017024
1688371192;0;0;0;70170553.37931034
1688371193;0;0;0;69617310.89655173
1688371194;0;0;0;69902053.51724137
1688371195;0;0;0;70192587.03448276
1688371196;0;0;0;70545266.7586207
1688371197;0;0;0;70824642.20689654
1688371198;0;0;0;71100486.62068966
1688371199;0;0;0;71336783.44827586
1688371200;0;0;0;71070684.68965517
1688371201;0;0;0;71093283.31034483
1688371202;0;0;0;70875489.10344827
1688371203;706.2068965517242;0;0;70297529.37931034
1688371204;706.2068965517242;0;0;69911375.44827586
1688371205;706.2068965517242;0;0;69608553.93103448
1688371206;706.2068965517242;0;0;68578056.8275862
1688371207;706.2068965517242;0;0;68424386.20689654
1688371208;706.2068965517242;0;0;67226659.31034483
1688371209;706.2068965517242;0;0;67383719.72413793
1688371210;706.2068965517242;0;0;67354906.48275863
1688371211;706.2068965517242;0;0;67420866.20689654
1688371212;706.2068965517242;0;0;67929617.65517241
1688371213;706.2068965517242;0;0;67963939.31034483
1688371214;706.2068965517242;0;0;67945154.20689654
1688371215;706.2068965517242;0;0;67728772.4137931
1688371216;706.2068965517242;0;0;67713800.8275862
1688371217;706.2068965517242;0;0;67446148.4137931
1688371218;706.2068965517242;0;0;67908431.44827586
1688371219;706.2068965517242;0;0;66926097.655172415
1688371220;706.2068965517242;0;0;67333296.55172414
1688371221;706.2068965517242;0;0;67353352.8275862
1688371222;706.2068965517242;0;0;67879476.96551724
1688371223;706.2068965517242;0;0;67558576.55172414
1688371224;706.2068965517242;0;0;67683433.93103448
1688371225;706.2068965517242;0;0;67744873.93103448
1688371226;706.2068965517242;0;0;67581881.37931034
1688371227;706.2068965517242;0;0;66874120.827586204
1688371228;706.2068965517242;0;0;66066220.137931034
1688371229;706.2068965517242;0;0;63785313.10344827
1688371230;706.2068965517242;0;0;63281505.10344827
1688371231;706.2068965517242;0;0;63364413.79310345
1688371232;0;0;0;64149857.10344827
1688371233;0;0;0;64380363.034482755
1688371234;0;0;0;64443780.4137931
1688371235;0;0;0;65343205.51724138
1688371236;0;0;0;65573711.448275864
1688371237;0;0;0;66650112
1688371238;0;0;0;66605620.96551724
1688371239;0;0;0;66472854.06896552
1688371240;0;0;0;66515508.96551724
1688371241;0;0;0;66832878.344827585
1688371242;0;0;0;66778641.655172415
1688371243;0;0;0;66851663.448275864
1688371244;0;0;0;66657880.27586207
1688371245;0;0;0;66627513.37931035
1688371246;0;0;0;66389097.93103448
1688371247;0;0;0;65949413.51724138
1688371248;0;0;0;66948272.551724136
1688371249;0;0;0;67338240
1688371250;0;0;0;67361262.34482759
1688371251;0;0;0;67291206.62068966
1688371252;0;0;0;67300246.06896551
1688371253;0;0;0;65985288.827586204
1688371254;0;0;0;65773003.034482755
1688371255;0;0;0;65940232.827586204
1688371256;0;0;0;66471300.4137931
1688371257;0;0;0;67193043.86206897
1688371258;0;0;0;69589203.86206897
1688371259;0;0;0;70125921.10344827
1688371260;0;0;0;70241456.55172414
1688371261;0;0;0;70273518.34482759
1688371262;0;0;0;70196683.03448276
1688371263;0;0;0;70578740.96551724
1688371264;0;0;0;70591593.93103448
1688371265;0;0;0;70681988.4137931
1688371266;0;0;0;70903737.37931034
1688371267;0;0;0;70859811.31034483
1688371268;0;0;0;70808823.1724138
1688371269;0;0;0;70809811.86206897
1688371270;0;0;0;69911657.93103448
1688371271;0;0;0;70024651.03448276
1688371272;0;0;0;69886940.68965517
1688371273;0;0;0;69967730.7586207
1688371274;0;0;0;69637790.89655173
1688371275;0;0;0;69318444.13793103
1688371276;0;0;0;69698948.4137931
1688371277;0;0;0;69665756.68965517
1688371278;0;0;0;69542029.2413793
1688371279;0;0;0;69245987.31034483
1688371280;0;0;0;69337511.72413793
1688371281;0;0;0;69346551.1724138
1688371282;0;0;0;70670830.34482759
1688371283;0;0;0;69669711.44827586
1688371284;0;0;0;69557283.31034483
1688371285;0;0;0;69271552
1688371286;0;0;0;69333274.48275863
1688371287;0;0;0;69251919.44827586
1688371288;0;0;0;69049238.06896551
1688371289;0;0;0;69221976.27586207
1688371290;0;0;0;69007430.62068966
1688371291;0;0;0;69179180.13793103
1688371292;0;0;0;69009408
1688371293;0;0;0;67410131.86206897
1688371294;0;0;0;67301658.48275863
1688371295;0;0;0;67344030.89655173
1688371296;0;0;0;67327646.89655173
1688371297;0;0;0;67461120
1688371298;0;0;0;67168185.37931034
1688371299;0;0;0;67555610.48275863
1688371300;0;0;0;67410979.31034483
1688371301;0;0;0;67276941.2413793
1688371302;0;0;0;67362816
1688371303;0;0;0;67621005.2413793
1688371304;0;0;0;68089502.89655173
1688371305;0;0;0;67689083.5862069
1688371306;0;0;0;67713235.86206897
1688371307;0;0;0;67591203.31034483
1688371308;0;0;0;67729902.34482759
1688371309;0;0;0;67613519.44827586
1688371310;0;0;0;67723122.7586207
1688371311;0;0;0;67508153.37931034
1688371312;0;0;0;67404058.48275863
1688371313;0;0;0;66768472.27586207
1688371314;0;0;0;67359426.20689654
1688371315;0;0;0;67480187.5862069
1688371316;0;0;0;67697416.8275862
1688371317;0;0;0;67903064.27586207
1688371318;0;0;0;67593039.44827586
1688371319;0;0;0;67673264.55172414
1688371320;0;0;0;67770438.62068966
1688371321;0;0;0;67827923.86206897
1688371322;0;0;0;69355590.62068966
1688371323;0;0;0;69165762.20689654
1688371324;0;0;0;68826782.89655173
1688371325;0;0;0;69048390.62068966
1688371326;0;0;0;69385110.06896551
1688371327;0;0;0;69776489.93103448
1688371328;0;0;0;69875923.86206897
1688371329;0;0;0;69894002.7586207
1688371330;0;0;0;70127898.48275863
1688371331;0;0;0;70428177.65517241
1688371332;0;0;0;70572243.86206897
1688371333;0;0;0;70658118.62068966
1688371334;0;0;0;70683400.8275862
1688371335;0;0;0;70777467.5862069
1688371336;0;0;0;70924923.5862069
1688371337;0;0;0;70643712
1688371338;0;0;0;70463205.51724137
1688371339;0;0;0;69633694.89655173
1688371340;0;0;0;69290902.06896551
1688371341;0;0;0;70145129.93103448
1688371342;0;0;0;70888624.55172414
1688371343;0;0;0;70660237.2413793
1688371344;0;0;0;70451058.7586207
1688371345;0;0;0;70305438.89655173
1688371346;0;0;0;70205016.27586207
1688371347;0;0;0;70513487.44827586
1688371348;0;0;0;70431002.48275863
1688371349;0;0;0;69660389.51724137
1688371350;0;0;0;67928205.2413793
1688371351;0;0;0;67986961.65517241
1688371352;0;0;0;68458001.65517241
1688371353;0;0;0;68607152.55172414
1688371354;0;0;0;68476363.03448276
1688371355;0;0;0;68333991.72413793
1688371356;0;0;0;68078062.34482759
1688371357;0;0;0;68439640.27586207
1688371358;0;0;0;68430600.8275862
1688371359;0;0;0;68354048
1688371360;0;0;0;68045435.5862069
1688371361;0;0;0;68068034.20689654
1688371362;0;0;0;68316619.03448276
1688371363;0;0;0;68290630.62068966
1688371364;0;0;0;68205603.31034483
1688371365;0;0;0;67511260.68965517
1688371366;0;0;0;67730608.55172414
1688371367;0;0;0;67865494.06896551
1688371368;0;0;0;68300941.2413793
1688371369;0;0;0;68478905.37931034
1688371370;0;0;0;67735975.72413793
1688371371;0;0;0;66697851.5862069
1688371372;0;0;0;66447995.5862069
1688371373;0;0;0;66611553.10344827
1688371374;0;0;0;66651241.93103448
1688371375;0;0;0;66679066.48275862
1688371376;0;0;0;66640225.10344827
1688371377;0;0;0;66620875.034482755
1688371378;0;0;0;66277376
1688371379;0;0;0;67937103.44827586
1688371380;0;0;0;67961396.96551724
1688371381;0;0;0;67698264.27586207
1688371382;0;0;0;67780749.2413793
1688371383;0;0;0;67846567.72413793
1688371384;0;0;0;67817189.51724137
1688371385;0;0;0;67406742.06896551
1688371386;0;0;0;67237676.13793103
1688371387;0;0;0;67458295.1724138
1688371388;0;0;0;67292477.79310344
1688371389;0;0;0;67309850.48275863
1688371390;0;0;0;67203778.20689654
1688371391;0;0;0;67077225.93103448
1688371392;0;0;0;67180473.37931034
1688371393;0;0;0;67243749.51724137
1688371394;0;0;0;68082440.8275862
1688371395;0;0;0;68123118.34482759
1688371396;0;0;0;68413228.13793103
1688371397;0;0;0;68711247.44827586
1688371398;0;0;0;68996978.7586207
1688371399;0;0;0;69229179.5862069
1688371400;0;0;0;69468160
1688371401;0;0;0;69799229.79310344
1688371402;0;0;0;69544571.5862069
1688371403;0;0;0;69405448.8275862
1688371404;0;0;0;69184264.8275862
1688371405;0;0;0;68548537.37931034
1688371406;0;0;0;67389369.37931034
1688371407;0;0;0;68245292.13793103
1688371408;0;0;0;67651937.10344827
1688371409;2013328.8280522707;0;0;67724252.68965517
1688371410;5521972.9655172415;0;0;66753218.20689655
1688371411;9252581.51724138;0;0;65920459.034482755
1688371412;12940535.172413792;0;0;64816233.93103448
1688371413;17244160;0;0;63535315.862068966
1688371414;20983101.79310345;0;0;62470355.862068966
1688371415;24002560;0;0;60908367.448275864
1688371416;28187118.344827585;0;0;58817995.034482755
1688371417;31567307.03448276;0;0;57566313.93103448
1688371418;35515144.827586204;0;0;56144719.448275864
1688371419;39409169.655172415;0;0;54665639.72413793
1688371420;42712381.79310345;0;0;53233310.89655172
1688371421;46809370.48275862;0;0;51683610.48275862
1688371422;50345772.137931034;0;0;50202412.137931034
1688371423;54445585.655172415;0;0;48609350.62068965
1688371424;58304158.89655172;0;0;47224055.17241379
1688371425;62433068.137931034;0;0;44940464.551724136
1688371426;66525819.5862069;0;0;42593032.827586204
1688371427;70383262.89655173;0;0;39974700.137931034
1688371428;74147628.13793103;0;0;38226696.827586204
1688371429;78097725.79310344;0;0;37016823.172413796
1688371430;82435531.03448276;0;0;34453292.137931034
1688371431;86167410.7586207;0;0;32123233.103448275
1688371432;88570774.06896551;0;0;29803625.931034483
1688371433;91095181.2413793;0;0;27852235.03448276
1688371434;93835687.72413793;0;0;25936578.20689655
1688371435;96351196.68965517;0;0;24815827.862068966
1688371436;99067409.65517241;0;0;22469526.068965517
1688371437;102435310.34482758;0;0;20610083.310344826
1688371438;102558912.99099907;0;0;18059264
1688371439;102098732.13793103;0;0;16551088.551724138
1688371440;101589556.96551724;0;0;14864807.72413793
1688371441;101400152.27586207;0;0;13403524.413793104
1688371442;100425021.79310344;0;0;12166956.137931034
1688371443;100131663.44827586;0;0;11216966.620689655
1688371444;100631375.44827586;0;0;10226017.103448275
1688371445;99810056.8275862;0;0;9750174.896551725
1688371446;100576150.06896551;0;0;8773632
1688371447;100565839.44827586;0;0;7831410.75862069
1688371448;100576291.31034483;0;0;6885517.24137931
1688371449;101176990.89655173;0;0;5833127.724137931
1688371450;100984902.62068966;0;0;4925934.344827586
1688371451;101353542.62068966;0;0;3984136.827586207
1688371452;101158770.7586207;0;0;3578915.3103448274
1688371453;101315266.20689654;0;0;2875392
1688371454;101269221.51724137;0;0;2500961.103448276
1688371455;101388711.72413793;0;0;2326386.7586206896
1688371456;101535744;0;0;2367488
1688371457;101892802.20689654;0;0;2616779.0344827585
1688371458;101762577.65517241;0;0;2070033.6551724137
1688371459;101325011.86206897;0;0;2273844.9655172415
1688371460;101782351.44827586;0;0;2259720.827586207
1688371461;103136997.51724137;0;0;2229071.4482758623
1688371462;104659720.8275862;0;0;1909300.9655172413
1688371463;105968887.1724138;0;0;1990232.2758620689
1688371464;107358419.86206897;0;0;1899696.551724138
1688371465;108547248.55172414;0;0;1907182.344827586
1688371466;109084389.51724137;0;0;1921730.2068965517
1688371467;110862900.96551724;0;0;1921730.2068965517
1688371468;112079695.44827586;0;0;1919611.5862068965
1688371469;113115842.20689654;0;0;1925967.448275862
1688371470;113522334.89655173;0;0;1925967.448275862
1688371471;114243513.37931034;0;0;1925967.448275862
1688371472;114847602.7586207;0;0;1930204.6896551724
1688371473;115378105.37931034;0;0;1934724.4137931035
1688371474;116064538.48275863;0;0;1921024
1688371475;115877534.89655173;0;0;1921588.9655172413
1688371476;115790812.68965517;0;0;1921588.9655172413
1688371477;116017363.86206897;0;0;1925684.9655172413
1688371478;116081769.93103448;0;0;1924555.0344827585
1688371479;116371173.51724137;0;0;1831053.2413793104
1688371480;116658882.20689654;0;0;1741082.4827586208
1688371481;116523290.48275863;0;0;1043067.5862068966
1688371482;116693486.34482758;0;0;686856.8275862068
1688371483;116660294.62068966;0;0;697591.172413793
1688371484;116353094.62068966;0;0;697591.172413793
1688371485;116398291.86206897;0;0;650699.0344827586
1688371486;116181910.06896551;0;0;391238.6206896552
1688371487;115737705.93103448;0;0;376832
1688371488;115115113.93103448;0;0;169489.6551724138
1688371489;114686305.10344827;0;0;173868.1379310345
1688371490;114977968.55172414;0;0;175704.27586206896
1688371491;114835879.72413793;0;0;176410.4827586207
1688371492;114691248.55172414;0;0;114264.27586206897
1688371493;115595193.37931034;0;0;279940.4137931034
1688371494;115739824.55172414;0;0;1604078.344827586
1688371495;115884455.72413793;0;0;3212111.448275862
1688371496;115938692.4137931;0;0;4699241.931034483
1688371497;115658469.51724137;0;0;6360664.275862069
1688371498;115595193.37931034;0;0;7849489.655172414
1688371499;115595193.37931034;0;0;9455827.862068966
1688371500;115595193.37931034;1271.1724137931035;0;10409630.896551725
1688371501;114727406.34482758;1271.1724137931035;0;12033624.275862068
1688371502;111690151.72413793;1271.1724137931035;0;12333056
1688371503;107640478.89655173;1271.1724137931035;0;12344637.793103447
1688371504;107441611.03448276;1271.1724137931035;0;12803813.51724138
1688371505;107785110.06896551;1271.1724137931035;0;14132612.413793104
1688371506;107583699.86206897;1271.1724137931035;0;15642624
1688371507;107133846.06896551;1271.1724137931035;0;17138793.931034483
1688371508;104385853.79310344;1271.1724137931035;0;18201776.551724136
1688371509;100193103.44827586;1271.1724137931035;0;18202059.03448276
1688371510;99370513.65517241;1271.1724137931035;0;18513778.75862069
1688371511;99036054.06896551;1271.1724137931035;0;19842436.413793102
1688371512;99036054.06896551;1271.1724137931035;0;21502305.103448275
1688371513;99180685.2413793;1271.1724137931035;0;23179970.20689655
1688371514;99180685.2413793;1271.1724137931035;0;24260184.275862068
1688371515;99342971.5862069;1271.1724137931035;0;25846607.44827586
1688371516;100143527.72413793;1271.1724137931035;0;27156621.24137931
1688371517;100626290.7586207;1271.1724137931035;0;28774964.96551724
1688371518;100915553.10344827;1271.1724137931035;0;30415766.068965517
1688371519;100915553.10344827;1271.1724137931035;0;32096538.48275862
1688371520;97733667.31034483;1271.1724137931035;0;32651052.137931034
1688371521;97878298.48275863;1271.1724137931035;0;33339603.862068966
1688371522;96685091.31034483;1271.1724137931035;0;33871518.89655172
1688371523;96685091.31034483;1271.1724137931035;0;34225328.551724136
1688371524;96685091.31034483;1271.1724137931035;0;34389592.27586207
1688371525;96630854.62068966;1271.1724137931035;0;34532528.551724136
1688371526;96685091.31034483;1271.1724137931035;0;34102307.31034483
1688371527;96540460.13793103;1271.1724137931035;0;34319254.06896552
1688371528;96685091.31034483;1271.1724137931035;0;34469252.4137931
1688371529;95383410.7586207;0;0;34456964.4137931
1688371530;96106566.62068966;0;0;34107815.72413793
1688371531;99098624;0;0;35563166.89655172
1688371532;103048862.89655173;0;0;37349729.10344827
1688371533;102181075.86206897;0;0;38566806.06896552
1688371534;98276034.20689654;0;0;37283204.4137931
1688371535;97672933.51724137;0;0;35861609.93103448
1688371536;98303576.27586207;0;0;35269384.827586204
1688371537;100662872.27586207;0;0;35896920.27586207
1688371538;103989389.2413793;0;0;36741120
1688371539;104947570.7586207;0;0;37609048.27586207
1688371540;103410864.55172414;0;0;37306226.75862069
1688371541;103411853.2413793;0;0;36799876.4137931
1688371542;103411853.2413793;0;0;36879254.06896552
1688371543;103267222.06896551;0;0;36508636.68965517
1688371544;102045625.37931034;0;0;36286605.24137931
1688371545;97869400.27586207;0;0;37229673.93103448
1688371546;94108989.79310344;0;0;36104686.344827585
1688371547;90059316.96551724;0;0;36566404.4137931
1688371548;86009644.13793103;0;0;37184476.68965517
1688371549;85286488.27586207;0;0;38758188.137931034
1688371550;81236815.44827586;0;0;40420881.655172415
1688371551;78723848.8275862;0;0;42163941.51724138
1688371552;78723848.8275862;0;0;42205748.96551724
1688371553;78579217.65517241;0;0;42026231.172413796
1688371554;78669612.13793103;0;0;41996570.48275862
1688371555;78723848.8275862;0;0;42464785.655172415
1688371556;78588257.10344827;0;0;42364504.27586207
1688371557;78579217.65517241;0;0;42407300.4137931
1688371558;79754345.93103448;0;0;43445283.31034483
1688371559;80025529.37931034;0;0;43270991.448275864
1688371560;79926095.44827586;0;0;43265059.31034483
1688371561;79447004.68965517;0;0;42862521.37931035
1688371562;76843643.5862069;0;0;41420729.37931035
1688371563;76554381.2413793;0;0;41376097.10344827
1688371564;73227864.27586207;0;0;41283584
1688371565;70516029.79310344;0;0;40379639.172413796
1688371566;70624503.1724138;0;0;39728657.655172415
1688371567;71492290.20689654;0;0;39670607.448275864
1688371568;71492290.20689654;0;0;39483321.37931035
1688371569;73083233.10344827;0;0;39585297.655172415
1688371570;73082244.4137931;0;0;40225121.10344827
1688371571;73082244.4137931;0;0;40212126.89655172
1688371572;73082244.4137931;0;0;41306182.62068965
1688371573;73074899.86206897;0;0;40683308.137931034
1688371574;77034178.20689654;0;0;39824419.31034483
1688371575;77950411.03448276;0;0;41053078.06896552
1688371576;77950411.03448276;0;0;41494881.10344827
1688371577;77950411.03448276;0;0;41831176.827586204
1688371578;77950411.03448276;0;0;42163235.31034483
1688371579;77950411.03448276;0;0;42484841.93103448
1688371580;76847598.34482759;0;0;40690793.93103448
1688371581;72797925.51724137;0;0;40583591.72413793
1688371582;68892883.86206897;0;0;41358159.448275864
1688371583;64963689.93103448;0;0;42234562.20689655
1688371584;60859780.4137931;0;0;42172274.75862069
1688371585;56945699.31034483;0;0;42768030.89655172
1688371586;52905065.93103448;0;0;43328194.20689655
1688371587;48981945.37931035;0;0;43852199.72413793
1688371588;44805720.27586207;0;0;45123089.655172415
1688371589;40900678.62068965;0;0;45922233.37931035
1688371590;37429530.48275862;0;0;47130270.89655172
1688371591;37140268.137931034;0;0;49360331.034482755
1688371592;37140268.137931034;0;0;51529374.89655172
1688371593;37140268.137931034;0;0;54100532.96551724
1688371594;35702995.862068966;0;0;56251921.655172415
1688371595;31788914.75862069;0;0;57657555.862068966
1688371596;27594610.75862069;0;0;59284656.551724136
1688371597;23689569.103448275;0;0;60732945.655172415
1688371598;19784527.44827586;0;0;62070077.79310345
1688371599;15734854.620689655;0;0;62600156.68965517
1688371600;11685181.793103447;0;0;63188992
1688371601;7780140.137931034;0;0;63717234.75862069
1688371602;4941753.379310344;0;0;65149987.31034483
1688371603;982475.0344827586;0;0;65946306.20689655
1688371604;66242.20689655172;0;0;65461142.06896552
1688371605;66242.20689655172;0;0;65089677.241379306
1688371606;66242.20689655172;0;0;64806347.034482755
1688371607;66242.20689655172;0;0;64867787.034482755
1688371608;66242.20689655172;0;0;64503525.51724138
1688371609;66242.20689655172;0;0;66247856.551724136
1688371610;66242.20689655172;0;0;67022141.79310345
1688371611;66242.20689655172;0;0;67089937.655172415
1688371612;0;0;0;66999684.4137931
1688371613;0;0;0;67437108.96551724
1688371614;0;0;0;67812669.79310344
1688371615;0;0;0;67722275.31034483
1688371616;0;0;0;67632304.55172414
1688371617;0;0;0;67691908.4137931
1688371618;0;0;0;67550525.79310344
1688371619;0;0;0;67181320.8275862
1688371620;0;0;0;67052226.20689655
1688371621;0;0;0;66848556.137931034
1688371622;0;0;0;66102660.4137931
1688371623;0;0;0;65591931.5862069
1688371624;0;0;0;65224845.241379306
1688371625;0;0;0;65043632.551724136
1688371626;0;0;0;64972588.137931034
1688371627;0;0;0;65015101.79310345
1688371628;0;0;0;65334872.27586207
1688371629;0;0;0;64686433.10344827
1688371630;0;0;0;64790669.24137931
1688371631;0;0;0;65229929.93103448
1688371632;0;0;0;65408741.51724138
1688371633;0;0;0;66083734.06896552
1688371634;0;0;0;66278082.20689655
1688371635;0;0;0;66188817.655172415
1688371636;0;0;0;66130908.68965517
1688371637;0;0;0;66274409.93103448
1688371638;0;0;0;66401809.655172415
1688371639;0;0;0;66331471.448275864
1688371640;0;0;0;66378646.06896552
1688371641;0;0;0;66459859.862068966
1688371642;0;0;0;66536836.4137931
1688371643;0;0;0;66019610.48275862
1688371644;0;0;0;66103507.862068966
1688371645;0;0;0;65850827.034482755
1688371646;0;0;0;65939385.37931035
1688371647;0;0;0;65970034.75862069
1688371648;0;0;0;66057321.93103448
1688371649;0;0;0;66183732.96551724
1688371650;0;0;0;66486695.72413793
1688371651;0;0;0;67082310.62068965
1688371652;0;0;0;67778348.13793103
1688371653;0;0;0;68005323.03448276
1688371654;0;0;0;67981594.48275863
1688371655;0;0;0;67843742.89655173
1688371656;0;0;0;67464933.51724137
1688371657;0;0;0;67079909.51724138
1688371658;0;0;0;67649253.51724137
1688371659;0;0;0;67635694.34482759
1688371660;0;0;0;67467334.62068966
1688371661;0;0;0;67496430.34482759
1688371662;0;0;0;68061537.10344827
1688371663;0;0;0;68121564.68965517
1688371664;0;0;0;67061548.137931034
1688371665;0;0;0;65992209.655172415
1688371666;0;0;0;65898425.37931035
1688371667;0;0;0;65706337.10344827
1688371668;0;0;0;65862550.06896552
1688371669;0;0;0;66081191.72413793
1688371670;0;0;0;66013537.10344827
1688371671;0;0;0;66261980.68965517
1688371672;0;0;0;66262969.37931035
1688371673;0;0;0;65058604.137931034
1688371674;0;0;0;64706630.62068965
1688371675;0;0;0;64005367.17241379
1688371676;0;0;0;62783770.48275862
1688371677;0;0;0;62244087.17241379
1688371678;0;0;0;62106235.5862069
1688371679;0;0;0;62192392.827586204
1688371680;0;0;0;62221488.551724136
1688371681;0;0;0;62230669.24137931
1688371682;0;0;0;62312024.27586207
1688371683;0;0;0;62736595.862068966
1688371684;0;0;0;62842668.137931034
1688371685;0;0;0;62991960.27586207
1688371686;0;0;0;63014841.37931035
1688371687;0;0;0;63129529.37931035
1688371688;0;0;0;63310318.344827585
1688371689;0;0;0;63265262.344827585
1688371690;0;0;0;63206505.93103448
1688371691;0;0;0;63025858.20689655
1688371692;0;0;0;63016960
1688371693;0;0;0;64266804.96551724
1688371694;0;0;0;65360436.96551724
1688371695;0;0;0;64936995.31034483
1688371696;0;0;0;65005356.137931034
1688371697;0;0;0;64665529.37931035
1688371698;0;0;0;64446605.24137931
1688371699;0;0;0;64409741.24137931
1688371700;0;0;0;64487282.75862069
1688371701;0;0;0;64829793.10344827
1688371702;0;0;0;65977238.06896552
1688371703;0;0;0;66568333.241379306
1688371704;0;0;0;67127649.10344827
1688371705;0;0;0;68375516.68965517
1688371706;0;0;0;68875934.89655173
1688371707;0;0;0;68699948.13793103
1688371708;0;0;0;68677208.27586207
1688371709;0;0;0;68542464
1688371710;0;0;0;68357155.31034483
1688371711;0;0;0;68347550.89655173
1688371712;0;0;0;67958007.1724138
1688371713;0;0;0;67944730.48275863
1688371714;0;0;0;67895296
1688371715;0;0;0;67924391.72413793
1688371716;0;0;0;67829901.2413793
1688371717;0;0;0;67883996.68965517
1688371718;0;0;0;67879335.72413793
1688371719;0;0;0;67965210.48275863
1688371720;0;0;0;67549254.62068966
1688371721;0;0;0;67509848.27586207
1688371722;0;0;0;67417335.1724138
1688371723;0;0;0;67492758.06896551
1688371724;0;0;0;67485837.2413793
1688371725;0;0;0;66460848.551724136
1688371726;0;0;0;66159439.448275864
1688371727;0;0;0;66145739.034482755
1688371728;0;0;0;66228930.20689655
1688371729;0;0;0;66040796.68965517
1688371730;0;0;0;65435294.89655172
1688371731;0;0;0;65684585.93103448
1688371732;0;0;0;65743766.06896552
1688371733;0;0;0;65833313.10344827
1688371734;0;0;0;65827663.448275864
1688371735;3248.551724137931;0;0;65996588.137931034
1688371736;3248.551724137931;0;0;66058734.344827585
1688371737;3248.551724137931;0;0;66122010.48275862
1688371738;3248.551724137931;0;0;66265511.72413793
1688371739;3248.551724137931;0;0;66541073.655172415
1688371740;3248.551724137931;0;0;66555197.79310345
1688371741;3248.551724137931;0;0;66583304.827586204
1688371742;3248.551724137931;0;0;66595734.06896552
1688371743;3248.551724137931;0;0;66767059.862068966
1688371744;3248.551724137931;0;0;66958300.68965517
1688371745;3248.551724137931;0;0;67050248.827586204
1688371746;3248.551724137931;0;0;66824686.344827585
1688371747;3248.551724137931;0;0;66742483.862068966
1688371748;3248.551724137931;0;0;66909148.68965517
1688371749;3248.551724137931;0;0;67590638.34482759
1688371750;3248.551724137931;0;0;67703348.96551724
1688371751;3248.551724137931;0;0;67646711.1724138
1688371752;3248.551724137931;0;0;67274540.13793103
1688371753;3248.551724137931;0;0;67766342.62068966
1688371754;3248.551724137931;0;0;68982007.1724138
1688371755;3248.551724137931;0;0;69607424
1688371756;3248.551724137931;0;0;69419008
1688371757;3248.551724137931;0;0;69526068.96551724
1688371758;3248.551724137931;0;0;69695417.37931034
1688371759;3248.551724137931;0;0;70340466.7586207
1688371760;3248.551724137931;0;0;70160384
1688371761;3248.551724137931;0;0;69648807.72413793
1688371762;3248.551724137931;0;0;68536955.5862069
1688371763;3248.551724137931;0;0;68124813.2413793
1688371764;0;0;0;68084418.20689654
1688371765;0;0;0;67995718.62068966
1688371766;0;0;0;67901086.89655173
1688371767;0;0;0;67638942.89655173
1688371768;0;0;0;67467193.37931034
1688371769;0;0;0;67318042.48275863
1688371770;0;0;0;66640931.31034483
1688371771;0;0;0;66805618.75862069
1688371772;0;0;0;66167490.20689655
1688371773;0;0;0;65337555.862068966
1688371774;0;0;0;65104083.862068966
1688371775;0;0;0;64321041.655172415
1688371776;0;0;0;63881780.96551724
1688371777;0;0;0;63107072
1688371778;0;0;0;62533914.48275862
1688371779;0;0;0;61796069.51724138
1688371780;0;0;0;61247911.72413793
1688371781;0;0;0;60814018.20689655
1688371782;0;0;0;60027444.96551724
1688371783;0;0;0;59130844.68965517
1688371784;0;0;0;58531981.24137931
1688371785;0;0;0;57787215.448275864
1688371786;0;0;0;56886377.93103448
1688371787;0;0;0;56104183.17241379
1688371788;0;0;0;55259983.448275864
1688371789;0;0;0;54668182.06896552
1688371790;0;0;0;54412817.655172415
1688371791;0;0;0;54798971.5862069
1688371792;0;0;0;54584849.655172415
1688371793;0;0;0;53773417.93103448
1688371794;0;0;0;52723147.034482755
1688371795;0;0;0;50422466.20689655
1688371796;0;0;0;48362601.93103448
1688371797;0;0;0;46139886.344827585
1688371798;0;0;0;43937368.27586207
1688371799;0;0;0;42343600.551724136
1688371800;0;0;0;39841933.24137931
1688371801;0;0;0;38080088.27586207
1688371802;0;0;0;36397903.448275864
1688371803;0;0;0;34265441.10344827
1688371804;0;0;0;32616589.24137931
1688371805;0;0;0;30742598.620689657
1688371806;0;0;0;28923550.896551725
1688371807;0;0;0;26934872.275862068
1688371808;0;0;0;25383618.20689655
1688371809;0;0;0;23626857.931034483
1688371810;0;0;0;21868685.24137931
1688371811;0;0;0;20196387.310344826
1688371812;0;0;0;18507705.379310343
1688371813;0;0;0;16641059.310344826
1688371814;0;0;0;15091358.896551725
1688371815;0;0;0;13438693.51724138
1688371816;0;0;0;11763429.51724138
1688371817;0;0;0;10150029.24137931
1688371818;0;0;0;8376743.724137931
1688371819;0;0;0;6694982.620689655
1688371820;0;0;0;4950792.827586207
1688371821;0;0;0;3111265.103448276
1688371822;0;0;0;1513825.103448276
1688371823;0;0;0;474429.7931034483
1688371824;0;0;0;480361.9310344827
1688371825;0;0;0;411294.8965517241
1688371826;0;0;0;370899.8620689655
1688371827;0;0;0;331634.7586206896
1688371828;0;0;0;330787.3103448276
1688371829;0;0;0;330787.3103448276
1688371830;0;0;0;331634.7586206896
1688371831;0;0;0;336154.4827586207
1688371832;0;0;0;421464.275862069
1688371833;0;0;0;421464.275862069
1688371834;0;0;0;421464.275862069
1688371835;0;0;0;421464.275862069
1688371836;0;0;0;423724.1379310345
1688371837;0;0;0;216805.5172413793
1688371838;0;0;0;221042.75862068965
1688371839;0;0;0;221042.75862068965
1688371840;0;0;0;221042.75862068965
1688371841;0;0;0;221042.75862068965
1688371842;0;0;0;221042.75862068965
1688371843;0;0;0;221042.75862068965
1688371844;0;0;0;221042.75862068965
1688371845;0;0;0;219771.58620689655
1688371846;0;0;0;219771.58620689655
1688371847;0;0;0;358188.1379310345
1688371848;0;0;0;352114.7586206896
1688371849;0;0;0;349713.6551724138
1688371850;0;0;0;354233.3793103448
1688371851;0;0;0;352114.7586206896
1688371852;0;0;0;319770.4827586207
1688371853;0;0;0;313555.8620689655
1688371854;0;0;0;245901.24137931035
1688371855;0;0;0;244630.06896551725
1688371856;0;0;0;244630.06896551725
1688371857;0;0;0;244630.06896551725
1688371858;0;0;0;244630.06896551725
1688371859;0;0;0;243782.62068965516
1688371860;0;0;0;239262.89655172414
1688371861;0;0;0;153953.10344827586
1688371862;0;0;0;153953.10344827586
1688371863;0;0;0;153953.10344827586
1688371864;0;0;0;153953.10344827586
1688371865;0;0;0;151693.24137931035
1688371866;0;0;0;152964.41379310345
1688371867;0;0;0;148585.93103448275
1688371868;0;0;0;148585.93103448275
1688371869;0;0;0;148585.93103448275
1688371870;0;0;0;148585.93103448275
1688371871;0;0;0;148585.93103448275
1688371872;0;0;0;148585.93103448275
1688371873;0;0;0;148585.93103448275
1688371874;0;0;0;150987.0344827586
1688371875;0;0;0;150987.0344827586
1688371876;0;0;0;15677.793103448275
1688371877;0;0;0;11299.310344827587
1688371878;0;0;0;11299.310344827587
1688371879;0;0;0;6779.586206896552
1688371880;0;0;0;6779.586206896552
1688371881;0;0;0;6779.586206896552
1688371882;0;0;0;6779.586206896552
1688371883;0;0;0;6779.586206896552
1688371884;0;0;0;6779.586206896552
1688371885;0;0;0;6779.586206896552
1688371886;0;0;0;6779.586206896552
1688371887;0;0;0;6779.586206896552
1688371888;0;0;0;6779.586206896552
1688371889;0;0;0;6779.586206896552
1688371890;0;0;0;9321.931034482759
1688371891;0;0;0;9321.931034482759
1688371892;0;0;0;9745.655172413793
1688371893;0;0;0;11158.068965517241
1688371894;0;0;0;11158.068965517241
1688371895;0;0;0;9886.896551724138
1688371896;0;0;0;9886.896551724138
1688371897;0;0;0;9886.896551724138
1688371898;0;0;0;9886.896551724138
1688371899;0;0;0;9886.896551724138
1688371900;0;0;0;9886.896551724138
1688371901;0;0;0;9886.896551724138
1688371902;0;0;0;9886.896551724138
1688371903;0;0;0;7485.793103448275
1688371904;0;0;0;7485.793103448275
1688371905;0;0;0;4378.482758620689
1688371906;0;0;0;10169.379310344828
1688371907;0;0;0;10169.379310344828
1688371908;0;0;0;10169.379310344828
1688371909;0;0;0;10169.379310344828
1688371910;0;0;0;10169.379310344828
1688371911;0;0;0;10169.379310344828
1688371912;0;0;0;10169.379310344828
1688371913;0;0;0;10169.379310344828
1688371914;0;0;0;11723.034482758621
1688371915;0;0;0;11723.034482758621
1688371916;0;0;0;11723.034482758621
1688371917;0;0;0;11723.034482758621
1688371918;0;0;0;11723.034482758621
1688371919;0;0;0;9180.689655172413
1688371920;0;0;0;9180.689655172413
1688371921;0;0;0;8756.965517241379
1688371922;0;0;0;7344.551724137931
1688371923;0;0;0;7344.551724137931
1688371924;0;0;0;7344.551724137931
1688371925;0;0;0;7344.551724137931
1688371926;0;0;0;7344.551724137931
1688371927;0;0;0;7344.551724137931
1688371928;0;0;0;7344.551724137931
1688371929;0;0;0;7344.551724137931
1688371930;0;0;0;7344.551724137931
1688371931;0;0;0;7344.551724137931
1688371932;0;0;0;7344.551724137931
1688371933;0;0;0;10169.379310344828
1688371934;0;0;0;10169.379310344828
1688371935;0;0;0;9604.413793103447
1688371936;0;0;0;9604.413793103447
1688371937;0;0;0;9604.413793103447
1688371938;0;0;0;9604.413793103447
1688371939;0;0;0;9604.413793103447
1688371940;0;0;0;9604.413793103447
1688371941;0;0;0;9604.413793103447
1688371942;0;0;0;9604.413793103447
1688371943;0;0;0;8050.758620689655
1688371944;0;0;0;8050.758620689655
1688371945;0;0;0;8050.758620689655
1688371946;0;0;0;8050.758620689655
1688371947;0;0;0;8050.758620689655
1688371948;0;0;0;8050.758620689655
1688371949;0;0;0;8050.758620689655
1688371950;0;0;0;10734.344827586207
1688371951;0;0;0;10734.344827586207
1688371952;0;0;0;10734.344827586207
1688371953;0;0;0;10734.344827586207
1688371954;0;0;0;10734.344827586207
1688371955;0;0;0;13135.448275862069
1688371956;0;0;0;16384
1688371957;0;0;0;16384
1688371958;0;0;0;16384
1688371959;0;0;0;16384
1688371960;0;0;0;16384
1688371961;0;0;0;16384
1688371962;0;0;0;13559.172413793103
1688371963;0;0;0;13559.172413793103
1688371964;0;0;0;8333.241379310344
1688371965;0;0;0;8333.241379310344
1688371966;0;0;0;8333.241379310344
1688371967;0;0;0;8333.241379310344
1688371968;0;0;0;8333.241379310344
1688371969;0;0;0;8333.241379310344
1688371970;0;0;0;8333.241379310344
1688371971;0;0;0;10169.379310344828
1688371972;0;0;0;10169.379310344828
1688371973;0;0;0;10169.379310344828
1688371974;0;0;0;10169.379310344828
1688371975;0;0;0;10169.379310344828
1688371976;0;0;0;10169.379310344828
1688371977;0;0;0;15254.068965517241
1688371978;0;0;0;15254.068965517241
1688371979;0;0;0;12570.48275862069
1688371980;0;0;0;12570.48275862069
1688371981;0;0;0;12570.48275862069
1688371982;0;0;0;12570.48275862069
1688371983;0;0;0;12570.48275862069
1688371984;0;0;0;10169.379310344828
1688371985;0;0;0;6920.827586206897
1688371986;0;0;0;6920.827586206897
1688371987;0;0;0;6920.827586206897
1688371988;0;0;0;6920.827586206897
1688371989;0;0;0;6920.827586206897
1688371990;0;0;0;6920.827586206897
1688371991;0;0;0;6920.827586206897
1688371992;0;0;0;6920.827586206897
1688371993;0;0;0;6920.827586206897
1688371994;0;0;0;6920.827586206897
1688371995;0;0;0;6920.827586206897
1688371996;0;0;0;11299.310344827587
1688371997;0;0;0;11299.310344827587
1688371998;0;0;0;11299.310344827587
1688371999;0;0;0;11299.310344827587
1688372000;0;0;0;9463.172413793103
1688372001;0;0;0;9463.172413793103
1688372002;0;0;0;9463.172413793103
1688372003;0;0;0;9463.172413793103
1688372004;0;0;0;9463.172413793103
1688372005;0;0;0;9463.172413793103
1688372006;0;0;0;4660.9655172413795
1688372007;0;0;0;7062.068965517241
1688372008;0;0;0;7062.068965517241
1688372009;0;0;0;7062.068965517241
1688372010;0;0;0;7062.068965517241
1688372011;0;0;0;8898.206896551725
1688372012;0;0;0;8898.206896551725
1688372013;0;0;0;8898.206896551725
1688372014;0;0;0;8898.206896551725
1688372015;0;0;0;8898.206896551725
1688372016;0;0;0;8898.206896551725
1688372017;0;0;0;8898.206896551725
1688372018;0;0;0;8898.206896551725
1688372019;0;0;0;8898.206896551725
1688372020;0;0;0;8898.206896551725
1688372021;0;0;0;8898.206896551725
1688372022;0;0;0;8898.206896551725
1688372023;0;0;0;8898.206896551725
1688372024;0;0;0;8898.206896551725
1688372025;0;0;0;4519.724137931034
1688372026;0;0;0;4519.724137931034
1688372027;0;0;0;4519.724137931034
1688372028;0;0;0;4519.724137931034
1688372029;0;0;0;4519.724137931034
1688372030;0;0;0;4519.724137931034
1688372031;0;0;0;4519.724137931034
1688372032;0;0;0;4519.724137931034
1688372033;0;0;0;4519.724137931034
1688372034;0;0;0;4519.724137931034
1688372035;0;0;0;4237.241379310345
1688372036;0;0;0;1836.1379310344828
1688372037;0;0;0;125139.86206896552
1688372038;0;0;0;125139.86206896552
1688372039;0;0;0;125139.86206896552
1688372040;0;0;0;123303.72413793103
1688372041;0;0;0;123303.72413793103
1688372042;0;0;0;123303.72413793103
1688372043;0;0;0;123303.72413793103
1688372044;0;0;0;123303.72413793103
1688372045;0;0;0;123303.72413793103
1688372046;0;0;0;123303.72413793103
1688372047;0;0;0;123303.72413793103
1688372048;0;0;0;123303.72413793103
1688372049;0;0;0;123303.72413793103
1688372050;0;0;0;123303.72413793103
1688372051;0;0;0;123303.72413793103
1688372052;0;0;0;123303.72413793103
1688372053;0;0;0;123303.72413793103
1688372054;0;0;0;126269.79310344828
1688372055;0;0;0;126269.79310344828
1688372056;0;0;0;126269.79310344828
1688372057;0;0;0;126269.79310344828
1688372058;0;0;0;126269.79310344828
1688372059;0;0;0;126269.79310344828
1688372060;0;0;0;126269.79310344828
1688372061;0;0;0;126269.79310344828
1688372062;0;0;0;126269.79310344828
1688372063;0;0;0;126269.79310344828
1688372064;0;0;0;126269.79310344828
1688372065;0;0;0;126269.79310344828
1688372066;0;0;0;2966.0689655172414
1688372067;0;0;0;2966.0689655172414
1688372068;0;0;0;2966.0689655172414
1688372069;0;847.448275862069;0;2966.0689655172414
1688372070;0;847.448275862069;0;2966.0689655172414
1688372071;0;847.448275862069;0;2966.0689655172414
1688372072;0;847.448275862069;0;2966.0689655172414
1688372073;0;847.448275862069;0;2966.0689655172414
1688372074;0;847.448275862069;0;2966.0689655172414
1688372075;0;847.448275862069;0;2966.0689655172414
1688372076;0;847.448275862069;0;2966.0689655172414
1688372077;0;847.448275862069;0;5084.689655172414
1688372078;0;847.448275862069;0;5084.689655172414
1688372079;0;847.448275862069;0;5084.689655172414
1688372080;0;847.448275862069;0;5084.689655172414
1688372081;0;847.448275862069;0;5084.689655172414
1688372082;0;847.448275862069;0;5084.689655172414
1688372083;0;847.448275862069;0;2118.6206896551726
1688372084;0;847.448275862069;0;2118.6206896551726
1688372085;0;847.448275862069;0;2118.6206896551726
1688372086;0;847.448275862069;0;2118.6206896551726
1688372087;0;847.448275862069;0;2118.6206896551726
1688372088;0;847.448275862069;0;2118.6206896551726
1688372089;0;847.448275862069;0;2118.6206896551726
1688372090;0;847.448275862069;0;14124.137931034482
1688372091;0;847.448275862069;0;14124.137931034482
1688372092;0;847.448275862069;0;14124.137931034482
1688372093;0;847.448275862069;0;14124.137931034482
1688372094;0;847.448275862069;0;14124.137931034482
1688372095;0;847.448275862069;0;14124.137931034482
1688372096;0;847.448275862069;0;14830.344827586207
1688372097;0;847.448275862069;0;14830.344827586207
1688372098;0;0;0;14830.344827586207
1688372099;0;0;0;14830.344827586207
1688372100;0;0;0;14830.344827586207
1688372101;0;0;0;14830.344827586207
1688372102;0;0;0;14830.344827586207
1688372103;0;0;0;75281.6551724138
1688372104;0;0;0;75281.6551724138
1688372105;0;0;0;75281.6551724138
1688372106;0;0;0;73163.03448275862
1688372107;0;0;0;73163.03448275862
1688372108;0;0;0;73163.03448275862
1688372109;0;0;0;73163.03448275862
1688372110;0;0;0;73163.03448275862
1688372111;0;0;0;73163.03448275862
1688372112;0;0;0;73163.03448275862
1688372113;0;0;0;81072.55172413793
1688372114;0;0;0;81637.5172413793
1688372115;0;0;0;81637.5172413793
1688372116;0;0;0;81637.5172413793
1688372117;0;0;0;81637.5172413793
1688372118;0;0;0;81637.5172413793
1688372119;0;0;0;69632
1688372120;0;0;0;69632
1688372121;0;0;0;69632
1688372122;0;0;0;69632
1688372123;0;0;0;69632
1688372124;0;0;0;111015.72413793103
1688372125;0;0;0;110309.5172413793
