Time;{instance="10.231.0.208:9100"};{instance="192.168.221.10:9100"};{instance="192.168.221.11:9100"};{instance="192.168.221.12:9100"}
1688370925;550;36608.444444444445;676.6666666666667;2627.2222222222226
1688370926;557.3333333333334;32583.55555555556;1141;2698
1688370927;2222782.1111111115;40951.55555555556;1157.2222222222224;6230.222222222223
1688370928;15141361.88888889;41324.333333333336;1310.5555555555557;9354550.222222222
1688370929;28428084.555555556;44061.444444444445;1304.7777777777778;22412159.666666668
1688370930;41085917.222222224;52297.77777777778;1310.5555555555557;35412995.88888889
1688370931;54103475.66666667;51764.444444444445;1304.7777777777778;48289115.55555556
1688370932;67253293.8888889;62286.11111111112;1310.5555555555557;61351680.00000001
1688370933;79969369.77777778;63169.444444444445;1304.7777777777778;73861701.8888889
1688370934;93122977.55555557;63300.333333333336;1310.5555555555557;87130859.44444445
1688370935;106099897.77777779;65853.22222222223;750.6666666666667;100153223.66666667
1688370936;116697345.44444445;54955.222222222226;734.4444444444445;113066711.22222222
1688370937;116801215.66666667;65584.77777777778;1119;116604481.44444445
1688370938;116665599.8888889;62222.222222222226;1220.5555555555557;116618968.66666667
1688370939;116837487.66666667;58238.444444444445;1214.7777777777778;116701595.55555557
1688370940;117173877.8888889;65081.00000000001;1220.5555555555557;116526834.55555557
1688370941;116644247.8888889;55015.00000000001;1214.7777777777778;116700018.77777779
1688370942;117071878.44444445;64555.44444444445;1220.5555555555557;117002575.11111112
1688370943;116986815.11111112;57924.88888888889;1214.7777777777778;116891678.44444445
1688370944;116810925.33333334;55191.66666666667;1220.5555555555557;116703618.66666667
1688370945;116417091.33333334;55558.11111111112;1214.7777777777778;115920242.8888889
1688370946;116499456.22222222;44266.333333333336;682.6666666666667;116302990.22222222
1688370947;116661830.66666667;47073.66666666667;1111.6666666666667;116405253.55555557
1688370948;116888885.33333334;45261;1217.3333333333335;116452324.44444445
1688370949;116748425.77777779;39471.222222222226;1211.5555555555557;116846116.22222222
1688370950;117184273.77777779;38718.222222222226;1217.3333333333335;116728382.8888889
1688370951;117342621.33333334;27966.222222222223;1211.5555555555557;117035162.66666667
1688370952;117397912.8888889;31420.55555555556;1876.7777777777778;116892926.00000001
1688370953;117562232.8888889;31607.55555555556;1892.1111111111113;117090983.77777779
1688370954;118409402.8888889;31562.77777777778;1897.888888888889;118258892.44444445
1688370955;118531927.33333334;30966.55555555556;1892.1111111111113;118144558.66666667
1688370956;118039613.11111112;28835.333333333336;1367.3333333333335;118097766.22222222
1688370957;118281726.8888889;26121.444444444445;1792.2222222222224;117777554.22222222
1688370958;118214170.44444445;26228.444444444445;1798.0000000000002;117978212.00000001
1688370959;118097554.00000001;25887.444444444445;1880.6666666666667;117866313.77777779
1688370960;117809702.44444445;26619.111111111113;1909.1111111111113;117845502.00000001
1688370961;117755696.44444445;23024.444444444445;1264.6666666666667;117932206.66666667
1688370962;117899172.66666667;23519.222222222223;1270.111111111111;117909675.55555557
1688370963;117888762.00000001;24423;1264.3333333333335;117789938.66666667
1688370964;117798910.8888889;25085.444444444445;1298.1111111111113;117534119.11111112
1688370965;118180416.66666667;23901.333333333336;1292.3333333333335;117717734.44444445
1688370966;117787930.22222222;24752.77777777778;767.5555555555557;117860950.8888889
1688370967;117426008.8888889;25444.666666666668;1413.2222222222224;117522844.44444445
1688370968;117492681.11111112;25250.444444444445;1330.5555555555557;117142584.66666667
1688370969;117439091.33333334;25121.111111111113;1302.1111111111113;117156065.33333334
1688370970;117152729.33333334;23729.444444444445;1383.2222222222224;116703008.8888889
1688370971;116844542.00000001;25499.111111111113;1493.4444444444446;116206424.66666667
1688370972;116182095.33333334;24307.333333333336;1521.888888888889;115818376.22222222
1688370973;116129651.11111112;24592.222222222223;1563.2222222222224;116172704.00000001
1688370974;116045482.44444445;25007.222222222223;1612.6666666666667;115932106.66666667
1688370975;116327769.77777779;23893.55555555556;1606.888888888889;116118857.55555557
1688370976;116564954.22222222;29040.77777777778;961.2222222222223;116406288.00000001
1688370977;116816346.8888889;32763.111111111113;2361.3333333333335;116560000.66666667
1688370978;116815162.00000001;38319.444444444445;4603.88888888889;116791221.33333334
1688370979;117142758.00000001;39918.555555555555;4502;117118868.00000001
1688370980;117589357.77777779;39279.77777777778;4466.666666666667;117558291.77777779
1688370981;118006345.11111112;37855.77777777778;4438.222222222223;118033054.00000001
1688370982;118109875.33333334;38747.222222222226;4368.88888888889;117891882.66666667
1688370983;118162817.33333334;37492.66666666667;4319.444444444444;118001463.33333334
1688370984;118065586.00000001;39860.77777777778;4325.222222222223;117753551.77777779
1688370985;118201141.55555557;32685.333333333336;4319.444444444444;117819733.11111112
1688370986;118093788.00000001;29418.444444444445;2919.3333333333335;118140645.77777779
1688370987;117927784.22222222;23472.666666666668;676.7777777777778;117792014.22222222
1688370988;117750914.66666667;23992.222222222223;1275.2222222222224;117793661.11111112
1688370989;117274136.22222222;21931.666666666668;1173.7777777777778;117373676.44444445
1688370990;116930342.66666667;25640;1275.5555555555557;116624599.11111112
1688370991;116645382.00000001;23660.333333333336;1288.3333333333335;116566903.11111112
1688370992;116687498.22222222;24575.55555555556;1312.6666666666667;116396948.44444445
1688370993;116816036.00000001;23421.55555555556;1346.1111111111113;116602572.22222222
1688370994;116726365.33333334;24535.55555555556;1351.888888888889;116253478.00000001
1688370995;116257099.33333334;23605;1346.1111111111113;116311983.33333334
1688370996;116569589.33333334;22815.111111111113;1351.888888888889;115957881.11111112
1688370997;116378995.11111112;21519.333333333336;753.4444444444445;115973165.77777779
1688370998;116811747.33333334;21929.222222222223;1289.7777777777778;116522341.33333334
1688370999;117290983.55555557;18858;1188;116872934.22222222
1688371000;117511489.33333334;21464;1175.2222222222224;117090191.55555557
1688371001;117454308.22222222;21719;1239.2222222222224;117260672.44444445
1688371002;117337106.44444445;23044;1205.7777777777778;117355073.55555557
1688371003;117548316.44444445;22769.444444444445;1200;117403046.8888889
1688371004;117891227.33333334;24158.444444444445;1205.7777777777778;117523176.22222222
1688371005;118062960.00000001;23869.444444444445;1200;118034343.55555557
1688371006;118221133.55555557;23491.444444444445;1205.7777777777778;118008026.66666667
1688371007;118202068.00000001;25856.111111111113;669.4444444444445;117749468.8888889
1688371008;118215787.55555557;29761.333333333336;1217.3333333333335;118469462.8888889
1688371009;118241760.44444445;28132.55555555556;1211.5555555555557;117924144.66666667
1688371010;118274624.44444445;27296.111111111113;1129;117952828.00000001
1688371011;118266690.44444445;24235.111111111113;1137.888888888889;118041246.22222222
1688371012;117976167.77777779;26847.666666666668;1247.2222222222224;117969374.66666667
1688371013;117978882.22222222;27364.333333333336;1241.4444444444446;117571870.44444445
1688371014;117796922.44444445;27510.333333333336;1247.2222222222224;117569780.44444445
1688371015;117998601.77777779;27555.666666666668;1241.4444444444446;117480153.11111112
1688371016;118070879.33333334;24522.666666666668;1247.2222222222224;118101007.33333334
1688371017;117858333.77777779;21389.77777777778;699.3333333333334;117262203.33333334
1688371018;117829085.77777779;20522.55555555556;1262;117827002.8888889
1688371019;117845816.44444445;21653.333333333336;1256.2222222222224;117783544.00000001
1688371020;118076054.22222222;23859.444444444445;1270;122111688.44444445
1688371021;118316459.33333334;21640.111111111113;1160.6666666666667;117840001.77777779
1688371022;118055881.33333334;20968.77777777778;1262.111111111111;118097040.8888889
1688371023;118040866.00000001;23316.55555555556;1256.3333333333335;117536318.00000001
1688371024;118066028.00000001;22437.666666666668;1282.888888888889;118014540.22222222
1688371025;117729992.66666667;23838.222222222223;1277.1111111111113;117433293.77777779
1688371026;117809107.33333334;22039.444444444445;1282.888888888889;117749980.8888889
1688371027;117922511.55555557;23820.333333333336;720.2222222222223;117657304.00000001
1688371028;117650280.66666667;22411.77777777778;838.4444444444445;117500090.00000001
1688371029;117462816.8888889;21369.88888888889;1345.2222222222224;112778241.33333334
1688371030;117435502.8888889;22627.77777777778;1351;117338794.66666667
1688371031;117683237.77777779;21548.666666666668;1249.5555555555557;117211720.22222222
1688371032;117635299.33333334;23122.77777777778;1387;117710989.55555557
1688371033;117612272.44444445;23212.333333333336;1383.6666666666667;117537442.8888889
1688371034;117776489.55555557;23999.444444444445;1486;117672524.22222222
1688371035;121381905.77777779;24552.444444444445;1480.2222222222224;117793043.11111112
1688371036;117831829.22222222;24966.88888888889;1486;117411927.33333334
1688371037;117647255.66666667;27073.111111111113;1367.7777777777778;117675403.22222222
1688371038;117778512.77777779;31421.333333333336;838.3333333333334;117692038.11111112
1688371039;117621424.11111112;28197.77777777778;1374.1111111111113;117536932.33333334
1688371040;117487229.33333334;31520.666666666668;1398.4444444444446;117427698.66666667
1688371041;117690372.22222222;28520.333333333336;1289;117519761.55555557
1688371042;117118981.55555557;31523.666666666668;1271.5555555555557;116650276.22222222
1688371043;117109326.8888889;30675.333333333336;1257.5555555555557;116957789.11111112
1688371044;113411145.55555557;32309.333333333336;1263.3333333333335;116500792.8888889
1688371045;116733262.44444445;30123.77777777778;1257.5555555555557;116875188.22222222
1688371046;116832867.77777779;28577.77777777778;1263.3333333333335;116707448.33333334
1688371047;116147648.00000001;24058.333333333336;1257.5555555555557;116120211.11111112
1688371048;115726007.33333334;25547.666666666668;795.6666666666667;116022900.44444445
1688371049;115845449.22222222;22830.444444444445;1315.4444444444446;115606583.8888889
1688371050;113454144.77777779;24453.222222222223;1293.2222222222224;115617118.55555557
1688371051;113004793.8888889;22353.666666666668;1287.4444444444446;113276324.33333334
1688371052;112704545.66666667;22466.444444444445;1204.888888888889;112374618.55555557
1688371053;112465931.22222222;21944.111111111113;1305.888888888889;112741169.00000001
1688371054;112188967.33333334;24620.111111111113;1323.3333333333335;112475015.66666667
1688371055;112445514.8888889;23354.666666666668;1317.5555555555557;112085332.11111112
1688371056;113019866.22222222;24622.333333333336;1323.3333333333335;112910396.44444445
1688371057;113002898.66666667;23448.55555555556;1243.6666666666667;112813119.33333334
1688371058;112016868.00000001;24413.222222222223;705.3333333333334;112440387.55555557
1688371059;114119152.00000001;22547.88888888889;1256;112120832.00000001
1688371060;115227782.00000001;23180.111111111113;1367.4444444444446;115077235.77777779
1688371061;115477810.44444445;23427.111111111113;1361.6666666666667;115790550.8888889
1688371062;115904144.66666667;23310.222222222223;1260.6666666666667;115734046.66666667
1688371063;107864419.77777779;22313.55555555556;1338.6666666666667;110627445.33333334
1688371064;107592092.8888889;24211.666666666668;1344.4444444444446;108038666.00000001
1688371065;107631545.77777779;23576.111111111113;1338.6666666666667;107563107.11111112
1688371066;108045231.11111112;24326.666666666668;1363;107994453.33333334
1688371067;107084210;25953.666666666668;1398.7777777777778;106794480.8888889
1688371068;107228363.33333334;28512.222222222223;848.1111111111112;106791624.8888889
1688371069;107106146;28688.77777777778;1281.888888888889;106950646.44444445
1688371070;107107301.55555557;28295.000000000004;1287.6666666666667;107148630
1688371071;99949350.44444445;28836.55555555556;1281.888888888889;104082673.55555557
1688371072;107843609.77777779;28974.666666666668;1192.2222222222224;104823639.33333334
1688371073;105328398.8888889;29358.55555555556;1207.5555555555557;107704768.00000001
1688371074;98573845.11111112;30306.111111111113;1309.5555555555557;99085476.66666667
1688371075;98550570.66666667;30697.55555555556;1285.2222222222224;98391721.11111112
1688371076;100537895.11111112;28268.000000000004;1304.3333333333335;100561406
1688371077;100279963.22222222;24603.88888888889;1298.5555555555557;100571866.33333334
1688371078;100033350.77777779;24196;794.4444444444445;100328806.77777779
1688371079;99774307.22222222;23507.77777777778;788.6666666666667;99658534.77777779
1688371080;106852367.8888889;25018.55555555556;1325;102705257.66666667
1688371081;107236033.22222222;23543.666666666668;1341.888888888889;107179477.66666667
1688371082;106740125.66666667;22743;1326.5555555555557;107224787
1688371083;113221821.00000001;22759.77777777778;1224.5555555555557;112494973.8888889
1688371084;111355719.66666667;22275.111111111113;1279.2222222222224;112456669.22222222
1688371085;108040168.55555557;23410.222222222223;1325;109437885.8888889
1688371086;105884135.55555557;23935.88888888889;1330.7777777777778;107382016.8888889
1688371087;93983410;22996.222222222223;1289.6666666666667;99081039.55555557
1688371088;81216565.77777778;23086.222222222223;1295.4444444444446;87093678.8888889
1688371089;68168074.44444445;19696.111111111113;759.1111111111112;74070576.66666667
1688371090;55200549.77777778;22781.55555555556;1272.5555555555557;61036667.77777778
1688371091;45378670.66666667;21757.444444444445;1266.7777777777778;47984245.55555556
1688371092;32454057.77777778;21455.444444444445;1272.5555555555557;38667324.44444445
1688371093;21324586;22085.444444444445;1282.3333333333335;26090550
1688371094;17534126.666666668;21147.55555555556;1245.7777777777778;16057880.666666668
1688371095;19642734;22917.55555555556;1358.888888888889;18126583.333333336
1688371096;31563347.111111112;23548.111111111113;1403.888888888889;26514786.666666668
1688371097;44565121.333333336;26202.444444444445;1398.1111111111113;38881679.333333336
1688371098;57907114.00000001;29557.222222222223;1403.888888888889;51673940.44444445
1688371099;65521706.66666667;26819.444444444445;867.7777777777778;63956912.44444445
1688371100;77180701.77777778;29131.333333333336;1418.6666666666667;71369783.33333334
1688371101;90159683.77777779;28208.222222222223;1431.4444444444446;84419412.22222222
1688371102;93045835.55555557;28266.55555555556;1475.4444444444446;92909617.11111112
1688371103;87290228.8888889;28466.222222222223;1405.5555555555557;92962023.11111112
1688371104;77532642.66666667;27494.666666666668;1292.4444444444446;80070434.8888889
1688371105;77287280.22222222;27135.666666666668;1247.4444444444446;77413715.11111112
1688371106;77423929.77777778;23488.55555555556;1260.5555555555557;77291437.33333334
1688371107;77052455.11111112;22462.222222222223;1335.7777777777778;77515029.11111112
1688371108;80037424.22222222;22315.77777777778;1353.2222222222224;78256896.8888889
1688371109;74009727.11111112;20861.111111111113;802.3333333333334;75294585.55555557
1688371110;73583830.8888889;22244.111111111113;1321.4444444444446;73426673.11111112
1688371111;83697532.22222222;22039.666666666668;1213;77965990.44444445
1688371112;96921153.33333334;22654.88888888889;1218.7777777777778;91034933.11111112
1688371113;106905648.66666667;22684.111111111113;1231.5555555555557;103915528.44444445
1688371114;103143721.11111112;24675;1249;103048239.11111112
1688371115;103028890;24591.666666666668;1235.888888888889;102938841.77777779
1688371116;103113607.55555557;23462.55555555556;1160.6666666666667;102958077.55555557
1688371117;105489666.8888889;24362.444444444445;1231.6666666666667;102968098.22222222
1688371118;112932113.55555557;24329.55555555556;1257.888888888889;111317076.00000001
1688371119;108096819.33333334;22177.333333333336;748.3333333333334;108804686.8888889
1688371120;107395092.22222222;24650.111111111113;1294.888888888889;107352853.77777779
1688371121;107226743.33333334;22518;1289.1111111111113;107205023.77777779
1688371122;107239872;23277.88888888889;1385;107473204.44444445
1688371123;104470212.22222222;21087.666666666668;1367.5555555555557;108770003.77777779
1688371124;102777857.77777779;23756.77777777778;1373.3333333333335;102924318.66666667
1688371125;101641546.44444445;22760.666666666668;1367.5555555555557;101516864.44444445
1688371126;101889210;21896.666666666668;1284.888888888889;101595816.66666667
1688371127;101446024;23943.55555555556;1266;101898302.22222222
1688371128;102970777.11111112;29204.000000000004;1350.6666666666667;102055706.22222222
1688371129;103439866.22222222;26465.88888888889;804.1111111111112;103445882.22222222
1688371130;103712683.33333334;28454.222222222223;1355.1111111111113;103322722.66666667
1688371131;103424895.77777779;28360.333333333336;1240.6666666666667;103431309.33333334
1688371132;109430812.44444445;28732.88888888889;1286.1111111111113;105823049.33333334
1688371133;103699128.22222222;28038.77777777778;1298.888888888889;105465355.11111112
1688371134;104544031.77777779;28651.55555555556;1340.1111111111113;104662672.8888889
1688371135;95734539.55555557;29729.222222222223;1334.3333333333335;100906152.66666667
1688371136;88713228;26891.111111111113;1332.7777777777778;88784224.66666667
1688371137;92603343.55555557;22381.77777777778;1220;92670451.33333334
1688371138;92652779.11111112;23360.666666666668;1406;92483024.22222222
1688371139;92389307.33333334;22086.444444444445;855.0000000000001;92365867.33333334
1688371140;90663182.22222222;22402;860.7777777777778;92676604.8888889
1688371141;78589680.8888889;22908.111111111113;1375.888888888889;83337089.33333334
1688371142;72990126.8888889;22106.111111111113;1363.1111111111113;76746100.66666667
1688371143;60226299.11111111;23278.333333333336;1342.6666666666667;65921134.44444445
1688371144;55812506.66666667;22247;1348.4444444444446;56563828.00000001
1688371145;50203259.55555556;24771;1363.4444444444446;55583747.11111111
1688371146;37070594.66666667;24201.88888888889;1369.2222222222224;42870803.11111111
1688371147;24253944;23727.333333333336;1183.2222222222224;30090351.111111112
1688371148;11189297.111111112;24507.111111111113;1277.3333333333335;17325587.555555556
1688371149;589.6666666666667;24004.333333333336;1271.5555555555557;3757477.777777778
1688371150;597;24574.77777777778;716.7777777777778;1272.111111111111
1688371151;597;25869.333333333336;1234.111111111111;1382.3333333333335
1688371152;597;24526.111111111113;1241.7777777777778;1388.1111111111113
1688371153;560.3333333333334;25974.77777777778;1256.4444444444446;1382.3333333333335
1688371154;574;23103;1275.6666666666667;1388.1111111111113
1688371155;553;25369.444444444445;1269.888888888889;1382.3333333333335
1688371156;629.4444444444445;23629.666666666668;1298.888888888889;922.1111111111112
1688371157;622.1111111111112;26640.77777777778;1204.7777777777778;1491.3333333333335
1688371158;615.4444444444445;28629.000000000004;1298.888888888889;1401.4444444444446
1688371159;640;28253.222222222223;1293.1111111111113;1491.6666666666667
1688371160;640;27556.55555555556;775.7777777777778;1393.1111111111113
1688371161;646.6666666666667;29674.77777777778;1296.3333333333335;1442.2222222222224
1688371162;646.6666666666667;28473.222222222223;1281.6666666666667;1448
1688371163;632.3333333333334;30640.111111111113;1241.6666666666667;1464.888888888889
1688371164;639;28208.77777777778;1247.4444444444446;1470.6666666666667
1688371165;562.5555555555555;30542.444444444445;1218.4444444444446;1407.3333333333335
1688371166;562.5555555555555;26170.88888888889;1224.2222222222224;875.1111111111112
1688371167;569.2222222222223;23084.77777777778;1130.111111111111;1406.1111111111113
1688371168;544.6666666666667;23471.444444444445;1147.5555555555557;1334.888888888889
1688371169;544.6666666666667;22553.333333333336;1230.5555555555557;1317.4444444444446
1688371170;648;22943.333333333336;687.3333333333334;1364.1111111111113
1688371171;702.1111111111112;22566.77777777778;1204.6666666666667;1358.3333333333335
1688371172;702.1111111111112;22250.444444444445;1210.4444444444446;1341.4444444444446
1688371173;702.1111111111112;22705.88888888889;1234.888888888889;1335.6666666666667
1688371174;720.7777777777778;22715.222222222223;1240.6666666666667;1362.5555555555557
1688371175;714.1111111111112;23396.444444444445;1234.888888888889;1319.7777777777778
1688371176;706.7777777777778;23943.88888888889;1240.6666666666667;788.7777777777778
1688371177;699.4444444444445;21850.222222222223;1223.2222222222224;1295.1111111111113
1688371178;699.4444444444445;21817.222222222223;1140.2222222222224;1319.4444444444446
1688371179;596.1111111111112;20309.444444444445;1141.7777777777778;1217.888888888889
1688371180;542;22662.222222222223;725.8888888888889;1249.5555555555557
1688371181;535.3333333333334;21816.55555555556;1258;1325.3333333333335
1688371182;535.3333333333334;23122.666666666668;1343.1111111111113;1331.1111111111113
1688371183;523.3333333333334;21995.55555555556;1337.3333333333335;1304.2222222222224
1688371184;523.3333333333334;22556.111111111113;1343.1111111111113;1310
1688371185;523.3333333333334;22736.88888888889;1337.3333333333335;1304.2222222222224
1688371186;593.1111111111112;23155.666666666668;1343.1111111111113;778.8888888888889
1688371187;600.4444444444445;25789.333333333336;1337.3333333333335;1278.3333333333335
1688371188;601.1111111111112;27603.333333333336;1354.3333333333335;1284.1111111111113
1688371189;626.4444444444445;25335.222222222223;1247.111111111111;1252.4444444444446
1688371190;633.7777777777778;26606.666666666668;803.3333333333334;1176.6666666666667
1688371191;648.7777777777778;26694.77777777778;1218.4444444444446;1278.3333333333335
1688371192;648.7777777777778;26974.55555555556;1245.3333333333335;1284.1111111111113
1688371193;662.7777777777778;28150.111111111113;1239.5555555555557;1278.3333333333335
1688371194;656.1111111111112;26761.77777777778;1245.3333333333335;1306.7777777777778
1688371195;593;27906.88888888889;1258.111111111111;1301
1688371196;579;25254.333333333336;1263.888888888889;803.7777777777778
1688371197;578.3333333333334;23244.222222222223;1347.888888888889;1346.6666666666667
1688371198;553;22750.88888888889;1420.2222222222224;1453.888888888889
1688371199;552.3333333333334;21593.333333333336;1326.1111111111113;1448.1111111111113
1688371200;530.6666666666667;23277.333333333336;889.8888888888889;1381.888888888889
1688371201;530.6666666666667;23669.444444444445;863.0000000000001;1614.5555555555557
1688371202;524;22608.444444444445;1444.5555555555557;1620.3333333333335
1688371203;530.6666666666667;24412.111111111113;1492.888888888889;1591.888888888889
1688371204;542.6666666666667;23452.333333333336;1480.1111111111113;1597.6666666666667
1688371205;549.3333333333334;24435.111111111113;1495.1111111111113;1571.1111111111113
1688371206;542.6666666666667;23327.444444444445;1392.5555555555557;1028.2222222222224
1688371207;549.3333333333334;24899.111111111113;1320.2222222222224;921.0000000000001
1688371208;542.6666666666667;23921.444444444445;1326;1450.4444444444446
1688371209;563.3333333333334;21945.666666666668;1231.7777777777778;1409.2222222222224
1688371210;564;23748.77777777778;1237.5555555555557;1195.111111111111
1688371211;564;24894.666666666668;751.6666666666667;1189.3333333333335
1688371212;571.3333333333334;24481.666666666668;1251.3333333333335;1421.7777777777778
1688371213;568.5555555555555;25377;1245.5555555555557;1416
1688371214;561.8888888888889;24813.444444444445;1230.5555555555557;1421.7777777777778
1688371215;569.2222222222223;25123.444444444445;1245.2222222222224;1416
1688371216;631.6666666666667;24543.444444444445;1274.2222222222224;1460.7777777777778
1688371217;638.3333333333334;27247.88888888889;1268.4444444444446;949.8888888888889
1688371218;617.6666666666667;30863.444444444445;1274.2222222222224;1492.5555555555557
1688371219;643;26995.222222222223;1268.4444444444446;1468.2222222222224
1688371220;643;28706.88888888889;1178.5555555555557;1474
1688371221;643;28632.666666666668;750.1111111111112;1308.1111111111113
1688371222;634.4444444444445;31248.77777777778;1293.5555555555557;1424.888888888889
1688371223;641.7777777777778;31494.444444444445;1287.7777777777778;1419.1111111111113
1688371224;648.4444444444445;32327.77777777778;1273.111111111111;1424.888888888889
1688371225;586;31188.222222222223;1244.111111111111;1380.1111111111113
1688371226;579.3333333333334;30085.111111111113;1249.888888888889;1385.888888888889
1688371227;579.3333333333334;24677.55555555556;1244.111111111111;882.1111111111112
1688371228;560.6666666666667;26511.77777777778;1261.5555555555557;1420.2222222222224
1688371229;553.3333333333334;22267.77777777778;1255.7777777777778;1414.4444444444446
1688371230;553.3333333333334;23476.333333333336;1136.2222222222224;1353.6666666666667
1688371231;606.7777777777778;21241;688.3333333333334;1236.888888888889
1688371232;599.4444444444445;22134.77777777778;1231.888888888889;1330.888888888889
1688371233;592.1111111111112;22105.77777777778;1256.3333333333335;1325.1111111111113
1688371234;611.4444444444445;23026.111111111113;1262.111111111111;1352
1688371235;625.4444444444445;22043.444444444445;1256.3333333333335;1327.6666666666667
1688371236;632.7777777777778;22493.444444444445;1262.111111111111;1294.5555555555557
1688371237;625.4444444444445;22589.77777777778;1244.6666666666667;756.4444444444445
1688371238;625.4444444444445;23985.88888888889;1250.4444444444446;762.2222222222223
1688371239;611.4444444444445;21979.222222222223;1244.6666666666667;1291.3333333333335
1688371240;564.6666666666667;22632.55555555556;1175.3333333333335;1297.1111111111113
1688371241;564.6666666666667;22447.111111111113;646.4444444444445;1203.111111111111
1688371242;572;23157.666666666668;1239.7777777777778;1208.888888888889
1688371243;552.6666666666667;23544.77777777778;1234;1270.3333333333335
1688371244;538.6666666666667;24131.88888888889;1239.7777777777778;1268.7777777777778
1688371245;531.3333333333334;25187;1234;1263
1688371246;593.7777777777778;23513.222222222223;1239.7777777777778;1268.7777777777778
1688371247;593.7777777777778;26854.000000000004;1234;1263
1688371248;600.4444444444445;28943.111111111113;1258.3333333333335;733.8888888888889
1688371249;612.4444444444445;26842.444444444445;1232.111111111111;1244.4444444444446
1688371250;619.1111111111112;26427.222222222223;1223.2222222222224;1250.2222222222224
1688371251;605.1111111111112;25502.88888888889;599.6666666666667;1276.5555555555557
1688371252;605.1111111111112;28605.666666666668;729.7777777777778;1214.4444444444446
1688371253;619.1111111111112;27857.444444444445;1229.888888888889;1329.7777777777778
1688371254;625.7777777777778;27799.000000000004;1235.6666666666667;1358.2222222222224
1688371255;556.6666666666667;28923.88888888889;1248.4444444444446;1352.4444444444446
1688371256;570.6666666666667;24449.444444444445;1254.2222222222224;1358.2222222222224
1688371257;578;22380;1229.888888888889;1394
1688371258;559.3333333333334;26257.111111111113;1302.2222222222224;883.4444444444445
1688371259;552.6666666666667;25743.444444444445;1955.888888888889;3566.444444444445
1688371260;559.3333333333334;25812.55555555556;1961.6666666666667;3563.3333333333335
1688371261;559.3333333333334;23208.55555555556;1831.5555555555557;3555.666666666667
1688371262;545.3333333333334;25264.222222222223;1442.3333333333335;3447.666666666667
1688371263;538.6666666666667;26552.444444444445;2015.2222222222224;3514.777777777778
1688371264;564;26387.55555555556;2002.4444444444446;3520.5555555555557
1688371265;564;27088.222222222223;2032.1111111111113;3514.777777777778
1688371266;550;28221.444444444445;2146.5555555555557;3479.0000000000005
1688371267;563.6666666666667;23784.77777777778;2074.222222222222;3473.2222222222226
1688371268;563.6666666666667;24635.88888888889;1420.5555555555557;790.2222222222223
1688371269;564.3333333333334;23578.444444444445;1414.7777777777778;761.2222222222223
1688371270;571.6666666666667;23876.77777777778;1420.5555555555557;1387
1688371271;571.6666666666667;21786;1303.888888888889;1399.7777777777778
1688371272;578.3333333333334;20646.666666666668;745.6666666666667;1310
1688371273;553;23090;1363.4444444444446;1311.5555555555557
1688371274;560;23033;1333.7777777777778;1398.7777777777778
1688371275;560;21134.444444444445;1239.7777777777778;1393
1688371276;618.1111111111112;22859.88888888889;1268.7777777777778;1406.1111111111113
1688371277;624.7777777777778;24047.55555555556;1263;1400.3333333333335
1688371278;624.7777777777778;28144.666666666668;1268.7777777777778;1406.1111111111113
1688371279;636.7777777777778;26354.444444444445;1263;780.3333333333334
1688371280;643.4444444444445;26693.222222222223;1268.7777777777778;1283.888888888889
1688371281;643.4444444444445;26684.111111111113;1266.888888888889;1333
1688371282;643.4444444444445;26212.88888888889;649.1111111111112;1354.1111111111113
1688371283;629.1111111111112;33305.444444444445;3515.444444444445;2065.666666666667
1688371284;636.4444444444445;41092.66666666667;4335.666666666667;3001
1688371285;557.3333333333334;40631.77777777778;4422.555555555556;2987.888888888889
1688371286;557.3333333333334;38098.333333333336;4428.333333333334;2993.666666666667
1688371287;570.5555555555555;34457.222222222226;4430.333333333334;3029.444444444445
1688371288;551.2222222222223;34901.222222222226;4436.111111111111;3024.444444444445
1688371289;551.2222222222223;34729.333333333336;4430.333333333334;2530.3333333333335
1688371290;544.5555555555555;34621.222222222226;4417.555555555556;2997.5555555555557
1688371291;605.3333333333334;32273.000000000004;4411.777777777778;2969.1111111111113
1688371292;598.6666666666667;26309.222222222223;1545.4444444444446;2176.1111111111113
1688371293;748;21638.444444444445;1372.5555555555557;1240.7777777777778
1688371294;780.6666666666667;23385.222222222223;1262.4444444444446;1335.2222222222224
1688371295;780.6666666666667;22932.88888888889;1256.6666666666667;1329.4444444444446
1688371296;767.8888888888889;24425.222222222223;1254.6666666666667;1293.6666666666667
1688371297;767.8888888888889;23737.111111111113;1248.888888888889;1280.1111111111113
1688371298;761.2222222222223;23776.333333333336;1254.6666666666667;1276.4444444444446
1688371299;786.5555555555557;24158.88888888889;1248.888888888889;754.3333333333334
1688371300;746.4444444444445;26370.000000000004;1275.1111111111113;1269.111111111111
1688371301;753.1111111111112;24747.333333333336;1269.3333333333335;1263.3333333333335
1688371302;596.4444444444445;23083.88888888889;607.3333333333334;1269.111111111111
1688371303;563.7777777777778;21280.55555555556;1217.4444444444446;1174.6666666666667
1688371304;563.7777777777778;24370.111111111113;1223.2222222222224;1268.6666666666667
1688371305;556;23795;1217.4444444444446;1262.888888888889
1688371306;576.6666666666667;23904.333333333336;1223.2222222222224;1268.6666666666667
1688371307;645.7777777777778;27025.88888888889;1217.4444444444446;1244.3333333333335
1688371308;627.7777777777778;27893.222222222223;1241.7777777777778;1250.111111111111
1688371309;625.7777777777778;27377.222222222223;1215.5555555555557;735.3333333333334
1688371310;625.7777777777778;29317.666666666668;1221.3333333333335;1257.4444444444446
1688371311;632.4444444444445;29447.77777777778;1215.5555555555557;1251.6666666666667
1688371312;652.4444444444445;28692.666666666668;626.5555555555555;1257.4444444444446
1688371313;645.7777777777778;27699.55555555556;709.4444444444445;1183.888888888889
1688371314;652.4444444444445;27806.222222222223;1262.111111111111;1216
1688371315;632.4444444444445;29431.444444444445;1274.888888888889;1313.7777777777778
1688371316;591.6666666666667;25554.333333333336;1280.6666666666667;1319.5555555555557
1688371317;591.6666666666667;23829.88888888889;1256.3333333333335;1313.7777777777778
1688371318;587;23151.111111111113;1262.111111111111;1361.1111111111113
1688371319;580.3333333333334;21737.222222222223;1311.2222222222224;839.0000000000001
1688371320;580.3333333333334;23002.666666666668;1317;1417.5555555555557
1688371321;567.6666666666667;23065.111111111113;1290.1111111111113;1411.7777777777778
1688371322;581.6666666666667;22560;1229.888888888889;1397.1111111111113
1688371323;581.6666666666667;22128.222222222223;720.6666666666667;1365
1688371324;600.3333333333334;22502.444444444445;1335.3333333333335;1267.2222222222224
1688371325;572;23762.88888888889;1350.3333333333335;1357.1111111111113
1688371326;571.3333333333334;24068.666666666668;1356.1111111111113;1362.888888888889
1688371327;564;23873.55555555556;1350.3333333333335;1315.5555555555557
1688371328;571.3333333333334;23750;1301.2222222222224;1321.3333333333335
1688371329;571.3333333333334;21759.111111111113;1295.4444444444446;742.7777777777778
1688371330;564;23456.77777777778;1301.2222222222224;748.5555555555557
1688371331;556.6666666666667;23812.666666666668;1272.7777777777778;1285
1688371332;550;23248.444444444445;1235.111111111111;1290.7777777777778
1688371333;530.6666666666667;22410;601.8888888888889;1285
1688371334;530.6666666666667;22612.333333333336;1216.111111111111;1195.111111111111
1688371335;524;22880.444444444445;1210.3333333333335;1296.1111111111113
1688371336;621.5555555555555;23364;1239.3333333333335;1301.888888888889
1688371337;620.8888888888889;25184.222222222223;1233.5555555555557;1296.1111111111113
1688371338;649.3333333333334;28642.77777777778;1239.3333333333335;1301.888888888889
1688371339;656;26948.666666666668;1252.111111111111;1314.6666666666667
1688371340;703.1111111111112;28054.88888888889;1276.4444444444446;833.1111111111112
1688371341;709.7777777777778;27883.000000000004;1302.4444444444446;1343.6666666666667
1688371342;703.1111111111112;27996.111111111113;1308.2222222222224;1372.1111111111113
1688371343;703.1111111111112;27528.111111111113;673.2222222222223;1366.3333333333335
1688371344;744.8888888888889;27612.111111111113;1298;1265.3333333333335
1688371345;654;27387.333333333336;1276.3333333333335;1274.2222222222224
1688371346;647.3333333333334;25442.333333333336;1282.1111111111113;1365.3333333333335
1688371347;612.2222222222223;23524.88888888889;1385.888888888889;1380
1688371348;612.2222222222223;23849.16139064756;1471.4444444444446;1407.3333333333335
1688371349;558.4444444444445;21546.222222222223;1466.1111111111113;1346.6666666666667
1688371350;558.4444444444445;23822;1440.1111111111113;836.1111111111112
1688371351;612.5555555555555;24218;1434.3333333333335;1331.3333333333335
1688371352;619.2222222222223;24479.333333333336;1440.1111111111113;1460.2222222222224
1688371353;584.1111111111112;23934.444444444445;845.5555555555557;1454.4444444444446
1688371354;570.7777777777778;24214.333333333336;1466.4444444444446;1445.5555555555557
1688371355;596.1111111111112;24255.333333333336;1460.6666666666667;1347.1111111111113
1688371356;596.1111111111112;24855.222222222223;1356.888888888889;1428
1688371357;589.4444444444445;24554.407024563745;1252.7777777777778;1382.1111111111113
1688371358;596.1111111111112;25082.333333333336;1239.5555555555557;1387.888888888889
1688371359;596.1111111111112;22196.88888888889;1256.4444444444446;1400.6666666666667
1688371360;542;22008.222222222223;1305.3333333333335;882.7777777777778
1688371361;535.3333333333334;21839.333333333336;1299.5555555555557;1270.2222222222224
1688371362;535.3333333333334;24045.88888888889;1303.1111111111113;1276
1688371363;542;22714.88888888889;674.8888888888889;1270.2222222222224
1688371364;516.6666666666667;24360.666666666668;688;1283.3333333333335
1688371365;523.3333333333334;22648.444444444445;1319.5555555555557;1182
1688371366;585.7777777777778;23426.55555555556;1325.3333333333335;1187.7777777777778
1688371367;585.7777777777778;26573.666666666668;1347.5555555555557;1270.3333333333335
1688371368;579.1111111111112;29184.000000000004;1349.2222222222224;1365.7777777777778
1688371369;579.1111111111112;29651.88888888889;1300.3333333333335;1360
1688371370;604.4444444444445;29998.000000000004;1306.1111111111113;868.4444444444445
1688371371;597.7777777777778;28906.333333333336;1272.3333333333335;862.6666666666667
1688371372;597.7777777777778;29076.666666666668;1278.1111111111113;1405.2222222222224
1688371373;604.4444444444445;28467.333333333336;1265;1399.4444444444446
1688371374;597.7777777777778;27965.77777777778;633.4444444444445;1405.2222222222224
1688371375;542;29103.88888888889;1262.6666666666667;1422.1111111111113
1688371376;549.6666666666667;24770;1259;1339.5555555555557
1688371377;556.3333333333334;25250.55555555556;1234.6666666666667;1355.5555555555557
1688371378;556.3333333333334;23148;1295.3333333333335;1361.3333333333335
1688371379;537.6666666666667;22735.88888888889;1289.5555555555557;1359.7777777777778
1688371380;537.6666666666667;22671.111111111113;1295.3333333333335;1365.5555555555557
1688371381;531;22637.333333333336;1289.5555555555557;841.5555555555557
1688371382;531;23507.444444444445;1295.3333333333335;1356.3333333333335
1688371383;537.6666666666667;24157.111111111113;1289.5555555555557;1350.5555555555557
1688371384;531;23353;711.1111111111112;1333.6666666666667
1688371385;535.3333333333334;24424.111111111113;1345.7777777777778;1327.888888888889
1688371386;535.3333333333334;21902.666666666668;1351.5555555555557;1203.6666666666667
1688371387;542;23918.666666666668;1290.888888888889;1205.2222222222224
1688371388;535.3333333333334;23406.111111111113;1296.6666666666667;1268.6666666666667
1688371389;535.3333333333334;21830.222222222223;1290.888888888889;1262.888888888889
1688371390;548.6666666666667;23648.666666666668;1296.6666666666667;1250.111111111111
1688371391;548.6666666666667;21641.88888888889;1290.888888888889;735.3333333333334
1688371392;542;22539.55555555556;1296.6666666666667;1276
1688371393;542;22119.77777777778;1240.111111111111;1270.2222222222224
1688371394;530;22249.55555555556;607.3333333333334;1276
1688371395;530;22923.333333333336;1161.2222222222224;1270.2222222222224
1688371396;585.7777777777778;21704.222222222223;1268.6666666666667;1268.6666666666667
1688371397;585.7777777777778;26407.333333333336;1262.888888888889;1182
1688371398;606.7777777777778;29013.222222222223;1268.6666666666667;1276.5555555555557
1688371399;593.4444444444445;27817.222222222223;1262.888888888889;1270.7777777777778
1688371400;612.1111111111112;28579.111111111113;1268.6666666666667;1314.1111111111113
1688371401;619.4444444444445;27656.333333333336;1281.4444444444446;828.3333333333334
1688371402;626.1111111111112;29703.88888888889;1287.2222222222224;856.7777777777778
1688371403;619.4444444444445;30170.222222222223;1261;1373.6666666666667
1688371404;619.4444444444445;29673.88888888889;707.1111111111112;1379.4444444444446
1688371405;557;29539.77777777778;599.6666666666667;1373.6666666666667
1688371406;563.6666666666667;26295.666666666668;1359.6666666666667;1379.4444444444446
1688371407;556;24165.666666666668;1353.888888888889;1317
1688371408;556;24967.333333333336;1378.6666666666667;1439.6666666666667
1688371409;3505508.052871265;25022.55555555556;1393.6666666666667;2927.1111111111113
1688371410;16565357.88888889;26146.444444444445;1401.6666666666667;10844768.555555556
1688371411;29486762.555555556;24198.88888888889;1423.888888888889;23876380.77777778
1688371412;42468651.888888896;23475.55555555556;1429.6666666666667;36740934.55555556
1688371413;55305795.66666667;25013.444444444445;1442.4444444444446;49649269.222222224
1688371414;68306189;25302.88888888889;1459.888888888889;62527411.00000001
1688371415;78740644.55555557;23659.666666666668;699.8888888888889;75605507.22222222
1688371416;91696621.44444445;23716.55555555556;1331.7777777777778;85870956.33333334
1688371417;104724082.55555557;23809.333333333336;1307;98962414.11111112
1688371418;114113182.17183506;23139.444444444445;1292;111779627.66666667
1688371419;114068717.11111112;22757.333333333336;1265.4444444444446;113942408.8888889
1688371420;114251783.77777779;22894.666666666668;1243.2222222222224;113833906.22222222
1688371421;114211090.22222222;23807.333333333336;1257.888888888889;113779696.00000001
1688371422;114320155.77777779;22527.333333333336;1376.4444444444446;114006357.11111112
1688371423;114267701.77777779;24834.88888888889;1359;114124114.44444445
1688371424;116806188.55555557;23971.77777777778;1364.7777777777778;113823821.55555557
1688371425;117006628.11111112;25507.222222222223;732.8888888888889;116594661.11111112
1688371426;116593317.44444445;26754.666666666668;1376.5555555555557;116589917.11111112
1688371427;116811856.33333334;27632.333333333336;1370.7777777777778;116663506.22222222
1688371428;116007791.55555557;30160.55555555556;1395.1111111111113;116329895.55555557
1688371429;115983867.33333334;30480.333333333336;1389.3333333333335;115683366.8888889
1688371430;116136167.55555557;30651.666666666668;1374.6666666666667;116234341.22222222
1688371431;116088723.33333334;31386.333333333336;1237.5555555555557;116037911.66666667
1688371432;112564348.00000001;29622.222222222223;1243.3333333333335;115802001.77777779
1688371433;109257182.77777779;35716.222222222226;1970.0000000000002;114003025.33333334
1688371434;107040525.8888889;34603.555555555555;1994.3333333333335;112488593.77777779
1688371435;105532503.44444445;31787.444444444445;1369.2222222222224;111232631.55555557
1688371436;103133853.22222222;30830.77777777778;1973.888888888889;109866088.66666667
1688371437;106471108;28102.111111111113;2061;108756957.11111112
1688371438;102706406.66666667;28051.77777777778;2149.666666666667;109455452.66666667
1688371439;102350974.22222222;27756.88888888889;2143.888888888889;109044705.00000001
1688371440;102590592.22222222;28370.77777777778;2149.666666666667;108892951.22222222
1688371441;106005856.44444445;28451.88888888889;2143.888888888889;109388334.22222222
1688371442;109110340.44444445;24019;1417.2222222222224;111225092.44444445
1688371443;110945968.00000001;24415.333333333336;1413.6666666666667;112163575.77777779
1688371444;112160923.77777779;25240;1423.5555555555557;112651710.44444445
1688371445;113880146.00000001;24842.111111111113;818.8888888888889;113672501.55555557
1688371446;111471064.44444445;24775.88888888889;1243.6666666666667;115094112.44444445
1688371447;115255158.44444445;24208.111111111113;1250.5555555555557;115205625.33333334
1688371448;115560279.55555557;24444.77777777778;1256.3333333333335;115364904.22222222
1688371449;115446879.11111112;23479.222222222223;1250.5555555555557;115489459.33333334
1688371450;115796711.55555557;23620.222222222223;1256.3333333333335;115339373.11111112
1688371451;116169486.66666667;23738.88888888889;1250.5555555555557;115676829.77777779
1688371452;116245979.11111112;22594.77777777778;1235.5555555555557;116173950.00000001
1688371453;117193110.22222222;24085.77777777778;1207.111111111111;117018545.77777779
1688371454;117930513.55555557;23927.77777777778;1233.6666666666667;117517024.00000001
1688371455;117672348.44444445;24163.111111111113;738.6666666666667;117605558.8888889
1688371456;117496638.66666667;23158;1196.888888888889;117249676.66666667
1688371457;117294880.8888889;26849.666666666668;1245.111111111111;117318352.22222222
1688371458;116854033.55555557;30754.222222222223;1331.888888888889;116911809.55555557
1688371459;117043784.22222222;31113.222222222223;1326.1111111111113;116639285.11111112
1688371460;116978292.22222222;31680.333333333336;1331.888888888889;116479594.44444445
1688371461;116781746.44444445;31958.000000000004;1365.1111111111113;116643608.22222222
1688371462;116245928.44444445;30901.88888888889;1370.888888888889;116189712.00000001
1688371463;116204422.44444445;32337.333333333336;1383.5555555555557;116201283.55555557
1688371464;116383632.44444445;37476;2095.1111111111113;116078230.22222222
1688371465;116302206.22222222;37282.444444444445;1541.3333333333335;116185530.44444445
1688371466;116488330.66666667;32991.77777777778;1493.1111111111113;116260816.44444445
1688371467;117170782.66666667;27981.333333333336;1943.1111111111113;116832932.8888889
1688371468;116925963.55555557;28639.333333333336;2037.1111111111113;117092522.44444445
1688371469;116792993.77777779;27014.222222222223;2031.3333333333335;117059699.11111112
1688371470;117275383.55555557;29363.333333333336;1998.1111111111113;117050089.77777779
1688371471;117624508.66666667;28862.444444444445;2020.4444444444446;117528239.33333334
1688371472;117512092.22222222;27883.88888888889;2089.222222222222;117279130.44444445
1688371473;117598402.8888889;23514.222222222223;1355;117532626.22222222
1688371474;117937699.55555557;23425;1360.7777777777778;117809801.77777779
1688371475;117958258.00000001;23399.444444444445;1355;117577443.11111112
1688371476;117846297.11111112;23343.55555555556;824.0000000000001;117787649.33333334
1688371477;117797019.77777779;21472.222222222223;1260.3333333333335;117713640.00000001
1688371478;118037003.55555557;22771.333333333336;1266.111111111111;117936050.00000001
1688371479;117850276.66666667;19504.333333333336;1348.5555555555557;117733553.55555557
1688371480;117911884.66666667;21711.666666666668;1326.2222222222224;117596280.00000001
1688371481;117970609.11111112;21759.333333333336;1236.7777777777778;117647947.55555557
1688371482;117791931.33333334;21376.55555555556;1263;117676042.44444445
1688371483;117780413.33333334;21780;1307.888888888889;117529762.00000001
1688371484;117593278.44444445;21659.333333333336;1313.6666666666667;117525340.00000001
1688371485;117385750.22222222;22905.77777777778;1307.888888888889;117199628.66666667
1688371486;117462985.55555557;22826.88888888889;804.4444444444445;117196096.00000001
1688371487;116861676.00000001;24820.333333333336;1329.1111111111113;116931514.8888889
1688371488;116559878.66666667;28904.000000000004;1246.6666666666667;116744111.11111112
1688371489;115756229.55555557;26104.55555555556;1240.888888888889;115684128.44444445
1688371490;115710265.33333334;29011.333333333336;1316.4444444444446;115494424.66666667
1688371491;115570261.33333334;27670.333333333336;1271.6666666666667;115349506.66666667
1688371492;114728645.33333334;28659.55555555556;1226.7777777777778;114944576.44444445
1688371493;114891046.44444445;29065.88888888889;1221;114745569.33333334
1688371494;114764328.66666667;28044.444444444445;1245.7777777777778;114937195.33333334
1688371495;114675892.44444445;33348.222222222226;2092.3333333333335;114761674.00000001
1688371496;114876245.33333334;30445.000000000004;1604.7777777777778;114542384.66666667
1688371497;115401882.44444445;27290.444444444445;2148;115119893.77777779
1688371498;116211890.00000001;27997.000000000004;2266.1111111111113;115886208.8888889
1688371499;116150634.66666667;25409;2172;116087475.77777779
1688371500;116286230.00000001;27581.666666666668;2266.1111111111113;116238416.8888889
1688371501;114932707.77777779;27093.88888888889;2260.3333333333335;116794185.11111112
1688371502;104509358.66666667;27406.666666666668;2266.1111111111113;109925024.8888889
1688371503;91689044.22222222;27833.444444444445;2241.3333333333335;97174039.77777779
1688371504;91023011.55555557;23160.77777777778;1396.3333333333335;90911664.22222222
1688371505;91273910;23759.88888888889;1373.888888888889;90999840.44444445
1688371506;91163001.77777779;24861.222222222223;830.6666666666667;91014577.55555557
1688371507;91174601.22222222;24316.222222222223;740.5555555555557;91369355.11111112
1688371508;82988013.55555557;24721.333333333336;1274.2222222222224;87960334.44444445
1688371509;69989947.11111112;22830.222222222223;1180.111111111111;75853660.22222222
1688371510;68586136;25131.333333333336;1274.4444444444446;66433758.00000001
1688371511;78815493.33333334;24435.333333333336;1268.6666666666667;73330720.44444445
1688371512;91846684.8888889;24867;1274.4444444444446;85890284.22222222
1688371513;92647344;24858.77777777778;1246;92389405.33333334
1688371514;92702742.44444445;24789.77777777778;1231.3333333333335;92804751.77777779
1688371515;92613408.22222222;23477;1225.5555555555557;92600434.66666667
1688371516;92679916.11111112;23787.77777777778;1215;92653240.22222222
1688371517;100853006;25980.666666666668;702.1111111111112;96004631.77777779
1688371518;113958338.00000001;28359.55555555556;1238.3333333333335;108143943.11111112
1688371519;116544146.22222222;27025.333333333336;1144;117358289.11111112
1688371520;106719238.66666667;28394.77777777778;1238.5555555555557;111224878.44444445
1688371521;106539028.44444445;29346.77777777778;1251.3333333333335;106514015.55555557
1688371522;105353307.77777779;29417.000000000004;1257.111111111111;105384237.55555557
1688371523;105253511.77777779;30152.333333333336;1251.3333333333335;105337545.55555557
1688371524;105373754.8888889;30505.111111111113;1284.888888888889;105148100.44444445
1688371525;105196722.66666667;30095.000000000004;1267.4444444444446;104918055.11111112
1688371526;105030343.33333334;27477.333333333336;1252.4444444444446;105100042.22222222
1688371527;105072783.11111112;24647.222222222223;716.2222222222223;104842349.55555557
1688371528;106062548.8888889;23868.55555555556;1287.5555555555557;104656522.8888889
1688371529;111737495.77777779;22663.444444444445;1193;107136940.22222222
1688371530;111403129.33333334;21446.666666666668;1249.7777777777778;111418648.22222222
1688371531;112924661.77777779;24476.333333333336;1345.7777777777778;112386601.33333334
1688371532;112381930.44444445;22942.55555555556;1386.888888888889;112066016.66666667
1688371533;108330841.33333334;24384;1353.3333333333335;112404505.11111112
1688371534;96139160.22222222;23830.88888888889;1359.1111111111113;102002374.8888889
1688371535;94503646.8888889;24265.444444444445;1353.3333333333335;94490275.33333334
1688371536;94590234;24054.88888888889;1359.1111111111113;94584822.22222222
1688371537;93673560.66666667;24656.333333333336;787.7777777777778;94860193.11111112
1688371538;95862061.77777779;23246;1331.3333333333335;95651576.66666667
1688371539;96323234.44444445;23319.88888888889;1256;96177272.8888889
1688371540;90289534.66666667;20386;1160;93286008
1688371541;90903247.77777779;21685.666666666668;1225.7777777777778;90889852.44444445
1688371542;94833858.22222222;22043.77777777778;1231.5555555555557;90733993.77777779
1688371543;106729679.77777779;22641;1244.3333333333335;100888525.33333334
1688371544;107062463.33333334;21754;1272.7777777777778;107960814.11111112
1688371545;93825539.33333334;22568.333333333336;1267;99686946
1688371546;81595005.55555557;21480.666666666668;1293.888888888889;86683217.55555557
1688371547;70727080.8888889;25710;750.3333333333334;76698997.55555557
1688371548;57749227.333333336;27042.111111111113;756.1111111111112;63640829.333333336
1688371549;50322886;27784.222222222223;1273.4444444444446;53617871.77777778
1688371550;37178290.66666667;26736.000000000004;1172.3333333333335;43178714
1688371551;26404197.333333336;27004.111111111113;1166.5555555555557;30075635.333333336
1688371552;26955555.111111112;27744.222222222223;1244.888888888889;26965827.77777778
1688371553;28110118.000000004;30124.666666666668;1216.4444444444446;27292866.77777778
1688371554;41029700.222222224;29272.444444444445;1222.2222222222224;35109632.66666667
1688371555;54074308.222222224;30525.000000000004;1202.6666666666667;48242307.333333336
1688371556;67023459.11111112;26660.222222222223;1311.1111111111113;60961954.888888896
1688371557;79876360;25191.666666666668;1323.888888888889;73927158
1688371558;92888748;24004.88888888889;848.3333333333334;86973167.55555557
1688371559;105969438.22222222;23656.222222222223;1380.3333333333335;100003217.33333334
1688371560;116630905.11111112;23668.88888888889;1386.1111111111113;113115707.55555557
1688371561;114569432.44444445;22415;1289.2222222222224;116562790.22222222
1688371562;102117143.77777779;21835.444444444445;1314;107842677.77777779
1688371563;89197576.22222222;22582;1402.888888888889;95193716.66666667
1688371564;76152968.22222222;22294.88888888889;1424;82061056.66666667
1688371565;68221804.66666667;22894.55555555556;1315.5555555555557;69341409.11111112
1688371566;68512088.44444445;22634.333333333336;1302.7777777777778;68810824.22222222
1688371567;68650147.11111112;24047.55555555556;1255.2222222222224;68794539.11111112
1688371568;68272170.44444445;24061.222222222223;743.6666666666667;68797846.8888889
1688371569;68496798.22222222;23089.88888888889;1268.3333333333335;68402594.66666667
1688371570;70262193.33333334;23259.55555555556;1274.111111111111;68401136.22222222
1688371571;82933955.11111112;23008.333333333336;1249.3333333333335;77123067.77777778
1688371572;95445960.8888889;22441.444444444445;1160.4444444444446;90132197.77777779
1688371573;104547063.11111112;24007.111111111113;1132;98728672.22222222
1688371574;112606113.33333334;24354.444444444445;1226.111111111111;111764284.44444445
1688371575;103523110.77777779;23137.111111111113;1220.3333333333335;109340855.66666667
1688371576;90372664.11111112;22437.666666666668;1246.888888888889;96311153.44444445
1688371577;77669950.55555557;24543.77777777778;1220.6666666666667;83277787.66666667
1688371578;64583590.77777778;27223.333333333336;696;70560529.8888889
1688371579;51715111.888888896;26905.88888888889;1220.6666666666667;57537999.66666667
1688371580;38750342.333333336;28396.333333333336;1226.4444444444446;44652612.55555556
1688371581;26238321.88888889;28430.88888888889;1239.2222222222224;31643481.88888889
1688371582;17137219.666666668;28231.000000000004;1245;23046978.77777778
1688371583;4060182.1111111115;29565.222222222223;1150.888888888889;10011366.555555556
1688371584;605.1111111111112;31673.88888888889;1351;1431
1688371585;549.3333333333334;31191.111111111113;1344.888888888889;1495
1688371586;542.6666666666667;29433.88888888889;1350.6666666666667;901.4444444444445
1688371587;542.6666666666667;26512.666666666668;1344.888888888889;870.2222222222223
1688371588;549.3333333333334;27953.88888888889;820.2222222222223;1558.5555555555557
1688371589;530.6666666666667;29086.000000000004;3601.1111111111113;1559.6666666666667
1688371590;524;38078.77777777778;3588.3333333333335;2278.222222222222
1688371591;531.7777777777778;35790.555555555555;4438.222222222223;3142.5555555555557
1688371592;585.8888888888889;34287.222222222226;4444;3125.666666666667
1688371593;585.8888888888889;33889.88888888889;4298.777777777778;3123.5555555555557
1688371594;593.2222222222223;34753.11111111112;4291.444444444444;3041
1688371595;623.2222222222223;34567.444444444445;4366.555555555556;3076.888888888889
1688371596;629.8888888888889;33716.11111111112;4372.333333333334;3197.3333333333335
1688371597;623.2222222222223;33175.444444444445;4366.555555555556;2471.888888888889
1688371598;623.2222222222223;29459.666666666668;1585.6666666666667;3065.444444444445
1688371599;637.2222222222223;21224.666666666668;2110.3333333333335;2346.888888888889
1688371600;643.7777777777778;23119.77777777778;1260.4444444444446;1482.5555555555557
1688371601;583;23612.77777777778;1254.6666666666667;1476.7777777777778
1688371602;582.3333333333334;23230;1205.5555555555557;1480.3333333333335
1688371603;575;22294.444444444445;1211;1474.5555555555557
1688371604;545;23903.444444444445;1158.5555555555557;1420.1111111111113
1688371605;593;24388.444444444445;1248.4444444444446;1299.6666666666667
1688371606;662.1111111111112;24260.444444444445;1275.3333333333335;1425.3333333333335
1688371607;662.1111111111112;26734.222222222223;1269.5555555555557;828.6666666666667
1688371608;648.1111111111112;29047.222222222223;767.5555555555557;1441.1111111111113
1688371609;633.7777777777778;27142.000000000004;784.4444444444445;1484.1111111111113
1688371610;666.4444444444445;27138.444444444445;1367.2222222222224;1489.888888888889
1688371611;666.4444444444445;28027.77777777778;1361.4444444444446;1463.6666666666667
1688371612;659.7777777777778;28345.77777777778;1348.6666666666667;1469.4444444444446
1688371613;666.4444444444445;27307.000000000004;1320.2222222222224;1518.5555555555557
1688371614;611.7777777777778;27694.222222222223;1230.3333333333335;1524.3333333333335
1688371615;542.6666666666667;28180.333333333336;1310.2222222222224;1398.6666666666667
1688371616;542.6666666666667;25526.111111111113;1316;1455.7777777777778
1688371617;549.3333333333334;22401.77777777778;1306.1111111111113;843.3333333333334
1688371618;549.3333333333334;23001.55555555556;1331;1407
1688371619;523.3333333333334;22119.55555555556;755.5555555555557;1401.2222222222224
1688371620;516.6666666666667;22132.333333333336;1390.3333333333335;1407
1688371621;523.3333333333334;24035.666666666668;1384.5555555555557;1401.2222222222224
1688371622;516.6666666666667;24333.222222222223;1390.3333333333335;1571.7777777777778
1688371623;523.3333333333334;23391;1403.5555555555557;1566
1688371624;523.3333333333334;24726.55555555556;1302.5555555555557;2122.888888888889
1688371625;535.3333333333334;24931;1385.4444444444446;2024.5555555555557
1688371626;562.6666666666667;25806.55555555556;1372.6666666666667;2030.3333333333335
1688371627;562.6666666666667;26081.222222222223;1345.5555555555557;1506.2222222222224
1688371628;577;36214.88888888889;2909;5102.666666666667
1688371629;577;35315.11111111112;2274.222222222222;7073.777777777778
1688371630;577;42899.77777777778;2811.888888888889;7079.555555555556
1688371631;597.6666666666667;42925.444444444445;2806.1111111111113;10218.666666666668
1688371632;598.3333333333334;43665.333333333336;2792.888888888889;10322.333333333334
1688371633;598.3333333333334;41367.55555555556;2787.1111111111113;9765.444444444445
1688371634;593.6666666666667;42531.66666666667;2704.2222222222226;9771.222222222223
1688371635;566.3333333333334;42059.88888888889;2705.777777777778;9765.444444444445
1688371636;628.7777777777778;42585.333333333336;2804.5555555555557;9682.888888888889
1688371637;607.7777777777778;34404.88888888889;1233.7777777777778;6189.444444444445
1688371638;621.1111111111112;43391.222222222226;2000.7777777777778;4236.88888888889
1688371639;621.1111111111112;32584.333333333336;1463.1111111111113;7413.444444444445
1688371640;619.1111111111112;34312;1468.888888888889;4091.7777777777783
1688371641;619.1111111111112;33274.11111111112;1993.4444444444446;3988.1111111111113
1688371642;633.1111111111112;34996.444444444445;2017.7777777777778;3993.888888888889
1688371643;625.7777777777778;34252.66666666667;2012.0000000000002;3988.1111111111113
1688371644;619.1111111111112;34235.555555555555;2029.0000000000002;4084.3333333333335
1688371645;563.3333333333334;32916.222222222226;1948.7777777777778;4078.5555555555557
1688371646;563.3333333333334;31101.77777777778;2068.666666666667;3999.888888888889
1688371647;556.6666666666667;22626.111111111113;1301.6666666666667;3982.888888888889
1688371648;550;23292.222222222223;1307.4444444444446;887.7777777777778
1688371649;538;21444.333333333336;1301.6666666666667;1466
1688371650;530.6666666666667;22592.55555555556;777.1111111111112;1494.4444444444446
1688371651;529.8888888888889;22158.77777777778;1311.2222222222224;1511.888888888889
1688371652;584;22404.88888888889;1317;1517.6666666666667
1688371653;598;22173.88888888889;1347.5555555555557;1421.4444444444446
1688371654;591.3333333333334;23570.77777777778;1314.3333333333335;1517.7777777777778
1688371655;617.3333333333334;22226;1194.4444444444446;1516.1111111111113
1688371656;639;23487.77777777778;1291.4444444444446;1514.5555555555557
1688371657;639;22468.444444444445;1285.6666666666667;1445.888888888889
1688371658;646.3333333333334;23904.222222222223;1291.4444444444446;937.3333333333334
1688371659;646.3333333333334;22862.333333333336;1285.6666666666667;1518
1688371660;639.7777777777778;23853.77777777778;733;1500.5555555555557
1688371661;579;22107.666666666668;1257.6666666666667;1494.7777777777778
1688371662;571.6666666666667;24017;1208.5555555555557;1521
1688371663;578.3333333333334;23696.88888888889;1202.7777777777778;1424.6666666666667
1688371664;552.3333333333334;25608.444444444445;1249.7777777777778;1505.6666666666667
1688371665;530.6666666666667;23057.666666666668;1152.7777777777778;1499.888888888889
1688371666;530.6666666666667;25271.88888888889;1266.7777777777778;1487.1111111111113
1688371667;585.7777777777778;26120.333333333336;1381.5555555555557;1395.3333333333335
1688371668;593.1111111111112;30058.222222222223;1387.3333333333335;792
1688371669;586.4444444444445;28411.000000000004;1381.5555555555557;1547.3333333333335
1688371670;600.4444444444445;29620.666666666668;879.5555555555557;1553.1111111111113
1688371671;626.4444444444445;28611.444444444445;1418.888888888889;1526.888888888889
1688371672;627.1111111111112;28184.55555555556;1424.6666666666667;1551.2222222222224
1688371673;634.4444444444445;29762.55555555556;1377.6666666666667;1502.4444444444446
1688371674;641.7777777777778;30030.000000000004;1383.4444444444446;1634.6666666666667
1688371675;655.7777777777778;28733.444444444445;1269.4444444444446;1628.888888888889
1688371676;586.6666666666667;26245.88888888889;1154.6666666666667;1606.5555555555557
1688371677;593.3333333333334;23336.55555555556;1263.111111111111;1709.4444444444446
1688371678;600.6666666666667;23181.111111111113;1310.6666666666667;954.1111111111112
1688371679;593.3333333333334;22965.222222222223;1282.2222222222224;1644.0000000000002
1688371680;568;23740.666666666668;742.8888888888889;1649.7777777777778
1688371681;560.6666666666667;23485.111111111113;1274.888888888889;1625.4444444444446
1688371682;560;22348.77777777778;1280.6666666666667;1576.3333333333335
1688371683;546;24099.77777777778;1293.888888888889;1444.1111111111113
1688371684;538.6666666666667;25100.666666666668;1299.6666666666667;1547.7777777777778
1688371685;545.3333333333334;24534;1293.888888888889;1549.3333333333335
1688371686;557.3333333333334;23883;1185.4444444444446;1446.4444444444446
1688371687;556.6666666666667;23655.222222222223;1254;1433.3333333333335
1688371688;550;25429.333333333336;1259.7777777777778;743.4444444444445
1688371689;556.6666666666667;22885.222222222223;1254;1433.3333333333335
1688371690;556.6666666666667;25426.444444444445;722;1446.4444444444446
1688371691;564;23494.333333333336;1354.1111111111113;1440.6666666666667
1688371692;570.6666666666667;23347.55555555556;1340.888888888889;1446.4444444444446
1688371693;571.3333333333334;23185.77777777778;1335.1111111111113;1342.7777777777778
1688371694;578.6666666666667;23710.222222222223;1340.888888888889;1363.2222222222224
1688371695;559.3333333333334;23890.666666666668;1335.1111111111113;1440.6666666666667
1688371696;626.1111111111112;23134.666666666668;1245.5555555555557;1453.7777777777778
1688371697;626.1111111111112;25253.333333333336;1239.7777777777778;1448
1688371698;618.7777777777778;29103.333333333336;1345;776.6666666666667
1688371699;625.4444444444445;27156.666666666668;1339.2222222222224;878.1111111111112
1688371700;611.4444444444445;30214.000000000004;707.1111111111112;1533
1688371701;623.4444444444445;28617.333333333336;701.3333333333334;1519.888888888889
1688371702;622.7777777777778;29280.333333333336;1244.888888888889;1525.6666666666667
1688371703;615.4444444444445;29452.666666666668;1239.111111111111;1524.2222222222224
1688371704;608.7777777777778;29617.333333333336;1244.888888888889;1544.5555555555557
1688371705;535.3333333333334;30617.000000000004;1238.7777777777778;1538.7777777777778
1688371706;542;26535.444444444445;1263.111111111111;1563.1111111111113
1688371707;542;23823.111111111113;1157.888888888889;1648.7777777777778
1688371708;535.3333333333334;24006.666666666668;1251.888888888889;1540
1688371709;535.3333333333334;22449.111111111113;1246.111111111111;913.5555555555557
1688371710;530.6666666666667;24147.333333333336;1251.888888888889;1607.5555555555557
1688371711;538;23002;708.3333333333334;1647.6666666666667
1688371712;592.7777777777778;22911.111111111113;1258.111111111111;1634.4444444444446
1688371713;599.4444444444445;24870.111111111113;1271.3333333333335;1530.888888888889
1688371714;599.4444444444445;25249.222222222223;1311.5555555555557;1536.6666666666667
1688371715;606.7777777777778;24273;1287.2222222222224;1535
1688371716;618.7777777777778;24616.77777777778;1293;1430.7777777777778
1688371717;618.7777777777778;22667.77777777778;1199;1425
1688371718;625.4444444444445;22373.666666666668;1212.111111111111;1420.888888888889
1688371719;632.4444444444445;22025.666666666668;1287.3333333333335;734.2222222222223
1688371720;618.4444444444445;23334.55555555556;1293.1111111111113;788.6666666666667
1688371721;563.6666666666667;22196.111111111113;743.3333333333334;1404
1688371722;557;20306;1260.5555555555557;1430.2222222222224
1688371723;563.6666666666667;20442;1218.4444444444446;1459.7777777777778
1688371724;549.6666666666667;22117.666666666668;1224.2222222222224;1442.888888888889
1688371725;537.6666666666667;21698.77777777778;1241.111111111111;1437.1111111111113
1688371726;600.1111111111112;22621.88888888889;1268;1442.888888888889
1688371727;600.7777777777778;24905.77777777778;1254.888888888889;1439.3333333333335
1688371728;593.7777777777778;26069.444444444445;1179.6666666666667;1445.1111111111113
1688371729;593.7777777777778;26898.88888888889;1262.111111111111;1365.2222222222224
1688371730;593.7777777777778;32462.77777777778;1930.6666666666667;877.5555555555557
1688371731;619.7777777777778;32683.88888888889;1417.1111111111113;3625.2222222222226
1688371732;619.7777777777778;31550.88888888889;1934.7777777777778;3595.666666666667
1688371733;619.7777777777778;33206.555555555555;1936.3333333333335;3644.777777777778
1688371734;619.7777777777778;33836.444444444445;2027.0000000000002;3669.1111111111113
1688371735;564;33307.77777777778;2000.1111111111113;3663.3333333333335
1688371736;556.6666666666667;31704.77777777778;2005.8888888888891;3648.3333333333335
1688371737;550;28678.444444444445;2039.7777777777778;3642.5555555555557
1688371738;571;26912.666666666668;2020.2222222222224;3627.888888888889
1688371739;577.6666666666667;21727;1468.4444444444446;3494.444444444445
1688371740;559;24544.88888888889;1451.5555555555557;814.5555555555557
1688371741;559;23756.77777777778;915.3333333333334;1316
1688371742;559;22195;1438.2222222222224;1266.888888888889
1688371743;552.3333333333334;22681.55555555556;1324.888888888889;1242.5555555555557
1688371744;552.3333333333334;22699.333333333336;1330.6666666666667;1248.3333333333335
1688371745;552.3333333333334;22741.444444444445;1324.888888888889;1242.5555555555557
1688371746;570.3333333333334;23240.77777777778;1291;1248.3333333333335
1688371747;556;23313.88888888889;1242.7777777777778;1235.2222222222224
1688371748;542.6666666666667;22604.666666666668;1131.7777777777778;1241
1688371749;542.6666666666667;18844.333333333336;1133.3333333333335;1147
1688371750;542.6666666666667;23225.222222222223;1220.111111111111;660.2222222222223
1688371751;556;22292.666666666668;689.8888888888889;1376.7777777777778
1688371752;556;22077;1226.111111111111;1382.5555555555557
1688371753;563.3333333333334;23735.55555555556;1220.3333333333335;1376.7777777777778
1688371754;563.3333333333334;23068.88888888889;1248.7777777777778;1382.5555555555557
1688371755;538;23897.666666666668;1265.6666666666667;1376.7777777777778
1688371756;600.4444444444445;23374.111111111113;1271.7777777777778;1389.888888888889
1688371757;614.4444444444445;26479.77777777778;1294;1402.6666666666667
1688371758;607.1111111111112;28703.77777777778;1292.4444444444446;1408.4444444444446
1688371759;600.4444444444445;25066.55555555556;1205.6666666666667;1388
1688371760;593.7777777777778;28635.222222222223;1326.2222222222224;708.4444444444445
1688371761;612.4444444444445;27588.666666666668;889.6666666666667;817.7777777777778
1688371762;605.1111111111112;27495.333333333336;1425.7777777777778;1340.4444444444446
1688371763;611.7777777777778;29062.77777777778;1397.3333333333335;1353.6666666666667
1688371764;619.5555555555555;28929.77777777778;1380.4444444444446;1359.4444444444446
1688371765;550.4444444444445;28801.666666666668;1374.3333333333335;1353.6666666666667
1688371766;550.4444444444445;26659.111111111113;1352.1111111111113;1359.4444444444446
1688371767;550.4444444444445;24650.77777777778;1364.888888888889;1353.6666666666667
1688371768;557.1111111111112;25215.444444444445;1370.6666666666667;1359.4444444444446
1688371769;557.1111111111112;21572.444444444445;1250.111111111111;1316.6666666666667
1688371770;538.4444444444445;24760.111111111113;1254.7777777777778;1253.2222222222224
1688371771;538.4444444444445;24476.444444444445;739.4444444444445;1114
1688371772;585.8888888888889;23455.333333333336;752.5555555555557;1747.6666666666667
1688371773;585.4444444444445;25047;1339.4444444444446;1938.6666666666667
1688371774;592.1111111111112;26369.77777777778;1324.7777777777778;2151.5555555555557
1688371775;606.4444444444445;27801.77777777778;1319;2410.3333333333335
1688371776;625.1111111111112;27240.333333333336;1306.2222222222224;2653.444444444445
1688371777;625.7777777777778;27586.111111111113;1300.4444444444446;2690.777777777778
1688371778;646.3333333333334;27961.333333333336;1306.2222222222224;2696.5555555555557
1688371779;660.3333333333334;24563.55555555556;1201.888888888889;2644.888888888889
1688371780;661;25035.666666666668;1212.7777777777778;2267.222222222222
1688371781;606.8888888888889;26051.444444444445;1301.1111111111113;1614.5555555555557
1688371782;613.5555555555555;24009.222222222223;734.6666666666667;2029.6666666666667
1688371783;614.2222222222223;25112.333333333336;1304.888888888889;1858.3333333333335
1688371784;592.5555555555555;23383.111111111113;1329.2222222222224;1581
1688371785;573.8888888888889;24126.111111111113;1323.4444444444446;1337.888888888889
1688371786;635.6666666666667;23043.666666666668;1329.2222222222224;1300.5555555555557
1688371787;608.4444444444445;25885.77777777778;1335.1111111111113;1315.5555555555557
1688371788;601.1111111111112;28878.666666666668;1340.888888888889;1321.3333333333335
1688371789;593.7777777777778;27783.88888888889;1309.2222222222224;1356.7777777777778
1688371790;600.4444444444445;25013.333333333336;1236.2222222222224;1362.5555555555557
1688371791;605.1111111111112;29246.000000000004;1298.6666666666667;750.6666666666667
1688371792;604.4444444444445;30127.666666666668;1435;3643.1111111111113
1688371793;604.4444444444445;32677.111111111113;1948.4444444444446;3637.3333333333335
1688371794;604.4444444444445;32726.666666666668;1954.2222222222224;3833.888888888889
1688371795;535.3333333333334;35298.444444444445;1948.4444444444446;3828.1111111111113
1688371796;542;31698.77777777778;1942.5555555555557;4126.777777777778
1688371797;542;29905.111111111113;1955.3333333333335;4196.555555555556
1688371798;542;29123.333333333336;2000.7777777777778;4237
1688371799;535.3333333333334;29478.666666666668;1995.5555555555557;4223.88888888889
1688371800;523.3333333333334;26966.333333333336;1912.6666666666667;4222.333333333334
1688371801;516.6666666666667;25458.55555555556;1200.3333333333335;1281
1688371802;516.6666666666667;22789.444444444445;764;1368.1111111111113
1688371803;516.6666666666667;23202.666666666668;1296;1711.4444444444446
1688371804;523.3333333333334;22803.55555555556;1301.7777777777778;1709.888888888889
1688371805;523.3333333333334;23492.77777777778;1296;1383.1111111111113
1688371806;535.3333333333334;22178;1283.2222222222224;1306
1688371807;535.3333333333334;22976.55555555556;1237.7777777777778;1217
1688371808;542;23171.222222222223;1240.7777777777778;1222.7777777777778
1688371809;549.3333333333334;21506.444444444445;1235;1217
1688371810;549.3333333333334;20980.222222222223;1240.7777777777778;1222.7777777777778
1688371811;556;21492;1139.3333333333335;1128.3333333333335
1688371812;563.3333333333334;22389.666666666668;702.8888888888889;675.5555555555557
1688371813;563.3333333333334;21964.88888888889;1227.5555555555557;1214.4444444444446
1688371814;556.6666666666667;23399.333333333336;1233.3333333333335;1220.2222222222224
1688371815;544.6666666666667;23615.77777777778;1343.1111111111113;1214.4444444444446
1688371816;614.4444444444445;24642.222222222223;1392.3333333333335;1220.2222222222224
1688371817;607.7777777777778;27318.55555555556;1366.1111111111113;1214.4444444444446
1688371818;600.4444444444445;30260.222222222223;1371.888888888889;1238.7777777777778
1688371819;607.1111111111112;28645.666666666668;1366.1111111111113;1233
1688371820;601.1111111111112;31574.666666666668;1371.888888888889;1238.7777777777778
1688371821;630.4444444444445;29707.444444444445;1387.888888888889;1144.3333333333335
1688371822;623.7777777777778;32880.222222222226;977.6666666666667;624.4444444444445
1688371823;630.4444444444445;34581.222222222226;1693.0000000000002;3674.666666666667
1688371824;623.7777777777778;35892.11111111112;2113.666666666667;3680.444444444445
1688371825;560.6666666666667;34954.222222222226;2064.444444444445;3790.444444444445
1688371826;560.6666666666667;33782.88888888889;2070.222222222222;3814.777777777778
1688371827;554;30120.000000000004;2083;3790.444444444445
1688371828;554;30795.88888888889;2088.777777777778;3796.2222222222226
1688371829;553.3333333333334;27109.222222222223;2083;3790.444444444445
1688371830;516.6666666666667;29324.77777777778;1971.4444444444446;3818.888888888889
1688371831;516.6666666666667;24657.77777777778;1851.2222222222224;3838.1111111111113
1688371832;570.7777777777778;23978;1245;823.2222222222223
1688371833;577.4444444444445;22350.333333333336;763.6666666666667;1483
1688371834;570.7777777777778;23480.88888888889;1307.2222222222224;1373
1688371835;570.7777777777778;22299.333333333336;1301.4444444444446;1371.3333333333335
1688371836;607.4444444444445;23941.333333333336;1288.6666666666667;1377.1111111111113
1688371837;607.4444444444445;23539.88888888889;1282.888888888889;1389.888888888889
1688371838;600.7777777777778;24996.444444444445;1288.6666666666667;1395.6666666666667
1688371839;608.5555555555555;22176.222222222223;1282.888888888889;1367.2222222222224
1688371840;629.5555555555555;24941.333333333336;1288.6666666666667;1329
1688371841;575.4444444444445;21387;1173.7777777777778;1287.888888888889
1688371842;568.7777777777778;24558.111111111113;1124.6666666666667;628.1111111111112
1688371843;568.7777777777778;22812.55555555556;669.4444444444445;1318.3333333333335
1688371844;575.4444444444445;23946.88888888889;1244.6666666666667;1301.4444444444446
1688371845;538.7777777777778;23346.444444444445;1238.888888888889;1295.6666666666667
1688371846;601.2222222222223;24014.222222222223;1256.3333333333335;1282.888888888889
1688371847;607.8888888888889;22875.444444444445;1250.5555555555557;1297.888888888889
1688371848;600.1111111111112;29809.55555555556;1256.3333333333335;1303.6666666666667
1688371849;585.7777777777778;26506.222222222223;1250.5555555555557;1297.888888888889
1688371850;579.1111111111112;30346.55555555556;1297.5555555555557;1324.1111111111113
1688371851;597.7777777777778;26303.111111111113;1310.3333333333335;1318.3333333333335
1688371852;604.4444444444445;29834.444444444445;1262;628.1111111111112
1688371853;604.4444444444445;28636.88888888889;781.7777777777778;1207.4444444444446
1688371854;604.4444444444445;29682.666666666668;1332.6666666666667;1353.7777777777778
1688371855;549.3333333333334;29594.55555555556;1315.2222222222224;1366.5555555555557
1688371856;550;30337.000000000004;1321;1351.5555555555557
1688371857;550;23402.222222222223;1333.7777777777778;1345.7777777777778
1688371858;550;25092.77777777778;1379.2222222222224;1351.5555555555557
1688371859;556.6666666666667;21633.55555555556;1355.4444444444446;1325.3333333333335
1688371860;538;25071.666666666668;1342.6666666666667;1331.1111111111113
1688371861;538;21112.222222222223;1302.6666666666667;1325.3333333333335
1688371862;538.6666666666667;22996.77777777778;1213.4444444444446;746
1688371863;538.6666666666667;22703.444444444445;788.3333333333334;599.6666666666667
1688371864;538.6666666666667;23292.111111111113;794.1111111111112;1259.4444444444446
1688371865;531.3333333333334;22488.77777777778;1346.888888888889;1253.6666666666667
1688371866;564;24688.222222222223;1354.888888888889;1259.4444444444446
1688371867;557.3333333333334;23403;1309.4444444444446;1253.6666666666667
1688371868;571.6666666666667;24510.111111111113;1320;1259.4444444444446
1688371869;571.6666666666667;21428.77777777778;1334.6666666666667;1253.6666666666667
1688371870;571.6666666666667;24698;1340.4444444444446;1259.4444444444446
1688371871;577.6666666666667;21727.77777777778;1334.6666666666667;1253.6666666666667
1688371872;585;21970.111111111113;1214.6666666666667;1259.4444444444446
1688371873;571;22182.55555555556;1307.4444444444446;600.1111111111112
1688371874;577.6666666666667;23817.55555555556;754.6666666666667;1276.6666666666667
1688371875;545;22235;1273.2222222222224;1270.888888888889
1688371876;614.1111111111112;24109.55555555556;1301.6666666666667;1276.6666666666667
1688371877;618.7777777777778;23459.88888888889;1267.888888888889;1289.4444444444446
1688371878;635.4444444444445;30677.666666666668;1253.2222222222224;1295.2222222222224
1688371879;636.1111111111112;27078.000000000004;1247.4444444444446;1289.4444444444446
1688371880;629.4444444444445;30178.55555555556;1253.2222222222224;1295.2222222222224
1688371881;648.1111111111112;28122.444444444445;1247.4444444444446;1289.4444444444446
1688371882;654.7777777777778;28727.55555555556;1154.6666666666667;1276.2222222222224
1688371883;661.4444444444445;29025.444444444445;1244.5555555555557;709.1111111111112
1688371884;675.4444444444445;30267.333333333336;705.2222222222223;1385.6666666666667
1688371885;606.3333333333334;29276.55555555556;1327.7777777777778;1398.4444444444446
1688371886;594.6666666666667;31424.222222222223;1333.5555555555557;1385.6666666666667
1688371887;584.6666666666667;24392.77777777778;1346.3333333333335;1379.888888888889
1688371888;590.5555555555555;26353.55555555556;1352.1111111111113;1385.6666666666667
1688371889;583.8888888888889;23391;1346.3333333333335;1379.888888888889
1688371890;564.5555555555555;26222.444444444445;1352.1111111111113;1431.5555555555557
1688371891;564.5555555555555;24034.111111111113;1346.3333333333335;1425.7777777777778
1688371892;605.3333333333334;24541.111111111113;1277.2222222222224;1451
1688371893;754.6666666666667;24070;1326.3333333333335;774.4444444444445
1688371894;754.6666666666667;25428.444444444445;776.5555555555557;1327.6666666666667
1688371895;761.6666666666667;26688.111111111113;3561.3333333333335;1432.888888888889
1688371896;773.6666666666667;36626;4532.555555555556;2963.666666666667
1688371897;767.1111111111112;35300.222222222226;4565.88888888889;2957.888888888889
1688371898;767.1111111111112;36865.88888888889;4571.666666666667;2982.2222222222226
1688371899;767.7777777777778;35195.11111111112;4565.88888888889;2930.5555555555557
1688371900;767.7777777777778;38125;4571.666666666667;2936.3333333333335
1688371901;720.3333333333334;34986.11111111112;4545.111111111111;2801.666666666667
1688371902;557;35654.555555555555;4496;2807.444444444445
1688371903;557;35288.333333333336;4394.777777777778;2277.222222222222
1688371904;550;33932.88888888889;1749.6666666666667;2745.3333333333335
1688371905;538;23592.444444444445;783.1111111111112;1307.6666666666667
1688371906;593.7777777777778;25454.111111111113;1308.2222222222224;1313.4444444444446
1688371907;593.7777777777778;24593.88888888889;1302.4444444444446;1289.1111111111113
1688371908;608.2222222222223;30829.444444444445;1308.2222222222224;1315.6666666666667
1688371909;601.5555555555555;27145.222222222223;1302.4444444444446;1309.888888888889
1688371910;608.8888888888889;30450.88888888889;1330.888888888889;1336.1111111111113
1688371911;627.5555555555555;27975.000000000004;1325.1111111111113;1330.3333333333335
1688371912;634.2222222222223;27981.666666666668;1349.4444444444446;1294.5555555555557
1688371913;620.2222222222223;26945.444444444445;1204;715.4444444444445
1688371914;620.2222222222223;29869.333333333336;1274.888888888889;683
1688371915;557.7777777777778;27603.111111111113;710.6666666666667;1362.1111111111113
1688371916;564.4444444444445;28656.111111111113;1254.2222222222224;1386.4444444444446
1688371917;542.6666666666667;21890.55555555556;1248.4444444444446;1359.888888888889
1688371918;549.3333333333334;24148.55555555556;1293.888888888889;1365.6666666666667
1688371919;535.3333333333334;21146.444444444445;1265.4444444444446;1339.4444444444446
1688371920;523.3333333333334;25122.333333333336;1271.2222222222224;1345.2222222222224
1688371921;523.3333333333334;22751.666666666668;1246.888888888889;1339.4444444444446
1688371922;523.3333333333334;23240.55555555556;1273.111111111111;1345.2222222222224
1688371923;524;21749.55555555556;1199.4444444444446;1284.5555555555557
1688371924;538;24467.666666666668;1233.2222222222224;605.4444444444445
1688371925;538;22866;775.4444444444445;1235.2222222222224
1688371926;564;24288.111111111113;1330.5555555555557;1241
1688371927;557.3333333333334;22669.222222222223;1305.888888888889;1235.2222222222224
1688371928;571.3333333333334;24479.444444444445;1311.6666666666667;1241
1688371929;578.6666666666667;21058.333333333336;1305.888888888889;1235.2222222222224
1688371930;579.3333333333334;24172.222222222223;1311.6666666666667;1241
1688371931;586;22069.222222222223;1285.4444444444446;1235.2222222222224
1688371932;585.3333333333334;22794.444444444445;1270.7777777777778;1259.5555555555557
1688371933;578.6666666666667;21509.666666666668;1237;1288.1111111111113
1688371934;578.6666666666667;23510.666666666668;1157;677.8888888888889
1688371935;559.3333333333334;22439.88888888889;708.7777777777778;1266.111111111111
1688371936;580;22785.444444444445;1254.2222222222224;1360.6666666666667
1688371937;676.8888888888889;23364;1269.2222222222224;1373.4444444444446
1688371938;662.8888888888889;29425.222222222223;1295.7777777777778;1379.2222222222224
1688371939;697.3333333333334;27597.333333333336;1325.3333333333335;1373.4444444444446
1688371940;690.6666666666667;29789.77777777778;1331.1111111111113;1379.2222222222224
1688371941;722.6666666666667;28750.222222222223;1325.3333333333335;1354.888888888889
1688371942;764.4444444444445;29469.666666666668;1331.1111111111113;1326.3333333333335
1688371943;771.7777777777778;29409.111111111113;1325.3333333333335;1282.4444444444446
1688371944;765.1111111111112;30684.55555555556;1224.2222222222224;713.2222222222223
1688371945;786.2222222222223;31205.77777777778;753.5555555555557;1184.6666666666667
1688371946;675.3333333333334;28671.333333333336;738.5555555555557;1260.2222222222224
1688371947;689.3333333333334;24972.666666666668;1275.6666666666667;1254.4444444444446
1688371948;647.5555555555557;23708.222222222223;1246.111111111111;1260.2222222222224
1688371949;654.2222222222223;23291.88888888889;1240.3333333333335;1254.4444444444446
1688371950;615.5555555555555;23912.88888888889;1246.111111111111;1260.2222222222224
1688371951;566.4444444444445;23593.88888888889;1240.3333333333335;1277.6666666666667
1688371952;613.2222222222223;21564.111111111113;1246.111111111111;1304.2222222222224
1688371953;620.5555555555555;21536.55555555556;1295.2222222222224;1279.4444444444446
1688371954;585.4444444444445;21445.666666666668;1205.4444444444446;719.2222222222223
1688371955;599.7777777777778;24415.444444444445;1297.3333333333335;1221.111111111111
1688371956;618.4444444444445;22477.111111111113;739.4444444444445;1312.6666666666667
1688371957;625.1111111111112;25515.77777777778;1290;1306.888888888889
1688371958;618.4444444444445;23721.444444444445;1295.7777777777778;1331.2222222222224
1688371959;625.7777777777778;23944;1290;1325.4444444444446
1688371960;639.7777777777778;25279;1295.7777777777778;1308
1688371961;585.6666666666667;27028.666666666668;1290;1391.3333333333335
1688371962;585.6666666666667;25861.55555555556;1240.888888888889;1397.1111111111113
1688371963;586.3333333333334;26979.666666666668;1379.1111111111113;1432.888888888889
1688371964;578.6666666666667;25269.55555555556;1287.2222222222224;842.6666666666667
1688371965;546;26695.55555555556;1372.6666666666667;751.1111111111112
1688371966;615.7777777777778;24207.88888888889;857.0000000000001;1411.5555555555557
1688371967;615.7777777777778;26433.55555555556;1389;1387.2222222222224
1688371968;615.1111111111112;31418.222222222223;1394.7777777777778;1413.7777777777778
1688371969;607.7777777777778;30188.333333333336;1389;1408
1688371970;601.1111111111112;30737.666666666668;1417.4444444444446;1324.3333333333335
1688371971;619.1111111111112;31356.55555555556;1411.6666666666667;1427.2222222222224
1688371972;619.1111111111112;29414.333333333336;1292;1391.4444444444446
1688371973;612.4444444444445;30339.000000000004;1286.2222222222224;1385.6666666666667
1688371974;619.1111111111112;28857.111111111113;1200.7777777777778;1458
1688371975;550.4444444444445;31212.666666666668;1254.888888888889;797.5555555555557
1688371976;557.1111111111112;29208.222222222223;722.8888888888889;1394.2222222222224
1688371977;557.1111111111112;24747;1247.5555555555557;1460.3333333333335
1688371978;550.4444444444445;23630.222222222223;1293;1466.1111111111113
1688371979;557.1111111111112;22792.666666666668;1264.5555555555557;1439.888888888889
1688371980;531.7777777777778;23445.333333333336;1378.5555555555557;1337
1688371981;545.4444444444445;24478.55555555556;1354.2222222222224;1331.2222222222224
1688371982;545.4444444444445;22949.333333333336;1360;1337
1688371983;538.7777777777778;24822.55555555556;1373.2222222222224;1264.6666666666667
1688371984;545;22267.88888888889;1304.6666666666667;1270.4444444444446
1688371985;545;24953.666666666668;1298.888888888889;673.7777777777778
1688371986;557;22758.77777777778;862.5555555555557;1152.888888888889
1688371987;564.3333333333334;24385.666666666668;1368.3333333333335;1235.4444444444446
1688371988;564.3333333333334;23444.444444444445;1374.1111111111113;1241.2222222222224
1688371989;571;22799.333333333336;1260.111111111111;1235.4444444444446
1688371990;550;23235;1265.888888888889;1241.2222222222224
1688371991;556.6666666666667;23917.666666666668;1260.111111111111;1235.4444444444446
1688371992;563.3333333333334;22689.333333333336;1246.888888888889;1241.2222222222224
1688371993;556;24625.222222222223;1220.6666666666667;1247.111111111111
1688371994;549.3333333333334;22358.666666666668;1226.4444444444446;1294.1111111111113
1688371995;530.6666666666667;25047.222222222223;1132.3333333333335;722.3333333333334
1688371996;592.4444444444445;22647.222222222223;697.7777777777778;1213.111111111111
1688371997;592.4444444444445;24038;692;1332.6666666666667
1688371998;585.7777777777778;29130.77777777778;1228.2222222222224;1338.4444444444446
1688371999;599.7777777777778;28538.444444444445;1243.2222222222224;1332.6666666666667
1688372000;593.1111111111112;29480.333333333336;1249;1338.4444444444446
1688372001;611.7777777777778;29331.77777777778;1243.2222222222224;1332.6666666666667
1688372002;605.1111111111112;27905.333333333336;1249;1326.7777777777778
1688372003;625.6666666666667;30320.55555555556;1243.2222222222224;1279.7777777777778
1688372004;632.3333333333334;27934.222222222223;1249;1297.2222222222224
1688372005;591.5555555555555;30510.111111111113;1132.3333333333335;718.1111111111112
1688372006;592.2222222222223;38643.77777777778;2656.444444444445;598.5555555555555
1688372007;606.2222222222223;33798.11111111112;2138.777777777778;5549.777777777778
1688372008;599.5555555555555;33453.11111111112;2661.5555555555557;5555.555555555556
1688372009;606.2222222222223;32861.88888888889;2674.3333333333335;5549.777777777778
1688372010;580.8888888888889;33552;2698.666666666667;5555.555555555556
1688372011;580.8888888888889;34461.77777777778;2724.777777777778;5573
1688372012;621.1111111111112;31756.77777777778;2730.5555555555557;5578.777777777778
1688372013;614.4444444444445;33883.11111111112;2779.666666666667;5582.111111111111
1688372014;592.7777777777778;31432.88888888889;2785.444444444445;5610.555555555556
1688372015;592.1111111111112;23235.77777777778;1261.3333333333335;5604.777777777778
1688372016;596.7777777777778;22123.88888888889;1355.2222222222224;653.5555555555557
1688372017;589.4444444444445;22634.666666666668;830.2222222222223;1221
1688372018;596.7777777777778;22454.333333333336;1362.5555555555557;1341
1688372019;596.7777777777778;22015;1338.2222222222224;1335.2222222222224
1688372020;603.4444444444445;23071.55555555556;1312.1111111111113;1317.7777777777778
1688372021;549.3333333333334;24441.111111111113;1306.3333333333335;1312
1688372022;549.3333333333334;22508.666666666668;1257.2222222222224;1297
1688372023;550;24576.88888888889;1271.888888888889;1289.6666666666667
1688372024;550;22865.222222222223;1277.6666666666667;1315.888888888889
1688372025;545.3333333333334;24241.111111111113;1165.2222222222224;1310.1111111111113
1688372026;615.1111111111112;23601.88888888889;1397.4444444444446;742.6666666666667
1688372027;601.1111111111112;24150;846.5555555555557;1181.111111111111
1688372028;615.1111111111112;29682.222222222223;1382.6666666666667;1296
1688372029;615.7777777777778;28952.000000000004;1376.888888888889;1290.2222222222224
1688372030;615.7777777777778;29028.444444444445;1405.3333333333335;1316.4444444444446
1688372031;633.7777777777778;30050.55555555556;1399.5555555555557;1310.6666666666667
1688372032;633.7777777777778;29101.88888888889;1403.4444444444446;1295.3333333333335
1688372033;627.1111111111112;30970.333333333336;1397.6666666666667;1383.5555555555557
1688372034;627.1111111111112;29651.55555555556;1403.4444444444446;1444.2222222222224
1688372035;557.3333333333334;30904.444444444445;1152.6666666666667;1438.4444444444446
1688372036;571.3333333333334;29129.666666666668;1158.4444444444446;959.2222222222223
1688372037;570.6666666666667;24512;710.5555555555557;1438
1688372038;563.3333333333334;23060.333333333336;1268;1530
1688372039;563.3333333333334;24193.111111111113;1239.5555555555557;1503.7777777777778
1688372040;545.3333333333334;24312.88888888889;1245.3333333333335;1509.5555555555557
1688372041;538;24970.222222222223;1221;1503.7777777777778
1688372042;544.6666666666667;23248.222222222223;1226.7777777777778;1395.1111111111113
1688372043;538;24700.444444444445;1240;1334.4444444444446
1688372044;544.6666666666667;24468.222222222223;1266.2222222222224;1457.1111111111113
1688372045;538;26224.333333333336;1260.4444444444446;1377.888888888889
1688372046;531.3333333333334;25242.55555555556;1178;790
1688372047;557.3333333333334;26374.444444444445;729.6666666666667;1263.7777777777778
1688372048;557.3333333333334;24331.88888888889;1265.7777777777778;1362.6666666666667
1688372049;564;24896.666666666668;1260;1356.888888888889
1688372050;571.3333333333334;24591.77777777778;1265.7777777777778;1362.6666666666667
1688372051;564.6666666666667;25770;1260;1356.888888888889
1688372052;564;23801.333333333336;1246.7777777777778;1383.4444444444446
1688372053;557.3333333333334;24744;1220.5555555555557;1300.5555555555557
1688372054;556.6666666666667;23077.88888888889;1226.3333333333335;1347.5555555555557
1688372055;556.6666666666667;24406.222222222223;1220.5555555555557;1381
1688372056;593.1111111111112;23236.222222222223;1139.888888888889;821.0000000000001
1688372057;586.4444444444445;24096.333333333336;694;1299.1111111111113
1688372058;586.4444444444445;28292.333333333336;699.7777777777778;1393.1111111111113
1688372059;585.7777777777778;28844.666666666668;1217.111111111111;1387.3333333333335
1688372060;585.7777777777778;28884.000000000004;1243.6666666666667;1393.1111111111113
1688372061;579.1111111111112;30150.111111111113;1237.888888888889;1366.5555555555557
1688372062;604.4444444444445;27519.222222222223;1243.6666666666667;1332.5555555555557
1688372063;604.4444444444445;29711.55555555556;1237.888888888889;1285.5555555555557
1688372064;597.7777777777778;27632.111111111113;1243.6666666666667;1252.111111111111
1688372065;535.3333333333334;28894.77777777778;1330.2222222222224;1246.3333333333335
1688372066;542;27932.000000000004;1245.7777777777778;675.1111111111112
1688372067;542;22709.55555555556;1349.6666666666667;600.1111111111112
1688372068;542.6666666666667;21868;832.3333333333334;1182.888888888889
1688372069;556.6666666666667;22300.222222222223;1328.888888888889;1258.4444444444446
1688372070;556.6666666666667;23667.88888888889;1334.6666666666667;1264.2222222222224
1688372071;538;24162.88888888889;1328.888888888889;1289
1688372072;585.4444444444445;22758.55555555556;1353.2222222222224;1294.7777777777778
1688372073;599.4444444444445;22713.222222222223;1359.1111111111113;1309.7777777777778
1688372074;599.4444444444445;23530.444444444445;1304.7777777777778;1315.5555555555557
1688372075;599.4444444444445;22603.444444444445;1353.888888888889;1355.6666666666667
1688372076;592.7777777777778;23880.55555555556;1278;1365.6666666666667
1688372077;632.4444444444445;22882.666666666668;1385.4444444444446;836.7777777777778
1688372078;618.4444444444445;22890.55555555556;868.1111111111112;1340.6666666666667
1688372079;618.4444444444445;20797.88888888889;1392.7777777777778;1434.888888888889
1688372080;625.7777777777778;23215.666666666668;1398.5555555555557;1410.1111111111113
1688372081;571.6666666666667;22357.666666666668;1374.2222222222224;1404.3333333333335
1688372082;571;23825.55555555556;1368.3333333333335;1389.3333333333335
1688372083;577.6666666666667;22195.333333333336;1330.3333333333335;1404.6666666666667
1688372084;571;24464.222222222223;1324.3333333333335;1385
1688372085;578.3333333333334;21630.55555555556;1290.5555555555557;1356
1688372086;607.7777777777778;23774.77777777778;1234.3333333333335;1307.888888888889
1688372087;607.7777777777778;21986;1316.7777777777778;722.6666666666667
1688372088;621.7777777777778;28671.88888888889;792.1111111111112;1207.3333333333335
1688372089;607.7777777777778;26005.666666666668;786.3333333333334;1309.2222222222224
1688372090;614.4444444444445;29501.77777777778;1322.5555555555557;1350.3333333333335
1688372091;607.7777777777778;27698.55555555556;1339.4444444444446;1344.5555555555557
1688372092;619.7777777777778;28679.444444444445;1322.5555555555557;1329.2222222222224
1688372093;619.7777777777778;27538.88888888889;1292.2222222222224;1303
1688372094;626.4444444444445;30125.77777777778;1298;1424.7777777777778
1688372095;556.6666666666667;27571.55555555556;1241;1437.5555555555557
1688372096;578.7777777777778;29909.55555555556;1158.5555555555557;1443.3333333333335
1688372097;572.1111111111112;22581.55555555556;1259.6666666666667;877.6666666666667
1688372098;578.7777777777778;23724.111111111113;1286.5555555555557;830.6666666666667
1688372099;572.1111111111112;21583.77777777778;750.3333333333334;1443.5555555555557
1688372100;572.1111111111112;25302.88888888889;1278.5555555555557;1449.3333333333335
1688372101;553.4444444444445;23919.666666666668;1390.2222222222224;1443.5555555555557
1688372102;560.1111111111112;24824.77777777778;1377.4444444444446;1449.3333333333335
1688372103;552.7777777777778;23823.666666666668;1371.6666666666667;1327.5555555555557
1688372104;546.1111111111112;25572.666666666668;1397.888888888889;1314.7777777777778
1688372105;530.6666666666667;22736.88888888889;1392.1111111111113;1309
1688372106;530.6666666666667;24069.333333333336;1302.6666666666667;1295.7777777777778
1688372107;549.3333333333334;22969.666666666668;1275.7777777777778;1235.111111111111
1688372108;556.6666666666667;23589.333333333336;1398.3333333333335;586.8888888888889
1688372109;550;19839.444444444445;847.4444444444445;1242.3333333333335
1688372110;556.6666666666667;23681.333333333336;1266.2222222222224;1248.111111111111
1688372111;556.6666666666667;21784;1260.4444444444446;1262.7777777777778
1688372112;550;22807.111111111113;1266.2222222222224;1268.5555555555557
1688372113;556.6666666666667;23254.111111111113;1240;1309.7777777777778
1688372114;550;24949.666666666668;1245.7777777777778;1466.7777777777778
1688372115;549.3333333333334;23351.55555555556;1228.3333333333335;1481.7777777777778
1688372116;586.4444444444445;24072.111111111113;1234.111111111111;1487.5555555555557
1688372117;579.1111111111112;23690.111111111113;1111.5555555555557;1500.3333333333335
1688372118;593.1111111111112;31638.444444444445;1205.5555555555557;844.8888888888889
1688372119;600.4444444444445;27885.111111111113;669.3333333333334;1397.5555555555557
1688372120;593.7777777777778;32192.55555555556;1226.3333333333335;1471.2222222222224
1688372121;593.7777777777778;30174.000000000004;1220.5555555555557;1465.4444444444446
1688372122;612.4444444444445;31631.111111111113;1226.3333333333335;1424.2222222222224
1688372123;640.7777777777778;31721.000000000004;1220.5555555555557;1267.2222222222224
1688372124;641.4444444444445;33391.222222222226;1226.3333333333335;1252.2222222222224
1688372125;579;32209.77777777778;1220.5555555555557;1246.4444444444446
