Time;{instance="10.231.0.208:9100"};{instance="192.168.221.10:9100"};{instance="192.168.221.11:9100"};{instance="192.168.221.12:9100"}
1688370925;11275.333333333334;36608.444444444445;11931;12903.666666666668
1688370926;11282.555555555557;32583.55555555556;11899.111111111111;12901.222222222223
1688370927;2220202.3333333335;40951.55555555556;11975.444444444445;12966.666666666668
1688370928;15149728.222222224;41324.333333333336;12020;16707.444444444445
1688370929;28436460.88888889;44061.444444444445;12021.88888888889;44764.77777777778
1688370930;41088811.222222224;52297.77777777778;12023.111111111111;69899
1688370931;54086049.888888896;51764.444444444445;12022.88888888889;93810.11111111112
1688370932;67262821.33333334;62286.11111111112;12022.77777777778;120599.11111111112
1688370933;79964501.8888889;63169.444444444445;12021.333333333334;157235.22222222222
1688370934;93132196.22222222;63300.333333333336;12019.88888888889;214080.6666666667
1688370935;106111223.55555557;65853.22222222223;11963.666666666668;267305.6666666667
1688370936;116719455.44444445;54955.222222222226;11888.222222222223;321454.44444444444
1688370937;116815466.00000001;65584.77777777778;11890.444444444445;361718.55555555556
1688370938;116679847.66666667;62222.222222222226;11973;392281.4444444445
1688370939;116854960.8888889;58238.444444444445;11972.111111111111;425371.88888888893
1688370940;117188695.55555557;65081.00000000001;11974.444444444445;454236.7777777778
1688370941;116657388.77777779;55015.00000000001;11973;489117.7777777778
1688370942;117086318.55555557;64555.44444444445;11975.222222222223;503460.3333333334
1688370943;116997688.66666667;57924.88888888889;11977;502864.22222222225
1688370944;116676748.66666667;55191.66666666667;11979;510066.88888888893
1688370945;116431540.33333334;55558.11111111112;11979.222222222223;509160.22222222225
1688370946;116509526.44444445;44266.333333333336;11934.111111111111;518505.3333333334
1688370947;116664613.22222222;47073.66666666667;11888;522160.88888888893
1688370948;116898801.33333334;45261;11977.555555555557;522846.88888888893
1688370949;116785050.44444445;39471.222222222226;11976.77777777778;534488.8888888889
1688370950;117195628.8888889;38718.222222222226;11979.222222222223;534426.8888888889
1688370951;117187542.77777779;27966.222222222223;11977.111111111111;543146.8888888889
1688370952;117409429.00000001;31420.55555555556;11997.666666666668;546388.8888888889
1688370953;117714425.77777779;31607.55555555556;12005;543468.2222222222
1688370954;118408279.77777779;31562.77777777778;12006.444444444445;552016.2222222222
1688370955;118539710.77777779;30966.55555555556;12008.555555555557;548872.2222222222
1688370956;118058079.44444445;28835.333333333336;11970.77777777778;547874.6666666667
1688370957;118296781.11111112;26121.444444444445;11933;546108.8888888889
1688370958;118217728.77777779;26228.444444444445;11933.333333333334;542500.8888888889
1688370959;118107097.44444445;25887.444444444445;12020.222222222223;541791.5555555556
1688370960;117999275.22222222;26619.111111111113;12027.444444444445;542239.5555555556
1688370961;117767681.33333334;23024.444444444445;12011.555555555557;541058.8888888889
1688370962;117913747.22222222;23519.222222222223;12009.222222222223;541434.8888888889
1688370963;117911275.33333334;24423;12003.444444444445;539483.3333333334
1688370964;117812201.8888889;25085.444444444445;12043.333333333334;536409.7777777779
1688370965;118159806.22222222;23901.333333333336;12044.333333333334;536393.5555555556
1688370966;117799270.33333334;24752.77777777778;11990.666666666668;536898
1688370967;117444788.8888889;25444.666666666668;12094.444444444445;531598.8888888889
1688370968;117505799.66666667;25250.444444444445;12006.111111111111;531201.5555555556
1688370969;117230245.44444445;25121.111111111113;11997.77777777778;529538.8888888889
1688370970;117158520.8888889;23729.444444444445;12081.222222222223;532432.2222222222
1688370971;116731041.44444445;25499.111111111113;12141.77777777778;530277.5555555556
1688370972;116186123.77777779;24307.333333333336;12151.666666666668;524416.4444444445
1688370973;116140480.00000001;24592.222222222223;12127.88888888889;522474.88888888893
1688370974;116088911.8888889;25007.222222222223;12140.77777777778;521842.88888888893
1688370975;116336341.77777779;23893.55555555556;12141.666666666668;525803.5555555556
1688370976;116576610.66666667;29040.77777777778;12036.111111111111;532960.8888888889
1688370977;116825575.77777779;32763.111111111113;12196.222222222223;530647.1111111111
1688370978;117045056.44444445;38319.444444444445;12290.333333333334;535439.1111111111
1688370979;117161417.44444445;39918.555555555555;12200.666666666668;531911.1111111111
1688370980;117726988.55555557;39279.77777777778;12214.88888888889;532955.7777777779
1688370981;118026275.55555557;37855.77777777778;12209;535206.4444444445
1688370982;118120738.00000001;38747.222222222226;12190.555555555557;537474.4444444445
1688370983;118175466.66666667;37492.66666666667;12176.333333333334;538498.4444444445
1688370984;118075790.00000001;39860.77777777778;12179.222222222223;534550
1688370985;118211191.44444445;32685.333333333336;12180.444444444445;533589.7777777779
1688370986;118105784.66666667;29418.444444444445;12019.555555555557;531850.2222222222
1688370987;117942039.00000001;23472.666666666668;11925.555555555557;523024.00000000006
1688370988;117762245.22222222;23992.222222222223;11972.666666666668;522285.1111111111
1688370989;117285466.66666667;21931.666666666668;11891.111111111111;523760.00000000006
1688370990;116941673.11111112;25640;11980.222222222223;527719.5555555556
1688370991;116660597.44444445;23660.333333333336;11985.88888888889;526773.5555555556
1688370992;116698826.11111112;24575.55555555556;11994.333333333334;525790
1688370993;116831273.44444445;23421.55555555556;12032.555555555557;531555.3333333334
1688370994;116492593.55555557;24535.55555555556;12033.222222222223;530521.3333333334
1688370995;116252074.44444445;23605;12033.555555555557;535934.4444444445
1688370996;116579634.11111112;22815.111111111113;12034.77777777778;542356.8888888889
1688370997;116390337.44444445;21519.333333333336;11986.222222222223;544606.6666666667
1688370998;116823090.11111112;21929.222222222223;12030.88888888889;542910.4444444445
1688370999;117300869.66666667;18858;11939.88888888889;540820.2222222222
1688371000;117521534.77777779;21464;11934.222222222223;543928.8888888889
1688371001;117464831.22222222;21719;12017.111111111111;543601.1111111111
1688371002;117345841.00000001;23044;11974.88888888889;540334
1688371003;117802973.33333334;22769.444444444445;11971.333333333334;542396.2222222222
1688371004;117920378.55555557;24158.444444444445;11969;540430.4444444445
1688371005;118075583.00000001;23869.444444444445;11969;538706.2222222222
1688371006;118199925.33333334;23491.444444444445;11969.88888888889;536981.3333333334
1688371007;118213395.55555557;25856.111111111113;11923.111111111111;536492.2222222222
1688371008;118227769.77777779;29761.333333333336;11988.77777777778;540268.2222222222
1688371009;118247418.8888889;28132.55555555556;11986.88888888889;534136.8888888889
1688371010;118263610.44444445;27296.111111111113;11894.88888888889;533413.5555555556
1688371011;118280623.44444445;24235.111111111113;11971.444444444445;535883.1111111111
1688371012;117988324.8888889;26847.666666666668;11987;531464.2222222222
1688371013;117984556.77777779;27364.333333333336;11986.555555555557;528186.8888888889
1688371014;117803088.77777779;27510.333333333336;11987.666666666668;528682.8888888889
1688371015;118042485.8888889;27555.666666666668;11989.666666666668;531602.2222222222
1688371016;118079791.44444445;24522.666666666668;11991.444444444445;536839.3333333334
1688371017;117870483.22222222;21389.77777777778;11928;533651.3333333334
1688371018;117846745.66666667;20522.55555555556;11988.77777777778;534181.3333333334
1688371019;117877242.8888889;21653.333333333336;11989.111111111111;530983.3333333334
1688371020;118084463.44444445;23859.444444444445;11920.666666666668;556818
1688371021;118325203.22222222;21640.111111111113;11905.222222222223;536766.6666666667
1688371022;118072875.33333334;20968.77777777778;11996.333333333334;539348.6666666667
1688371023;118056241.44444445;23316.55555555556;11994.77777777778;534585.5555555556
1688371024;118074615.11111112;22437.666666666668;12001;537963.5555555556
1688371025;117740202.66666667;23838.222222222223;11999.88888888889;531223.5555555556
1688371026;117813320.55555557;22039.444444444445;11997.666666666668;530882
1688371027;117932073.33333334;23820.333333333336;11939.333333333334;531162.2222222222
1688371028;117664703.8888889;22411.77777777778;11999.666666666668;535164.2222222222
1688371029;117471428.44444445;21369.88888888889;12055.666666666668;505383.7777777778
1688371030;117440520.22222222;22627.77777777778;12059.333333333334;525348.4444444445
1688371031;117694586.22222222;21548.666666666668;11972.333333333334;526182.4444444445
1688371032;117645832.33333334;23122.77777777778;12078;530447.5555555556
1688371033;117626358.77777779;23212.333333333336;12077.666666666668;527365.3333333334
1688371034;117788480.00000001;23999.444444444445;12116.333333333334;528164.2222222222
1688371035;121385478.44444445;24552.444444444445;12116.77777777778;527234.8888888889
1688371036;117839124.77777779;24966.88888888889;12117.111111111111;530663.5555555556
1688371037;117658593.00000001;27073.111111111113;12055.333333333334;520785.5555555556
1688371038;117785502.55555557;31421.333333333336;11995;510830.6666666667
1688371039;117643147.11111112;28197.77777777778;12057.111111111111;501626.4444444445
1688371040;117495832.8888889;31520.666666666668;12063.333333333334;490764.22222222225
1688371041;117697206.44444445;28520.333333333336;11999.88888888889;459700.00000000006
1688371042;117124690.8888889;31523.666666666668;11992.444444444445;426693.7777777778
1688371043;117123607.00000001;30675.333333333336;12044.666666666668;400632.22222222225
1688371044;113430295.55555557;32309.333333333336;12047.77777777778;366230.4444444445
1688371045;116751103.33333334;30123.77777777778;12047.444444444445;332991.55555555556
1688371046;116844235.00000001;28577.77777777778;12052.77777777778;300601.55555555556
1688371047;116161768.44444445;24058.333333333336;12051;259638.8888888889
1688371048;115645196.44444445;25547.666666666668;12015.111111111111;220177.55555555556
1688371049;115859547.77777779;22830.444444444445;12075.666666666668;178931.11111111112
1688371050;113471952.00000001;24453.222222222223;12034.444444444445;159710.44444444447
1688371051;113021782.55555557;22353.666666666668;12035.555555555557;138976
1688371052;112715873.66666667;22466.444444444445;11945.222222222223;119166.00000000001
1688371053;112482279.22222222;21944.111111111113;12039;106410.22222222223
1688371054;112200304.11111112;24620.111111111113;12057.666666666668;92130.22222222223
1688371055;112456851.22222222;23354.666666666668;12056.555555555557;84280.88888888889
1688371056;113038456.55555557;24622.333333333336;12057.222222222223;90505.55555555556
1688371057;113094961.77777779;23448.55555555556;12030.88888888889;91415.11111111112
1688371058;112028210.44444445;24413.222222222223;11962.222222222223;94349.77777777778
1688371059;114130502.55555557;22547.88888888889;12081;98940.22222222223
1688371060;115239127.22222222;23180.111111111113;12107.444444444445;105090.44444444445
1688371061;115489155.00000001;23427.111111111113;12108.555555555557;109503.33333333334
1688371062;115872900.66666667;23310.222222222223;12014;111719.55555555556
1688371063;107872834.66666667;22313.55555555556;12086.88888888889;107093.77777777778
1688371064;107589062.77777779;24211.666666666668;12087.444444444445;111493.77777777778
1688371065;107642861.44444445;23576.111111111113;12088.222222222223;109644.44444444445
1688371066;108068797.8888889;24326.666666666668;12096.88888888889;113057.77777777778
1688371067;107095524.66666667;25953.666666666668;12138.222222222223;112299.11111111112
1688371068;107239685;28512.222222222223;12018.77777777778;112083.55555555556
1688371069;107117473.11111112;28688.77777777778;12045.555555555557;112438.44444444445
1688371070;107118628.44444445;28295.000000000004;12047;110996.88888888889
1688371071;100005349.11111112;28836.55555555556;12044.111111111111;106066.44444444445
1688371072;107857844.55555557;28974.666666666668;11952.555555555557;106895.55555555556
1688371073;105354083.77777779;29358.55555555556;11956.88888888889;106428.66666666667
1688371074;98580993.77777779;30306.111111111113;12045;96492.22222222223
1688371075;98547401.44444445;30697.55555555556;12034.88888888889;95536.88888888889
1688371076;100549234.77777779;28268.000000000004;12001;98538.22222222223
1688371077;100284046;24603.88888888889;12001;99227.55555555556
1688371078;100044679.77777779;24196;11984.88888888889;94131.33333333334
1688371079;99785634.77777779;23507.77777777778;11983.111111111111;88800
1688371080;106863699.55555557;25018.55555555556;12031.111111111111;88542.88888888889
1688371081;107240122.44444445;23543.666666666668;12037.666666666668;89782.88888888889
1688371082;106751456.55555557;22743;12033.77777777778;83405.77777777778
1688371083;113017227.77777779;22759.77777777778;11944;85370.22222222223
1688371084;111381578.8888889;22275.111111111113;12034.222222222223;79266.88888888889
1688371085;108051521.22222222;23410.222222222223;12078.666666666668;70658.88888888889
1688371086;105902734.22222222;23935.88888888889;12080.666666666668;62310.88888888889
1688371087;93994769.55555557;22996.222222222223;12043.666666666668;55994.88888888889
1688371088;81227919.11111112;23086.222222222223;12044.333333333334;48415.55555555556
1688371089;68179422.11111112;19696.111111111113;11999.222222222223;39866.222222222226
1688371090;55219139.222222224;22781.55555555556;12038.444444444445;31396.000000000004
1688371091;45390006.333333336;21757.444444444445;12035;23516.88888888889
1688371092;32685494.222222224;21455.444444444445;12035.333333333334;19347.55555555556
1688371093;21335880.222222224;22085.444444444445;11969;15150.333333333334
1688371094;17319956.111111112;21147.55555555556;11940.555555555557;15150.77777777778
1688371095;19644018.88888889;22917.55555555556;12039.555555555557;15003.111111111111
1688371096;31574631.222222224;23548.111111111113;12077.222222222223;21423.444444444445
1688371097;44576411.66666667;26202.444444444445;12076.222222222223;29332.77777777778
1688371098;57703367.11111111;29557.222222222223;12075.333333333334;37869.88888888889
1688371099;65533029.888888896;26819.444444444445;12028;52158.333333333336
1688371100;77190255.11111112;29131.333333333336;12130.333333333334;57224.77777777778
1688371101;90171027.11111112;28208.222222222223;12140.111111111111;67562.55555555556
1688371102;93057186.44444445;28266.55555555556;12131.88888888889;73086.55555555556
1688371103;87349520.77777779;28466.222222222223;12111.222222222223;72202
1688371104;77532214;27494.666666666668;12011.444444444445;60960.88888888889
1688371105;77298619.8888889;27135.666666666668;11972.555555555557;60054.00000000001
1688371106;77435269.22222222;23488.55555555556;12048.333333333334;64860.66666666667
1688371107;77275293.22222222;22462.222222222223;12062.88888888889;69688.88888888889
1688371108;80048745.55555557;22315.77777777778;12085.444444444445;69197.33333333334
1688371109;74022825.66666667;20861.111111111113;11986.111111111111;66567.11111111111
1688371110;73595152.55555557;22244.111111111113;12033.77777777778;66021.11111111111
1688371111;83708853;22039.666666666668;12020.111111111111;75264.44444444445
1688371112;96932475.77777779;22654.88888888889;12019.444444444445;89459.11111111112
1688371113;106931660.77777779;22684.111111111113;12025.111111111111;102801.11111111112
1688371114;103148131.33333334;24675;12046;102646
1688371115;103037164.66666667;24591.666666666668;11970;102524.66666666667
1688371116;103128499.33333334;23462.55555555556;11953.88888888889;102426.44444444445
1688371117;105501012.11111112;24362.444444444445;12022;103241.11111111112
1688371118;112940715.22222222;24329.55555555556;12027.77777777778;114762.00000000001
1688371119;108108166.77777779;22177.333333333336;12006.88888888889;112910.44444444445
1688371120;107397570.66666667;24650.111111111113;12067.77777777778;108287.55555555556
1688371121;107238092.22222222;22518;12064.77777777778;107115.55555555556
1688371122;107255091.66666667;23277.88888888889;12118.111111111111;107090.00000000001
1688371123;104488480.77777779;21087.666666666668;12097.555555555557;110756.22222222223
1688371124;102792260.77777779;23756.77777777778;12096.77777777778;102915.55555555556
1688371125;101648685.22222222;22760.666666666668;12098.222222222223;103952.88888888889
1688371126;101900538.33333334;21896.666666666668;12007.111111111111;102646.88888888889
1688371127;101460093.55555557;23943.55555555556;12075.88888888889;101968.22222222223
1688371128;102966947.11111112;29204.000000000004;12073.444444444445;100356.66666666667
1688371129;103447169;26465.88888888889;12011.666666666668;103668.88888888889
1688371130;103724016.77777779;28454.222222222223;12046;104080.88888888889
1688371131;103439452.33333334;28360.333333333336;11986.555555555557;105361.77777777778
1688371132;109442146.11111112;28732.88888888889;12002;108049.55555555556
1688371133;103710465.22222222;28038.77777777778;12010.333333333334;108491.55555555556
1688371134;104559557.22222222;28651.55555555556;12052.111111111111;106382.88888888889
1688371135;95745874.77777779;29729.222222222223;12054.444444444445;101598.88888888889
1688371136;88724557.55555557;26891.111111111113;11979.666666666668;88885.33333333334
1688371137;92629818.11111112;22381.77777777778;11945.222222222223;92613.55555555556
1688371138;92677004.22222222;23360.666666666668;12068.222222222223;86998.88888888889
1688371139;92400632.66666667;22086.444444444445;12035.222222222223;82312.22222222223
1688371140;90674503;22402;12035;76538.22222222223
1688371141;78600994.55555557;22908.111111111113;12079;64716.88888888889
1688371142;73001432.22222222;22106.111111111113;12071.666666666668;59271.55555555556
1688371143;60237602.11111111;23278.333333333336;12035.111111111111;47062.222222222226
1688371144;55823823.333333336;22247;12036;38523.555555555555
1688371145;50214583;24771;12042.222222222223;37975.77777777778
1688371146;37081918.77777778;24201.88888888889;12043;27936.000000000004
1688371147;24265246.333333336;23727.333333333336;11919.333333333334;20076.88888888889
1688371148;11200600.88888889;24507.111111111113;12008.444444444445;15134.555555555557
1688371149;11311.222222222223;24004.333333333336;12008.555555555557;15205.77777777778
1688371150;11318.444444444445;24574.77777777778;11949.111111111111;15158.88888888889
1688371151;11317.111111111111;25869.333333333336;11997.111111111111;15213.333333333334
1688371152;11316.444444444445;24526.111111111113;11998;15203.555555555557
1688371153;11294.88888888889;25974.77777777778;12002;15199.333333333334
1688371154;11288.222222222223;23103;12031.555555555557;15199.555555555557
1688371155;11288.666666666668;25369.444444444445;12031.555555555557;15197.88888888889
1688371156;11296.666666666668;23629.666666666668;12039.444444444445;15175.555555555557
1688371157;11286;26640.77777777778;11950.555555555557;15250.000000000002
1688371158;11285.222222222223;28629.000000000004;12040.666666666668;15157.88888888889
1688371159;11286.88888888889;28253.222222222223;12041.444444444445;15245.555555555557
1688371160;11285.333333333334;27556.55555555556;11994.333333333334;15197.666666666668
1688371161;11284.77777777778;29674.77777777778;12050.333333333334;15206.666666666668
1688371162;11285.111111111111;28473.222222222223;12044.333333333334;15203.444444444445
1688371163;11283.444444444445;30640.111111111113;12004.77777777778;15209.333333333334
1688371164;11286.77777777778;28208.77777777778;12004;15208.444444444445
1688371165;11276;30542.444444444445;11994.666666666668;15185.444444444445
1688371166;11275.111111111111;26170.88888888889;11993.666666666668;15128.77777777778
1688371167;11273.666666666668;23084.77777777778;11905.222222222223;15195.000000000002
1688371168;11269.77777777778;23471.444444444445;11923.77777777778;15127.77777777778
1688371169;11271;22553.333333333336;12013;15111.77777777778
1688371170;11355.444444444445;22943.333333333336;11952.88888888889;15196.000000000002
1688371171;11354.88888888889;22566.77777777778;12010;15199.444444444445
1688371172;11354.222222222223;22250.444444444445;12012.444444444445;15192.444444444445
1688371173;11347;22705.88888888889;12040.333333333334;15193.666666666668
1688371174;11360.444444444445;22715.222222222223;12041.111111111111;15196.555555555557
1688371175;11358.555555555557;23396.444444444445;12041.555555555557;15181.666666666668
1688371176;11350.555555555557;23943.88888888889;12039.77777777778;15114.111111111111
1688371177;11342.333333333334;21850.222222222223;12021.444444444445;15148.222222222223
1688371178;11341.77777777778;21817.222222222223;11932.111111111111;15153.88888888889
1688371179;11256.111111111111;20309.444444444445;12004.666666666668;15064.77777777778
1688371180;11255.555555555557;22662.222222222223;11969.111111111111;15148.77777777778
1688371181;11256.333333333334;21816.55555555556;12033.333333333334;15163.222222222223
1688371182;11256.555555555557;23122.666666666668;12065.111111111111;15164.88888888889
1688371183;11244.555555555557;21995.55555555556;12065.77777777778;15160.88888888889
1688371184;11245.88888888889;22556.111111111113;12065.88888888889;15162.666666666668
1688371185;11246.333333333334;22736.88888888889;12064.222222222223;15169.111111111111
1688371186;11256;23155.666666666668;12064.77777777778;15115.88888888889
1688371187;11264;25789.333333333336;12063.333333333334;15164.111111111111
1688371188;11270;27603.333333333336;11996.444444444445;15161.555555555557
1688371189;11281;25335.222222222223;11973.77777777778;15078.000000000002
1688371190;11289.444444444445;26606.666666666668;11999.88888888889;15065.444444444445
1688371191;11296.77777777778;26694.77777777778;12004.444444444445;15175.000000000002
1688371192;11295.88888888889;26974.55555555556;12010;15176.88888888889
1688371193;11303.444444444445;28150.111111111113;12009.77777777778;15175.88888888889
1688371194;11303;26761.77777777778;12011.88888888889;15179.555555555557
1688371195;11294.333333333334;27906.88888888889;12018.333333333334;15178.222222222223
1688371196;11285;25254.333333333336;12020.555555555557;15130.555555555557
1688371197;11277.555555555557;23244.222222222223;12071.88888888889;15163.77777777778
1688371198;11268;22750.88888888889;12096.88888888889;15242.555555555557
1688371199;11258.555555555557;21593.333333333336;12006.222222222223;15241.77777777778
1688371200;11253;23277.333333333336;12031.222222222223;15167.88888888889
1688371201;11254.77777777778;23669.444444444445;12025.88888888889;15340.444444444445
1688371202;11262.222222222223;22608.444444444445;12096.111111111111;15341.333333333334
1688371203;11270.88888888889;24412.111111111113;12140.222222222223;15334.444444444445
1688371204;11282.333333333334;23452.333333333336;12132.333333333334;15336.88888888889
1688371205;11284.444444444445;24435.111111111113;12139.444444444445;15331.666666666668
1688371206;11286;23327.444444444445;12079.111111111111;15299.444444444445
1688371207;11284.444444444445;24899.111111111113;12056.333333333334;15219.333333333334
1688371208;11286.77777777778;23921.444444444445;12058.111111111111;15266.555555555557
1688371209;11298.222222222223;21945.666666666668;11970.88888888889;15231.444444444445
1688371210;11304.222222222223;23748.77777777778;11972;15065.111111111111
1688371211;11297.444444444445;24894.666666666668;12004.666666666668;15065.111111111111
1688371212;11295.88888888889;24481.666666666668;12013.666666666668;15257.000000000002
1688371213;11283.444444444445;25377;12013.111111111111;15254.77777777778
1688371214;11283.444444444445;24813.444444444445;12003.222222222223;15254.77777777778
1688371215;11288.88888888889;25123.444444444445;12013.77777777778;15254.333333333334
1688371216;11288.444444444445;24543.444444444445;12020.666666666668;15270.111111111111
1688371217;11284.88888888889;27247.88888888889;12020.111111111111;15231.000000000002
1688371218;11271.88888888889;30863.444444444445;12018.444444444445;15334.000000000002
1688371219;11282.111111111111;26995.222222222223;12015.666666666668;15335.555555555557
1688371220;11283.111111111111;28706.88888888889;11913.88888888889;15344.222222222223
1688371221;11284.222222222223;28632.666666666668;11963.88888888889;15186.000000000002
1688371222;11293.77777777778;31248.77777777778;12008.88888888889;15283.88888888889
1688371223;11301.111111111111;31494.444444444445;12008.444444444445;15284.444444444445
1688371224;11302.111111111111;32327.77777777778;11996.88888888889;15285.666666666668
1688371225;11302.333333333334;31188.222222222223;11986.333333333334;15272.222222222223
1688371226;11305.111111111111;30085.111111111113;11986.222222222223;15271.77777777778
1688371227;11304.555555555557;24677.55555555556;11984.88888888889;15180.88888888889
1688371228;11295.77777777778;26511.77777777778;12005.222222222223;15247.000000000002
1688371229;11287.444444444445;22267.77777777778;12004;15238.666666666668
1688371230;11286.77777777778;23476.333333333336;11902.222222222223;15206.444444444445
1688371231;11278.444444444445;21241;11946.555555555557;15124.666666666668
1688371232;11269.88888888889;22134.77777777778;11992.555555555557;15210.000000000002
1688371233;11264.666666666668;22105.77777777778;12020.666666666668;15213.88888888889
1688371234;11284.77777777778;23026.111111111113;12021.444444444445;15218.88888888889
1688371235;11292.111111111111;22043.444444444445;12020.333333333334;15211.222222222223
1688371236;11302;22493.444444444445;12021;15198.666666666668
1688371237;11293.333333333334;22589.77777777778;12001.88888888889;15123.88888888889
1688371238;11294.111111111111;23985.88888888889;12002.555555555557;15120.555555555557
1688371239;11287.666666666668;21979.222222222223;12000.222222222223;15183.111111111111
1688371240;11295.444444444445;22632.55555555556;11919.88888888889;15167.77777777778
1688371241;11295.333333333334;22447.111111111113;11951.111111111111;15077.333333333334
1688371242;11299.444444444445;23157.666666666668;11983.666666666668;15069.333333333334
1688371243;11280.333333333334;23544.77777777778;11983;15150.555555555557
1688371244;11273.88888888889;24131.88888888889;11984.222222222223;15141.77777777778
1688371245;11264.88888888889;25187;11982.555555555557;15140.333333333334
1688371246;11265.555555555557;23513.222222222223;11981.333333333334;15139.555555555557
1688371247;11264.333333333334;26854.000000000004;11982.333333333334;15141.666666666668
1688371248;11264.111111111111;28943.111111111113;11991;15076.000000000002
1688371249;11274.222222222223;26842.444444444445;11982.666666666668;15130.111111111111
1688371250;11275;26427.222222222223;11908.77777777778;15130.88888888889
1688371251;11267.88888888889;25502.88888888889;11847.88888888889;15161.000000000002
1688371252;11266.88888888889;28605.666666666668;11965.77777777778;15078.111111111111
1688371253;11270.444444444445;27857.444444444445;11990.333333333334;15208.111111111111
1688371254;11275.666666666668;27799.000000000004;11991.222222222223;15214.88888888889
1688371255;11275.222222222223;28923.88888888889;11999.333333333334;15212.444444444445
1688371256;11284.222222222223;24449.444444444445;11999.555555555557;15210.333333333334
1688371257;11291;22380;11990.111111111111;15220.222222222223
1688371258;11280.555555555557;26257.111111111113;12016.111111111111;15170.444444444445
1688371259;11280.444444444445;25743.444444444445;12032;15419.222222222223
1688371260;11281;25812.55555555556;12033.666666666668;15401.000000000002
1688371261;11283;23208.55555555556;11917.666666666668;15402.666666666668
1688371262;11279.88888888889;25264.222222222223;11990;15282.333333333334
1688371263;11275.222222222223;26552.444444444445;12058.111111111111;15366.333333333334
1688371264;11286.333333333334;26387.55555555556;12049.333333333334;15384.222222222223
1688371265;11284.555555555557;27088.222222222223;12098.111111111111;15392.000000000002
1688371266;11277.666666666668;28221.444444444445;12113.555555555557;15389.88888888889
1688371267;11269.77777777778;23784.77777777778;12086.555555555557;15384.222222222223
1688371268;11271.111111111111;24635.88888888889;12070.666666666668;15136.77777777778
1688371269;11279.77777777778;23578.444444444445;12069.333333333334;15127.333333333334
1688371270;11286.111111111111;23876.77777777778;12069.77777777778;15224.77777777778
1688371271;11283.222222222223;21786;11971.111111111111;15231.444444444445
1688371272;11284;20646.666666666668;11980.444444444445;15142.333333333334
1688371273;11273.333333333334;23090;12052.222222222223;15200.111111111111
1688371274;11265.88888888889;23033;12003.77777777778;15208.222222222223
1688371275;11266.333333333334;21134.444444444445;11999.88888888889;15203.000000000002
1688371276;11266.111111111111;22859.88888888889;12009.444444444445;15224.77777777778
1688371277;11264.666666666668;24047.55555555556;12009;15223.222222222223
1688371278;11264.333333333334;28144.666666666668;12011.444444444445;15220.77777777778
1688371279;11274;26354.444444444445;12013.333333333334;15123.444444444445
1688371280;11276.444444444445;26693.222222222223;12017.111111111111;15169.666666666668
1688371281;11275;26684.111111111113;11950.666666666668;15174.555555555557
1688371282;11274.222222222223;26212.88888888889;11881.111111111111;15105.88888888889
1688371283;11275.444444444445;33305.444444444445;12195.333333333334;15169.333333333334
1688371284;11280.555555555557;41092.66666666667;12206.222222222223;15279.222222222223
1688371285;11280.88888888889;40631.77777777778;12257.88888888889;15256.666666666668
1688371286;11278.666666666668;38098.333333333336;12258.111111111111;15256.222222222223
1688371287;11277.666666666668;34457.222222222226;12266.333333333334;15282.77777777778
1688371288;11259.88888888889;34901.222222222226;12265.88888888889;15275.111111111111
1688371289;11258.444444444445;34729.333333333336;12263.333333333334;15266.555555555557
1688371290;11259.666666666668;34621.222222222226;12254.666666666668;15314.444444444445
1688371291;11261.555555555557;32273.000000000004;12256.77777777778;15309.555555555557
1688371292;11261.77777777778;26309.222222222223;11943;15230.88888888889
1688371293;11255.111111111111;21638.444444444445;12091;15122.000000000002
1688371294;11275.444444444445;23385.222222222223;12029.666666666668;15205.555555555557
1688371295;11277.333333333334;22932.88888888889;12026.77777777778;15207.444444444445
1688371296;11270.555555555557;24425.222222222223;12018.222222222223;15183.77777777778
1688371297;11271.333333333334;23737.111111111113;12017.666666666668;15184.555555555557
1688371298;11272.88888888889;23776.333333333336;12016.555555555557;15144.88888888889
1688371299;11273.555555555557;24158.88888888889;12015.111111111111;15090.000000000002
1688371300;11285.333333333334;26370.000000000004;12020.222222222223;15147.000000000002
1688371301;11284;24747.333333333336;12018.444444444445;15149.000000000002
1688371302;11285.222222222223;23083.88888888889;11852.444444444445;15146.88888888889
1688371303;11264.222222222223;21280.55555555556;11998.333333333334;15065.333333333334
1688371304;11264.333333333334;24370.111111111113;12001.88888888889;15154.555555555557
1688371305;11264.666666666668;23795;12001.88888888889;15154.111111111111
1688371306;11272.111111111111;23904.333333333336;12001.555555555557;15152.444444444445
1688371307;11270.77777777778;27025.88888888889;12003.111111111111;15143.666666666668
1688371308;11277.333333333334;27893.222222222223;12011.88888888889;15144.111111111111
1688371309;11274.555555555557;27377.222222222223;12009.222222222223;15086.111111111111
1688371310;11274.666666666668;29317.666666666668;12010;15141.000000000002
1688371311;11273.77777777778;29447.77777777778;12008.666666666668;15140.333333333334
1688371312;11274.444444444445;28692.666666666668;11871.111111111111;15138.111111111111
1688371313;11272.666666666668;27699.55555555556;11958.88888888889;15057.222222222223
1688371314;11272.222222222223;27806.222222222223;12034.666666666668;15150.555555555557
1688371315;11271.666666666668;29431.444444444445;12043.88888888889;15171.222222222223
1688371316;11279.444444444445;25554.333333333336;12042.444444444445;15172.555555555557
1688371317;11278.666666666668;23829.88888888889;12034.444444444445;15171.88888888889
1688371318;11275.222222222223;23151.111111111113;12029.555555555557;15185.111111111111
1688371319;11274.555555555557;21737.222222222223;12034.666666666668;15129.666666666668
1688371320;11275.88888888889;23002.666666666668;12033.666666666668;15203.333333333334
1688371321;11283.88888888889;23065.111111111113;12027.555555555557;15203.222222222223
1688371322;11293.333333333334;22560;11945.333333333334;15192.000000000002
1688371323;11294.444444444445;22128.222222222223;11884.222222222223;15099.111111111111
1688371324;11304.333333333334;22502.444444444445;12028.555555555557;15080.000000000002
1688371325;11296.111111111111;23762.88888888889;12036.222222222223;15172.111111111111
1688371326;11288.444444444445;24068.666666666668;12037.88888888889;15171.666666666668
1688371327;11280.111111111111;23873.55555555556;12039.222222222223;15159.555555555557
1688371328;11287.555555555557;23750;12034.666666666668;15158.222222222223
1688371329;11286.88888888889;21759.111111111113;12035.111111111111;15084.88888888889
1688371330;11277.444444444445;23456.77777777778;12036;15088.555555555557
1688371331;11269.666666666668;23812.666666666668;12028.555555555557;15147.222222222223
1688371332;11268.333333333334;23248.444444444445;12013.222222222223;15145.77777777778
1688371333;11249.333333333334;22410;11861.555555555557;15144.77777777778
1688371334;11250.222222222223;22612.333333333336;12005.77777777778;15052.333333333334
1688371335;11252.555555555557;22880.444444444445;12005.111111111111;15148.222222222223
1688371336;11253.444444444445;23364;12011.333333333334;15148.555555555557
1688371337;11247.88888888889;25184.222222222223;12009.555555555557;15150.444444444445
1688371338;11247.88888888889;28642.77777777778;12009;15150.555555555557
1688371339;11249.222222222223;26948.666666666668;12014.666666666668;15156.88888888889
1688371340;11259.222222222223;28054.88888888889;12021.444444444445;15110.77777777778
1688371341;11258.444444444445;27883.000000000004;12061.222222222223;15155.88888888889
1688371342;11260.444444444445;27996.111111111113;12059.88888888889;15155.000000000002
1688371343;11259.444444444445;27528.111111111113;11909.444444444445;15162.111111111111
1688371344;11257.88888888889;27612.111111111113;12062.111111111111;15063.88888888889
1688371345;11263.222222222223;27387.333333333336;12101.111111111111;15137.666666666668
1688371346;11263.88888888889;25442.333333333336;12101.88888888889;15151.222222222223
1688371347;11262.333333333334;23524.88888888889;12162.444444444445;15159.444444444445
1688371348;11262;23849.16139064756;12171.666666666668;15181.333333333334
1688371349;11252.222222222223;21546.222222222223;12184.77777777778;15169.333333333334
1688371350;11253.111111111111;23822;12144.444444444445;15124.222222222223
1688371351;11253.111111111111;24218;12144.88888888889;15170.000000000002
1688371352;11253.222222222223;24479.333333333336;12143.77777777778;15223.000000000002
1688371353;11252.333333333334;23934.444444444445;12015.555555555557;15222.77777777778
1688371354;11248.88888888889;24214.333333333336;12101.666666666668;15144.88888888889
1688371355;11259.111111111111;24255.333333333336;12101.88888888889;15121.77777777778
1688371356;11260.111111111111;24855.222222222223;12039.666666666668;15202.555555555557
1688371357;11260.88888888889;24554.407024563745;12023.77777777778;15171.333333333334
1688371358;11260.88888888889;25082.333333333336;12003.666666666668;15171.88888888889
1688371359;11262.222222222223;22196.88888888889;12011.77777777778;15179.666666666668
1688371360;11262.555555555557;22008.222222222223;12025.333333333334;15132.333333333334
1688371361;11262.666666666668;21839.333333333336;12025.666666666668;15126.111111111111
1688371362;11264.88888888889;24045.88888888889;12036.88888888889;15128.444444444445
1688371363;11264.111111111111;22714.88888888889;11904.555555555557;15132.88888888889
1688371364;11252;24360.666666666668;11979.666666666668;15140.77777777778
1688371365;11253;22648.444444444445;12064.77777777778;15051.88888888889
1688371366;11254.666666666668;23426.55555555556;12062.88888888889;15050.666666666668
1688371367;11254.444444444445;26573.666666666668;12109;15143.444444444445
1688371368;11254.444444444445;29184.000000000004;12110.222222222223;15196.444444444445
1688371369;11254.444444444445;29651.88888888889;12094.444444444445;15198.77777777778
1688371370;11264.666666666668;29998.000000000004;12096.333333333334;15164.222222222223
1688371371;11263.88888888889;28906.333333333336;12059;15165.444444444445
1688371372;11264.444444444445;29076.666666666668;12059.333333333334;15228.333333333334
1688371373;11265;28467.333333333336;11984.77777777778;15228.555555555557
1688371374;11264.444444444445;27965.77777777778;11902;15228.77777777778
1688371375;11262;29103.88888888889;12061.444444444445;15235.333333333334
1688371376;11263;24770;12022.111111111111;15142.444444444445
1688371377;11263.111111111111;25250.55555555556;12013.555555555557;15188.333333333334
1688371378;11264.666666666668;23148;12021.333333333334;15189.222222222223
1688371379;11255.222222222223;22735.88888888889;12020;15177.444444444445
1688371380;11254.88888888889;22671.111111111113;12019;15177.000000000002
1688371381;11254.77777777778;22637.333333333336;12017.666666666668;15119.444444444445
1688371382;11254.333333333334;23507.444444444445;12014.333333333334;15176.444444444445
1688371383;11254.222222222223;24157.111111111113;12013.88888888889;15176.444444444445
1688371384;11256.666666666668;23353;11879.222222222223;15169.555555555557
1688371385;11268.222222222223;24424.111111111113;12021.88888888889;15171.333333333334
1688371386;11267.222222222223;21902.666666666668;12021.444444444445;15066.000000000002
1688371387;11264.222222222223;23918.666666666668;12013.111111111111;15143.333333333334
1688371388;11262.555555555557;23406.111111111113;12011.444444444445;15152.77777777778
1688371389;11261.555555555557;21830.222222222223;12011.666666666668;15151.000000000002
1688371390;11264.77777777778;23648.666666666668;12013.222222222223;15146.000000000002
1688371391;11264.444444444445;21641.88888888889;12015.111111111111;15088.000000000002
1688371392;11265.444444444445;22539.55555555556;12014.555555555557;15152.222222222223
1688371393;11262.555555555557;22119.77777777778;11987.333333333334;15153.444444444445
1688371394;11249.444444444445;22249.55555555556;11843.666666666668;15152.444444444445
1688371395;11247.88888888889;22923.333333333336;11970.333333333334;15151.000000000002
1688371396;11248.222222222223;21704.222222222223;11992.88888888889;15073.111111111111
1688371397;11247.555555555557;26407.333333333336;11993.88888888889;15056.222222222223
1688371398;11247.88888888889;29013.222222222223;11994.666666666668;15149.444444444445
1688371399;11243.111111111111;27817.222222222223;11993.444444444445;15147.555555555557
1688371400;11253.88888888889;28579.111111111113;11993.444444444445;15177.444444444445
1688371401;11259.77777777778;27656.333333333336;12000.88888888889;15120.000000000002
1688371402;11260.88888888889;29703.88888888889;12003.333333333334;15126.333333333334
1688371403;11262.77777777778;30170.222222222223;11997.333333333334;15181.666666666668
1688371404;11263.88888888889;29673.88888888889;11870.111111111111;15182.88888888889
1688371405;11263.111111111111;29539.77777777778;11847.444444444445;15184.333333333334
1688371406;11263.77777777778;26295.666666666668;12041.77777777778;15185.77777777778
1688371407;11263.666666666668;24165.666666666668;12041.444444444445;15122.111111111111
1688371408;11261.77777777778;24967.333333333336;12060.77777777778;15230.88888888889
1688371409;3516754.7484171945;25022.55555555556;12067.88888888889;15526.222222222223
1688371410;16576610.333333334;26146.444444444445;12068.555555555557;18172.333333333336
1688371411;29498024.000000004;24198.88888888889;12114.222222222223;38564.11111111112
1688371412;42479921;23475.55555555556;12114.333333333334;59177.444444444445
1688371413;55317064.77777778;25013.444444444445;12120.222222222223;82175.66666666667
1688371414;68317463.77777778;25302.88888888889;12139.666666666668;109743.66666666667
1688371415;78750164.44444445;23659.666666666668;11943;141962.77777777778
1688371416;91707928.44444445;23716.55555555556;12098.666666666668;162859.22222222222
1688371417;104734909.8888889;23809.333333333336;12080.444444444445;194045.6666666667
1688371418;114124512.83761254;23139.444444444445;12073.444444444445;223106.77777777778
1688371419;114080043.22222222;22757.333333333336;12064.666666666668;237406.00000000003
1688371420;114263108.8888889;22894.666666666668;12020.333333333334;248759.77777777778
1688371421;114217413.77777779;23807.333333333336;12029.222222222223;258971.7777777778
1688371422;114331490.8888889;22527.333333333336;12092.111111111111;265798.22222222225
1688371423;114276776.66666667;24834.88888888889;12075.88888888889;267198.6666666667
1688371424;116819288.33333334;23971.77777777778;12078.666666666668;266308.44444444444
1688371425;117017950.22222222;25507.222222222223;11923.222222222223;276052.22222222225
1688371426;116605128.66666667;26754.666666666668;12076.444444444445;275876.88888888893
1688371427;116823178.44444445;27632.333333333336;12077.222222222223;276116.6666666667
1688371428;116015566.55555557;30160.55555555556;12084.555555555557;276034.22222222225
1688371429;115992450.55555557;30480.333333333336;12082.222222222223;267903.6666666667
1688371430;116150570.66666667;30651.666666666668;12074.333333333334;266939.88888888893
1688371431;116100064.22222222;31386.333333333336;12005.666666666668;279291
1688371432;112577955.8888889;29622.222222222223;12003.444444444445;303998
1688371433;109267069.66666667;35716.222222222226;12029.333333333334;351504.6666666667
1688371434;107050259.66666667;34603.555555555555;12037.222222222223;385268.88888888893
1688371435;105543530.44444445;31787.444444444445;11889.555555555557;414852
1688371436;103143392.66666667;30830.77777777778;12000.333333333334;443318.4444444445
1688371437;106486640.77777779;28102.111111111113;12090.111111111111;475381.55555555556
1688371438;102721141.55555557;28051.77777777778;12137.111111111111;498225.3333333334
1688371439;102337169.77777779;27756.88888888889;12135.555555555557;513388.4444444445
1688371440;102599187.11111112;28370.77777777778;12135.555555555557;514176.22222222225
1688371441;106015739.55555557;28451.88888888889;12135.333333333334;509452.1111111111
1688371442;109123791.22222222;24019;12108;475107.88888888893
1688371443;110959572.22222222;24415.333333333336;12107.333333333334;454923.00000000006
1688371444;112173234.77777779;25240;12106.88888888889;432370.55555555556
1688371445;113893971.55555557;24842.111111111113;11993.111111111111;398173.6666666667
1688371446;111478569.8888889;24775.88888888889;11952.333333333334;377318.7777777778
1688371447;115265072.8888889;24208.111111111113;12002.222222222223;377998.88888888893
1688371448;115589996.22222222;24444.77777777778;12002.222222222223;376675.55555555556
1688371449;115461633.33333334;23479.222222222223;12002.222222222223;374738.6666666667
1688371450;115806133.55555557;23620.222222222223;12001.333333333334;369468.88888888893
1688371451;116179067.00000001;23738.88888888889;12001.111111111111;370092.88888888893
1688371452;116255704.44444445;22594.77777777778;11995;367791.55555555556
1688371453;117204461.00000001;24085.77777777778;11989.666666666668;372102.88888888893
1688371454;117922909.77777779;23927.77777777778;11997.444444444445;392998.22222222225
1688371455;117659024.66666667;24163.111111111113;11954.444444444445;394629.55555555556
1688371456;117495362.00000001;23158;11911.333333333334;393351.55555555556
1688371457;117312671.22222222;26849.666666666668;12036.444444444445;393002.88888888893
1688371458;116865358.00000001;30754.222222222223;12052.222222222223;390077.3333333334
1688371459;117055749.55555557;31113.222222222223;12054.333333333334;391203.3333333334
1688371460;116989465.33333334;31680.333333333336;12052.555555555557;389597.55555555556
1688371461;116789213.8888889;31958.000000000004;12065.77777777778;393108.88888888893
1688371462;116253719.77777779;30901.88888888889;12065.444444444445;394200.22222222225
1688371463;116229848.00000001;32337.333333333336;12094.666666666668;394954.22222222225
1688371464;116423496.00000001;37476;12101;395366.55555555556
1688371465;116322108.44444445;37282.444444444445;12049.88888888889;392320.3333333334
1688371466;116500631.8888889;32991.77777777778;11924.88888888889;395037
1688371467;117180010.55555557;27981.333333333336;11954.88888888889;400501.1111111111
1688371468;116937300.55555557;28639.333333333336;12041.77777777778;399057.1111111111
1688371469;116806250.55555557;27014.222222222223;12042.333333333334;399441.3333333334
1688371470;117292201.22222222;29363.333333333336;12027.88888888889;397933.3333333334
1688371471;117635985.44444445;28862.444444444445;12077.88888888889;399314.6666666667
1688371472;117525181.8888889;27883.88888888889;12057.222222222223;397051.3333333334
1688371473;117606804.22222222;23514.222222222223;12045.77777777778;401248.55555555556
1688371474;117952898.11111112;23425;12046.88888888889;403932.3333333334
1688371475;117966689.66666667;23399.444444444445;12048;402126.55555555556
1688371476;117859747.66666667;23343.55555555556;12001.88888888889;407708.6666666667
1688371477;117808207.8888889;21472.222222222223;11977.333333333334;408833.7777777778
1688371478;118046738.66666667;22771.333333333336;11980;409266.4444444445
1688371479;117859853.77777779;19504.333333333336;12070;411981.3333333334
1688371480;117926629.8888889;21711.666666666668;12020;414098.88888888893
1688371481;117980669.66666667;21759.333333333336;12011.333333333334;414717.55555555556
1688371482;117804909.44444445;21376.55555555556;12017;409481.7777777778
1688371483;117791444.8888889;21780;12062.666666666668;410650
1688371484;117605913.33333334;21659.333333333336;12062.77777777778;412862.4444444445
1688371485;117397081.8888889;22905.77777777778;12063.222222222223;408110.88888888893
1688371486;117475282.55555557;22826.88888888889;12008.444444444445;405498.4444444445
1688371487;116869129.22222222;24820.333333333336;12063.77777777778;406299.3333333334
1688371488;116572978.55555557;28904.000000000004;11975.444444444445;394570.4444444445
1688371489;115767558.33333334;26104.55555555556;11974.444444444445;364771.55555555556
1688371490;115631660.22222222;29011.333333333336;12065.444444444445;336849.7777777778
1688371491;115582895.77777779;27670.333333333336;12050.222222222223;311581.55555555556
1688371492;114736119.33333334;28659.55555555556;12001.444444444445;281354.6666666667
1688371493;114893839.77777779;29065.88888888889;11998.222222222223;252398.22222222225
1688371494;114775673.55555557;28044.444444444445;12016.77777777778;228199.33333333334
1688371495;114434494.77777779;33348.222222222226;12087.111111111111;207353.55555555556
1688371496;114893086.8888889;30445.000000000004;12045.555555555557;183977.77777777778
1688371497;115408556.77777779;27290.444444444445;12105.77777777778;172350.8888888889
1688371498;115992292.00000001;27997.000000000004;12162.77777777778;178148.44444444447
1688371499;116253884.33333334;25409;12067.333333333334;188106.22222222225
1688371500;116294686.8888889;27581.666666666668;12158.77777777778;199471.11111111112
1688371501;114949875.22222222;27093.88888888889;12158.333333333334;206760.6666666667
1688371502;104532823.33333334;27406.666666666668;12161.555555555557;196286.22222222225
1688371503;91700399.33333334;27833.444444444445;12144.222222222223;176397.33333333334
1688371504;91206181.55555557;23160.77777777778;12071.111111111111;164938.8888888889
1688371505;91285268.44444445;23759.88888888889;12063.555555555557;164387.55555555556
1688371506;91171770.66666667;24861.222222222223;12001.111111111111;166913.11111111112
1688371507;91275406.33333334;24316.222222222223;11981.111111111111;164514.8888888889
1688371508;83001775.77777778;24721.333333333336;12035.77777777778;148507.55555555556
1688371509;70004184.33333334;22830.222222222223;11945.333333333334;119553.33333333334
1688371510;68597460.33333334;25131.333333333336;12031.111111111111;99072.88888888889
1688371511;78826817.66666667;24435.333333333336;12031;104933.77777777778
1688371512;91843506.22222222;24867;12029.666666666668;119021.11111111112
1688371513;92658672.8888889;24858.77777777778;12024.555555555557;123290.44444444445
1688371514;92713406.44444445;24789.77777777778;12019.333333333334;117205.55555555556
1688371515;92631984.77777779;23477;12020.333333333334;105353.55555555556
1688371516;92691219.77777779;23787.77777777778;12004.333333333334;97644
1688371517;100864310.22222222;25980.666666666668;11956.222222222223;99612.88888888889
1688371518;113969648.44444445;28359.55555555556;12007.222222222223;112784.66666666667
1688371519;116555464.44444445;27025.333333333336;11922.555555555557;123620.66666666667
1688371520;106730567.66666667;28394.77777777778;12012.77777777778;115994.00000000001
1688371521;106564867.22222222;29346.77777777778;12020.77777777778;108938.88888888889
1688371522;105360455.77777779;29417.000000000004;12022.222222222223;109602.22222222223
1688371523;105265502.22222222;30152.333333333336;12021.555555555557;107818.00000000001
1688371524;105363337.22222222;30505.111111111113;12040.666666666668;107571.55555555556
1688371525;105208069.8888889;30095.000000000004;12021.222222222223;108577.11111111112
1688371526;105034435.55555557;27477.333333333336;12012.444444444445;107533.55555555556
1688371527;105084131.22222222;24647.222222222223;11961.88888888889;107587.11111111112
1688371528;105769428.11111112;23868.55555555556;12036.333333333334;106812.88888888889
1688371529;111748835.22222222;22663.444444444445;11945.444444444445;110065.55555555556
1688371530;111411239.77777779;21446.666666666668;12021.333333333334;113895.33333333334
1688371531;112940193.44444445;24476.333333333336;12042;112312.66666666667
1688371532;112383122.33333334;22942.55555555556;12076.666666666668;112322.22222222223
1688371533;108363956.00000001;24384;12058.222222222223;112829.77777777778
1688371534;96150501.77777779;23830.88888888889;12058.666666666668;99701.33333333334
1688371535;94516448.66666667;24265.444444444445;12061;94256.66666666667
1688371536;94601577;24054.88888888889;12061.666666666668;97614.66666666667
1688371537;93989374;24656.333333333336;11987.77777777778;96692
1688371538;95862106.33333334;23246;12035;94104
1688371539;96337803.77777779;23319.88888888889;11951;94826.66666666667
1688371540;90300871.11111112;20386;11929.444444444445;88780
1688371541;90924733.22222222;21685.666666666668;11990.111111111111;84004.88888888889
1688371542;94845184.22222222;22043.77777777778;11989.555555555557;80701.11111111111
1688371543;106737948.44444445;22641;11996.333333333334;91342.66666666667
1688371544;107079589.66666667;21754;12001;97203.55555555556
1688371545;93836860.77777779;22568.333333333336;11998.444444444445;82888.88888888889
1688371546;81606317.55555557;21480.666666666668;12005.111111111111;70500.88888888889
1688371547;70749689.66666667;25710;11957.111111111111;64552.222222222226
1688371548;57760537.44444445;27042.111111111113;11956.88888888889;52676.66666666667
1688371549;50334187.888888896;27784.222222222223;12000;45784.222222222226
1688371550;37189604;26736.000000000004;11903.88888888889;37218.66666666667
1688371551;26415502.333333336;27004.111111111113;11901.88888888889;26303.55555555556
1688371552;26969918.333333336;27744.222222222223;11983.77777777778;22197.333333333336
1688371553;28121419.000000004;30124.666666666668;11975.88888888889;17212.222222222223
1688371554;41041007.333333336;29272.444444444445;11976.222222222223;20548.444444444445
1688371555;54085625.00000001;30525.000000000004;12018;27752.222222222223
1688371556;67034776.00000001;26660.222222222223;12033.88888888889;34761.11111111112
1688371557;79887679.33333334;25191.666666666668;12040.333333333334;42341.333333333336
1688371558;92900076.77777779;24004.88888888889;12010.333333333334;49073.77777777778
1688371559;105951768;23656.222222222223;12074.333333333334;56533.11111111112
1688371560;116596006.11111112;23668.88888888889;12075;63424.222222222226
1688371561;114580763.00000001;22415;11983.88888888889;66057.55555555556
1688371562;102128471.11111112;21835.444444444445;12004.77777777778;62397.77777777778
1688371563;89208897.77777779;22582;12096.88888888889;56462.88888888889
1688371564;76164280.8888889;22294.88888888889;12056.222222222223;49273.77777777778
1688371565;68233129.55555557;22894.55555555556;12041.111111111111;42264.88888888889
1688371566;68523411.55555557;22634.333333333336;12037.666666666668;50055.333333333336
1688371567;68625224.77777778;24047.55555555556;12023.88888888889;58364.222222222226
1688371568;68312473.66666667;24061.222222222223;11968.333333333334;66538.88888888889
1688371569;68496360.77777778;23089.88888888889;12028.333333333334;67718.22222222223
1688371570;70273518.11111112;23259.55555555556;12031.77777777778;65125.77777777778
1688371571;82945279.66666667;23008.333333333336;12014.88888888889;68158.22222222223
1688371572;95457291.77777779;22441.444444444445;11927.111111111111;75162.22222222223
1688371573;104558399.11111112;24007.111111111113;11921.444444444445;79672.88888888889
1688371574;112611317.8888889;24354.444444444445;12013.222222222223;86491.55555555556
1688371575;103534436;23137.111111111113;12010.444444444445;76271.55555555556
1688371576;90420227.77777779;22437.666666666668;12019.444444444445;61260.88888888889
1688371577;77681270.66666667;24543.77777777778;12012.555555555557;45609.77777777778
1688371578;64652880.66666667;27223.333333333336;11955;37525.77777777778
1688371579;51726410.77777778;26905.88888888889;12008.111111111111;30255.333333333336
1688371580;38761645.222222224;28396.333333333336;12006.333333333334;23683.333333333336
1688371581;26249617.666666668;28430.88888888889;12011.111111111111;16692.88888888889
1688371582;17148510.555555556;28231.000000000004;12008.555555555557;14005.000000000002
1688371583;4077585.0000000005;29565.222222222223;11916.77777777778;14010.555555555557
1688371584;11282.88888888889;31673.88888888889;12074.555555555557;13938.333333333334
1688371585;11281.666666666668;31191.111111111113;12075.88888888889;14023.000000000002
1688371586;11282.111111111111;29433.88888888889;12075.333333333334;13956.444444444445
1688371587;11282.77777777778;26512.666666666668;12074.77777777778;13916.111111111111
1688371588;11283.333333333334;27953.88888888889;12020.555555555557;14012.88888888889
1688371589;11271.333333333334;29086.000000000004;12298.333333333334;14000.555555555557
1688371590;11271.77777777778;38078.77777777778;12291.111111111111;14025.333333333334
1688371591;11272;35790.555555555555;12328;14087.222222222223
1688371592;11273.77777777778;34287.222222222226;12330.222222222223;14081.444444444445
1688371593;11273.222222222223;33889.88888888889;12183.444444444445;14071.88888888889
1688371594;11282.88888888889;34753.11111111112;12248.333333333334;13980.222222222223
1688371595;11302.444444444445;34567.444444444445;12262.77777777778;14017.77777777778
1688371596;11303.222222222223;33716.11111111112;12265;14112.77777777778
1688371597;11301.88888888889;33175.444444444445;12264.444444444445;13999.444444444445
1688371598;11305.77777777778;29459.666666666668;11987.222222222223;14079.88888888889
1688371599;11313.222222222223;21224.666666666668;12032.77777777778;14053.333333333334
1688371600;11313.77777777778;23119.77777777778;11996.666666666668;13992.333333333334
1688371601;11312.666666666668;23612.77777777778;11994.222222222223;13991.000000000002
1688371602;11306;23230;11984.77777777778;13989.333333333334
1688371603;11296.222222222223;22294.444444444445;11916;13989.222222222223
1688371604;11275.444444444445;23903.444444444445;11909;13945.333333333334
1688371605;11316;24388.444444444445;11996;13865.111111111111
1688371606;11314.111111111111;24260.444444444445;12002.555555555557;13978.77777777778
1688371607;11312.666666666668;26734.222222222223;12001.111111111111;13905.000000000002
1688371608;11306;29047.222222222223;11962.88888888889;13976.555555555557
1688371609;11304.666666666668;27142.000000000004;11970.222222222223;14017.000000000002
1688371610;11321;27138.444444444445;12055.444444444445;14017.000000000002
1688371611;11320.333333333334;28027.77777777778;12056.555555555557;14009.333333333334
1688371612;11319.333333333334;28345.77777777778;12050.444444444445;14009.444444444445
1688371613;11318.666666666668;27307.000000000004;12042.555555555557;14017.333333333334
1688371614;11275;27694.222222222223;11949.444444444445;14002.111111111111
1688371615;11276.111111111111;28180.333333333336;12038.333333333334;13891.000000000002
1688371616;11274.555555555557;25526.111111111113;12037.555555555557;13957.000000000002
1688371617;11271.77777777778;22401.77777777778;12035.666666666668;13886.222222222223
1688371618;11270.88888888889;23001.55555555556;12042.222222222223;13891.77777777778
1688371619;11252.88888888889;22119.55555555556;11998.88888888889;13892.666666666668
1688371620;11251.555555555557;22132.333333333336;12071;13892.444444444445
1688371621;11250.666666666668;24035.666666666668;12070.88888888889;13892.000000000002
1688371622;11248.555555555557;24333.222222222223;12069.111111111111;14016.88888888889
1688371623;11248.77777777778;23391;12092;14013.666666666668
1688371624;11248.222222222223;24726.55555555556;11996.222222222223;14210.000000000002
1688371625;11258.333333333334;24931;12089.333333333334;14121.333333333334
1688371626;11267.444444444445;25806.55555555556;12083;14120.88888888889
1688371627;11266.88888888889;26081.222222222223;12075.333333333334;14156.222222222223
1688371628;11268.111111111111;36214.88888888889;12096.444444444445;14473.111111111111
1688371629;11266.666666666668;35315.11111111112;12021.77777777778;14541.77777777778
1688371630;11266;42899.77777777778;12077.111111111111;14530.555555555557
1688371631;11279.444444444445;42925.444444444445;12078.666666666668;14885.222222222223
1688371632;11287.666666666668;43665.333333333336;12059.333333333334;14894.77777777778
1688371633;11286.88888888889;41367.55555555556;12058.88888888889;14661.000000000002
1688371634;11283.333333333334;42531.66666666667;11967.77777777778;14623.444444444445
1688371635;11274.555555555557;42059.88888888889;12041.333333333334;14583.555555555557
1688371636;11274;42585.333333333336;12073.444444444445;14463.666666666668
1688371637;11273.77777777778;34404.88888888889;12008.222222222223;14203.111111111111
1688371638;11274.77777777778;43391.222222222226;12028.88888888889;14104.111111111111
1688371639;11274.77777777778;32584.333333333336;11971.666666666668;14495.666666666668
1688371640;11271.77777777778;34312;11971.555555555557;13985.333333333334
1688371641;11271.88888888889;33274.11111111112;12024.88888888889;13939.88888888889
1688371642;11280.111111111111;34996.444444444445;12032.666666666668;13940.444444444445
1688371643;11273.111111111111;34252.66666666667;12031.88888888889;13944.77777777778
1688371644;11273.222222222223;34235.555555555555;11964.77777777778;13994.666666666668
1688371645;11272.222222222223;32916.222222222226;11939.555555555557;13995.555555555557
1688371646;11271;31101.77777777778;12071.77777777778;13909.222222222223
1688371647;11270.222222222223;22626.111111111113;12050.88888888889;13976.88888888889
1688371648;11271.333333333334;23292.222222222223;12052.111111111111;13578.222222222223
1688371649;11261.444444444445;21444.333333333336;12052.444444444445;13621.111111111111
1688371650;11253.77777777778;22592.55555555556;11999.555555555557;13629.111111111111
1688371651;11245.555555555557;22158.77777777778;12063.333333333334;13634.77777777778
1688371652;11244.88888888889;22404.88888888889;12065.222222222223;13631.555555555557
1688371653;11250.222222222223;22173.88888888889;12067.88888888889;13582.444444444445
1688371654;11252.88888888889;23570.77777777778;12056.333333333334;13631.77777777778
1688371655;11270.555555555557;22226;11927.77777777778;13630.333333333334
1688371656;11278.88888888889;23487.77777777778;12019.222222222223;13557.111111111111
1688371657;11277.666666666668;22468.444444444445;12019.222222222223;13548.000000000002
1688371658;11284;23904.222222222223;12019.555555555557;13600.77777777778
1688371659;11282.77777777778;22862.333333333336;12018.222222222223;13640.111111111111
1688371660;11283.555555555557;23853.77777777778;11947.555555555557;13631.111111111111
1688371661;11284.555555555557;22107.666666666668;12001.666666666668;13631.77777777778
1688371662;11279.444444444445;24017;11994.111111111111;13638.000000000002
1688371663;11276.444444444445;23696.88888888889;11990.555555555557;13586.77777777778
1688371664;11257;25608.444444444445;12005;13630.444444444445
1688371665;11249.77777777778;23057.666666666668;11914.88888888889;13631.666666666668
1688371666;11250.77777777778;25271.88888888889;11977.77777777778;13624.222222222223
1688371667;11244.77777777778;26120.333333333336;12086.222222222223;13521.88888888889
1688371668;11250.88888888889;30058.222222222223;12087.88888888889;13478.333333333334
1688371669;11251.333333333334;28411.000000000004;12087.333333333334;13662.666666666668
1688371670;11257;29620.666666666668;12040.444444444445;13660.222222222223
1688371671;11274.77777777778;28611.444444444445;12093.333333333334;13656.666666666668
1688371672;11283.88888888889;28184.55555555556;12094.111111111111;13666.333333333334
1688371673;11293.555555555557;29762.55555555556;12077.77777777778;13624.555555555557
1688371674;11298.555555555557;30030.000000000004;12078.666666666668;13721.444444444445
1688371675;11304.88888888889;28733.444444444445;12017;13718.88888888889
1688371676;11304.111111111111;26245.88888888889;11908.333333333334;13702.444444444445
1688371677;11305.222222222223;23336.55555555556;12004;13756.88888888889
1688371678;11310.88888888889;23181.111111111113;12019.222222222223;13572.333333333334
1688371679;11304.222222222223;22965.222222222223;12008.88888888889;13731.88888888889
1688371680;11292;23740.666666666668;11954.666666666668;13729.666666666668
1688371681;11283.555555555557;23485.111111111113;12001.444444444445;13720.000000000002
1688371682;11274.555555555557;22348.77777777778;12003.444444444445;13711.000000000002
1688371683;11268.111111111111;24099.77777777778;12021.111111111111;13612.000000000002
1688371684;11259.77777777778;25100.666666666668;12025.333333333334;13663.222222222223
1688371685;11259.444444444445;24534;12025.77777777778;13673.77777777778
1688371686;11271.222222222223;23883;11929.111111111111;13616.77777777778
1688371687;11264.333333333334;23655.222222222223;12010.666666666668;13613.222222222223
1688371688;11263.77777777778;25429.333333333336;12012.88888888889;13455.88888888889
1688371689;11264.444444444445;22885.222222222223;12014.77777777778;13591.77777777778
1688371690;11266.333333333334;25426.444444444445;11971;13590.88888888889
1688371691;11278.444444444445;23494.333333333336;12077.88888888889;13593.444444444445
1688371692;11280;23347.55555555556;12057.88888888889;13593.111111111111
1688371693;11290.222222222223;23185.77777777778;12053.444444444445;13541.88888888889
1688371694;11299.666666666668;23710.222222222223;12052.111111111111;13573.222222222223
1688371695;11281.444444444445;23890.666666666668;12053;13588.000000000002
1688371696;11282.444444444445;23134.666666666668;11962.666666666668;13596.000000000002
1688371697;11284.333333333334;25253.333333333336;11962.333333333334;13596.444444444445
1688371698;11278.111111111111;29103.333333333336;12058.333333333334;13467.333333333334
1688371699;11277.333333333334;27156.666666666668;12056.111111111111;13578.222222222223
1688371700;11265.555555555557;30214.000000000004;11949.555555555557;13648.333333333334
1688371701;11274.77777777778;28617.333333333336;11949.88888888889;13640.555555555557
1688371702;11266.555555555557;29280.333333333336;12011.444444444445;13644.111111111111
1688371703;11256.77777777778;29452.666666666668;12011.555555555557;13629.666666666668
1688371704;11256.333333333334;29617.333333333336;12011.555555555557;13664.000000000002
1688371705;11255.111111111111;30617.000000000004;12014.111111111111;13662.222222222223
1688371706;11254.444444444445;26535.444444444445;12021.222222222223;13670.444444444445
1688371707;11254.88888888889;23823.111111111113;11923.333333333334;13725.444444444445
1688371708;11254.555555555557;24006.666666666668;12014.111111111111;13619.444444444445
1688371709;11254.555555555557;22449.111111111113;12010.666666666668;13632.444444444445
1688371710;11252.555555555557;24147.333333333336;12011.555555555557;13716.444444444445
1688371711;11259.111111111111;23002;11948.77777777778;13729.88888888889
1688371712;11267.77777777778;22911.111111111113;12013;13711.77777777778
1688371713;11266.77777777778;24870.111111111113;12032.77777777778;13663.555555555557
1688371714;11268.222222222223;25249.222222222223;12030.88888888889;13665.111111111111
1688371715;11274.88888888889;24273;12023.88888888889;13665.444444444445
1688371716;11284.666666666668;24616.77777777778;12023.666666666668;13602.444444444445
1688371717;11285.222222222223;22667.77777777778;11932.111111111111;13600.000000000002
1688371718;11285.666666666668;22373.666666666668;12009.88888888889;13521.88888888889
1688371719;11278.222222222223;22025.666666666668;12024;13446.555555555557
1688371720;11271.222222222223;23334.55555555556;12024;13520.77777777778
1688371721;11263.666666666668;22196.111111111113;11960;13574.88888888889
1688371722;11263.77777777778;20306;11994.333333333334;13581.333333333334
1688371723;11263.555555555557;20442;11993.444444444445;13624.555555555557
1688371724;11256.333333333334;22117.666666666668;11993.666666666668;13614.111111111111
1688371725;11244.444444444445;21698.77777777778;12004;13612.77777777778
1688371726;11244.555555555557;22621.88888888889;12011.333333333334;13612.000000000002
1688371727;11249.111111111111;24905.77777777778;11934.333333333334;13611.88888888889
1688371728;11254.555555555557;26069.444444444445;11919.666666666668;13610.111111111111
1688371729;11253.222222222223;26898.88888888889;12009.77777777778;13527.555555555557
1688371730;11252.88888888889;32462.77777777778;12036.88888888889;13579.555555555557
1688371731;11269.444444444445;32683.88888888889;11986.666666666668;13875.666666666668
1688371732;11268.333333333334;31550.88888888889;12034.111111111111;13830.77777777778
1688371733;11267.88888888889;33206.555555555555;12077;13839.555555555557
1688371734;11269.222222222223;33836.444444444445;12082.666666666668;13849.555555555557
1688371735;11267.88888888889;33307.77777777778;12077.77777777778;13850.111111111111
1688371736;11262.111111111111;31704.77777777778;12080.666666666668;13845.000000000002
1688371737;11262.444444444445;28678.444444444445;12098.333333333334;13847.333333333334
1688371738;11262.555555555557;26912.666666666668;12033.444444444445;13838.111111111111
1688371739;11262.111111111111;21727;12150.222222222223;13733.111111111111
1688371740;11252.222222222223;24544.88888888889;12147;13519.333333333334
1688371741;11251;23756.77777777778;12093.77777777778;13567.666666666668
1688371742;11250.555555555557;22195;12106;13561.666666666668
1688371743;11248.666666666668;22681.55555555556;12089.666666666668;13554.77777777778
1688371744;11248.111111111111;22699.333333333336;12087.444444444445;13555.444444444445
1688371745;11246.222222222223;22741.444444444445;12085.333333333334;13556.333333333334
1688371746;11251.88888888889;23240.77777777778;12066.88888888889;13555.666666666668
1688371747;11251.77777777778;23313.88888888889;12048;13551.333333333334
1688371748;11251;22604.666666666668;11902.111111111111;13548.333333333334
1688371749;11251.333333333334;18844.333333333336;11975.111111111111;13459.666666666668
1688371750;11250.111111111111;23225.222222222223;11989.77777777778;13457.555555555557
1688371751;11255;22292.666666666668;11932.222222222223;13595.88888888889
1688371752;11255.555555555557;22077;11989.666666666668;13593.88888888889
1688371753;11264.444444444445;23735.55555555556;11992.555555555557;13593.111111111111
1688371754;11267.555555555557;23068.88888888889;11998.444444444445;13591.111111111111
1688371755;11254.222222222223;23897.666666666668;12005.111111111111;13590.555555555557
1688371756;11255;23374.111111111113;12005.77777777778;13598.222222222223
1688371757;11260.222222222223;26479.77777777778;12043.333333333334;13606.222222222223
1688371758;11252;28703.77777777778;11968.222222222223;13604.222222222223
1688371759;11253.222222222223;25066.55555555556;11950.666666666668;13557.111111111111
1688371760;11248.222222222223;28635.222222222223;12106;13433.88888888889
1688371761;11255.77777777778;27588.666666666668;12064.222222222223;13542.77777777778
1688371762;11244.666666666668;27495.333333333336;12117.666666666668;13598.333333333334
1688371763;11243;29062.77777777778;12111.444444444445;13619.111111111111
1688371764;11242.666666666668;28929.77777777778;12106.555555555557;13618.88888888889
1688371765;11241.77777777778;28801.666666666668;12106.88888888889;13616.333333333334
1688371766;11244.111111111111;26659.111111111113;12069.77777777778;13616.444444444445
1688371767;11245.666666666668;24650.77777777778;12076.111111111111;13618.666666666668
1688371768;11246;25215.444444444445;12078;13620.555555555557
1688371769;11248.111111111111;21572.444444444445;11922.88888888889;13603.666666666668
1688371770;11240.333333333334;24760.111111111113;12010.666666666668;13509.555555555557
1688371771;11241.77777777778;24476.444444444445;11952.77777777778;13753.222222222223
1688371772;11240.88888888889;23455.333333333336;11971.444444444445;13883.666666666668
1688371773;11247.222222222223;25047;12019.666666666668;14037.88888888889
1688371774;11247.111111111111;26369.77777777778;12013.666666666668;14184.444444444445
1688371775;11249.666666666668;27801.77777777778;12015;14302.666666666668
1688371776;11260.111111111111;27240.333333333336;12009.111111111111;14352.444444444445
1688371777;11268.88888888889;27586.111111111113;12008.555555555557;14317.444444444445
1688371778;11272.77777777778;27961.333333333336;12009;14243.88888888889
1688371779;11279.444444444445;24563.55555555556;11904.666666666668;14154.666666666668
1688371780;11287.444444444445;25035.666666666668;11989;13779.88888888889
1688371781;11288.88888888889;26051.444444444445;11993.666666666668;13555.222222222223
1688371782;11290.555555555557;24009.222222222223;11953.666666666668;13476.77777777778
1688371783;11297.444444444445;25112.333333333336;12043.333333333334;13270.444444444445
1688371784;11288.111111111111;23383.111111111113;12051.666666666668;13070.222222222223
1688371785;11275.555555555557;24126.111111111113;12050.77777777778;12948.666666666668
1688371786;11266.111111111111;23043.666666666668;12051;12909.555555555557
1688371787;11259.444444444445;25885.77777777778;12070.77777777778;12918
1688371788;11253.222222222223;28878.666666666668;12071.222222222223;12922.555555555557
1688371789;11247;27783.88888888889;11987.666666666668;12941.666666666668
1688371790;11245.555555555557;25013.333333333336;11971.333333333334;12941.77777777778
1688371791;11248.666666666668;29246.000000000004;12051.111111111111;12793.444444444445
1688371792;11240.333333333334;30127.666666666668;11987.444444444445;13166.88888888889
1688371793;11237.88888888889;32677.111111111113;12033.333333333334;13171.222222222223
1688371794;11239.333333333334;32726.666666666668;12033.88888888889;13235.222222222223
1688371795;11240.111111111111;35298.444444444445;12035.88888888889;13236.000000000002
1688371796;11240;31698.77777777778;12017.88888888889;13447.666666666668
1688371797;11240;29905.111111111113;12026.444444444445;13500.111111111111
1688371798;11240.222222222223;29123.333333333336;12041;13511.333333333334
1688371799;11242.444444444445;29478.666666666668;12044.333333333334;13466.111111111111
1688371800;11234.111111111111;26966.333333333336;11957.444444444445;13418.77777777778
1688371801;11237;25458.55555555556;11933.111111111111;12984
1688371802;11240.444444444445;22789.444444444445;11970.222222222223;13031
1688371803;11240.666666666668;23202.666666666668;12017.444444444445;12974.222222222223
1688371804;11241.666666666668;22803.55555555556;12015;12926.555555555557
1688371805;11241.666666666668;23492.77777777778;12015.444444444445;12661.111111111111
1688371806;11253.111111111111;22178;12010.333333333334;12560.444444444445
1688371807;11252.666666666668;22976.55555555556;11996.666666666668;12484.666666666668
1688371808;11251.555555555557;23171.222222222223;11995.111111111111;12484.77777777778
1688371809;11257.666666666668;21506.444444444445;11993.111111111111;12485.111111111111
1688371810;11256.333333333334;20980.222222222223;11991.111111111111;12489.77777777778
1688371811;11259.111111111111;21492;11900.666666666668;12395.444444444445
1688371812;11266.666666666668;22389.666666666668;11944.77777777778;12420.88888888889
1688371813;11266.222222222223;21964.88888888889;11992;12463.88888888889
1688371814;11266;23399.333333333336;11992.333333333334;12462.333333333334
1688371815;11253.88888888889;23615.77777777778;12049.444444444445;12462.666666666668
1688371816;11260;24642.222222222223;12066.333333333334;12463.222222222223
1688371817;11260.222222222223;27318.55555555556;12059.77777777778;12461.555555555557
1688371818;11253.444444444445;30260.222222222223;12061;12470.555555555557
1688371819;11253.88888888889;28645.666666666668;12061.555555555557;12468.666666666668
1688371820;11256.333333333334;31574.666666666668;12060.444444444445;12466.333333333334
1688371821;11266.666666666668;29707.444444444445;12026.111111111111;12387
1688371822;11265.77777777778;32880.222222222226;12090.333333333334;12364.77777777778
1688371823;11268;34581.222222222226;12109.444444444445;12830.111111111111
1688371824;11267.333333333334;35892.11111111112;12109.666666666668;12830.222222222223
1688371825;11261.444444444445;34954.222222222226;12094.222222222223;12891.555555555557
1688371826;11260.77777777778;33782.88888888889;12092.333333333334;12898.333333333334
1688371827;11258;30120.000000000004;12098.333333333334;12887.444444444445
1688371828;11256.444444444445;30795.88888888889;12098;12886.555555555557
1688371829;11250.222222222223;27109.222222222223;12098.555555555557;12888.111111111111
1688371830;11233.88888888889;29324.77777777778;12042.666666666668;12894.555555555557
1688371831;11233.444444444445;24657.77777777778;11929.666666666668;12890.222222222223
1688371832;11231.111111111111;23978;12005.666666666668;12469.111111111111
1688371833;11230.666666666668;22350.333333333336;11952.555555555557;12622.666666666668
1688371834;11229.666666666668;23480.88888888889;12015.444444444445;12562.444444444445
1688371835;11230.555555555557;22299.333333333336;12015;12561.333333333334
1688371836;11259.111111111111;23941.333333333336;12009.555555555557;12562.77777777778
1688371837;11260.444444444445;23539.88888888889;12010.222222222223;12570.77777777778
1688371838;11260.444444444445;24996.444444444445;12010.222222222223;12570
1688371839;11258.333333333334;22176.222222222223;12008.88888888889;12562
1688371840;11259;24941.333333333336;12012.222222222223;12546.88888888889
1688371841;11261.444444444445;21387;11914.222222222223;12504.333333333334
1688371842;11262.111111111111;24558.111111111113;11908.111111111111;12351.111111111111
1688371843;11263;22812.55555555556;11935.111111111111;12512.222222222223
1688371844;11263.555555555557;23946.88888888889;12008;12507
1688371845;11235.666666666668;23346.444444444445;12006.444444444445;12507.111111111111
1688371846;11237.111111111111;24014.222222222223;12024.333333333334;12498.222222222223
1688371847;11235.333333333334;22875.444444444445;12023.88888888889;12507
1688371848;11235.222222222223;29809.55555555556;12026.444444444445;12505.444444444445
1688371849;11236.222222222223;26506.222222222223;12024;12506.88888888889
1688371850;11233.555555555557;30346.55555555556;12040.444444444445;12515.111111111111
1688371851;11252.333333333334;26303.111111111113;12048.111111111111;12514.444444444445
1688371852;11251.444444444445;29834.444444444445;11999.222222222223;12352
1688371853;11251.111111111111;28636.88888888889;12028.555555555557;12426.88888888889
1688371854;11251.77777777778;29682.666666666668;12083.111111111111;12524.555555555557
1688371855;11257.444444444445;29594.55555555556;12063.555555555557;12532.88888888889
1688371856;11266.444444444445;30337.000000000004;12064.222222222223;12522.333333333334
1688371857;11266.222222222223;23402.222222222223;12069.333333333334;12521.444444444445
1688371858;11266.88888888889;25092.77777777778;12083;12519.333333333334
1688371859;11267.77777777778;21633.55555555556;12073.333333333334;12510.111111111111
1688371860;11250.333333333334;25071.666666666668;12064;12509.444444444445
1688371861;11250.77777777778;21112.222222222223;12019.666666666668;12509.88888888889
1688371862;11257.555555555557;22996.77777777778;11918.111111111111;12434.111111111111
1688371863;11257.77777777778;22703.444444444445;11979.444444444445;12335.222222222223
1688371864;11258.444444444445;23292.111111111113;11979;12483.666666666668
1688371865;11250.88888888889;22488.77777777778;12030.333333333334;12482.88888888889
1688371866;11270.666666666668;24688.222222222223;12030.555555555557;12484.88888888889
1688371867;11269.111111111111;23403;12018.444444444445;12483.666666666668
1688371868;11270.88888888889;24510.111111111113;12055.222222222223;12483.222222222223
1688371869;11270.222222222223;21428.77777777778;12062.222222222223;12483
1688371870;11270.555555555557;24698;12061.444444444445;12481.88888888889
1688371871;11269.333333333334;21727.77777777778;12060.444444444445;12482.444444444445
1688371872;11276.333333333334;21970.111111111113;11942.666666666668;12483.77777777778
1688371873;11267.77777777778;22182.55555555556;12032.111111111111;12347.444444444445
1688371874;11268.444444444445;23817.55555555556;11978.77777777778;12479.111111111111
1688371875;11249.77777777778;22235;12024;12478
1688371876;11250.333333333334;24109.55555555556;12029.77777777778;12479
1688371877;11247.666666666668;23459.88888888889;11985.222222222223;12485.88888888889
1688371878;11258;30677.666666666668;11979.666666666668;12487.555555555557
1688371879;11264.333333333334;27078.000000000004;11983;12489.444444444445
1688371880;11254.77777777778;30178.55555555556;11981.222222222223;12490.111111111111
1688371881;11266.77777777778;28122.444444444445;11983.77777777778;12488.77777777778
1688371882;11267.77777777778;28727.55555555556;11894.222222222223;12470.555555555557
1688371883;11276;29025.444444444445;11985;12400.77777777778
1688371884;11283.555555555557;30267.333333333336;11930.444444444445;12565.333333333334
1688371885;11283.555555555557;29276.55555555556;12030.333333333334;12573.222222222223
1688371886;11291.666666666668;31424.222222222223;12030.77777777778;12567.666666666668
1688371887;11283.222222222223;24392.77777777778;12036.333333333334;12565.666666666668
1688371888;11278.333333333334;26353.55555555556;12037.333333333334;12563.666666666668
1688371889;11279.77777777778;23391;12038.444444444445;12562.333333333334
1688371890;11259;26222.444444444445;12038.666666666668;12579.333333333334
1688371891;11258.111111111111;24034.111111111113;12039.555555555557;12578.555555555557
1688371892;11249.333333333334;24541.111111111113;11957.555555555557;12585.111111111111
1688371893;11240.88888888889;24070;11965.88888888889;12420.333333333334
1688371894;11240;25428.444444444445;11950.77777777778;12468.222222222223
1688371895;11231.333333333334;26688.111111111113;12199.77777777778;12562.555555555557
1688371896;11239.88888888889;36626;12295.88888888889;12602.88888888889
1688371897;11237.444444444445;35300.222222222226;12334.666666666668;12602.77777777778
1688371898;11240.333333333334;36865.88888888889;12337.333333333334;12608.111111111111
1688371899;11250.666666666668;35195.11111111112;12338.222222222223;12590.555555555557
1688371900;11252.111111111111;38125;12338.88888888889;12588.88888888889
1688371901;11251.77777777778;34986.11111111112;12333.444444444445;12520.77777777778
1688371902;11253.111111111111;35654.555555555555;12329.77777777778;12520.666666666668
1688371903;11253.666666666668;35288.333333333336;12239.88888888889;12480.444444444445
1688371904;11263.333333333334;33932.88888888889;12098.222222222223;12449.666666666668
1688371905;11253.111111111111;23592.444444444445;12005.88888888889;12492.444444444445
1688371906;11254.444444444445;25454.111111111113;12057;12492.77777777778
1688371907;11253.555555555557;24593.88888888889;12056;12488.222222222223
1688371908;11252.111111111111;30829.444444444445;12055.333333333334;12497
1688371909;11252.111111111111;27145.222222222223;12052.666666666668;12497.111111111111
1688371910;11259;30450.88888888889;12058.555555555557;12503.555555555557
1688371911;11268.222222222223;27975.000000000004;12055.555555555557;12503.222222222223
1688371912;11268.444444444445;27981.666666666668;12064.666666666668;12485.333333333334
1688371913;11261;26945.444444444445;11958.555555555557;12420.555555555557
1688371914;11260.111111111111;29869.333333333336;12039.333333333334;12344.111111111111
1688371915;11259;27603.111111111113;11948.555555555557;12494.555555555557
1688371916;11259.555555555557;28656.111111111113;12011.222222222223;12500.88888888889
1688371917;11251.88888888889;21890.55555555556;12010.444444444445;12493.222222222223
1688371918;11252;24148.55555555556;12026.333333333334;12495.333333333334
1688371919;11244.77777777778;21146.444444444445;12019.555555555557;12489.77777777778
1688371920;11235.666666666668;25122.333333333336;12020.555555555557;12489.88888888889
1688371921;11234;22751.666666666668;12009.444444444445;12492
1688371922;11234;23240.55555555556;12017.444444444445;12493
1688371923;11242.222222222223;21749.55555555556;11935;12487.333333333334
1688371924;11249.555555555557;24467.666666666668;11971.111111111111;12336.333333333334
1688371925;11248.222222222223;22866;11999.222222222223;12475.77777777778
1688371926;11266;24288.111111111113;12074.111111111111;12475.111111111111
1688371927;11265.333333333334;22669.222222222223;12065.88888888889;12473.555555555557
1688371928;11274.333333333334;24479.444444444445;12066;12474
1688371929;11280.666666666668;21058.333333333336;12065.77777777778;12473.77777777778
1688371930;11290;24172.222222222223;12068.77777777778;12474.88888888889
1688371931;11293.77777777778;22069.222222222223;12062.555555555557;12477.222222222223
1688371932;11286.77777777778;22794.444444444445;12054.555555555557;12485
1688371933;11286.666666666668;21509.666666666668;12018.444444444445;12513
1688371934;11289.555555555557;23510.666666666668;11928.222222222223;12405.555555555557
1688371935;11274.333333333334;22439.88888888889;11946.444444444445;12500.333333333334
1688371936;11280.88888888889;22785.444444444445;11979.222222222223;12589.444444444445
1688371937;11274.444444444445;23364;11985;12596.88888888889
1688371938;11267.555555555557;29425.222222222223;11992.555555555557;12599.666666666668
1688371939;11259.111111111111;27597.333333333336;12025.333333333334;12599.666666666668
1688371940;11254.88888888889;29789.77777777778;12023.222222222223;12598.222222222223
1688371941;11265.222222222223;28750.222222222223;12024.222222222223;12589.555555555557
1688371942;11264.77777777778;29469.666666666668;12021.333333333334;12564.666666666668
1688371943;11269.77777777778;29409.111111111113;12020.88888888889;12526.222222222223
1688371944;11267.666666666668;30684.55555555556;11928.222222222223;12450.88888888889
1688371945;11261.666666666668;31205.77777777778;11979.333333333334;12419.77777777778
1688371946;11259.666666666668;28671.333333333336;11972.666666666668;12494.77777777778
1688371947;11267;24972.666666666668;12026.555555555557;12494.444444444445
1688371948;11266.444444444445;23708.222222222223;11993;12492.222222222223
1688371949;11267.111111111111;23291.88888888889;11994.88888888889;12491.555555555557
1688371950;11256;23912.88888888889;11996.555555555557;12492.333333333334
1688371951;11250.666666666668;23593.88888888889;11998.88888888889;12497.444444444445
1688371952;11244.88888888889;21564.111111111113;12000.222222222223;12503.77777777778
1688371953;11252.444444444445;21536.55555555556;12006.88888888889;12486.111111111111
1688371954;11251.77777777778;21445.666666666668;11918.333333333334;12428.666666666668
1688371955;11251.444444444445;24415.444444444445;12010.333333333334;12428.444444444445
1688371956;11262.333333333334;22477.111111111113;11948.555555555557;12516.444444444445
1688371957;11261.444444444445;25515.77777777778;11999.666666666668;12519
1688371958;11260;23721.444444444445;11998.111111111111;12527.111111111111
1688371959;11267.77777777778;23944;11995.444444444445;12529.222222222223
1688371960;11274.111111111111;25279;11995.222222222223;12525
1688371961;11272.88888888889;27028.666666666668;11992.555555555557;12578.555555555557
1688371962;11273.77777777778;25861.55555555556;11985.88888888889;12580.77777777778
1688371963;11281.555555555557;26979.666666666668;12041.333333333334;12597.444444444445
1688371964;11280.88888888889;25269.55555555556;11949.666666666668;12518
1688371965;11262.111111111111;26695.55555555556;12031.555555555557;12430.333333333334
1688371966;11271.333333333334;24207.88888888889;12006.666666666668;12576.77777777778
1688371967;11271.88888888889;26433.55555555556;12070.77777777778;12569.77777777778
1688371968;11263.444444444445;31418.222222222223;12071.666666666668;12576.111111111111
1688371969;11255.444444444445;30188.333333333336;12074.666666666668;12575.222222222223
1688371970;11256;30737.666666666668;12085.444444444445;12524.222222222223
1688371971;11257.444444444445;31356.55555555556;12087.111111111111;12581.88888888889
1688371972;11257;29414.333333333336;12039.77777777778;12566.88888888889
1688371973;11257.333333333334;30339.000000000004;12040.111111111111;12567.333333333334
1688371974;11259.333333333334;28857.111111111113;11958.555555555557;12592
1688371975;11251.222222222223;31212.666666666668;12022.444444444445;12445.77777777778
1688371976;11251.333333333334;29208.222222222223;11959.444444444445;12508.222222222223
1688371977;11252.77777777778;24747;12015.444444444445;12580.88888888889
1688371978;11254.111111111111;23630.222222222223;12028.666666666668;12579.444444444445
1688371979;11254.333333333334;22792.666666666668;12019.77777777778;12571.444444444445
1688371980;11245.555555555557;23445.333333333336;12077;12513.333333333334
1688371981;11238;24478.55555555556;12069.111111111111;12514.111111111111
1688371982;11237.333333333334;22949.333333333336;12068.333333333334;12512.444444444445
1688371983;11236.555555555557;24822.55555555556;12087.333333333334;12488.77777777778
1688371984;11243.444444444445;22267.88888888889;12005.88888888889;12488.666666666668
1688371985;11241.555555555557;24953.666666666668;12008.555555555557;12427.444444444445
1688371986;11252.88888888889;22758.77777777778;12042.333333333334;12394
1688371987;11260.111111111111;24385.666666666668;12089.88888888889;12479.88888888889
1688371988;11259.555555555557;23444.444444444445;12089;12481.666666666668
1688371989;11255.222222222223;22799.333333333336;12028.333333333334;12480.77777777778
1688371990;11255.666666666668;23235;12027.222222222223;12482.666666666668
1688371991;11263.555555555557;23917.666666666668;12027.555555555557;12484.666666666668
1688371992;11263.555555555557;22689.333333333336;12007.88888888889;12482.333333333334
1688371993;11258.666666666668;24625.222222222223;11997.666666666668;12501
1688371994;11259.77777777778;22358.666666666668;11994.444444444445;12513.555555555557
1688371995;11244.111111111111;25047.222222222223;11904.222222222223;12466.444444444445
1688371996;11233.666666666668;22647.222222222223;11936.88888888889;12435.555555555557
1688371997;11232.444444444445;24038;11938.88888888889;12539.333333333334
1688371998;11235.555555555557;29130.77777777778;11997;12539.444444444445
1688371999;11242;28538.444444444445;12004.333333333334;12537.77777777778
1688372000;11234.666666666668;29480.333333333336;12002.111111111111;12534.111111111111
1688372001;11244.111111111111;29331.77777777778;12004;12533.77777777778
1688372002;11243.444444444445;27905.333333333336;12004.77777777778;12513.111111111111
1688372003;11250;30320.55555555556;12005.333333333334;12498
1688372004;11254.555555555557;27934.222222222223;12005.666666666668;12516.666666666668
1688372005;11263.666666666668;30510.111111111113;11910.88888888889;12462.88888888889
1688372006;11271.111111111111;38643.77777777778;12040;12354.333333333334
1688372007;11277.444444444445;33798.11111111112;11993.111111111111;12817.88888888889
1688372008;11277.444444444445;33453.11111111112;12049.222222222223;12816.88888888889
1688372009;11277.88888888889;32861.88888888889;12059;12818.333333333334
1688372010;11267.555555555557;33552;12064.444444444445;12820.88888888889
1688372011;11266.111111111111;34461.77777777778;12104.333333333334;12829
1688372012;11258.555555555557;31756.77777777778;12105.444444444445;12828.444444444445
1688372013;11257.666666666668;33883.11111111112;12108.88888888889;12814.77777777778
1688372014;11249.77777777778;31432.88888888889;12106.666666666668;12820.88888888889
1688372015;11243.88888888889;23235.77777777778;11975.666666666668;12822
1688372016;11248.111111111111;22123.88888888889;12074.77777777778;12356.77777777778
1688372017;11240.77777777778;22634.666666666668;12018.666666666668;12408
1688372018;11248.444444444445;22454.333333333336;12064.333333333334;12503.444444444445
1688372019;11247.444444444445;22015;12057.333333333334;12501
1688372020;11246.222222222223;23071.55555555556;12017.666666666668;12494.111111111111
1688372021;11247.111111111111;24441.111111111113;12016.222222222223;12493.77777777778
1688372022;11246;22508.666666666668;12014;12486.222222222223
1688372023;11252.666666666668;24576.88888888889;12022.666666666668;12486.444444444445
1688372024;11251.77777777778;22865.222222222223;12021.222222222223;12494
1688372025;11246.222222222223;24241.111111111113;11908.88888888889;12492.77777777778
1688372026;11254.444444444445;23601.88888888889;12075.666666666668;12439.666666666668
1688372027;11246.111111111111;24150;12019.333333333334;12398.222222222223
1688372028;11254.111111111111;29682.222222222223;12075.111111111111;12488
1688372029;11262.444444444445;28952.000000000004;12073.88888888889;12486.111111111111
1688372030;11263.666666666668;29028.444444444445;12081.88888888889;12493.77777777778
1688372031;11275.333333333334;30050.55555555556;12081.444444444445;12495.88888888889
1688372032;11267.555555555557;29101.88888888889;12081.222222222223;12488.111111111111
1688372033;11268;30970.333333333336;12082.222222222223;12545.444444444445
1688372034;11270.88888888889;29651.55555555556;12084.88888888889;12551.88888888889
1688372035;11263;30904.444444444445;11909.444444444445;12551.222222222223
1688372036;11271.111111111111;29129.666666666668;11912.222222222223;12510.555555555557
1688372037;11270.77777777778;24512;11948.88888888889;12510.666666666668
1688372038;11264.77777777778;23060.333333333336;12013.222222222223;12602.666666666668
1688372039;11264.111111111111;24193.111111111113;12003.555555555557;12596.88888888889
1688372040;11256.222222222223;24312.88888888889;12000.88888888889;12594.666666666668
1688372041;11258.77777777778;24970.222222222223;11993;12596.444444444445
1688372042;11258.444444444445;23248.222222222223;11991.77777777778;12531.77777777778
1688372043;11258.88888888889;24700.444444444445;12011.222222222223;12528.333333333334
1688372044;11260.222222222223;24468.222222222223;12019.222222222223;12601.88888888889
1688372045;11260.666666666668;26224.333333333336;12020.555555555557;12586.88888888889
1688372046;11253.222222222223;25242.55555555556;11929.444444444445;12498.555555555557
1688372047;11271;26374.444444444445;11963;12456.77777777778
1688372048;11271.222222222223;24331.88888888889;12017.77777777778;12547.333333333334
1688372049;11269;24896.666666666668;12019.555555555557;12549.555555555557
1688372050;11278.222222222223;24591.77777777778;12019.666666666668;12547
1688372051;11278.666666666668;25770;12020;12546.77777777778
1688372052;11269.666666666668;23801.333333333336;12000.77777777778;12552.555555555557
1688372053;11266.88888888889;24744;11993.77777777778;12505.444444444445
1688372054;11258.88888888889;23077.88888888889;11992.333333333334;12521.111111111111
1688372055;11257.666666666668;24406.222222222223;11990.444444444445;12554.555555555557
1688372056;11238.88888888889;23236.222222222223;11902.222222222223;12506.555555555557
1688372057;11237.666666666668;24096.333333333336;11938.444444444445;12478.77777777778
1688372058;11237.666666666668;28292.333333333336;11937.222222222223;12569.88888888889
1688372059;11226.555555555557;28844.666666666668;11991.444444444445;12570.333333333334
1688372060;11225.444444444445;28884.000000000004;11998.666666666668;12572.222222222223
1688372061;11225.111111111111;30150.111111111113;11997.222222222223;12564.333333333334
1688372062;11237.555555555557;27519.222222222223;11997.77777777778;12539.333333333334
1688372063;11237.555555555557;29711.55555555556;11996.222222222223;12523.666666666668
1688372064;11239.222222222223;27632.111111111113;11997.222222222223;12488.88888888889
1688372065;11237.111111111111;28894.77777777778;12048.666666666668;12489.111111111111
1688372066;11238.333333333334;27932.000000000004;11958.555555555557;12426.333333333334
1688372067;11236.111111111111;22709.55555555556;12059.111111111111;12353.444444444445
1688372068;11243.333333333334;21868;12004.88888888889;12493.444444444445
1688372069;11249.77777777778;22300.222222222223;12052.444444444445;12508
1688372070;11250.88888888889;23667.88888888889;12054.333333333334;12508.444444444445
1688372071;11237.77777777778;24162.88888888889;12054.444444444445;12525.333333333334
1688372072;11238.666666666668;22758.55555555556;12063.666666666668;12526.77777777778
1688372073;11246.222222222223;22713.222222222223;12084;12534.88888888889
1688372074;11248.77777777778;23530.444444444445;12032.88888888889;12534.111111111111
1688372075;11248;22603.444444444445;12043.555555555557;12547.444444444445
1688372076;11250;23880.55555555556;11981.555555555557;12535.333333333334
1688372077;11263.555555555557;22882.666666666668;12081.444444444445;12437.666666666668
1688372078;11258.555555555557;22890.55555555556;12030.666666666668;12478.555555555557
1688372079;11258.111111111111;20797.88888888889;12087.444444444445;12567.444444444445
1688372080;11267;23215.666666666668;12089.88888888889;12548.555555555557
1688372081;11267.111111111111;22357.666666666668;12084.555555555557;12547.333333333334
1688372082;11263.111111111111;23825.55555555556;12065.555555555557;12537.333333333334
1688372083;11263;22195.333333333336;12065.555555555557;12542.555555555557
1688372084;11262.444444444445;24464.222222222223;12071.77777777778;12535.555555555557
1688372085;11269.666666666668;21630.55555555556;12035.111111111111;12526.555555555557
1688372086;11257.444444444445;23774.77777777778;11983.222222222223;12485.111111111111
1688372087;11256.88888888889;21986;12072.111111111111;12427.77777777778
1688372088;11264.222222222223;28671.88888888889;12015.666666666668;12394
1688372089;11256;26005.666666666668;12014.111111111111;12504
1688372090;11255.444444444445;29501.77777777778;12068;12541.666666666668
1688372091;11253.666666666668;27698.55555555556;12074.88888888889;12543
1688372092;11264.88888888889;28679.444444444445;12067.444444444445;12538.222222222223
1688372093;11265.88888888889;27538.88888888889;12058.88888888889;12531.555555555557
1688372094;11265.666666666668;30125.77777777778;12058.444444444445;12592.444444444445
1688372095;11256.77777777778;27571.55555555556;12009.444444444445;12602.444444444445
1688372096;11257.666666666668;29909.55555555556;11920;12603
1688372097;11256.77777777778;22581.55555555556;12029.333333333334;12564
1688372098;11258.333333333334;23724.111111111113;12035.88888888889;12463.111111111111
1688372099;11259.333333333334;21583.77777777778;11980.222222222223;12561
1688372100;11257.333333333334;25302.88888888889;12026;12560
1688372101;11245.555555555557;23919.666666666668;12084.77777777778;12558
1688372102;11244.666666666668;24824.77777777778;12077.555555555557;12554.88888888889
1688372103;11236.444444444445;23823.666666666668;12077.333333333334;12495.666666666668
1688372104;11237.222222222223;25572.666666666668;12087.77777777778;12485.88888888889
1688372105;11235.333333333334;22736.88888888889;12085.555555555557;12487.222222222223
1688372106;11237.77777777778;24069.333333333336;11993.88888888889;12471.666666666668
1688372107;11249.222222222223;22969.666666666668;11985.77777777778;12462.111111111111
1688372108;11263.77777777778;23589.333333333336;12083.88888888889;12325.111111111111
1688372109;11264.222222222223;19839.444444444445;12031;12456
1688372110;11263.555555555557;23681.333333333336;12028.333333333334;12457.77777777778
1688372111;11263.333333333334;21784;12029.555555555557;12467.77777777778
1688372112;11264.666666666668;22807.111111111113;12031.111111111111;12469.444444444445
1688372113;11265.666666666668;23254.111111111113;12022.333333333334;12526
1688372114;11264.77777777778;24949.666666666668;12022.444444444445;12599.222222222223
1688372115;11256;23351.55555555556;12003.666666666668;12607.88888888889
1688372116;11243.111111111111;24072.111111111113;12003;12609.444444444445
1688372117;11227.555555555557;23690.111111111113;11903.555555555557;12618.666666666668
1688372118;11233.444444444445;31638.444444444445;11983.77777777778;12487.77777777778
1688372119;11239.333333333334;27885.111111111113;11924.77777777778;12543.111111111111
1688372120;11240.222222222223;32192.55555555556;11970.88888888889;12625
1688372121;11238;30174.000000000004;11970;12622.88888888889
1688372122;11247.88888888889;31631.111111111113;11970;12567
1688372123;11256;31721.000000000004;11968.88888888889;12493
1688372124;11263.222222222223;33391.222222222226;11968.555555555557;12483
1688372125;11263.222222222223;32209.77777777778;11970.88888888889;12483.111111111111
