Time;{instance="10.231.0.208:9100"};{instance="192.168.221.10:9100"};{instance="192.168.221.11:9100"};{instance="192.168.221.12:9100"}
1688377331;0.9444444427370087;13.500000000001606;3.500000000005656;3.8888888888878768
1688377332;0.8888888897167249;13.500000000001606;3.555555555552317;3.7777777777743324
1688377333;0.9722222224809229;13.44444444444484;3.499999999985448;4.055555555558172
1688377334;0.8888888884232244;12.72222222222706;3.3333333333353465;4.7777777777759525
1688377335;5.13888888914758;13.222222222217766;3.3888888888921116;8.222222222224843
1688377336;9.416666667028835;13.611111111105046;3.555555555562421;14.944444444442212
1688377337;13.500000000931323;13.666666666661811;3.499999999995552;23.77777777778141
1688377338;17.777777777519077;13.722222222218576;3.2222222222218164;30.833333333334338
1688377339;21.94444444547925;13.222222222217766;3.3333333333353465;37.33333333333474
1688377340;25.944444445324024;13.722222222218576;2.944444444437977;42.66666666666828
1688377341;30.16666666630448;13.44444444444484;3.055555555561611;50.388888888892325
1688377342;34.41666666702885;13.888888888888886;3.055555555561611;57.00000000000121
1688377343;38.777777777674295;13.555555555558385;2.888888888891316;61.77777777777717
1688377344;38.666666666459705;13.111111111104236;2.7777777777777715;64.3888888888897
1688377345;38.5555555552451;15.166666666664241;2.8888888888913016;62.61111111110848
1688377346;38.694444444910104;18.111111111112322;3.000000000004846;61.05555555555434
1688377347;37.91666666640796;22.055555555562023;2.944444444437977;62.722222222222015
1688377348;35.11111111147329;28.666666666665847;2.8333333333345365;67.05555555555394
1688377349;35.52777777658774;31.66666666668081;3.111111111118376;70.55555555555455
1688377350;35.194444444237476;31.888888888887678;2.888888888891316;71.16666666666889
1688377351;35.13888888863019;31.333333333340192;2.944444444437977;69.3333333333309
1688377352;34.80555555627991;31.277777777783427;2.944444444437977;69.05555555555716
1688377353;34.74999999937913;35.61111111112041;2.999999999994742;70.05555555554868
1688377354;34.694444443771815;33.0555555555697;2.7222222222210064;72.44444444444424
1688377355;34.361111110128036;30.444444444442013;2.7777777777676675;70.16666666666727
1688377356;35.13888888992369;26.388888888888886;2.944444444448081;67.00000000000222
1688377357;37.61111110992108;20.388888888889284;2.8888888888811977;61.27777777778141
1688377358;37.69444444527228;17.333333333327673;2.666666666664227;60.55555555555353
1688377359;37.74999999958608;17.944444444442013;2.8333333333345365;60.49999999999677
1688377360;37.88888888925107;18.666666666659793;2.7222222222311103;63.05555555555252
1688377361;38.16666666599404;18.999999999990294;3.000000000004846;65.72222222222182
1688377362;38.333333332815926;17.72222222221494;2.7777777777777715;66.11111111111414
1688377363;38.611111110852406;19.77777777776484;2.7777777777777715;66.83333333333192
1688377364;38.77777777767428;20.777777777786667;2.6666666666743453;69.27777777777413
1688377365;37.24999999912042;23.333333333337364;3.055555555561611;72.6111111111095
1688377366;33.472222224291826;24.83333333332969;3.1666666666751553;73.4444444444408
1688377367;28.916666667080577;25.61111111111434;3.2777777777785815;70.88888888889011
1688377368;28.027777777363852;24.777777777772926;3.1666666666549332;69.0000000000004
1688377369;27.58333333379899;24.166666666668675;3.2777777777785815;70.11111111111555
1688377370;27.166666667391027;23.99999999999838;3.000000000004846;70.94444444444686
1688377371;26.722222222532665;20.722222222219784;3.2777777777886854;72.55555555555777
1688377372;26.388888888888886;18.83333333333009;3.3333333333252426;73.16666666666707
1688377373;25.944444444030523;21.277777777777374;3.3333333333353465;74.66666666666949
1688377374;27.08333333333333;22.999999999986656;2.8333333333345365;75.66666666666606
1688377375;30.888888886612307;21.055555555560403;2.944444444437977;79.22222222222344
1688377376;34.111111110541955;19.888888888888474;3.111111111118376;84.05555555555617
1688377377;35.13888889121719;19.88888888889859;3.000000000004846;88.33333333333637
1688377378;35.222222221394375;19.666666666671517;2.8888888888811977;88.94444444444565
1688377379;35.194444444237476;20.777777777776564;3.999999999996348;89.3888888888897
1688377380;35.33333333260896;22.000000000005244;3.8333333333260526;90.11111111111252
1688377381;35.16666666708058;21.94444444444848;4.000000000006466;91.50000000000647
1688377382;35.583333333488554;19.388888888887678;3.8888888888929216;92.055555555559
1688377383;32.944444445375765;18.38888888889616;3.944444444429479;92.22222222222425
1688377384;31.1944444456862;18.555555555556353;4.2222222222234365;93.55555555555637
1688377385;31.833333333229845;18.777777777773323;4.055555555553127;93.27777777777757
1688377386;31.611111108213663;19.05555555554706;4.388888888883628;91.50000000000142
1688377387;31.47222222242918;19.166666666660603;4.500000000007276;91.00000000000061
1688377388;31.472222222429167;19.944444444445253;3.3888888888820077;90.66666666666505
1688377389;27.694444445013573;20.611111111106254;3.444444444448891;91.00000000000061
1688377390;23.80555555508988;21.111111111117168;3.499999999995552;91.66666666666667
1688377391;19.805555555245107;20.055555555558783;3.666666666665847;92.16666666666748
1688377392;18.611111111628503;16.944444444440393;3.7222222222327304;92.3888888888895
1688377393;16.444444444237476;16.888888888883628;3.111111111118376;92.3888888888895
1688377394;12.75000000087958;16.611111111109892;3.111111111108272;93.00000000000384
1688377395;8.722222223877907;18.944444444443633;3.2777777777886854;94.83333333333172
1688377396;4.944444443875298;18.944444444453737;3.3888888888820077;96.72222222222142
1688377397;1.1388888880092907;17.333333333327673;3.500000000005656;98.61111111111111
1688377398;0.8888888884232244;15.222222222221006;3.499999999995552;98.99999999999838
1688377399;0.9166666655801237;14.888888888880402;3.3888888888921116;98.99999999999838
1688377400;0.833333334109426;18.55555555554625;3.111111111108272;98.66666666666282
1688377401;0.8611111099728248;22.33333333333576;3.3333333333252426;93.88888888888687
1688377402;0.8611111099728248;22.111111111118788;3.3888888888820077;90.222222222221
1688377403;0.833333334109426;21.77777777777817;3.499999999995552;87.61111111110849
1688377404;0.9444444440305233;19.444444444444443;3.055555555551507;85.00000000000101
1688377405;0.9166666668736241;19.44444444443434;3.000000000004846;82.1111111111097
1688377406;0.9722222224809087;18.88888888889697;3.111111111108272;79.16666666666161
1688377407;1.0000000009313084;20.777777777776564;2.999999999994742;76.33333333333212
1688377408;1.0000000009313226;24.888888888886456;2.7222222222210064;74.27777777777717
1688377409;1.0277777780882076;26.555555555559195;2.944444444448081;73.8888888888899
1688377410;1.0277777780882076;23.11111111111029;2.555555555560801;77.83333333332949
1688377411;1.111111112145906;23.38888888888404;3.000000000004846;79.50000000000222
1688377412;0.9444444427370229;23.500000000007674;2.7777777777777715;79.44444444444545
1688377413;0.9166666668736241;27.000000000003226;2.8333333333345365;80.27777777777172
1688377414;1.0277777780882076;31.111111111113132;2.8333333333345365;81.55555555555212
1688377415;0.9722222224809087;32.22222222221818;2.7222222222210064;83.0555555555596
1688377416;0.9722222224809087;30.38888888889535;2.8333333333345365;84.27777777777818
1688377417;1.0555555552451068;28.111111111128494;3.000000000004846;83.61111111111212
1688377418;1.0555555552451068;28.000000000004846;2.8888888888913016;83.99999999999939
1688377419;1.0833333336955064;31.166666666669897;2.944444444437977;83.27777777778161
1688377420;0.9166666668736241;31.166666666659793;2.7222222222210064;83.16666666666302
1688377421;1.0000000009313084;31.055555555556353;2.888888888891316;82.99999999999778
1688377422;1.1111111108524199;28.111111111108272;2.8888888888811977;82.44444444444525
1688377423;0.8888888884232387;25.333333333340605;2.6666666666642413;81.66666666666566
1688377424;0.9444444427370087;27.44444444444727;2.555555555560801;82.27777777777494
1688377425;1.1111111108524057;29.833333333327673;3.111111111118376;83.88888888888586
1688377426;0.9166666681671245;27.777777777767668;3.166666666665037;84.94444444443918
1688377427;0.8888888884232102;24.44444444444241;3.3333333333252426;83.11111111111131
1688377428;0.805555554365526;22.944444444439995;3.2777777777785815;83.66666666666384
1688377429;0.8333333328159256;22.833333333346673;3.2222222222218164;83.61111111111212
1688377430;0.888888887129724;25.722222222217766;3.2222222222218164;83.83333333333414
1688377431;0.8055555556590264;27.94444444444808;3.2777777777886854;84.00000000000445
1688377432;0.8888888897167391;26.111111111105046;3.555555555552317;82.83333333333758
1688377433;0.8888888897167391;23.49999999999757;3.611111111109082;82.00000000000121
1688377434;0.8055555556590264;21.111111111117168;2.944444444448081;80.33333333333354
1688377435;1.0277777780882076;21.500000000004448;2.944444444437977;79.22222222222344
1688377436;1.0555555552451068;19.166666666660603;2.8333333333345365;79.11111111110989
1688377437;0.9444444453240237;17.222222222224232;3.111111111118376;78.3333333333404
1688377438;1.0277777780882076;18.166666666658983;3.055555555561611;78.72222222222263
1688377439;0.9444444440305233;15.499999999994742;2.999999999994742;80.16666666666828
1688377440;0.9444444453240237;12.61111111111353;2.944444444437977;79.55555555555394
1688377441;0.9722222211874083;13.055555555557575;2.7777777777878754;80.83333333332929
1688377442;0.9722222224809229;12.277777777772926;2.8888888888913016;79.8888888888895
1688377443;0.999999999637808;16.38888888889292;2.944444444437977;79.55555555555898
1688377444;0.8611111086793102;17.777777777771703;2.50000000001414;81.38888888889193
1688377445;0.9722222237744234;18.222222222225852;2.8333333333345365;82.83333333333252
1688377446;1.1388888893028053;17.722222222225042;2.61111111111758;83.05555555554949
1688377447;1.111111112145906;16.7777777777802;2.611111111107462;82.38888888888849
1688377448;1.166666667753205;21.66666666666464;2.61111111111758;80.77777777777757
1688377449;1.1388888880093049;26.999999999993122;2.666666666664227;78.0555555555515
1688377450;1.0833333336955064;30.666666666669087;2.7222222222210064;74.94444444444828
1688377451;1.0277777780882076;31.166666666669897;2.611111111107462;73.33333333333232
1688377452;1.1111111108524057;28.055555555541403;2.7222222222210064;72.49999999999596
1688377453;1.0555555578321076;28.77777777777939;3.1666666666549332;71.33333333333414
1688377454;0.8888888884232244;28.666666666665847;2.7777777777676675;71.00000000000364
1688377455;0.8611111099728248;29.222222222223436;3.166666666665037;70.00000000000202
1688377456;0.9166666668736241;28.666666666655743;3.000000000004846;69.94444444444525
1688377457;0.8888888884232244;23.777777777791513;3.166666666665037;70.1111111111105
1688377458;0.8888888897167249;22.33333333333576;4.888888888884438;74.00000000000344
1688377459;0.8888888884232244;23.55555555554423;4.944444444441203;78.0555555555515
1688377460;1.0000000009312942;27.94444444444808;5.111111111111512;81.27777777777838
1688377461;0.8611111112663252;27.00000000001333;4.833333333337777;81.72222222222749
1688377462;0.916666664286609;25.500000000000796;4.888888888894542;81.27777777777838
1688377463;0.9722222224809087;27.66666666666424;4.888888888904646;81.88888888888768
1688377464;1.0277777780882076;30.666666666658983;6.666666666660603;83.83333333333414
1688377465;0.9722222211874225;33.3888888889002;6.999999999991104;85.38888888888829
1688377466;0.9444444453240237;33.27777777776646;6.722222222227472;85.16666666666626
1688377467;0.9166666655801237;29.499999999997158;5.111111111111512;83.88888888888586
1688377468;1.0555555552451068;25.22222222222706;4.999999999997968;83.0555555555596
1688377469;0.9999999983443075;20.611111111116358;4.722222222224232;81.99999999999616
1688377470;0.8611111125598256;23.33333333332726;4.888888888884438;81.55555555555212
1688377471;0.9444444453240237;30.333333333338587;4.611111111110702;81.22222222221656
1688377472;1.0277777767947072;28.166666666675155;4.944444444441203;79.33333333333192
1688377473;0.9444444440305233;24.555555555555955;2.6666666666743453;77.3888888888905
1688377474;0.9722222224809229;22.11111111109858;2.444444444447271;74.22222222222041
1688377475;0.8888888884232387;22.27777777777898;2.7222222222210064;74.55555555555596
1688377476;0.9722222224809087;22.055555555551905;2.555555555560801;74.55555555556101
1688377477;1.0000000009313084;21.277777777777374;2.7777777777777715;73.66666666666788
1688377478;0.8611111125598256;25.44444444444403;2.8333333333345365;74.16666666666869
1688377479;1.0555555539516064;24.222222222225454;2.8333333333345365;74.88888888888647
1688377480;0.9444444453240237;16.388888888882818;2.999999999994742;74.00000000000342
1688377481;0.9166666681671245;16.277777777769288;2.7222222222210064;74.61111111111273
1688377482;0.8611111125598399;17.944444444442013;2.9444444444379627;74.94444444444323
1688377483;0.8333333328159256;19.38888888889778;3.000000000004846;77.44444444444727
1688377484;0.9166666681671245;22.055555555551905;2.7222222222210064;78.55555555555738
1688377485;0.9722222224809229;23.2777777777806;3.2222222222218164;81.05555555555637
1688377486;0.7500000000517417;23.222222222223834;2.999999999994742;81.77777777777413
1688377487;1.0555555552451068;19.3333333333309;3.2777777777785815;81.00000000000465
1688377488;0.9444444453240237;19.83333333333171;3.2222222222218164;80.61111111111232
1688377489;1.0277777780882218;21.611111111117978;4.166666666666657;82.49999999999696
1688377490;0.8888888884232387;21.77777777777817;4.2777777777802015;83.44444444444181
1688377491;0.9444444440305233;20.44444444444605;4.166666666666657;83.55555555555534
1688377492;1.0555555552451068;20.888888888890094;4.333333333326863;82.27777777778
1688377493;0.9999999970508071;22.500000000006054;4.444444444440393;81.99999999999616
1688377494;0.9166666655801237;24.44444444445253;3.8888888888929216;80.88888888888606
1688377495;0.9722222211874083;24.555555555555955;4.111111111119996;81.72222222222747
1688377496;0.805555554365526;24.22222222221535;3.8333333333260526;82.00000000000121
1688377497;0.9444444440305233;23.055555555563643;4.000000000006466;81.94444444444444
1688377498;0.8333333328159256;24.111111111101806;2.999999999994742;78.72222222222263
1688377499;1.1388888880093049;25.666666666671105;3.111111111108272;80.11111111111151
1688377500;2.444444445427493;27.333333333333727;3.1666666666650514;81.5000000000004
1688377501;6.972222222894828;25.888888888888076;2.8888888888811977;79.16666666666161
1688377502;11.472222223205279;21.83333333333495;3.111111111118376;74.94444444444828
1688377503;15.972222223515729;18.61111111110303;3.166666666665037;70.16666666666222
1688377504;20.27777777855387;18.55555555554625;2.7777777777777715;66.1111111111091
1688377505;24.44444444392704;19.055555555567267;3.055555555551507;62.111111111107675
1688377506;28.444444445065315;22.444444444439185;2.8888888888811977;59.888888888892524
1688377507;32.972222222532665;19.555555555557973;3.000000000004846;64.11111111111596
1688377508;36.74999999994826;17.72222222221494;2.6666666666642413;63.6111111111101
1688377509;39.61111111049023;16.05555555556242;2.7222222222311103;58.611111111112116
1688377510;39.08333333286767;15.944444444438787;3.000000000004846;57.88888888889434
1688377511;38.916666667339285;18.444444444442823;2.7222222222210064;60.05555555555272
1688377512;38.472222221187415;21.500000000004434;2.8333333333345365;66.33333333333616
1688377513;38.277777777208634;23.666666666677983;2.888888888891316;71.88888888888667
1688377514;38.52777777938172;22.999999999986656;2.6666666666743453;73.22222222222383
1688377515;38.583333332402006;19.388888888887678;2.944444444448081;72.77777777777474
1688377516;38.416666665580124;21.66666666666464;2.8333333333345365;69.83333333333172
1688377517;38.444444445324024;26.000000000011724;3.000000000004846;68.11111111111232
1688377518;38.388888889716725;26.555555555549077;2.8888888888811977;71.61111111110787
1688377519;38.16666666599404;26.666666666672725;2.8333333333345365;74.66666666665938
1688377520;35.805555555917735;24.666666666669485;2.7222222222210064;75.05555555555677
1688377521;31.694444446151863;24.222222222225454;2.6666666666642413;69.6111111111097
1688377522;27.722222222170473;24.388888888885646;2.999999999994742;64.27777777777615
1688377523;23.222222221860036;24.833333333339795;3.1666666666650514;63.99999999999737
1688377524;19.083333333643765;24.222222222225454;2.8333333333244326;66.83333333333192
1688377525;14.888888889820208;22.277777777789098;3.2222222222319203;67.72222222222504
1688377526;10.83333333307462;17.833333333328483;3.2222222222116983;67.72222222222
1688377527;6.6388888866640485;17.16666666667757;3.500000000005656;67.83333333333859
1688377528;2.8055555575216715;16.833333333326863;3.2222222222218164;68.83333333333515
1688377529;1.0277777767947072;17.388888888884438;3.4444444444387727;70.22222222221899
1688377530;1.0555555539516064;14.777777777776961;3.3888888888921116;73.27777777778061
1688377531;0.9166666668736241;12.38888888889656;3.111111111108272;77.11111111111171
1688377532;1.0277777767947072;12.44444444444322;3.000000000004846;79.66666666666748
1688377533;1.083333332402006;14.277777777766048;3.1666666666751553;79.72222222222425
1688377534;0.999999999637808;14.888888888880402;2.7222222222210064;81.11111111110807
1688377535;0.9444444440305233;15.833333333335347;2.8888888888913016;82.22222222222322
1688377536;1.111111112145906;17.666666666668277;2.6666666666642413;84.72222222221717
1688377537;1.0555555552451068;17.944444444452117;3.000000000004846;86.61111111111192
1688377538;1.0277777793817222;18.222222222225852;4.111111111119996;86.94444444444747
1688377539;1.1944444449101042;18.333333333329293;4.111111111109892;87.16666666666444
1688377540;1.2222222233605038;18.499999999999588;4.2777777777802015;86.16666666666788
1688377541;1.1666666690467054;18.111111111112322;4.111111111109892;86.66666666666363
1688377542;1.0833333349890069;20.33333333333252;4.388888888883628;86.50000000000344
1688377543;1.1666666664597045;24.722222222226264;4.333333333326863;86.44444444444667
1688377544;1.250000000517403;28.77777777777939;4.111111111109892;84.66666666667051
1688377545;1.2222222220669892;28.444444444438787;4.7777777777810115;79.38888888888869
1688377546;1.1111111095589052;28.000000000004846;4.611111111110702;77.27777777777698
1688377547;1.083333332402006;26.44444444444565;3.499999999995552;76.16666666666687
1688377548;0.8611111112663394;26.27777777778546;3.3888888888820077;75.83333333333636
1688377549;0.9166666655801237;26.166666666651707;3.3888888888921116;75.3333333333305
1688377550;0.9444444427370087;30.833333333339397;3.499999999995552;74.77777777778303
1688377551;0.9722222211874083;34.44444444445858;3.1666666666751553;75.99999999999656
1688377552;0.8888888884232244;37.111111111102616;3.4444444444387727;76.16666666666181
1688377553;0.805555554365526;33.38888888887999;3.444444444448891;78.38888888888707
1688377554;0.8055555569525268;32.05555555554787;2.7222222222109025;81.77777777777919
1688377555;0.9166666681671387;32.499999999991914;3.000000000004846;81.55555555555716
1688377556;0.9444444440305091;36.777777777772116;2.944444444437977;80.94444444444282
1688377557;0.8888888884232244;39.27777777776604;3.2222222222319203;82.99999999999778
1688377558;0.999999999637808;39.3888888888998;2.944444444437977;83.94444444444767
1688377559;0.8888888884232244;34.833333333325655;2.8888888888913016;84.05555555555617
1688377560;0.8333333328159256;28.555555555552317;2.944444444448081;82.11111111111475
1688377561;0.999999999637808;25.50000000000081;2.6666666666642413;82.05555555555799
1688377562;0.9166666668736241;25.944444444454945;2.7777777777777715;82.66666666667233
1688377563;0.9999999983443075;25.77777777778465;2.888888888891316;82.72222222222405
1688377564;0.9999999983443075;26.055555555548267;2.499999999993932;83.16666666666302
1688377565;1.0000000009312942;21.94444444444848;2.611111111117566;83.77777777777737
1688377566;0.999999999637808;25.27777777778384;2.500000000004036;82.16666666666646
1688377567;1.0000000009313226;29.666666666667467;2.7777777777777715;83.49999999999858
1688377568;1.444444445789685;29.833333333337777;2.7777777777777715;85.88888888888404
1688377569;1.4166666686327858;31.055555555556353;2.611111111107462;85.33333333333151
1688377570;3.000000001500453;28.333333333335347;3.111111111118376;86.83333333333394
1688377571;7.694444444496185;26.83333333333293;3.000000000004846;82.05555555555293
1688377572;12.083333333592023;27.16666666666343;3.055555555561611;78.66666666666586
1688377573;16.638888890803273;26.666666666672725;3.2222222222218164;74.6666666666695
1688377574;20.888888890234142;26.388888888888886;2.944444444448081;72.11111111111373
1688377575;25.500000000465647;22.77777777777979;3.111111111108272;68.4999999999996
1688377576;29.63888888868192;23.05555555554342;2.944444444448081;66.11111111111414
1688377577;33.444444444547926;25.611111111104236;2.999999999994742;63.222222222222825
1688377578;38.138888888837144;25.11111111111353;3.2777777777785815;63.388888888888076
1688377579;40.58333333297115;22.83333333332645;3.055555555551507;58.22222222221979
1688377580;40.44444444589317;23.444444444440805;3.055555555551507;58.05555555555454
1688377581;40.55555555452075;28.77777777777939;2.944444444448081;59.44444444443838
1688377582;40.27777777648427;29.055555555553127;2.8888888888913016;62.38888888888646
1688377583;40.44444444330616;29.277777777770098;3.166666666665037;64.16666666666768
1688377584;40.72222222392964;27.27777777777696;2.8333333333244326;64.16666666666768
1688377585;40.97222222222221;24.77777777778303;3.000000000004846;61.94444444444747
1688377586;41.11111111059371;22.83333333333657;3.055555555561611;61.277777777776365
1688377587;41.08333333343681;20.77777777776646;2.8333333333244326;61.99999999999919
1688377588;41.02777777782951;25.27777777778384;2.7777777777878754;64.05555555555414
1688377589;41.0555555549864;25.50000000000081;2.7777777777777715;67.33333333333272
1688377590;41.02777777912302;19.888888888888474;2.7777777777676675;66.66666666667172
1688377591;41.416666667080584;20.888888888890094;2.6666666666642413;66.0000000000006
1688377592;41.63888888950977;21.000000000003638;2.444444444437167;66.66666666666666
1688377593;41.472222220100875;20.999999999993534;2.7777777777878754;68.27777777777757
1688377594;41.41666666708059;18.722222222226662;2.500000000004036;67.99999999999373
1688377595;41.861111110645446;19.777777777785047;2.8888888888811977;66.1666666666709
1688377596;41.722222220980456;23.722222222224644;2.944444444448081;65.222222222221
1688377597;42.000000001603944;19.611111111114738;2.8333333333244326;65.38888888889132
1688377598;41.972222223153544;21.222222222220594;2.8333333333345365;63.722222222223635
1688377599;41.02777777782951;22.83333333333657;2.8888888889014197;65.55555555555657
1688377600;36.47222222191178;22.111111111118788;3.111111111108272;65.05555555555576
1688377601;31.777777777622546;22.055555555562023;3.1666666666751553;62.49999999999494
1688377602;27.166666668684528;23.000000000006864;2.999999999994742;61.27777777778141
1688377603;24.9444444443927;23.49999999999757;3.444444444428669;61.94444444444747
1688377604;23.6388888895615;21.88888888888161;3.000000000004846;64.94444444444727
1688377605;22.36111111188721;18.666666666669897;3.444444444438787;66.38888888888788
1688377606;21.388888888112774;21.277777777777374;3.444444444448891;68.44444444444282
1688377607;20.305555554417268;18.944444444443633;3.499999999995552;70.99999999999858
1688377608;20.02777777896779;19.777777777774944;3.499999999985434;71.66666666666464
1688377609;23.166666666252738;23.38888888888404;3.555555555562421;74.3888888888907
1688377610;26.527777775966868;23.83333333332807;3.555555555542213;78.72222222222769
1688377611;29.9166666654249;22.88888888888323;3.4444444444387727;82.16666666666646
1688377612;31.027777777570805;22.555555555562833;3.2222222222319203;84.777777777779
1688377613;31.02777777757082;25.055555555556765;3.666666666665847;85.05555555555273
1688377614;28.916666664493576;24.888888888886456;3.1666666666751553;87.1666666666695
1688377615;25.44444444227136;25.222222222216956;3.499999999995552;87.44444444444828
1688377616;22.055555555400332;29.944444444441203;3.444444444448891;86.72222222222545
1688377617;18.749999998706485;30.166666666668277;3.3888888888921116;87.7777777777788
1688377618;15.583333334264651;27.388888888890506;3.2777777777684776;86.66666666666869
1688377619;12.111111112042423;29.666666666667467;3.2777777777886854;85.77777777777555
1688377620;8.861111110955889;33.66666666666383;3.3888888888921116;86.11111111111111
1688377621;5.361111111576761;42.05555555554383;3.3333333333353465;86.61111111111192
1688377622;1.9722222221187309;40.05555555555069;2.8333333333446404;87.33333333333475
1688377623;1.1944444462036046;39.27777777777616;3.055555555551507;85.88888888888908
1688377624;1.2500000018109034;40.222222222221006;2.611111111117566;84.66666666666545
1688377625;1.3333333345750873;39.44444444444646;2.944444444437977;84.55555555555192
1688377626;1.1666666664597045;36.66666666666869;2.944444444448081;84.05555555555617
1688377627;1.0555555552451068;35.27777777777979;2.944444444448081;83.83333333333414
1688377628;1.2222222233605038;32.27777777777494;3.000000000004846;82.77777777777575
1688377629;1.0555555578321076;29.66666666667757;2.944444444437977;82.55555555554868
1688377630;1.1388888893028053;24.000000000008484;3.055555555551507;82.94444444444102
1688377631;1.111111112145906;27.888888888891316;3.111111111098168;78.99999999999636
1688377632;0.8333333328159256;29.333333333336967;2.944444444448081;75.55555555555253
1688377633;0.9166666668736241;25.333333333340605;3.111111111118376;74.49999999999919
1688377634;0.8611111099728248;21.277777777777374;2.7222222222210064;73.00000000000182
1688377635;0.8611111112663252;21.66666666666464;2.999999999994742;73.05555555555352
1688377636;0.9444444453240237;21.888888888891714;3.000000000004846;72.94444444444
1688377637;0.9166666655801237;21.77777777777817;2.8888888888811977;73.49999999999757
1688377638;0.888888887129724;21.444444444437565;3.055555555561611;72.9444444444501
1688377639;1.0277777780882076;20.33333333333252;2.944444444437977;72.55555555555273
1688377640;0.9166666655801095;19.388888888887664;4.388888888893732;76.72222222221939
1688377641;0.9444444453240237;18.499999999999588;4.444444444450497;80.5555555555606
1688377642;0.8611111112663252;18.277777777782617;4.388888888873524;81.44444444444363
1688377643;0.8888888884232244;18.166666666669087;4.666666666677571;81.33333333333515
1688377644;1.0277777767947072;19.111111111103824;4.277777777790305;81.11111111111313
1688377645;0.9722222211874225;23.49999999999757;4.555555555553937;82.38888888889353
1688377646;0.888888887129724;27.16666666666343;4.500000000007276;84.11111111111798
1688377647;0.9999999983443075;25.888888888888076;4.333333333326863;84.72222222222223
1688377648;0.8888888871297098;24.388888888885646;4.388888888893732;83.50000000000364
1688377649;1.0277777767947072;23.166666666677173;3.000000000004846;83.2222222222299
1688377650;1.1388888880093049;29.333333333326863;3.055555555551507;83.33333333333333
1688377651;1.0277777780882218;32.111111111104634;3.111111111118376;83.8888888888909
1688377652;1.0000000009313084;32.00000000000121;2.7777777777676675;85.1666666666612
1688377653;1.1388888893028053;31.111111111123236;3.111111111098168;84.22222222222142
1688377654;1.0277777767947072;26.44444444444565;2.6666666666642413;84.11111111110787
1688377655;1.1388888905963057;23.66666666666788;3.1666666666549332;84.8333333333307
1688377656;1.0277777793817222;24.166666666668675;3.111111111118376;85.94444444444586
1688377657;1.0555555565386214;23.944444444441615;3.111111111108272;85.77777777778061
1688377658;1.0277777780882076;21.444444444437565;3.111111111098168;84.83333333332565
1688377659;0.9166666668736241;16.7777777777802;2.999999999994742;83.8888888888909
1688377660;0.9999999983443075;13.611111111105046;3.000000000004846;83.44444444444181
1688377661;0.9999999983443075;13.666666666661811;3.2777777777785815;82.72222222222405
1688377662;0.9722222237744234;13.166666666650897;3.000000000004846;83.77777777777737
1688377663;1.0277777806752226;14.833333333323623;3.2222222222218164;83.55555555555534
1688377664;0.9722222224809229;17.16666666667757;2.7222222222311103;81.11111111111313
1688377665;1.0833333324020202;19.555555555557973;3.3333333333353465;79.72222222222425
1688377666;1.083333332402006;23.11111111111029;3.2777777777785815;81.72222222222243
1688377667;1.0000000009313226;24.388888888885646;3.2222222222319203;83.00000000000787
1688377668;1.0555555565386214;23.666666666677983;3.2777777777785815;83.22222222221474
1688377669;1.111111112145906;24.94444444445334;3.2777777777684776;82.44444444444525
1688377670;1.0000000009313084;26.27777777777534;3.055555555561611;83.66666666666384
1688377671;0.8611111099728106;26.666666666672725;3.2222222222218164;83.8888888888909
1688377672;1.0833333311085056;25.27777777778384;3.111111111108272;82.77777777777575
1688377673;0.999999999637808;21.944444444438375;3.3333333333353465;82.6111111111105
1688377674;1.027777779381708;21.44444444444767;2.7777777777777715;82.88888888888424
1688377675;0.9722222224809087;19.777777777785047;3.055555555551507;83.5555555555503
1688377676;0.999999999637808;20.277777777785857;3.2222222222218164;82.83333333332747
1688377677;0.9722222198939079;19.38888888887756;3.2222222222218164;82.33333333333677
1688377678;0.8888888884232102;18.555555555556353;3.1666666666751553;82.55555555555374
1688377679;1.0277777780882076;20.277777777785857;3.111111111108272;83.00000000000283
1688377680;1.1666666664597045;24.555555555555955;3.2777777777785815;84.38888888888667
1688377681;1.0277777767947214;27.722222222221006;3.2222222222319203;87.38888888889151
1688377682;1.0555555552451068;28.111111111108272;3.111111111098168;86.66666666666869
1688377683;0.9999999983443075;26.055555555548267;3.444444444448891;85.88888888888908
1688377684;1.1388888880092907;24.33333333332888;3.055555555561611;84.22222222222142
1688377685;1.1111111108524057;23.055555555553525;3.2222222222218164;83.11111111111131
1688377686;1.0833333336955064;22.888888888893334;3.166666666665037;82.44444444444525
1688377687;1.19444444491009;22.944444444439995;3.111111111108272;81.77777777777919
1688377688;1.1111111108524057;19.999999999991914;3.2777777777785815;79.94444444444626
1688377689;1.0277777780882076;18.166666666669087;2.944444444448081;77.77777777777777
1688377690;0.9166666681671387;19.055555555557163;3.111111111108272;76.61111111111092
1688377691;0.9722222224809229;18.555555555556353;3.055555555561611;78.0555555555515
1688377692;1.0277777780882218;18.611111111113132;2.611111111107462;78.72222222222263
1688377693;0.8333333354029264;18.499999999999588;2.999999999994742;78.22222222222182
1688377694;0.9166666668736241;20.22222222221899;2.666666666664227;79.38888888889375
1688377695;0.8888888897167249;23.99999999999838;2.7777777777878754;80.9999999999996
1688377696;0.9166666668736241;23.77777777778141;2.7777777777777715;84.11111111111293
1688377697;0.9166666655801237;23.66666666666788;2.6666666666743453;84.66666666666545
1688377698;0.805555554365526;21.777777777778184;2.8333333333244326;84.5000000000002
1688377699;1.0277777780882076;21.722222222221404;2.7777777777777715;83.72222222222061
1688377700;0.9444444453240237;25.77777777778465;2.7777777777777715;84.8333333333307
1688377701;0.8055555556590264;29.833333333337777;3.000000000004846;85.66666666666202
1688377702;0.8611111099728248;30.05555555556485;2.7777777777777715;86.11111111111616
1688377703;0.8888888884232244;29.05555555556323;2.8888888888913016;85.16666666666121
1688377704;0.8611111099728248;27.16666666666343;2.6666666666642413;84.77777777777393
1688377705;0.8333333328159398;29.944444444441203;2.8333333333244326;80.61111111110728
1688377706;1.3888888901823861;31.833333333341017;3.166666666665037;77.722222222221
1688377707;5.41666666718406;31.111111111113132;3.111111111108272;78.5000000000006
1688377708;9.750000000672614;27.111111111106666;3.166666666665037;74.94444444444828
1688377709;14.305555555296863;23.166666666656965;3.1666666666751553;69.83333333333677
1688377710;18.888888889664983;19.111111111103824;2.999999999994742;65.61111111111333
1688377711;23.41666666713232;18.777777777773323;3.000000000004846;61.88888888888565
1688377712;27.80555555493467;21.333333333324035;2.944444444448081;59.444444444443434
1688377713;32.166666666873624;21.388888888890904;3.111111111108272;61.27777777778141
1688377714;36.61111111028327;21.388888888890904;2.9444444444581848;62.83333333333555
1688377715;40.41666666614926;21.33333333333414;2.7222222222109025;66.88888888888869
1688377716;41.00000000067261;21.44444444444767;2.8888888889014197;68.44444444444282
1688377717;40.86111111100763;26.94444444444646;2.7777777777676675;70.55555555555453
1688377718;40.99999999937911;30.55555555556566;2.8888888888811977;73.44444444444585
1688377719;40.80555555540033;30.00000000000807;2.8333333333345365;74.22222222222545
1688377720;40.66666666702885;30.277777777771703;2.7777777777777715;75.05555555555677
1688377721;40.94444444506532;26.61111111111596;2.8888888888811977;74.27777777777717
1688377722;41.02777777912303;24.49999999999919;2.7777777777777715;69.05555555555716
1688377723;40.72222222263613;24.277777777772116;3.055555555541403;69.44444444444444
1688377724;40.72222222263613;23.99999999999838;2.944444444448081;67.72222222222504
1688377725;40.58333333297115;27.833333333324433;2.7777777777777715;64.8888888888905
1688377726;40.74999999849953;21.94444444444848;2.944444444448081;64.49999999999818
1688377727;38.66666666645969;20.05555555554868;2.944444444448081;64.44444444444142
1688377728;34.638888888164516;30.277777777771703;5.611111111112322;68.8333333333301
1688377729;30.250000000362178;34.722222222222214;7.000000000001208;73.99999999999838
1688377730;25.77777777850214;35.388888888893334;6.888888888887664;79.94444444444626
1688377731;25.888888888423224;36.83333333333898;7.000000000001208;83.44444444444181
1688377732;26.222222222067003;34.388888888891714;6.888888888897782;81.05555555555637
1688377733;26.361111110438486;35.49999999999676;7.000000000001208;78.11111111110827
1688377734;26.083333333695506;36.000000000007674;6.999999999991104;75.50000000000081
1688377735;25.888888889716725;40.49999999999474;6.8333333333410025;74.16666666666869
1688377736;27.80555555493467;43.11111111111232;6.944444444444443;73.33333333333232
1688377737;31.666666667701463;33.44444444444686;4.333333333326863;70.50000000000283
1688377738;36.138888888268006;29.000000000006466;2.8333333333345365;65.0555555555608
1688377739;39.47222222082524;30.388888888875144;2.8333333333345365;59.38888888888666
1688377740;34.999999998965194;34.99999999999595;2.8333333333345365;56.11111111110807
1688377741;30.47222222279136;41.83333333333697;2.8888888888811977;55.333333333333535
1688377742;26.027777778088222;39.44444444443636;2.7222222222210064;55.833333333334345
1688377743;25.916666665580124;34.99999999999595;2.7777777777777715;57.11111111110969
1688377744;26.277777777674288;30.833333333339397;2.8333333333345365;59.72222222222222
1688377745;25.888888888423224;27.055555555549887;2.7222222222210064;61.83333333333899
1688377746;26.19444444361659;26.83333333333293;2.8333333333345365;62.722222222222015
1688377747;26.055555555245107;26.555555555549077;2.999999999994742;66.22222222221757
1688377748;26.777777778139964;24.44444444445253;2.888888888891316;69.38888888889272
1688377749;31.083333334471618;20.83333333333333;2.999999999994742;73.94444444444667
1688377750;35.13888888863018;20.7222222222198;4.666666666667467;78.38888888888707
1688377751;38.361111111266325;22.611111111119598;4.944444444451307;83.16666666666302
1688377752;38.694444446203605;22.66666666666626;4.833333333337777;85.77777777778061
1688377753;38.472222221187415;24.44444444444241;4.888888888884438;86.72222222222041
1688377754;38.83333333457508;24.49999999999919;4.999999999997968;87.61111111110849
1688377755;38.6944444436166;25.388888888887266;4.944444444451307;88.6111111111101
1688377756;35.194444444237476;25.555555555557575;5.222222222225042;89.94444444444727
1688377757;32.80555555700428;26.500000000002416;5.222222222225042;92.44444444444626
1688377758;33.166666666511446;26.055555555558385;4.944444444451307;91.66666666666667
1688377759;33.55555555576251;22.9444444444501;3.3888888888921116;91.94444444444545
1688377760;34.36111111142155;25.055555555556765;3.166666666665037;92.50000000000303
1688377761;32.99999999968955;29.611111111110702;3.2222222222218164;94.05555555555212
1688377762;33.000000000983064;28.722222222222626;3.111111111118376;94.72222222222324
1688377763;32.666666667339285;33.11111111111636;2.999999999994742;94.72222222222324
1688377764;32.138888891010225;36.277777777771306;3.111111111108272;94.72222222222324
1688377765;34.8888888890441;38.388888888888076;2.888888888891316;94.33333333333091
1688377766;37.08333333229853;40.44444444443798;3.055555555551507;94.22222222222243
1688377767;36.416666667597994;38.83333333333212;3.111111111098168;95.50000000000283
1688377768;33.80555555534859;35.499999999996774;2.7777777777777715;96.16666666666889
1688377769;32.611111110438486;31.500000000000412;3.055555555551507;95.99999999999858
1688377770;33.75000000103479;26.77777777777615;3.000000000004846;95.61111111111131
1688377771;33.55555555446901;25.611111111104236;3.1666666666549332;94.94444444444525
1688377772;33.72222222258439;22.555555555562833;3.111111111118376;93.8333333333301
1688377773;34.083333332091556;22.888888888893334;3.000000000004846;92.94444444444201
1688377774;34.52777777824343;20.94444444444686;2.999999999994742;92.05555555555394
1688377775;32.472222223360504;20.388888888889284;2.888888888891316;90.94444444444383
1688377776;28.472222220928714;20.500000000002828;3.2222222222319203;89.49999999999818
1688377777;26.611111111318067;23.72222222221454;3.2777777777785815;88.33333333333131
1688377778;23.805555556383396;24.49999999999919;3.1666666666650514;86.55555555555515
1688377779;19.777777776794707;25.888888888888076;3.1666666666549332;85.05555555555777
1688377780;15.33333333467857;27.333333333333727;3.000000000004846;86.33333333333313
1688377781;11.194444443875298;28.055555555551507;3.8888888888828177;87.05555555555596
1688377782;8.83333333379899;24.49999999999919;3.8888888888828177;84.66666666667051
1688377783;8.055555555296863;24.16666666666869;3.7777777777894954;84.11111111111798
1688377784;9.027777777777771;22.16666666666545;3.9444444444395828;83.16666666666302
1688377785;12.22222222325702;21.833333333324845;3.8888888888929216;82.05555555555293
1688377786;15.388888888992355;18.666666666669897;4.055555555553127;81.22222222222162
1688377787;18.638888888785416;17.666666666668277;3.9444444444395828;81.11111111111313
1688377788;21.52777777777777;20.05555555554868;3.944444444449701;81.9444444444394
1688377789;24.833333331884603;22.055555555562023;4.2222222222234365;80.9999999999996
1688377790;26.916666666511432;20.99999999999352;3.3888888888921116;81.22222222222162
1688377791;28.249999999793033;20.055555555558783;3.3333333333353465;84.8333333333307
1688377792;28.055555555814266;20.83333333333333;3.3888888888820077;85.83333333332727
1688377793;28.027777778657352;23.444444444440805;3.111111111118376;86.66666666666869
1688377794;25.444444443564862;23.66666666666788;3.055555555541403;88.33333333333637
1688377795;22.36111111059371;23.6111111111111;2.888888888891316;88.44444444444485
1688377796;19.055555555193365;24.11111111111191;3.055555555561611;89.22222222221939
1688377797;16.055555554986412;22.277777777789083;3.000000000004846;89.55555555555495
1688377798;12.972222223308762;23.055555555553525;2.6666666666642413;89.77777777777698
1688377799;10.83333333307462;23.222222222223834;2.8888888888913016;88.66666666666687
1688377800;7.583333333281601;23.49999999999757;2.944444444448081;86.72222222222041
1688377801;4.638888888681919;24.777777777772926;2.944444444437977;87.33333333333475
1688377802;1.6111111100245523;21.666666666674743;2.999999999994742;86.27777777777636
1688377803;0.9722222237744234;21.500000000004448;2.6666666666743453;84.16666666666464
1688377804;0.8611111125598256;21.222222222220594;2.8333333333345365;83.38888888889011
1688377805;0.9722222224808945;21.222222222220594;2.8333333333345365;82.44444444444525
1688377806;1.0555555565386072;18.944444444443633;2.944444444437977;80.33333333333859
1688377807;0.9722222224809229;17.05555555556404;3.055555555561611;79.33333333333192
1688377808;0.9166666668736241;18.055555555555543;2.7222222222210064;81.44444444444869
1688377809;0.9722222224809229;20.111111111115548;2.999999999994742;84.00000000000445
1688377810;1.0277777767947072;19.277777777784237;2.8888888889014197;79.83333333333272
1688377811;0.999999999637808;19.3333333333309;3.000000000004846;79.66666666666748
1688377812;0.9444444440305233;27.44444444444727;3.2222222222218164;79.8888888888895
1688377813;0.9722222224809229;29.888888888884438;2.944444444437977;81.11111111110807
1688377814;0.9444444440305233;29.499999999997172;2.944444444448081;81.88888888889272
1688377815;0.8888888884232244;30.055555555544643;2.999999999994742;81.77777777777413
1688377816;0.9166666668736241;27.499999999993932;3.111111111108272;81.55555555555716
1688377817;0.9444444440305233;29.444444444440393;3.111111111108272;80.3888888888903
1688377818;1.0555555565386214;29.38888888889373;2.7777777777777715;79.16666666666666
1688377819;0.9166666668736241;32.55555555554868;3.2222222222116983;82.44444444444525
1688377820;1.0277777767947072;34.16666666667474;3.055555555551507;84.61111111111374
1688377821;0.9444444440305233;26.277777777775356;2.999999999994742;85.00000000000101
1688377822;1.083333332402006;25.833333333341415;3.111111111118376;84.22222222222142
1688377823;0.9444444440305233;29.666666666667467;3.055555555551507;84.55555555555192
1688377824;0.9444444440305233;34.83333333334586;3.111111111118376;85.88888888888908
1688377825;0.9722222211874083;36.05555555555434;3.055555555551507;87.05555555555596
1688377826;0.999999999637808;31.38888888889697;3.2777777777785815;85.27777777777474
1688377827;0.9444444427370087;29.388888888883628;3.3888888888820077;84.66666666666545
1688377828;0.9444444440305233;25.22222222222706;2.7777777777777715;86.16666666666282
1688377829;0.9444444466175241;23.888888888884836;3.111111111118376;83.77777777777231
1688377830;1.0555555552451068;23.55555555556444;3.111111111108272;83.0555555555596
1688377831;0.9444444440305233;21.55555555555111;3.111111111108272;82.44444444445031
1688377832;1.0833333336955064;22.111111111108684;3.055555555551507;82.00000000000627
1688377833;1.0277777767947072;21.111111111107064;2.8888888888913016;79.11111111111495
1688377834;1.1388888893028053;22.611111111109494;3.000000000004846;74.88888888889151
1688377835;0.9444444453240237;22.99999999999676;2.944444444448081;74.83333333333475
1688377836;0.9722222211874083;22.722222222223024;3.1666666666751553;74.66666666666444
1688377837;0.9722222211874083;24.55555555554585;5.500000000008882;73.05555555555858
1688377838;1.0277777755012067;28.66666666666586;5.166666666658173;74.8333333333398
1688377839;0.8611111099728248;28.944444444439583;5.333333333338587;75.83333333333131
1688377840;0.999999999637808;29.333333333336967;5.222222222225042;76.05555555555333
1688377841;0.8888888884232244;26.166666666671915;5.2777777777818216;75.1666666666602
1688377842;0.8611111112663252;22.16666666666545;5.222222222225042;77.44444444444221
1688377843;0.7500000000517417;19.722222222228282;4.999999999987864;81.6666666666606
1688377844;0.9444444440305233;20.500000000002828;4.888888888884438;82.66666666666727
1688377845;0.9722222237744234;21.66666666666464;4.888888888894542;83.61111111111212
1688377846;0.8888888897167391;19.777777777785047;2.8888888888811977;84.22222222222142
1688377847;0.805555556952541;15.722222222221816;2.944444444448081;81.8333333333309
1688377848;0.9444444453240237;15.222222222221006;2.7777777777777715;80.5555555555505
1688377849;0.8611111112663252;15.055555555550697;3.055555555561611;80.88888888888606
1688377850;0.8611111125598256;14.055555555549077;2.8888888888913016;80.61111111111737
1688377851;0.9444444453240237;18.888888888886868;3.055555555551507;80.66666666666404
1688377852;1.0833333349890069;23.888888888884836;3.000000000004846;80.11111111111151
1688377853;0.9166666668736241;25.722222222217766;3.000000000004846;80.77777777777251
1688377854;0.9166666668736241;24.94444444444322;2.8333333333244326;79.55555555555394
1688377855;1.166666667753205;24.888888888886456;2.7222222222311103;78.05555555555657
1688377856;1.0833333349890069;29.2777777777802;2.944444444437977;78.88888888888788
1688377857;1.0833333349890069;32.44444444444525;3.000000000004846;78.00000000000485
1688377858;0.9444444453240237;31.944444444454547;2.7777777777676675;75.11111111111353
1688377859;1.0833333336955064;31.611111111113942;2.944444444448081;75.44444444443899
1688377860;1.0555555565386072;26.666666666672725;2.8333333333244326;74.61111111111273
1688377861;0.8888888884232244;27.499999999993932;2.944444444448081;74.0555555555602
1688377862;1.0000000009313084;25.94444444444484;2.999999999994742;74.16666666666869
1688377863;1.083333332402006;25.44444444444403;2.8333333333345365;73.5555555555594
1688377864;1.1388888893028053;25.555555555557575;2.944444444448081;74.83333333333475
1688377865;1.166666665166204;21.111111111107064;2.7777777777777715;74.27777777777717
1688377866;1.1388888880092907;22.722222222223024;2.944444444448081;77.33333333333374
1688377867;1.2222222207734887;30.499999999998778;2.999999999994742;80.61111111111232
1688377868;1.2499999992238884;34.16666666666464;3.7777777777692876;82.55555555555878
1688377869;1.1388888880093049;33.777777777777374;4.000000000006466;83.72222222222565
1688377870;1.3055555535376868;29.111111111119996;3.8333333333361566;83.72222222222061
1688377871;1.1388888880093049;33.50000000000364;3.7222222222327304;83.38888888889011
1688377872;1.1388888893028053;43.11111111111232;3.7777777777692876;85.88888888888404
1688377873;0.8333333328159256;47.00000000000526;3.611111111098978;86.83333333332888
1688377874;0.8611111099728248;46.944444444448486;3.7222222222327304;87.83333333333556
1688377875;0.8611111099728248;43.88888888888687;3.4444444444387727;86.83333333333394
1688377876;0.999999999637808;39.99999999999393;3.666666666675951;86.33333333333313
1688377877;0.8333333328159256;39.055555555559195;2.7777777777777715;85.6111111111103
1688377878;0.8888888884232244;38.888888888888886;2.500000000004036;85.22222222222302
1688377879;0.833333334109426;37.777777777773736;3.055555555551507;84.83333333333576
1688377880;0.9444444427370229;32.72222222221899;2.944444444437977;83.33333333333333
1688377881;0.8333333328159256;23.88888888889494;3.111111111118376;78.94444444444464
1688377882;0.9166666655801237;19.55555555554787;3.1666666666650514;76.66666666667273
1688377883;0.8888888884232244;19.611111111114738;3.055555555551507;76.05555555555839
1688377884;1.0000000009313226;18.388888888886058;2.999999999994742;75.88888888888808
1688377885;0.8611111125598256;15.055555555560801;3.055555555561611;75.55555555555758
1688377886;1.0277777780882076;14.722222222220196;3.2222222222218164;73.77777777777636
1688377887;0.9722222237744234;15.722222222221816;3.2222222222218164;75.77777777777455
1688377888;0.9166666668736241;19.222222222227472;2.6666666666743453;77.11111111110667
1688377889;1.1111111134394065;20.277777777775754;2.7777777777777715;78.72222222222263
1688377890;1.0000000009313226;24.055555555555145;2.7222222222210064;82.55555555555878
1688377891;1.2222222220670034;24.33333333332888;2.7222222222311103;84.11111111110787
1688377892;1.2222222220670034;24.16666666665857;2.7222222222210064;83.61111111110706
1688377893;1.1666666664597045;23.66666666666788;2.8333333333345365;83.44444444444181
1688377894;1.1944444449101042;26.27777777777534;2.499999999983828;84.3333333333299
1688377895;1.2222222220669892;29.944444444451307;2.611111111117566;85.00000000000101
1688377896;1.1944444436166037;34.83333333333576;2.8888888888913016;83.72222222222061
1688377897;1.2499999992238884;31.44444444443353;2.999999999994742;83.38888888889515
1688377898;1.1666666664597045;29.722222222224232;3.055555555551507;82.05555555555799
1688377899;1.277777777674288;27.66666666666424;2.888888888891316;79.94444444444626
1688377900;0.9722222224809087;30.38888888889535;3.055555555551507;79.22222222222344
1688377901;1.000000002224823;30.333333333338587;3.111111111108272;81.27777777777838
1688377902;0.999999999637808;30.444444444442013;3.111111111108272;81.22222222222162
1688377903;0.9722222211874083;27.500000000004036;3.055555555561611;80.55555555555556
1688377904;0.9166666681671245;24.999999999989896;2.8333333333244326;79.38888888888869
1688377905;1.083333332402006;22.49999999999595;3.166666666665037;75.55555555555758
1688377906;0.9166666668736241;23.833333333338174;3.7222222222226264;76.94444444444142
1688377907;0.8611111099728248;24.44444444444241;3.666666666675951;78.99999999999636
1688377908;0.7777777772086409;22.222222222222214;3.666666666665847;79.33333333332686
1688377909;1.0277777793817222;19.777777777774944;3.555555555552317;79.05555555555819
1688377910;0.9722222211874083;19.833333333321605;3.611111111119186;77.49999999999899
1688377911;0.9444444453240237;19.944444444445253;3.7777777777793915;77.11111111111171
1688377912;0.9722222224809229;19.83333333333171;3.8333333333361566;77.27777777777698
1688377913;0.999999999637808;18.833333333340207;3.8333333333361566;80.44444444444201
1688377914;0.9166666668736241;16.000000000005656;3.2222222222218164;84.11111111111293
1688377915;1.0000000009313226;14.722222222220196;2.8333333333345365;81.55555555555212
1688377916;0.9722222224809229;13.944444444455755;3.111111111108272;79.22222222222344
1688377917;1.0833333349890069;16.72222222221332;3.2222222222218164;79.72222222222425
1688377918;0.9166666668736241;21.277777777777374;3.166666666665037;81.3333333333301
1688377919;1.0000000009313226;21.722222222231522;3.111111111108272;84.05555555555617
1688377920;0.9722222224809229;21.83333333333495;2.944444444448081;84.94444444444424
1688377921;1.0277777767947072;21.83333333333495;3.2222222222218164;83.94444444444262
1688377922;0.8888888884232244;20.22222222221899;3.111111111118376;82.00000000000627
1688377923;1.0277777780882076;20.111111111105444;3.1666666666549332;82.33333333333172
1688377924;0.9166666655801237;22.666666666676363;2.8888888888811977;84.55555555556202
1688377925;1.0555555565386072;24.33333333332888;2.8888888888913016;87.66666666667031
1688377926;0.9444444440305091;21.44444444444767;2.8888888888811977;89.83333333333879
1688377927;0.8888888884232244;20.611111111116358;2.8888888888913016;88.38888888889313
1688377928;0.8611111112663394;28.944444444439583;2.888888888891316;86.50000000000344
1688377929;0.9444444440305233;33.94444444444767;2.944444444448081;87.72222222222707
1688377930;0.9722222237744091;37.055555555555955;2.8888888888811977;90.94444444444889
1688377931;1.3611111104384719;40.11111111110747;2.999999999994742;92.49999999999798
1688377932;2.4999999997412914;41.666666666666664;3.00000000001495;91.33333333333111
1688377933;7.416666667753205;38.88888888887878;3.111111111108272;86.88888888888566
1688377934;11.749999998654744;37.38888888888646;2.944444444437977;81.11111111110807
1688377935;16.444444444237476;37.5;3.000000000004846;75.22222222221697
1688377936;20.77777777643253;33.611111111107064;3.3888888888820077;72.3333333333307
1688377937;25.361111110800664;25.55555555556768;3.2777777777684776;69.0000000000004
1688377938;29.611111110231533;22.38888888888242;3.166666666665037;66.22222222222263
1688377939;33.86111111095589;19.499999999991104;3.055555555561611;63.44444444444485
1688377940;38.08333333452335;16.66666666667676;3.8888888888929216;61.44444444444667
1688377941;41.499999999844775;17.055555555553937;3.9444444444395828;63.44444444444485
1688377942;40.91666666532142;18.444444444452927;3.944444444449701;63.05555555555252
1688377943;41.02777777912301;19.777777777774944;3.7777777777793915;67.27777777777595
1688377944;40.91666666532142;19.833333333341812;3.666666666665847;73.22222222222383
1688377945;41.02777777912302;20.611111111106254;3.3888888889022155;74.49999999999919
1688377946;40.94444444506532;20.05555555554868;3.666666666675951;73.99999999999838
1688377947;41.19444444594491;20.000000000002018;3.7222222222226122;72.72222222221798
1688377948;41.250000000258694;24.61111111111272;3.555555555562421;71.94444444444343
1688377949;41.11111111188721;28.333333333325243;2.7777777777777715;73.88888888888485
1688377950;41.13888888904411;26.38888888889899;2.7777777777777715;74.3888888888907
1688377951;41.52777777958868;25.11111111111353;2.8888888888913016;75.33333333333556
1688377952;41.499999998551274;25.44444444444403;2.8888888888913016;71.3888888888909
1688377953;41.86111111193895;29.72222222221413;2.8888888888913016;68.27777777777757
1688377954;42.222222222739624;33.3888888889002;2.611111111107462;71.94444444444343
1688377955;42.13888888738842;35.055555555552715;2.6666666666541374;77.05555555555495
1688377956;42.305555555503815;33.27777777778667;2.944444444448081;77.27777777777698
1688377957;42.166666665838825;29.666666666667467;2.999999999994742;75.11111111110849
1688377958;42.16666666454532;29.166666666666657;2.8333333333345365;72.16666666666545
1688377959;41.86111111193895;32.27777777776484;2.7222222222210064;72.0000000000002
1688377960;41.694444443823556;36.22222222221454;2.6666666666743453;76.38888888888889
1688377961;41.61111111235286;35.61111111112041;3.055555555551507;79.33333333333192
1688377962;37.08333333359203;33.66666666666383;3.055555555561611;77.27777777777698
1688377963;32.33333333240202;31.277777777773323;3.2222222222218164;72.0000000000002
1688377964;28.000000000206953;32.72222222221899;2.944444444448081;67.33333333333272
1688377965;24.583333332298523;33.166666666652915;3.111111111098168;66.72222222221838
1688377966;24.833333334471604;32.33333333333171;3.3888888888921116;69.88888888889353
1688377967;25;28.166666666675155;3.499999999995552;71.55555555555617
1688377968;25.222222222429167;24.888888888886456;3.4444444444387727;69.83333333333172
1688377969;25.249999999586066;20.611111111106254;3.7222222222226264;68.05555555555556
1688377970;25.19444444397878;20.388888888889284;3.611111111109082;68.61111111110807
1688377971;29.388888887802338;22.666666666676363;3.611111111098978;73.33333333333736
1688377972;33.88888888940629;23.77777777778141;3.7222222222226264;78.93328125000298
1688377973;38.361111111266325;20.722222222229902;3.6666666666759653;83.93607142857344
1688377974;41.61111111235287;19.888888888898578;3.2222222222218164;89.2270102176883
1688377975;41.63888888821627;20.055555555558783;3.2777777777785815;90.72222222222182
1688377976;41.888888889095846;23.99999999999838;3.3333333333353465;91.55555555555313
1688377977;41.94444444340964;30.33333333334869;3.500000000005656;92.44444444444626
1688377978;41.277777777415594;31.222222222226662;3.055555555541403;93.33333333332929
1688377979;41.527777777001674;30.388888888885248;2.8888888888913016;94.22222222222747
1688377980;41.638888889509765;26.16666666666181;3.00000000001495;92.8888888888903
1688377981;41.66666666666665;28.27777777777858;2.944444444437977;91.34230274441853
1688377982;41.722222222273956;33.33333333333333;2.999999999994742;89.9456572035978
1688377983;39.72222222041132;41.6111111111099;4.444444444450497;89.49533125833017
1688377984;35.11111111017978;45.16666666667232;4.222222222213318;90.66666666665999
1688377985;34.83333333473033;41.111111111109075;4.2222222222234365;91.38888888889294
1688377986;34.52777777824343;37.111111111102616;4.333333333336967;91.61111111110989
1688377987;35.305555556745574;42.499999999997975;4.611111111120806;92.50000000000303
1688377988;33.77777777948519;46.55555555555111;5.277777777771703;93.61111111110807
1688377989;33.638888888526694;45.8888888888901;5.055555555544643;94.55555555555293
1688377990;33.583333331625894;40.722222222221816;5.166666666678381;93.72222222222666
1688377991;33.611111111369794;39.66666666666343;5.277777777771703;94.11111111110888
1688377992;35.47222222356746;31.666666666660603;3.7777777777793915;94.88888888889353
1688377993;39.94444444542751;27.66666666666424;3.666666666665847;94.88888888889353
1688377994;38.499999998344315;30.61111111110222;3.611111111109082;95.33333333333252
1688377995;36.47222222191178;30.388888888885248;3.666666666665847;96.11111111111212
1688377996;36.41666666501098;27.000000000003226;3.7222222222226264;95.61111111111131
1688377997;36.972222221083925;28.9444444444497;3.055555555561611;95.444444444441
1688377998;32.50000000051739;33.33333333333333;3.055555555561611;96.27777777777231
1688377999;28.027777778657352;35.222222222223024;2.999999999984638;98.16666666666202
1688378000;23.38888888738842;32.00000000000121;3.000000000004846;99.27777777777717
1688378001;19.083333333643765;33.2222222222299;3.166666666665037;98.55555555555435
1688378002;14.638888888940627;33.33333333333333;3.2777777777785815;97.61111111111455
1688378003;11.472222221911778;30.38888888889535;3.1666666666650514;94.83333333333677
1688378004;9.166666667442769;28.222222222221816;2.8888888888913016;91.38888888888788
1688378005;4.694444445582718;27.611111111107462;2.8333333333244326;88.7777777777804
1688378006;0.9444444440305233;21.55555555555111;3.1666666666650514;85.4444444444501
1688378007;0.9166666668736241;18.11111111110222;3.3333333333353465;82.72222222222405
1688378008;0.9722222237744234;16.055555555552317;3.2222222222319203;81.5000000000004
1688378009;1.0833333336955064;15.11111111111758;2.999999999994742;78.6666666666709
1688378010;1.0555555552451068;14.222222222209282;3.111111111118376;77.27777777777698
1688378011;1.0277777780882076;14.055555555549077;3.000000000004846;75.11111111110849
1688378012;1.19444444491009;15.833333333325243;3.111111111108272;75.11111111110343
1688378013;1.0833333336955064;15.944444444448877;3.111111111108272;77.9999999999998
1688378014;1.111111112145906;15.166666666674345;2.8888888888913016;81.11111111110807
1688378015;1.2500000005173888;15.499999999994742;2.8333333333345365;84.11111111110787
1688378016;1.1944444436165895;14.500000000003226;2.7777777777777715;85.55555555555858
1688378017;1.111111109558891;15.11111111111758;2.8888888888811977;84.66666666667051
1688378018;1.0833333336955064;19.611111111104634;2.944444444448081;86.44444444444161
1688378019;0.9444444427370087;19.611111111114738;2.7222222222109025;86.16666666666788
1688378020;1.0555555552451068;20.055555555558783;2.944444444448081;86.27777777777636
1688378021;0.9444444440305233;17.88888888889535;2.944444444448081;86.38888888889495
1688378022;1.0277777767947072;20.277777777775754;3.111111111108272;84.83333333333576
1688378023;0.9722222211874225;20.33333333333252;3.055555555561611;82.88888888888928
1688378024;0.9722222211874083;21.888888888891714;2.7222222222210064;82.05555555555799
1688378025;0.9722222224808945;22.500000000006054;3.111111111098168;81.16666666666484
1688378026;0.9166666668736241;21.7222222222113;3.000000000004846;80.72222222222081
1688378027;0.9722222224809087;17.22222222221413;3.3333333333353465;79.99999999999798
1688378028;1.105309931488506;19.222222222227472;3.2222222222319203;82.1111111111097
1688378029;0.999999999637808;22.722222222223024;3.2222222222218164;84.3333333333299
1688378030;1.0555555552451068;23.33333333332726;3.3333333333353465;82.83333333332747
1688378031;1.0277777767947072;20.777777777786667;3.2777777777785815;82.22222222222322
1688378032;1.0833333336955064;21.333333333324035;3.500000000005656;81.88888888888768
1688378033;1.0277777793817222;20.444444444446063;3.555555555552317;83.11111111111131
1688378034;1.0277777780882076;19.944444444445253;3.055555555561611;82.38888888889353
1688378035;1.2222222233605038;20.33333333333252;3.2222222222218164;82.22222222222322
1688378036;0.9722222237744234;21.111111111117168;3.2222222222218164;81.1666666666699
1688378037;1.061346967648504;20.166666666672313;3.444444444448891;79.38888888888869
1688378038;1.0277777767947072;16.666666666666657;3.111111111108272;79.83333333333778
1688378039;0.9444444453240237;17.388888888904646;3.055555555551507;83.50000000000364
1688378040;1.0000000009313084;17.833333333328483;3.000000000004846;84.1666666666596
1688378041;0.8888888884232244;15.944444444458995;2.999999999984638;83.49999999999858
1688378042;0.9999999983443075;14.999999999993932;3.055555555561611;81.33333333333515
1688378043;1.0555555552451068;20.000000000002018;3.111111111118376;83.2222222222198
1688378044;0.9722222211874083;21.44444444444767;2.8888888888913016;85.94444444444586
1688378045;0.9999999983443075;20.83333333333333;2.499999999993932;86.27777777777636
1688378046;0.8333333315224252;19.277777777774133;2.6666666666642413;85.44444444444505
1688378047;0.9166666681671245;21.16666666666383;2.999999999994742;83.55555555555534
1688378048;0.9722222224809229;21.555555555541005;2.8333333333345365;82.99999999999778
1688378049;0.8888888884232102;22.16666666666545;2.8888888888913016;83.8888888888909
1688378050;0.9722222224809087;22.44444444442908;2.8333333333345365;84.61111111111374
1688378051;0.9722222237744234;22.611111111119598;2.7777777777777715;84.55555555555192
1688378052;0.7777777785021271;17.666666666668277;3.055555555551507;83.33333333332828
1688378053;0.805555556952541;19.666666666671517;3.111111111108272;82.66666666666222
1688378054;0.8888888897167249;22.66666666666626;3.1666666666751553;85.16666666666626
1688378055;0.999999999637808;23.277777777770496;3.111111111108272;86.50000000000344
1688378056;0.8888888884232244;20.94444444444686;3.2777777777785815;85.88888888888908
1688378057;0.888888887129724;20.444444444446063;3.3333333333353465;85.16666666667132
1688378058;0.9722222224809229;20.499999999992724;3.2777777777684776;85.11111111111455
1688378059;0.999999999637808;20.111111111115548;3.2222222222319203;84.33333333333495
1688378060;0.7777777759151263;20.66666666666302;3.2222222222218164;84.27777777777818
1688378061;0.9166666668736241;20.38888888887918;3.111111111108272;83.94444444444767
1688378062;0.8888888884232244;20.777777777776564;3.1666666666751553;83.0555555555596
1688378063;0.9999999996378222;22.16666666666545;3.3888888888820077;82.00000000000627
1688378064;0.9166666681671387;25.11111111111353;2.999999999994742;82.16666666666646
1688378065;1.0277777767947072;28.722222222222626;2.7222222222210064;83.66666666666889
1688378066;0.9722222237744234;27.83333333334464;2.944444444448081;83.72222222222061
1688378067;1.0000000009313226;28.722222222222626;2.944444444437977;82.99999999999778
1688378068;0.8888888897167391;31.8333333333309;4.999999999997968;85.27777777777474
1688378069;0.9722222224809229;31.166666666669897;4.888888888884438;86.49999999999838
1688378070;1.0555555565386214;33.3888888889002;4.722222222224232;85.49999999999676
1688378071;1.111111109558891;30.222222222225042;4.833333333327673;84.22222222222142
1688378072;1.0555555565386072;25.333333333340605;4.722222222224232;82.83333333332747
1688378073;0.9722222224809229;22.000000000005244;4.888888888894542;82.72222222221899
1688378074;0.9444444453240237;18.722222222226662;4.722222222234336;80.9999999999996
1688378075;0.9166666668736241;18.833333333319985;4.555555555543833;80.11111111111151
1688378076;1.0277777780882076;16.88888888889373;4.8333333333478805;79.00000000000142
1688378077;0.9166666668736241;17.444444444451307;2.8888888888811977;77.44444444444727
1688378078;0.9722222237744234;18.944444444443633;3.000000000004846;78.61111111111414
1688378079;0.8611111099728248;18.277777777772513;3.111111111108272;82.16666666667152
1688378080;0.833333334109426;17.111111111110702;2.8888888888913016;83.49999999999858
1688378081;0.888888887129724;17.72222222221494;3.000000000004846;82.88888888888928
1688378082;0.8611111099728248;17.555555555554747;3.055555555551507;82.33333333333677
1688378083;0.9444444453240237;19.166666666660603;3.1666666666650514;83.83333333332908
1688378084;0.9444444453240237;19.222222222227472;3.055555555561611;84.5000000000002
1688378085;0.8055555543655402;19.3333333333309;3.055555555551507;85.05555555555273
1688378086;0.8611111099728248;15.722222222221816;3.111111111118376;84.61111111110868
1688378087;0.8888888884232244;15.722222222221816;3.2222222222218164;81.88888888888768
1688378088;1.0000000009313084;19.000000000000398;3.000000000004846;80.3888888888903
1688378089;0.9722222224809229;20.833333333323225;3.111111111108272;81.22222222222666
1688378090;0.8888888897167249;20.722222222219784;2.7777777777777715;83.83333333333414
1688378091;1.0555555552451068;21.0555555555503;3.000000000004846;83.49999999999858
1688378092;0.9444444427370087;22.388888888892524;2.999999999994742;82.50000000000202
1688378093;1.0555555539516064;23.500000000007674;3.1666666666751553;83.8888888888909
1688378094;0.9722222224809229;23.944444444441615;2.8333333333244326;85.22222222222808
1688378095;1.1111111108524057;23.944444444441615;2.7222222222210064;86.0555555555594
1688378096;1.0555555552451068;22.388888888892524;2.7777777777777715;87.05555555555596
1688378097;0.9444444427370087;17.722222222225042;2.999999999994742;86.16666666666282
1688378098;0.9444444440305233;17.666666666668277;3.055555555551507;85.7777777777705
1688378099;0.9444444427370087;22.33333333333576;3.2777777777785815;85.77777777777555
1688378100;0.9722222237744234;22.722222222223024;2.8888888888811977;86.99999999999919
1688378101;1.0277777793817222;19.666666666671517;3.000000000004846;86.94444444444747
1688378102;0.8888888897167249;21.0555555555503;2.944444444437977;86.44444444444161
1688378103;0.9444444440305233;23.05555555556363;3.2222222222319203;87.61111111110849
1688378104;0.9722222224809229;23.388888888884026;3.055555555551507;89.44444444444142
1688378105;1.0000000009313226;23.72222222221454;2.888888888891316;89.27777777778121
1688378106;1.0555555565386214;23.611111111100996;3.166666666665037;89.11111111111596
1688378107;1.0555555552451068;22.33333333333576;3.111111111118376;88.55555555555839
1688378108;1.0555555565386072;17.611111111111512;2.944444444448081;86.33333333333313
1688378109;0.9444444440305233;16.944444444450497;3.055555555561611;84.61111111111374
1688378110;0.9166666655801237;17.22222222221413;2.944444444437977;84.22222222221636
1688378111;1.0277777780882076;14.833333333333727;3.000000000004846;82.49999999999696
1688378112;0.9722222211874083;12.222222222216146;2.8888888888913016;79.38888888888869
1688378113;0.9444444453240237;11.944444444452529;2.944444444448081;77.05555555555495
1688378114;0.8888888897167391;15.888888888892112;2.8888888888913016;77.33333333332868
1688378115;0.8888888884232244;20.500000000002828;2.555555555560801;77.94444444444304
1688378116;0.8611111112663252;20.777777777776564;2.7777777777777715;77.6666666666693
1688378117;0.9166666668736241;20.555555555559593;2.999999999994742;77.16666666666848
1688378118;1.0277777767947072;20.66666666666302;2.944444444437977;77.38888888888545
1688378119;0.9444444440305091;20.055555555558783;3.055555555561611;79.00000000000142
1688378120;0.8888888884232102;20.166666666672327;2.8888888888913016;78.77777777777939
1688378121;0.9166666668736241;20.555555555559593;2.8333333333244326;79.11111111110989
1688378122;0.888888887129724;20.944444444436755;3.055555555561611;78.88888888888788
1688378123;0.9444444440305233;17.222222222224232;3.2777777777684776;77.33333333333374
1688378124;0.9722222211874225;13.94444444444565;3.111111111108272;76.49999999999737
1688378125;0.9166666668736241;13.11111111111434;2.944444444448081;76.72222222222445
1688378126;0.8055555556590264;13.222222222217766;3.166666666665037;79.11111111111495
1688378127;0.7777777785021271;13.11111111111434;3.444444444448891;79.16666666666666
1688378128;0.833333334109426;18.222222222225852;3.166666666665037;77.16666666666848
1688378129;0.8888888884232244;19.11111111110384;3.2777777777684776;74.83333333333475
1688378130;1.4166666673392854;22.888888888893334;3.1666666666650514;73.83333333333313
1688378131;3.388888890751531;23.111111111110304;3.2777777777684776;72.38888888889252
1688378132;6.638888887957563;23.055555555553525;3.1666666666751553;69.27777777777413
1688378133;9.944444445944896;21.94444444444848;3.2777777777785815;65.27777777777777
1688378134;13.277777777208627;22.055555555551905;3.1666666666549332;60.22222222222303
1688378135;16.666666666666657;22.111111111118788;2.8333333333345365;54.55555555555394
1688378136;19.861111112145906;25.055555555556765;2.999999999994742;52.055555555554946
1688378137;23.277777777467335;25.222222222206852;3.1666666666650514;50.66666666666605
1688378138;26.66666666692535;25.055555555556765;3.166666666665037;51.77777777777616
1688378139;29.583333334368135;21.111111111107064;3.2222222222218164;50.555555555557575
1688378140;30.999999997826905;20.277777777785857;2.7777777777777715;48.111111111105245
1688378141;31.083333334471604;23.33333333332726;2.8333333333244326;49.11111111111697
1688378142;31.1666666659423;30.833333333329293;3.000000000004846;53.38888888888707
1688378143;30.97222222196352;35.55555555556363;3.055555555551507;58.11111111110626
1688378144;27.91666666744277;39.49999999999312;3.055555555551507;60.611111111110304
1688378145;24.69444444351312;36.94444444444242;3.111111111118376;60.77777777778061
1688378146;21.30555555664209;31.944444444454547;3.2777777777785815;63.16666666666606
1688378147;17.777777778812577;30.72222222221575;3.444444444448891;64.27777777777615
1688378148;14.388888890648047;30.833333333329293;3.3333333333454505;66.1111111111091
1688378149;10.972222225326618;30.888888888886058;3.555555555552317;69.72222222222828
1688378150;7.555555554831187;28.44444444444889;3.2777777777785815;72.88888888888829
1688378151;4.194444445117057;20.94444444444686;3.3333333333252426;74.83333333333475
1688378152;1.1388888905963057;16.611111111099788;3.3333333333454505;75.38888888888727
1688378153;0.8333333328159256;12.722222222216956;3.2777777777886854;77.44444444444727
1688378154;0.8333333328159256;13.388888888877972;2.8333333333244326;80.66666666666909
1688378155;0.8888888871297098;15.777777777778581;2.6666666666642413;81.61111111111394
1688378156;0.9166666655801237;23.222222222223834;2.7777777777676675;84.72222222222727
1688378157;0.8888888858362094;30.222222222225042;2.999999999994742;87.88888888889232
1688378158;0.9999999983443075;31.555555555557163;3.111111111108272;90.61111111110829
1688378159;1.111111109558891;30.777777777782617;3.2777777777785815;90.38888888888626
1688378160;1.1111111108524057;35.277777777769685;3.055555555561611;90.77777777777858
1688378161;1.1111111095589052;39.50000000001332;3.166666666665037;92.22222222222425
1688378162;0.999999999637808;39.61111111111677;3.444444444438787;94.11111111110888
1688378163;1.083333332402006;39.00000000001253;3.444444444448891;92.94444444444201
1688378164;1.111111112145906;36.722222222225454;3.444444444448891;91.83333333333192
1688378165;1.1111111108524057;29.333333333336967;3.1666666666751553;89.38888888888465
1688378166;1.0833333336955064;24.333333333338985;3.3333333333353465;86.27777777777636
1688378167;1.1111111108524057;24.222222222225454;3.2222222222319203;85.6111111111103
1688378168;1.4166666673392854;27.944444444437977;3.3888888888921116;86.0555555555594
1688378169;1.6111111113180527;24.666666666669485;3.3888888888820077;86.22222222222464
1688378170;6.388888890958484;20.444444444435945;3.166666666665037;81.88888888888768
1688378171;11.305555556383396;20.277777777775754;3.111111111108272;76.16666666666687
1688378172;16.027777779123014;20.05555555554868;3.2222222222319203;73.16666666666707
1688378173;20.83333333333333;19.83333333333171;3.2222222222117125;70.55555555555453
1688378174;25.638888888837144;20.000000000002018;3.2222222222218164;67.94444444444707
1688378175;30.47222222408486;18.555555555556353;2.8333333333244326;66.55555555555313
1688378176;35.08333333431639;19.277777777774133;3.055555555561611;64.66666666666848
1688378177;39.69444444584143;17.000000000007276;2.8333333333345365;63.72222222221858
1688378178;43.86111111121459;16.05555555556242;2.8333333333345365;59.3333333333299
1688378179;43.77777777715689;15.666666666665051;3.055555555561611;58.83333333333414
1688378180;43.6944444443927;19.444444444444443;2.8333333333345365;60.277777777774745
1688378181;43.47222222196352;24.94444444444322;2.7222222222109025;63.49999999999656
1688378182;43.05555555555555;28.166666666665037;2.7777777777878754;67.33333333333272
1688378183;42.77777777751908;28.16666666666505;2.7222222222210064;68.6666666666699
1688378184;42.61111110940368;27.444444444437167;2.8333333333446404;68.55555555555637
1688378185;42.3888888869745;29.944444444441203;2.555555555550697;66.77777777777516
1688378186;42.16666666583882;29.777777777770893;2.7777777777777715;66.94444444444545
1688378187;42.22222222144612;30.722222222225852;3.055555555561611;68.27777777777757
1688378188;42.027777777467335;35.388888888893334;2.7777777777676675;71.94444444444343
1688378189;41.666666666666664;32.83333333333252;2.8333333333345365;73.38888888888908
1688378190;41.50000000113827;27.38888888890061;2.8333333333345365;71.44444444444262
1688378191;41.97222222186004;24.277777777772116;2.8333333333345365;66.94444444444545
1688378192;42.08333333436812;23.944444444441615;2.999999999994742;64.8888888888804
1688378193;42.08333333436812;24.333333333338985;3.055555555551507;64.27777777777615
1688378194;41.944444445996645;22.777777777789893;3.000000000004846;64.99999999999898
1688378195;41.944444444703144;23.66666666666788;2.8333333333244326;66.38888888888788
1688378196;42.02777777876084;24.999999999989882;2.611111111107462;69.44444444444444
1688378197;41.86111111193895;22.888888888893334;2.8888888889014197;69.88888888888847
1688378198;41.97222222186004;21.611111111107874;2.8333333333244326;67.61111111111657
1688378199;38.333333332815926;24.777777777772926;2.888888888891316;67.61111111111657
1688378200;33.38888888894063;28.833333333336157;2.8888888888913016;68.11111111111232
1688378201;28.833333333022892;34.33333333334505;2.7222222222311103;68.50000000000465
1688378202;24.305555554262057;37.38888888888646;2.999999999994742;68.44444444444788
1688378203;19.944444444910104;34.666666666655345;3.055555555551507;66.83333333333697
1688378204;15.138888888112774;32.33333333334181;3.00000000001495;64.94444444444221
1688378205;10.55555555374464;30.38888888889535;3.3888888888921116;62.27777777778303
1688378206;6.277777777156885;27.999999999994742;3.1666666666549332;60.88888888889414
1688378207;1.805555554003348;27.94444444444808;3.444444444448891;63.33333333333131
1688378208;0.9722222211874083;25.61111111111434;3.444444444448891;65.49999999999474
1688378209;1.0277777780882218;21.33333333333414;3.611111111098978;70.27777777777575
1688378210;1.0000000009313226;16.277777777759184;3.499999999995552;74.05555555555515
1688378211;0.9166666681671245;17.888888888885248;3.111111111108272;77.16666666666848
1688378212;0.9444444440305233;22.44444444444929;3.444444444448891;81.44444444444869
1688378213;1.0000000009313226;22.22222222221211;3.555555555552317;83.27777777778161
1688378214;1.0555555552451068;21.666666666654535;3.1666666666650514;83.11111111111131
1688378215;0.9722222211874225;21.55555555555111;3.2777777777785815;82.61111111110546
1688378216;1.000000002224823;21.49999999999433;3.000000000004846;82.88888888888424
1688378217;1.0277777780882076;20.333333333322415;3.3888888888921116;81.61111111111394
1688378218;0.9444444453240237;22.944444444439995;3.111111111108272;78.83333333333111
1688378219;1.0277777755012067;26.16666666668202;3.2222222222218164;79.8888888888895
1688378220;0.9166666655801237;25.055555555556765;3.3333333333454505;82.05555555555293
1688378221;0.9722222211874083;22.49999999999595;2.8888888888811977;83.16666666666302
1688378222;0.9444444427370087;22.44444444444929;3.166666666665037;84.11111111111293
1688378223;0.8888888897167249;24.94444444445334;3.055555555551507;84.72222222221717
1688378224;1.1111111108524057;27.277777777787065;2.8888888888913016;85.38888888889333
1688378225;1.1388888867158045;30.27777777778182;3.166666666665037;86.0555555555594
1688378226;1.1111111108524057;30.944444444442823;2.611111111097358;87.94444444444909
1688378227;1.083333332402006;28.777777777789495;3.2777777777886854;87.44444444444323
1688378228;1.0833333336955064;25.277777777773736;3.2222222222218164;85.66666666666707
1688378229;1.1388888880093049;23.77777777778141;3.111111111098168;84.11111111111293
1688378230;1.1666666664597045;21.888888888891714;3.1666666666650514;82.05555555555293
1688378231;1.0555555565386072;21.83333333333495;2.8333333333345365;79.6111111111107
1688378232;1.0277777780882218;19.388888888887678;3.111111111118376;79.38888888888869
1688378233;0.8611111112663252;18.388888888886058;3.111111111108272;79.27777777777516
1688378234;0.9722222237744234;20.166666666672327;2.8333333333345365;80.11111111110645
1688378235;0.8611111112663252;19.944444444455357;3.055555555561611;81.88888888888768
1688378236;0.9166666668736241;19.55555555554787;2.444444444437167;82.61111111111555
1688378237;0.8611111112663252;19.83333333333171;3.055555555561611;82.38888888888849
1688378238;0.9444444453240237;19.388888888887678;3.000000000004846;81.38888888888687
1688378239;0.8333333328159256;19.777777777774944;3.166666666665037;81.72222222222243
1688378240;0.9166666655801095;22.555555555552715;3.2222222222218164;83.27777777777656
1688378241;0.9444444440305233;23.722222222224644;2.999999999994742;84.16666666666464
1688378242;0.9444444440305233;22.72222222221292;3.2777777777785815;84.83333333333576
1688378243;0.7777777759151405;20.16666666666221;3.3888888888820077;82.55555555555878
1688378244;0.9444444453240237;23.611111111100996;3.3333333333353465;80.27777777777172
1688378245;0.9444444453240237;27.94444444444808;3.2777777777785815;82.38888888888849
1688378246;1.0555555565386072;29.05555555556323;2.7777777777777715;84.8333333333307
1688378247;1.0000000009313084;27.27777777777696;3.2222222222218164;85.6111111111103
1688378248;0.9166666681671245;27.94444444444808;3.055555555561611;84.05555555555617
1688378249;0.9722222237744234;30.166666666668277;2.944444444448081;83.88888888888586
1688378250;1.0000000009313084;30.277777777781807;2.944444444448081;84.05555555555617
1688378251;0.999999999637808;30.000000000008086;2.7777777777777715;82.16666666666646
1688378252;1.1388888905963057;27.88888888890142;2.944444444448081;82.88888888888928
1688378253;1.0277777780882076;26.61111111111596;2.944444444448081;82.11111111111475
1688378254;1.0277777767947072;26.61111111111596;2.8888888888913016;81.77777777777919
1688378255;0.9166666668736241;25.888888888877972;2.999999999994742;81.44444444444869
1688378256;0.9444444440305233;25.666666666661;2.6666666666642413;80.05555555555475
1688378257;1.0000000009313084;24.444444444442425;3.055555555551507;81.00000000000465
1688378258;1.0277777767947072;20.999999999993534;3.055555555541403;79.88888888889454
1688378259;1.0833333336955064;20.55555555554949;3.055555555551507;80.66666666666909
1688378260;1.027777779381708;21.222222222220594;3.000000000004846;83.94444444444262
1688378261;0.9444444427370229;21.22222222221049;2.8888888888913016;86.3888888888899
1688378262;0.9999999983443075;19.166666666670707;3.1666666666650514;86.72222222222041
1688378263;1.0277777767947072;14.999999999993932;3.2777777777785815;86.61111111111192
1688378264;0.9722222211874083;14.500000000003226;3.111111111118376;83.94444444444262
1688378265;1.1666666664597045;15.00000000001414;3.3333333333353465;84.27777777777818
1688378266;1.083333332402006;14.94444444444727;2.944444444448081;84.38888888888667
1688378267;1.0277777780882076;13.611111111125254;3.3333333333353465;84.05555555555111
1688378268;1.0555555552451068;13.33333333333131;3.444444444448891;81.83333333333596
1688378269;1.0277777780882076;15.055555555550697;3.499999999995552;80.88888888888606
1688378270;0.9444444466175241;17.444444444441203;3.3333333333353465;79.00000000000142
1688378271;0.9722222237744234;16.555555555553127;2.8888888888811977;79.88888888889454
1688378272;0.9722222224809087;19.83333333333171;3.111111111118376;78.83333333333111
1688378273;1.027777779381708;23.888888888884836;3.111111111098168;78.88888888888788
1688378274;0.9166666655801237;23.277777777770496;2.8333333333345365;80.77777777778263
1688378275;0.9722222211874083;23.555555555554335;2.8888888888913016;80.16666666666828
1688378276;0.9722222224809087;25.277777777773736;2.611111111107462;80.49999999999878
1688378277;0.9444444440305091;28.27777777777858;3.111111111118376;79.33333333333192
1688378278;0.9166666668736241;26.000000000011724;3.111111111108272;76.11111111111515
1688378279;0.9444444427370087;25.44444444444403;3.3888888888921116;72.49999999999596
1688378280;0.9166666655801237;26.888888888879592;3.499999999995552;69.38888888888768
1688378281;0.8888888897167249;23.833333333338174;3.3333333333252426;62.388888888891515
1688378282;0.9166666655801237;20.16666666666221;3.7222222222226264;55.16666666666828
1688378283;0.805555556952541;20.611111111106254;3.8333333333361566;45.49999999999776
1688378284;0.8888888884232244;20.611111111116358;3.7777777777692876;37.666666666660184
1688378285;0.9444444440305233;19.22222222221737;3.8333333333462605;29.833333333332718
1688378286;0.7777777785021271;16.000000000005656;3.3333333333252426;23.11111111111029
1688378287;0.8333333328159398;16.388888888882818;4.000000000006466;16.722222222223422
1688378288;1.0000000009313226;14.61111111111677;3.7222222222125083;11.77777777777716
1688378289;0.9166666681671245;13.833333333342225;3.7777777777894954;6.055555555551308
1688378290;0.9166666668736241;13.833333333322003;3.7222222222226264;4.944444444441203
1688378291;0.9166666668736241;13.611111111125254;3.3888888888921116;4.500000000002217
1688378292;1.0555555539516064;13.44444444444484;3.666666666665847;4.3333333333319075
1688378293;1.0000000009313226;13.44444444444484;3.8333333333361566;4.555555555558982
1688378294;0.999999999637808;13.277777777774531;3.7222222222125225;4.111111111114951
1688378295;1.0277777767947072;13.11111111111434;3.7222222222226264;4.166666666666657
1688378296;0.9444444427370087;12.8333333333305;3.2222222222218164;3.999999999996362
1688378297;0.8611111112663252;13.166666666671105;3.7777777777894954;3.6666666666709062
1688378298;1.1111111095589052;13.222222222217766;3.7777777777692876;3.8333333333361566
1688378299;1.083333332402006;13.055555555567679;3.9444444444496867;3.611111111114141
1688378300;0.9722222224809229;13.499999999991502;3.8333333333361566;3.666666666665847
1688378301;0.9444444453240237;13.611111111105046;3.4444444444387727;3.944444444444642
1688378302;0.9722222224809229;13.833333333322017;3.611111111109082;3.555555555557362
1688378303;0.833333334109426;13.777777777785445;3.7777777777793915;4.000000000001407
1688378304;0.9166666655801237;13.666666666651707;3.666666666665847;3.999999999996362
1688378305;1.0833333349890069;13.94444444444565;3.611111111109082;4.000000000001407
1688378306;0.9166666668736241;14.333333333332916;3.1666666666549332;4.166666666661612
1688378307;0.805555554365526;14.44444444444646;3.7222222222226264;3.9444444444395828
1688378308;0.8055555556590264;14.500000000003226;3.499999999995552;4.166666666666657
1688378309;0.9722222224809229;13.888888888888886;3.611111111109082;4.111111111109892
1688378310;0.7222222228948425;13.833333333342225;3.7222222222226264;3.944444444444642
1688378311;0.7777777772086409;13.666666666671915;3.444444444448891;3.999999999996362
1688378312;0.8888888884232244;13.999999999992312;3.555555555562421;3.8333333333310975
1688378313;0.8888888884232244;13.94444444444565;3.555555555552317;3.8888888888878768
1688378314;0.8611111099728248;13.555555555558385;3.500000000005656;3.8888888888878768
1688378315;1.0277777780882076;12.94444444444403;3.3888888888921116;3.7777777777844364
1688378316;1.027777779381708;12.888888888887266;2.8888888888913016;4.000000000001407
1688378317;1.0277777780882076;13.33333333333131;3.2777777777785815;3.7777777777743324
1688378318;0.9722222211874083;13.555555555558385;3.3888888888921116;3.9444444444395828
1688378319;1.166666665166204;13.277777777774531;3.2777777777785815;3.7222222222226264
1688378320;1.0277777780882076;13.666666666661811;3.3333333333353465;3.8888888888878768
1688378321;1.0555555552451068;13.27777777778465;3.111111111108272;3.7222222222226264
1688378322;1.0555555565386072;13.500000000001606;3.3333333333353465;3.555555555557362
1688378323;0.9722222237744234;13.44444444444484;3.499999999995552;4.000000000001407
1688378324;0.999999999637808;13.33333333333131;3.444444444448891;3.8888888888878768
1688378325;0.9722222224809087;13.388888888888076;3.666666666665847;3.8888888888878768
1688378326;1.0000000009313084;13.277777777764427;3.2777777777785815;4.3333333333319075
1688378327;0.9722222237744234;13.38888888889818;3.666666666665847;4.111111111114951
1688378328;0.9166666681671245;13.72222222222868;3.8888888888929216;4.444444444440393
1688378329;0.9444444453240237;13.000000000000796;4.055555555553127;4.166666666671716
1688378330;1.0000000009313084;13.611111111105046;3.8888888888929216;4.388888888888687
1688378331;1.0277777780882076;13.333333333341415;3.7222222222226264;4.555555555558982
1688378332;0.999999999637808;14.055555555559195;3.555555555552317;3.944444444444642
1688378333;1.0277777767947214;13.888888888888886;3.8888888888828177;4.2777777777751425
1688378334;0.9166666655801095;13.777777777785445;3.555555555562421;4.166666666671716
1688378335;0.916666664286609;13.333333333341415;3.7222222222125225;3.8888888888878768
1688378336;0.9999999983443217;13.222222222207662;3.166666666665037;3.944444444444642
1688378337;0.9444444440305233;13.11111111111434;3.166666666665037;3.6666666666709062
1688378338;0.9444444440305233;13.666666666671915;3.2222222222218164;3.9444444444395828
1688378339;0.9166666655801237;13.22222222222787;3.444444444438787;3.666666666665847
1688378340;0.9722222224809229;13.722222222218576;3.3333333333353465;3.666666666665847
1688378341;0.8888888871297098;12.944444444433927;3.3888888888921116;3.7222222222226264
1688378342;0.9166666668736241;13.44444444444484;3.1666666666751553;3.500000000000597
1688378343;0.9166666681671245;13.11111111111434;3.3888888888820077;3.611111111109082
1688378344;1.0555555565386072;13.166666666661001;3.2777777777785815;3.6666666666709062
1688378345;0.9444444453240237;13.055555555567679;3.3888888888921116;3.7222222222175674
1688378346;0.999999999637808;12.999999999990692;3.2777777777785815;3.7777777777743324
1688378347;1.1944444449101042;13.166666666661001;3.2777777777785815;3.6666666666709062
1688378348;1.027777779381708;13.277777777774546;3.500000000005656;3.666666666665847
1688378349;0.9999999996378222;13.11111111111434;3.611111111109082;3.8333333333310975
1688378350;1.0833333349890069;13.33333333333131;3.499999999995552;3.944444444444642
1688378351;0.9444444453240237;12.94444444444403;3.555555555542213;3.944444444444642
1688378352;1.0555555552451068;13.388888888877972;3.3333333333353465;3.7222222222226264
1688378353;0.9722222224809229;13.22222222222787;3.555555555562421;3.666666666665847
1688378354;0.9166666668736241;13.333333333321207;3.611111111109082;3.7222222222276713
1688378355;1.0277777780882076;13.166666666661001;3.6666666666759653;3.8333333333361566
1688378356;0.7500000000517417;12.666666666670295;3.3888888888820077;3.944444444444642
1688378357;0.9166666655801095;12.94444444444403;3.2222222222116983;3.8888888888878768
1688378358;0.805555556952541;13.055555555547471;3.3888888888921116;3.611111111114141
1688378359;0.8055555556590264;13.111111111124444;3.7222222222226264;3.7222222222226264
1688378360;0.8611111099728248;13.83333333333212;3.555555555562421;3.944444444444642
1688378361;0.8888888884232244;13.333333333341415;3.666666666665847;3.8888888888878768
1688378362;0.8333333328159256;13.999999999992312;3.3333333333353465;3.8888888888878768
1688378363;0.9166666655801237;13.666666666671915;3.555555555552317;3.7777777777743324
1688378364;0.8055555556590264;13.944444444455755;3.444444444438787;3.999999999996362
1688378365;0.999999999637808;14.055555555549077;3.444444444448891;3.9444444444395828
1688378366;1.027777779381708;13.61111111111515;3.2777777777785815;4.000000000001407
1688378367;0.999999999637808;13.500000000001606;3.3333333333252426;4.055555555558172
1688378368;1.1388888880093049;13.499999999991502;3.2222222222319203;3.8333333333310975
1688378369;1.0555555565386072;13.055555555557575;3.4444444444387727;3.7222222222226264
1688378370;0.9444444453240237;13.611111111105046;3.3333333333353465;3.8888888888878768
1688378371;1.0277777780882076;12.833333333340605;3.444444444448891;3.8333333333310975
1688378372;0.9722222237744234;13.27777777778465;2.944444444448081;3.8888888888878768
1688378373;1.0277777767947072;12.888888888887266;3.3333333333252426;3.6666666666709062
1688378374;0.9166666655801237;12.944444444454135;3.3333333333353465;3.7222222222226264
1688378375;0.8888888871297098;13.111111111104236;3.444444444448891;4.000000000001407
1688378376;0.9722222211874083;13.00000000000081;3.2777777777785815;3.999999999996362
1688378377;0.8611111112663252;13.00000000000081;3.444444444438787;4.000000000001407
1688378378;0.9444444453240237;13.055555555557575;3.444444444448891;3.944444444444642
1688378379;0.9999999996378222;13.11111111111434;3.611111111109082;4.111111111109892
1688378380;0.9166666668736241;13.666666666671915;3.611111111109082;4.166666666666657
1688378381;0.999999999637808;13.166666666661001;3.7777777777692876;4.055555555563231
1688378382;1.0277777793817222;13.500000000001606;3.4444444444488767;3.8888888888878768
1688378383;0.9722222237744234;13.388888888888076;3.7222222222226264;3.8888888888929216
1688378384;0.8888888910102253;13.500000000001606;3.666666666675951;3.8888888888878768
1688378385;0.8611111125598256;13.72222222222868;3.9444444444496867;3.9444444444395828
1688378386;0.9444444466175383;13.666666666661811;3.444444444438787;4.2777777777751425
1688378387;0.8333333328159398;13.444444444434737;3.611111111109082;4.055555555553127
1688378388;0.8611111125598256;13.444444444434737;3.7777777777793915;4.333333333336967
1688378389;0.9444444440305233;13.611111111105046;3.9444444444395828;4.388888888893732
1688378390;0.8333333328159398;14.111111111105856;3.8888888889030255;4.555555555553937
1688378391;0.8333333328159256;14.11111111111596;3.9444444444496867;4.722222222224232
1688378392;1.0277777780882076;14.277777777776151;3.555555555562421;4.499999999997158
1688378393;0.916666664286609;14.22222222222949;3.9444444444395828;4.388888888888687
1688378394;0.9722222224809229;14.277777777776151;3.611111111109082;4.388888888893732
1688378395;0.9166666655801095;14.333333333332916;3.8888888888929216;4.2222222222234365
1688378396;0.9166666668736099;14.11111111111596;3.611111111109082;4.388888888888687
1688378397;1.0277777767947072;13.833333333342225;3.444444444448891;4.111111111109892
1688378398;0.8888888884232387;13.94444444444565;3.555555555552317;3.999999999996362
1688378399;1.0277777780882218;13.944444444455755;3.7777777777793915;3.8888888888878768
1688378400;0.9166666681671245;14.055555555549077;3.6666666666557433;3.944444444444642
1688378401;0.7777777772086267;14.000000000002416;3.8333333333260526;4.000000000001407
1688378402;0.9166666668736099;13.722222222208472;3.3888888888921116;3.8888888888878768
1688378403;0.9722222211874083;13.555555555558385;3.666666666665847;3.8888888888878768
1688378404;0.9166666668736241;13.555555555558385;3.611111111109082;3.8333333333361566
1688378405;0.9166666668736241;13.888888888888886;3.666666666675951;3.9444444444496867
1688378406;0.7777777785021271;13.61111111111515;3.555555555552317;3.7222222222226264
1688378407;0.9722222237744234;13.388888888888076;3.444444444448891;3.666666666665847
1688378408;0.9166666655801237;13.333333333321207;3.4444444444387727;3.666666666665847
1688378409;0.9999999970508071;13.666666666661811;3.500000000005656;3.666666666665847
1688378410;0.9722222198939079;13.666666666671915;3.611111111109082;4.000000000001407
1688378411;0.9722222224809087;13.500000000011724;3.666666666665847;3.8888888888929216
