Time;{instance="10.231.0.208:9100"};{instance="192.168.221.10:9100"};{instance="192.168.221.11:9100"};{instance="192.168.221.12:9100"}
1688377331;0;186721.10344827586;30931.862068965518;174856.8275862069
1688377332;0;188557.24137931035;30931.862068965518;174856.8275862069
1688377333;0;181918.89655172414;30084.41379310345;174856.8275862069
1688377334;0;159037.79310344826;30084.41379310345;174574.3448275862
1688377335;0;142653.79310344826;30084.41379310345;295194.4827586207
1688377336;0;140393.93103448275;30084.41379310345;1384730.4827586208
1688377337;0;137569.10344827586;4660.9655172413795;1385012.9655172413
1688377338;0;147597.24137931035;4660.9655172413795;7722654.896551724
1688377339;0;145196.1379310345;0;11510748.689655172
1688377340;1412.4137931034484;154659.3103448276;0;13541940.965517242
1688377341;1412.4137931034484;154659.3103448276;4237.241379310345;27024560.551724136
1688377342;1412.4137931034484;150704.55172413794;4237.241379310345;27034871.172413792
1688377343;1412.4137931034484;143783.72413793104;4237.241379310345;27089672.827586208
1688377344;1412.4137931034484;129942.06896551725;4237.241379310345;33209379.310344826
1688377345;2259.862068965517;131495.72413793104;4237.241379310345;33209379.310344826
1688377346;2259.862068965517;135591.72413793104;4237.241379310345;36604257.10344827
1688377347;2259.862068965517;97315.31034482758;4237.241379310345;49069373.79310345
1688377348;2259.862068965517;99292.6896551724;4237.241379310345;49069373.79310345
1688377349;2259.862068965517;100987.58620689655;4237.241379310345;52652385.10344827
1688377350;2259.862068965517;102964.96551724138;4237.241379310345;52712977.655172415
1688377351;2542.344827586207;105648.55172413793;4237.241379310345;52712977.655172415
1688377352;2542.344827586207;100987.58620689655;4237.241379310345;58818136.27586207
1688377353;2542.344827586207;99575.1724137931;4237.241379310345;61871916.137931034
1688377354;2542.344827586207;96326.62068965517;4237.241379310345;67948120.27586207
1688377355;2542.344827586207;97456.55172413793;4237.241379310345;70985374.89655173
1688377356;2542.344827586207;100705.10344827586;4237.241379310345;77059884.13793103
1688377357;2542.344827586207;100705.10344827586;4237.241379310345;77059884.13793103
1688377358;2542.344827586207;101411.31034482758;4237.241379310345;89762427.5862069
1688377359;2542.344827586207;100422.62068965517;4237.241379310345;89762427.5862069
1688377360;2542.344827586207;102258.75862068965;4237.241379310345;89761580.13793103
1688377361;3107.310344827586;100422.62068965517;4237.241379310345;91316365.2413793
1688377362;3107.310344827586;98586.48275862068;4237.241379310345;98873344
1688377363;3107.310344827586;97315.31034482758;4237.241379310345;103229651.86206897
1688377364;3107.310344827586;88982.06896551725;4237.241379310345;103109031.72413793
1688377365;3107.310344827586;84038.62068965517;4237.241379310345;113299456
1688377366;3107.310344827586;84744.8275862069;4237.241379310345;113299314.7586207
1688377367;3107.310344827586;75422.89655172413;4237.241379310345;111232529.65517241
1688377368;3107.310344827586;76411.58620689655;4237.241379310345;110127739.5862069
1688377369;1694.896551724138;75846.62068965517;4237.241379310345;108096547.31034483
1688377370;2824.8275862068967;76129.10344827586;0;100694792.8275862
1688377371;2824.8275862068967;70620.6896551724;0;111439165.79310344
1688377372;2824.8275862068967;70338.20689655172;0;111384364.13793103
1688377373;2824.8275862068967;68502.06896551725;0;111342697.93103448
1688377374;1977.3793103448274;64829.793103448275;0;113439849.93103448
1688377375;2259.862068965517;61581.24137931034;0;110044972.13793103
1688377376;2824.8275862068967;62711.1724137931;0;97579855.44827586
1688377377;2966.0689655172414;65253.51724137931;0;112746072.27586207
1688377378;2966.0689655172414;60451.31034482759;0;119545432.27586207
1688377379;2966.0689655172414;60027.58620689655;5084.689655172414;126018242.20689654
1688377380;2683.5862068965516;60451.31034482759;5084.689655172414;126018242.20689654
1688377381;2966.0689655172414;61157.51724137931;5084.689655172414;119913083.5862069
1688377382;2966.0689655172414;60451.31034482759;5084.689655172414;119311395.31034483
1688377383;2966.0689655172414;65253.51724137931;5084.689655172414;115196468.96551724
1688377384;2966.0689655172414;62569.93103448276;5649.6551724137935;122293707.03448276
1688377385;2966.0689655172414;60168.8275862069;5649.6551724137935;135484804.4137931
1688377386;2966.0689655172414;62146.206896551725;5649.6551724137935;135484804.4137931
1688377387;2966.0689655172414;65394.75862068965;5649.6551724137935;128131636.96551724
1688377388;2966.0689655172414;65253.51724137931;5649.6551724137935;131894024.8275862
1688377389;2966.0689655172414;64406.06896551724;5649.6551724137935;133872392.8275862
1688377390;2401.103448275862;64406.06896551724;6214.620689655172;133465617.65517241
1688377391;2401.103448275862;65677.24137931035;6214.620689655172;132980453.51724137
1688377392;2401.103448275862;65677.24137931035;6214.620689655172;129561423.44827586
1688377393;2401.103448275862;67089.6551724138;6214.620689655172;132700230.62068966
1688377394;2542.344827586207;68078.3448275862;6214.620689655172;128772025.37931034
1688377395;2966.0689655172414;66948.41379310345;6214.620689655172;132292608
1688377396;2966.0689655172414;67654.62068965517;6214.620689655172;128021751.1724138
1688377397;2966.0689655172414;69208.27586206897;6214.620689655172;128221042.7586207
1688377398;2966.0689655172414;60310.06896551724;6214.620689655172;132747687.72413793
1688377399;1836.1379310344828;61016.275862068964;6214.620689655172;126757217.10344827
1688377400;1977.3793103448274;60027.58620689655;6214.620689655172;126290414.34482758
1688377401;1977.3793103448274;61863.724137931036;6214.620689655172;126291544.27586207
1688377402;1977.3793103448274;60310.06896551724;6214.620689655172;120221131.03448276
1688377403;1977.3793103448274;59462.620689655174;6214.620689655172;118128640
1688377404;1694.896551724138;59462.620689655174;6214.620689655172;123502733.2413793
1688377405;1129.9310344827586;62711.1724137931;6214.620689655172;123502733.2413793
1688377406;988.6896551724137;59462.620689655174;6214.620689655172;111384646.62068966
1688377407;988.6896551724137;62711.1724137931;6214.620689655172;104039529.93103448
1688377408;988.6896551724137;62004.96551724138;1129.9310344827586;100544512
1688377409;988.6896551724137;60027.58620689655;1129.9310344827586;101981360.55172414
1688377410;706.2068965517242;62428.68965517241;1553.655172413793;106619162.48275863
1688377411;706.2068965517242;62993.65517241379;1553.655172413793;116714813.79310344
1688377412;706.2068965517242;58191.448275862065;1553.655172413793;114753253.51724137
1688377413;706.2068965517242;59462.620689655174;988.6896551724137;104620455.72413793
1688377414;706.2068965517242;59462.620689655174;988.6896551724137;85355272.8275862
1688377415;706.2068965517242;56637.793103448275;5367.172413793103;87105818.48275863
1688377416;706.2068965517242;54236.68965517241;5367.172413793103;96908817.65517241
1688377417;706.2068965517242;54519.1724137931;5367.172413793103;93146429.79310344
1688377418;706.2068965517242;55225.379310344826;5367.172413793103;91169474.20689654
1688377419;706.2068965517242;55084.137931034486;4802.206896551724;90021464.27586207
1688377420;706.2068965517242;56072.8275862069;4802.206896551724;85987045.51724137
1688377421;706.2068965517242;55225.379310344826;4943.448275862069;88068943.44827586
1688377422;706.2068965517242;54095.448275862065;4943.448275862069;97412625.65517241
1688377423;564.9655172413793;52824.275862068964;4943.448275862069;90062424.27586207
1688377424;141.24137931034483;51694.3448275862;4943.448275862069;86542830.34482759
1688377425;141.24137931034483;51129.379310344826;4943.448275862069;86542830.34482759
1688377426;141.24137931034483;50705.65517241379;4943.448275862069;83513202.7586207
1688377427;141.24137931034483;52259.31034482759;4943.448275862069;85061914.48275863
1688377428;141.24137931034483;52259.31034482759;4943.448275862069;84973921.10344827
1688377429;0;53954.206896551725;4943.448275862069;80760690.7586207
1688377430;0;52683.03448275862;4943.448275862069;80759560.8275862
1688377431;0;56779.03448275862;4943.448275862069;85031547.5862069
1688377432;0;55931.58620689655;4943.448275862069;87482932.96551724
1688377433;0;56637.793103448275;4943.448275862069;92194039.1724138
1688377434;0;49575.724137931036;4943.448275862069;92194039.1724138
1688377435;0;50281.93103448276;4943.448275862069;95708124.68965517
1688377436;0;48304.55172413793;4943.448275862069;94249524.96551724
1688377437;0;49716.96551724138;4943.448275862069;91211140.4137931
1688377438;0;48728.275862068964;4943.448275862069;89775280.55172414
1688377439;0;49434.48275862069;4519.724137931034;88175156.96551724
1688377440;0;53389.24137931034;4519.724137931034;78664668.68965517
1688377441;0;57061.51724137931;4519.724137931034;81701923.31034483
1688377442;0;54942.89655172414;4519.724137931034;84737483.03448276
1688377443;0;55649.10344827586;4519.724137931034;86573338.48275863
1688377444;0;54942.89655172414;141.24137931034483;84822792.8275862
1688377445;0;54377.93103448276;141.24137931034483;76947173.51724137
1688377446;0;55790.3448275862;141.24137931034483;89304240.55172414
1688377447;0;55790.3448275862;141.24137931034483;89302828.13793103
1688377448;0;55790.3448275862;141.24137931034483;89305229.2413793
1688377449;0;52824.275862068964;141.24137931034483;86267833.37931034
1688377450;0;57485.24137931034;0;83229872.55172414
1688377451;0;58191.448275862065;0;70755292.68965517
1688377452;0;58473.93103448276;0;70753739.03448276
1688377453;0;60451.31034482759;0;76831214.34482759
1688377454;0;59886.3448275862;0;82905864.8275862
1688377455;0;60875.03448275862;0;82898237.79310344
1688377456;0;61016.275862068964;0;84782962.7586207
1688377457;0;61016.275862068964;0;89386019.31034483
1688377458;0;60451.31034482759;706.2068965517242;83313346.20689654
1688377459;0;60310.06896551724;706.2068965517242;83313346.20689654
1688377460;0;60733.793103448275;706.2068965517242;80806876.68965517
1688377461;0;61157.51724137931;706.2068965517242;82653607.72413793
1688377462;0;61157.51724137931;706.2068965517242;83863198.89655173
1688377463;0;61863.724137931036;706.2068965517242;85013892.4137931
1688377464;0;62146.206896551725;1412.4137931034484;78451676.68965517
1688377465;0;62004.96551724138;1412.4137931034484;76873163.03448276
1688377466;0;61016.275862068964;1412.4137931034484;79915784.8275862
1688377467;0;60168.8275862069;1412.4137931034484;82952050.7586207
1688377468;0;58191.448275862065;1412.4137931034484;81848390.62068966
1688377469;0;53389.24137931034;1412.4137931034484;91111706.48275863
1688377470;0;51553.10344827586;1412.4137931034484;88074451.86206897
1688377471;0;53389.24137931034;1412.4137931034484;85037197.2413793
1688377472;0;53530.48275862069;1412.4137931034484;83200918.06896551
1688377473;0;53530.48275862069;1412.4137931034484;86240856.27586207
1688377474;0;53389.24137931034;1412.4137931034484;78972857.37931034
1688377475;0;49999.448275862065;1412.4137931034484;77653097.93103448
1688377476;0;50846.89655172414;1412.4137931034484;77653097.93103448
1688377477;0;50846.89655172414;1412.4137931034484;77650696.8275862
1688377478;0;51411.862068965514;1412.4137931034484;80624392.8275862
1688377479;0;46892.137931034486;1412.4137931034484;80624392.8275862
1688377480;0;50423.1724137931;1412.4137931034484;83870260.96551724
1688377481;0;57908.96551724138;1412.4137931034484;96483822.34482758
1688377482;0;59745.10344827586;1412.4137931034484;90405217.10344827
1688377483;0;59038.89655172414;6073.379310344828;84332120.27586207
1688377484;0;56779.03448275862;6073.379310344828;84332120.27586207
1688377485;0;55084.137931034486;6073.379310344828;79411411.86206897
1688377486;0;54660.41379310345;6073.379310344828;87260195.31034483
1688377487;0;54519.1724137931;5367.172413793103;87258217.93103448
1688377488;0;54236.68965517241;5790.896551724138;87259489.10344827
1688377489;0;49716.96551724138;6214.620689655172;85486344.8275862
1688377490;0;51270.620689655174;6214.620689655172;84221810.7586207
1688377491;0;53106.75862068965;6214.620689655172;85343973.51724137
1688377492;0;55649.10344827586;6214.620689655172;84193280
1688377493;0;54942.89655172414;5508.413793103448;84194409.93103448
1688377494;0;54801.65517241379;5508.413793103448;84194268.68965517
1688377495;0;55084.137931034486;5508.413793103448;84189607.72413793
1688377496;0;54942.89655172414;5508.413793103448;93724107.03448276
1688377497;0;53954.206896551725;5508.413793103448;91790088.8275862
1688377498;0;53954.206896551725;5508.413793103448;79492484.4137931
1688377499;0;56496.55172413793;5508.413793103448;79492484.4137931
1688377500;0;57767.724137931036;5508.413793103448;84684093.79310344
1688377501;0;58050.206896551725;5508.413793103448;84753302.06896551
1688377502;0;61581.24137931034;5508.413793103448;81713363.86206897
1688377503;0;63417.379310344826;5508.413793103448;81704606.89655173
1688377504;0;64264.8275862069;5508.413793103448;76766667.03448276
1688377505;1271.1724137931035;63699.862068965514;5508.413793103448;79322429.79310344
1688377506;1271.1724137931035;64123.58620689655;5508.413793103448;82855300.4137931
1688377507;1271.1724137931035;63699.862068965514;5508.413793103448;83487779.31034483
1688377508;1271.1724137931035;64406.06896551724;6920.827586206897;94778756.4137931
1688377509;1271.1724137931035;60027.58620689655;6920.827586206897;91524978.7586207
1688377510;1553.655172413793;53671.724137931036;6920.827586206897;78911417.37931034
1688377511;2118.6206896551726;50705.65517241379;6920.827586206897;81950649.37931034
1688377512;2118.6206896551726;51694.3448275862;2259.862068965517;84688331.03448276
1688377513;2118.6206896551726;53671.724137931036;2259.862068965517;91428087.1724138
1688377514;2118.6206896551726;52824.275862068964;2259.862068965517;93567894.06896551
1688377515;2118.6206896551726;55507.862068965514;2259.862068965517;91591927.1724138
1688377516;2401.103448275862;54095.448275862065;2259.862068965517;91593904.55172414
1688377517;2401.103448275862;55931.58620689655;1836.1379310344828;91592633.37931034
1688377518;2401.103448275862;55084.137931034486;1412.4137931034484;95606995.86206897
1688377519;2401.103448275862;55649.10344827586;1412.4137931034484;92568752.55172414
1688377520;2401.103448275862;58615.1724137931;2683.5862068965516;98590296.27586207
1688377521;2401.103448275862;60027.58620689655;2683.5862068965516;98590296.27586207
1688377522;2401.103448275862;61722.48275862069;2683.5862068965516;98589166.34482758
1688377523;2401.103448275862;63134.89655172414;2683.5862068965516;98885914.48275863
1688377524;2401.103448275862;63417.379310344826;2683.5862068965516;95847953.65517241
1688377525;3531.0344827586205;63558.620689655174;2683.5862068965516;83276199.72413793
1688377526;3531.0344827586205;64123.58620689655;2683.5862068965516;83276199.72413793
1688377527;3531.0344827586205;66100.96551724138;2683.5862068965516;86313030.62068966
1688377528;3531.0344827586205;63276.13793103448;2683.5862068965516;89353957.51724137
1688377529;3531.0344827586205;61157.51724137931;2683.5862068965516;87335335.72413793
1688377530;3813.5172413793102;61157.51724137931;2683.5862068965516;91476815.44827586
1688377531;4378.482758620689;61440;2683.5862068965516;102586862.34482758
1688377532;4378.482758620689;61298.75862068965;2683.5862068965516;102586862.34482758
1688377533;4378.482758620689;73728;2683.5862068965516;96489048.27586207
1688377534;3107.310344827586;73445.5172413793;2683.5862068965516;96973364.96551724
1688377535;3107.310344827586;73728;2683.5862068965516;96477748.96551724
1688377536;3389.793103448276;75987.86206896552;10875.58620689655;96118007.1724138
1688377537;3389.793103448276;75281.6551724138;9463.172413793103;89348590.34482759
1688377538;3389.793103448276;76129.10344827586;10875.58620689655;96334953.93103448
1688377539;3107.310344827586;73869.24137931035;10875.58620689655;96334953.93103448
1688377540;2542.344827586207;76270.3448275862;10875.58620689655;96334530.20689654
1688377541;2542.344827586207;75422.89655172413;10875.58620689655;106087953.65517241
1688377542;2542.344827586207;75422.89655172413;10875.58620689655;99349609.93103448
1688377543;2542.344827586207;77259.03448275862;10875.58620689655;94170429.79310344
1688377544;2542.344827586207;74292.96551724138;10875.58620689655;83693285.51724137
1688377545;2259.862068965517;76694.06896551725;10875.58620689655;83700065.10344827
1688377546;2259.862068965517;75281.6551724138;10875.58620689655;89038706.7586207
1688377547;2259.862068965517;76129.10344827586;10875.58620689655;85024344.27586207
1688377548;2259.862068965517;75422.89655172413;10875.58620689655;91098853.51724137
1688377549;2259.862068965517;69773.24137931035;9604.413793103447;72660356.4137931
1688377550;2259.862068965517;67089.6551724138;9604.413793103447;78739526.62068966
1688377551;2259.862068965517;65253.51724137931;9604.413793103447;78739526.62068966
1688377552;2259.862068965517;63276.13793103448;9604.413793103447;79985699.31034483
1688377553;2259.862068965517;62146.206896551725;9604.413793103447;81725934.34482759
1688377554;1129.9310344827586;64123.58620689655;9604.413793103447;93232728.27586207
1688377555;1129.9310344827586;64547.31034482759;9604.413793103447;93234564.4137931
1688377556;1129.9310344827586;62993.65517241379;9604.413793103447;90194767.44827586
1688377557;1129.9310344827586;62428.68965517241;9604.413793103447;88858200.27586207
1688377558;1129.9310344827586;65112.275862068964;9604.413793103447;99358508.13793103
1688377559;847.448275862069;63982.3448275862;9604.413793103447;95147820.13793103
1688377560;282.48275862068965;60310.06896551724;9604.413793103447;84038903.1724138
1688377561;282.48275862068965;59180.137931034486;9604.413793103447;84038903.1724138
1688377562;282.48275862068965;46750.89655172414;9604.413793103447;85971085.2413793
1688377563;282.48275862068965;48587.03448275862;9604.413793103447;87073050.48275863
1688377564;282.48275862068965;48728.275862068964;9604.413793103447;96521675.03448276
1688377565;0;47739.58620689655;1412.4137931034484;93276513.10344827
1688377566;0;48869.51724137931;1412.4137931034484;88754952.8275862
1688377567;0;48728.275862068964;4519.724137931034;83270550.06896551
1688377568;0;57908.96551724138;4519.724137931034;83270550.06896551
1688377569;0;54660.41379310345;4519.724137931034;92691350.06896551
1688377570;0;57344;4519.724137931034;80198691.31034483
1688377571;0;55366.620689655174;4519.724137931034;81884407.1724138
1688377572;0;55225.379310344826;5508.413793103448;81886667.03448276
1688377573;0;56920.275862068964;5932.137931034483;81885537.10344827
1688377574;1129.9310344827586;56214.06896551724;5932.137931034483;87951289.37931034
1688377575;1129.9310344827586;55931.58620689655;5932.137931034483;82612647.72413793
1688377576;1129.9310344827586;57344;5932.137931034483;94613927.72413793
1688377577;1129.9310344827586;56779.03448275862;5932.137931034483;91416222.89655173
1688377578;1129.9310344827586;58050.206896551725;5932.137931034483;91416222.89655173
1688377579;1977.3793103448274;56920.275862068964;5932.137931034483;88374307.31034483
1688377580;1977.3793103448274;56355.31034482759;5932.137931034483;94340343.1724138
1688377581;1977.3793103448274;57202.75862068965;5932.137931034483;92799399.72413793
1688377582;1977.3793103448274;57908.96551724138;5932.137931034483;94096419.31034483
1688377583;1977.3793103448274;59321.379310344826;5932.137931034483;92936827.5862069
1688377584;1977.3793103448274;63841.10344827586;5932.137931034483;92934991.44827586
1688377585;2259.862068965517;65112.275862068964;5932.137931034483;98937185.10344827
1688377586;2259.862068965517;66100.96551724138;5932.137931034483;99549607.72413793
1688377587;2259.862068965517;62428.68965517241;5932.137931034483;90649282.20689654
1688377588;2259.862068965517;62569.93103448276;5932.137931034483;90649282.20689654
1688377589;2259.862068965517;64547.31034482759;5932.137931034483;100442394.48275863
1688377590;2259.862068965517;63982.3448275862;5932.137931034483;101387158.06896551
1688377591;2259.862068965517;66665.93103448275;5932.137931034483;103548716.13793103
1688377592;2259.862068965517;63982.3448275862;5932.137931034483;99542404.4137931
1688377593;2259.862068965517;64688.55172413793;5932.137931034483;100417959.72413793
1688377594;2259.862068965517;64829.793103448275;5932.137931034483;100416688.55172414
1688377595;2259.862068965517;65112.275862068964;5932.137931034483;106491197.79310344
1688377596;2259.862068965517;65112.275862068964;1412.4137931034484;104991355.5862069
1688377597;2259.862068965517;56779.03448275862;1412.4137931034484;109842290.7586207
1688377598;2259.862068965517;57626.48275862069;1412.4137931034484;99447348.96551724
1688377599;2259.862068965517;56072.8275862069;1412.4137931034484;104681330.7586207
1688377600;2259.862068965517;56355.31034482759;1412.4137931034484;105811120.55172414
1688377601;2259.862068965517;56355.31034482759;423.7241379310345;105810414.34482758
1688377602;2259.862068965517;53671.724137931036;0;112088734.89655173
1688377603;1129.9310344827586;56496.55172413793;0;109315601.65517241
1688377604;2259.862068965517;57485.24137931034;706.2068965517242;109315601.65517241
1688377605;2259.862068965517;57908.96551724138;706.2068965517242;99524184.27586207
1688377606;2259.862068965517;59745.10344827586;706.2068965517242;100517534.89655173
1688377607;2259.862068965517;59321.379310344826;1412.4137931034484;105967192.27586207
1688377608;1412.4137931034484;59321.379310344826;1412.4137931034484;107665619.86206897
1688377609;2259.862068965517;64829.793103448275;1412.4137931034484;103561710.34482758
1688377610;2259.862068965517;67937.10344827586;1412.4137931034484;112191558.62068966
1688377611;2259.862068965517;68502.06896551725;1412.4137931034484;121194849.10344827
1688377612;2259.862068965517;65394.75862068965;1977.3793103448274;110847646.89655173
1688377613;2259.862068965517;59886.3448275862;1977.3793103448274;116927523.31034483
1688377614;1977.3793103448274;61298.75862068965;1977.3793103448274;112928838.62068966
1688377615;2118.6206896551726;60310.06896551724;1977.3793103448274;115008476.68965517
1688377616;2118.6206896551726;62428.68965517241;1977.3793103448274;110235506.7586207
1688377617;2118.6206896551726;62569.93103448276;1977.3793103448274;110235506.7586207
1688377618;2118.6206896551726;62146.206896551725;1977.3793103448274;112015430.62068966
1688377619;3248.551724137931;63558.620689655174;1977.3793103448274;120293164.13793103
1688377620;3248.551724137931;61157.51724137931;1977.3793103448274;116197870.34482758
1688377621;3248.551724137931;62569.93103448276;1977.3793103448274;116062137.37931034
1688377622;3248.551724137931;62428.68965517241;1977.3793103448274;104617913.37931034
1688377623;3248.551724137931;61863.724137931036;1977.3793103448274;109520684.13793103
1688377624;3531.0344827586205;61722.48275862069;1977.3793103448274;112117548.13793103
1688377625;4096;65112.275862068964;1977.3793103448274;112115429.51724137
1688377626;4096;66665.93103448275;1977.3793103448274;107264635.5862069
1688377627;4096;66665.93103448275;1977.3793103448274;108241037.2413793
1688377628;4096;66242.20689655172;1977.3793103448274;106044310.06896551
1688377629;4096;65818.4827586207;1977.3793103448274;105344882.7586207
1688377630;4378.482758620689;65394.75862068965;1977.3793103448274;117980477.79310344
1688377631;4378.482758620689;66524.6896551724;1977.3793103448274;111702157.2413793
1688377632;4378.482758620689;63699.862068965514;2683.5862068965516;108408267.03448276
1688377633;3248.551724137931;62569.93103448276;1977.3793103448274;108408408.27586207
1688377634;3248.551724137931;62146.206896551725;1977.3793103448274;106201370.48275863
1688377635;3248.551724137931;61157.51724137931;6779.586206896552;103462417.65517241
1688377636;3248.551724137931;64264.8275862069;6073.379310344828;101052133.51724137
1688377637;3248.551724137931;64123.58620689655;6073.379310344828;99353705.93103448
1688377638;2401.103448275862;59886.3448275862;6073.379310344828;100528834.20689654
1688377639;2401.103448275862;54801.65517241379;6073.379310344828;94935534.34482758
1688377640;2401.103448275862;54660.41379310345;6355.862068965517;84832679.72413793
1688377641;2401.103448275862;54942.89655172414;5790.896551724138;94430313.93103448
1688377642;2401.103448275862;54942.89655172414;5790.896551724138;95170983.72413793
1688377643;2401.103448275862;51835.58620689655;5790.896551724138;93167474.7586207
1688377644;2259.862068965517;50988.137931034486;5790.896551724138;88772466.7586207
1688377645;2259.862068965517;55366.620689655174;5790.896551724138;90240247.1724138
1688377646;2259.862068965517;58615.1724137931;5790.896551724138;90240247.1724138
1688377647;2259.862068965517;57485.24137931034;5790.896551724138;95559397.51724137
1688377648;1129.9310344827586;57061.51724137931;5790.896551724138;86336900.4137931
1688377649;1129.9310344827586;56637.793103448275;5790.896551724138;86338595.31034483
1688377650;1129.9310344827586;57061.51724137931;5790.896551724138;86338595.31034483
1688377651;1129.9310344827586;57344;5790.896551724138;84903865.37931034
1688377652;1129.9310344827586;55366.620689655174;5790.896551724138;94952483.31034483
1688377653;847.448275862069;55649.10344827586;5790.896551724138;86281110.06896551
1688377654;282.48275862068965;50705.65517241379;5790.896551724138;86283652.4137931
1688377655;282.48275862068965;54942.89655172414;5790.896551724138;86283511.1724138
1688377656;282.48275862068965;56355.31034482759;5790.896551724138;83250211.31034483
1688377657;282.48275862068965;57908.96551724138;5790.896551724138;80212956.68965517
1688377658;282.48275862068965;58897.65517241379;5790.896551724138;84171952.55172414
1688377659;0;59462.620689655174;5790.896551724138;71537346.20689654
1688377660;0;59321.379310344826;5790.896551724138;77611996.68965517
1688377661;0;59886.3448275862;5084.689655172414;77604510.89655173
1688377662;0;59038.89655172414;5084.689655172414;80783430.62068966
1688377663;0;58473.93103448276;5084.689655172414;93166909.79310344
1688377664;0;57344;282.48275862068965;92037684.96551724
1688377665;0;55366.620689655174;282.48275862068965;88998311.72413793
1688377666;0;57061.51724137931;282.48275862068965;85961057.10344827
1688377667;0;57485.24137931034;282.48275862068965;85961198.34482759
1688377668;0;58897.65517241379;282.48275862068965;94924941.2413793
1688377669;0;58050.206896551725;0;93498120.8275862
1688377670;0;57626.48275862069;0;83900486.62068966
1688377671;0;60451.31034482759;0;77080081.65517241
1688377672;0;60592.55172413793;0;80119596.13793103
1688377673;0;61298.75862068965;0;91785145.37931034
1688377674;0;55649.10344827586;0;90929646.34482759
1688377675;0;51976.8275862069;0;90929646.34482759
1688377676;0;56072.8275862069;0;74036471.1724138
1688377677;0;57485.24137931034;0;77074290.7586207
1688377678;0;57626.48275862069;0;80109850.48275863
1688377679;0;55931.58620689655;0;86288595.86206897
1688377680;0;55649.10344827586;0;85806115.31034483
1688377681;0;63276.13793103448;0;74882224.55172414
1688377682;0;63276.13793103448;5084.689655172414;76757062.62068966
1688377683;0;63276.13793103448;5084.689655172414;76754520.27586207
1688377684;0;60451.31034482759;5084.689655172414;76757486.34482759
1688377685;0;58191.448275862065;5084.689655172414;76749718.06896551
1688377686;0;59180.137931034486;5084.689655172414;79794458.48275863
1688377687;0;59321.379310344826;5225.931034482758;76755226.48275863
1688377688;0;59321.379310344826;5225.931034482758;79789938.7586207
1688377689;0;59462.620689655174;5225.931034482758;76753531.5862069
1688377690;0;58615.1724137931;5225.931034482758;78696306.7586207
1688377691;0;60875.03448275862;5225.931034482758;79649121.10344827
1688377692;0;62004.96551724138;5225.931034482758;79713527.1724138
1688377693;0;61016.275862068964;5225.931034482758;79711549.79310344
1688377694;0;59038.89655172414;5225.931034482758;79712962.20689654
1688377695;0;57485.24137931034;5225.931034482758;79712962.20689654
1688377696;0;57344;5225.931034482758;78107753.93103448
1688377697;0;60451.31034482759;5225.931034482758;70748230.62068966
1688377698;0;59462.620689655174;5932.137931034483;82648664.27586207
1688377699;0;60168.8275862069;5932.137931034483;82649935.44827586
1688377700;0;57626.48275862069;5932.137931034483;82649794.20689654
1688377701;0;59180.137931034486;5932.137931034483;79610279.72413793
1688377702;0;58615.1724137931;5932.137931034483;70981420.13793103
1688377703;0;58897.65517241379;5932.137931034483;73801163.03448276
1688377704;0;58897.65517241379;5932.137931034483;85608377.37931034
1688377705;0;55084.137931034486;5932.137931034483;85609366.06896551
1688377706;0;55366.620689655174;5932.137931034483;82581857.10344827
1688377707;0;58332.68965517241;5932.137931034483;82843859.86206897
1688377708;0;59038.89655172414;5932.137931034483;76667374.34482759
1688377709;0;56637.793103448275;5932.137931034483;76667374.34482759
1688377710;0;51976.8275862069;5932.137931034483;78733876.96551724
1688377711;1271.1724137931035;51270.620689655174;847.448275862069;76859038.89655173
1688377712;1271.1724137931035;52259.31034482759;1271.1724137931035;79909428.96551724
1688377713;1271.1724137931035;49152;1271.1724137931035;83868424.8275862
1688377714;1271.1724137931035;50140.68965517241;1271.1724137931035;89018509.2413793
1688377715;1271.1724137931035;46892.137931034486;1271.1724137931035;89011164.68965517
1688377716;2118.6206896551726;46468.41379310345;1129.9310344827586;94694011.5862069
1688377717;2118.6206896551726;51411.862068965514;1129.9310344827586;97699204.4137931
1688377718;2118.6206896551726;53389.24137931034;1129.9310344827586;94660961.10344827
1688377719;2118.6206896551726;52259.31034482759;1129.9310344827586;99948755.86206897
1688377720;2118.6206896551726;53389.24137931034;1129.9310344827586;101786588.68965517
1688377721;2118.6206896551726;52541.793103448275;1129.9310344827586;89335878.62068966
1688377722;2401.103448275862;53812.96551724138;1129.9310344827586;89624999.72413793
1688377723;2401.103448275862;53812.96551724138;5649.6551724137935;96243147.03448276
1688377724;2401.103448275862;54942.89655172414;5649.6551724137935;96814468.4137931
1688377725;2401.103448275862;54660.41379310345;5649.6551724137935;103091235.31034483
1688377726;2401.103448275862;50988.137931034486;5649.6551724137935;101485744.55172414
1688377727;2401.103448275862;52400.55172413793;4943.448275862069;93369873.65517241
1688377728;2401.103448275862;52683.03448275862;4943.448275862069;93368602.48275863
1688377729;2401.103448275862;53106.75862068965;5084.689655172414;93368602.48275863
1688377730;2401.103448275862;51411.862068965514;5084.689655172414;93368602.48275863
1688377731;2401.103448275862;60733.793103448275;5084.689655172414;92115650.20689654
1688377732;2401.103448275862;62146.206896551725;5084.689655172414;101168233.93103448
1688377733;2401.103448275862;62146.206896551725;5084.689655172414;89361019.5862069
1688377734;2401.103448275862;62146.206896551725;5084.689655172414;89359889.65517241
1688377735;2401.103448275862;61581.24137931034;5084.689655172414;95424088.27586207
1688377736;2401.103448275862;61157.51724137931;5084.689655172414;92129068.13793103
1688377737;2401.103448275862;61298.75862068965;5084.689655172414;101939411.86206897
1688377738;2401.103448275862;64688.55172413793;5084.689655172414;107747116.13793103
1688377739;2401.103448275862;63699.862068965514;5084.689655172414;101653115.5862069
1688377740;1129.9310344827586;65253.51724137931;5084.689655172414;104580908.13793103
1688377741;1129.9310344827586;66665.93103448275;4660.9655172413795;101530518.06896551
1688377742;1129.9310344827586;66807.1724137931;4660.9655172413795;100679821.2413793
1688377743;1129.9310344827586;65818.4827586207;4660.9655172413795;98659504.55172414
1688377744;2259.862068965517;66948.41379310345;4660.9655172413795;95622108.68965517
1688377745;1412.4137931034484;66524.6896551724;4660.9655172413795;92874822.62068966
1688377746;1412.4137931034484;61722.48275862069;4660.9655172413795;92906884.4137931
1688377747;1412.4137931034484;61440;4660.9655172413795;98439026.7586207
1688377748;1412.4137931034484;61440;4660.9655172413795;95890749.79310344
1688377749;2542.344827586207;58897.65517241379;4660.9655172413795;89921041.65517241
1688377750;2542.344827586207;59462.620689655174;5367.172413793103;89921041.65517241
1688377751;2259.862068965517;61298.75862068965;5367.172413793103;98505410.20689654
1688377752;2259.862068965517;61440;847.448275862069;102892084.96551724
1688377753;2259.862068965517;64971.03448275862;847.448275862069;108398238.89655173
1688377754;2259.862068965517;64971.03448275862;847.448275862069;101707776
1688377755;2259.862068965517;64829.793103448275;847.448275862069;98670521.37931034
1688377756;2259.862068965517;64264.8275862069;847.448275862069;94375088.55172414
1688377757;2259.862068965517;65677.24137931035;847.448275862069;104848843.03448276
1688377758;2259.862068965517;65394.75862068965;706.2068965517242;116427387.5862069
1688377759;2259.862068965517;65536;706.2068965517242;118444032
1688377760;2259.862068965517;59321.379310344826;706.2068965517242;116658882.20689654
1688377761;2259.862068965517;59038.89655172414;706.2068965517242;104174274.20689654
1688377762;2259.862068965517;60027.58620689655;706.2068965517242;125263307.03448276
1688377763;2259.862068965517;61722.48275862069;706.2068965517242;127050434.20689654
1688377764;2259.862068965517;60310.06896551724;706.2068965517242;120975924.96551724
1688377765;2259.862068965517;57767.724137931036;706.2068965517242;120971687.72413793
1688377766;2259.862068965517;56779.03448275862;706.2068965517242;129371312.55172414
1688377767;2259.862068965517;56355.31034482759;706.2068965517242;125389294.34482758
1688377768;2259.862068965517;57344;706.2068965517242;125389294.34482758
1688377769;2259.862068965517;55649.10344827586;706.2068965517242;128639258.48275863
1688377770;2259.862068965517;54519.1724137931;706.2068965517242;130454210.20689654
1688377771;2259.862068965517;57767.724137931036;706.2068965517242;143995727.44827586
1688377772;2259.862068965517;57908.96551724138;1412.4137931034484;140865959.72413793
1688377773;1129.9310344827586;58473.93103448276;1412.4137931034484;151524034.20689654
1688377774;1129.9310344827586;57485.24137931034;1412.4137931034484;146585811.86206895
1688377775;1129.9310344827586;57061.51724137931;6214.620689655172;149131828.96551725
1688377776;1129.9310344827586;54236.68965517241;6214.620689655172;143599686.62068966
1688377777;1129.9310344827586;54942.89655172414;6214.620689655172;140757768.8275862
1688377778;0;54942.89655172414;6214.620689655172;140757768.8275862
1688377779;0;53954.206896551725;5508.413793103448;148532683.03448275
1688377780;141.24137931034483;53671.724137931036;5508.413793103448;144545156.4137931
1688377781;564.9655172413793;54519.1724137931;6638.3448275862065;143268334.3448276
1688377782;564.9655172413793;50988.137931034486;6638.3448275862065;137209644.13793102
1688377783;564.9655172413793;49575.724137931036;6638.3448275862065;136191152.55172414
1688377784;564.9655172413793;49716.96551724138;6638.3448275862065;144341486.3448276
1688377785;564.9655172413793;48728.275862068964;6638.3448275862065;144341486.3448276
1688377786;847.448275862069;47739.58620689655;6638.3448275862065;146569286.62068966
1688377787;847.448275862069;46468.41379310345;6638.3448275862065;134994838.06896552
1688377788;1694.896551724138;47033.379310344826;6638.3448275862065;134665886.89655173
1688377789;1694.896551724138;48869.51724137931;6638.3448275862065;134665886.89655173
1688377790;1694.896551724138;49434.48275862069;6638.3448275862065;134665886.89655173
1688377791;1694.896551724138;50988.137931034486;6638.3448275862065;130112829.79310344
1688377792;1694.896551724138;50846.89655172414;6638.3448275862065;140783051.03448275
1688377793;2259.862068965517;50281.93103448276;6638.3448275862065;140783051.03448275
1688377794;2259.862068965517;52965.51724137931;6638.3448275862065;142368485.5172414
1688377795;2259.862068965517;52824.275862068964;6638.3448275862065;124156257.10344827
1688377796;2259.862068965517;51270.620689655174;6638.3448275862065;122330571.03448276
1688377797;2259.862068965517;49152;6638.3448275862065;134519843.31034482
1688377798;2259.862068965517;51129.379310344826;6638.3448275862065;129927521.10344827
1688377799;2401.103448275862;50988.137931034486;6638.3448275862065;137567973.5172414
1688377800;2824.8275862068967;47174.620689655174;6638.3448275862065;124628144.55172414
1688377801;2824.8275862068967;50281.93103448276;5932.137931034483;124628285.79310344
1688377802;2824.8275862068967;48587.03448275862;5932.137931034483;113975154.7586207
1688377803;2824.8275862068967;51553.10344827586;5932.137931034483;115982336
1688377804;2824.8275862068967;51270.620689655174;1129.9310344827586;119445433.37931034
1688377805;2966.0689655172414;52118.06896551724;1129.9310344827586;119445433.37931034
1688377806;2966.0689655172414;51129.379310344826;1129.9310344827586;117605058.20689654
1688377807;2966.0689655172414;51129.379310344826;1129.9310344827586;117606329.37931034
1688377808;2966.0689655172414;50564.41379310345;1129.9310344827586;112386330.48275863
1688377809;2824.8275862068967;49575.724137931036;1129.9310344827586;107500367.44827586
1688377810;2401.103448275862;50564.41379310345;0;101299447.1724138
1688377811;2401.103448275862;51553.10344827586;0;111591424
1688377812;2401.103448275862;51976.8275862069;564.9655172413793;111594531.31034483
1688377813;2401.103448275862;53389.24137931034;564.9655172413793;103444197.51724137
1688377814;2401.103448275862;53389.24137931034;564.9655172413793;106489502.89655173
1688377815;2118.6206896551726;52965.51724137931;564.9655172413793;96825202.7586207
1688377816;2118.6206896551726;54660.41379310345;564.9655172413793;108506571.03448276
1688377817;1271.1724137931035;55225.379310344826;564.9655172413793;107497825.10344827
1688377818;1271.1724137931035;50705.65517241379;564.9655172413793;107497825.10344827
1688377819;1271.1724137931035;49575.724137931036;564.9655172413793;107497825.10344827
1688377820;1271.1724137931035;54942.89655172414;564.9655172413793;93999245.2413793
1688377821;1271.1724137931035;56779.03448275862;564.9655172413793;84584942.34482759
1688377822;706.2068965517242;56637.793103448275;564.9655172413793;96939467.03448276
1688377823;706.2068965517242;54519.1724137931;564.9655172413793;95354032.55172414
1688377824;706.2068965517242;57485.24137931034;564.9655172413793;95354032.55172414
1688377825;706.2068965517242;56214.06896551724;564.9655172413793;95354173.79310344
1688377826;706.2068965517242;59603.862068965514;564.9655172413793;86203144.8275862
1688377827;706.2068965517242;56920.275862068964;564.9655172413793;87791545.37931034
1688377828;564.9655172413793;57485.24137931034;564.9655172413793;89354098.7586207
1688377829;141.24137931034483;57344;564.9655172413793;88673880.27586207
1688377830;141.24137931034483;63841.10344827586;564.9655172413793;88673739.03448276
1688377831;141.24137931034483;63982.3448275862;564.9655172413793;88668795.5862069
1688377832;141.24137931034483;63841.10344827586;564.9655172413793;88665829.51724137
1688377833;141.24137931034483;63417.379310344826;564.9655172413793;76583335.72413793
1688377834;0;65959.72413793103;564.9655172413793;76583335.72413793
1688377835;0;66242.20689655172;564.9655172413793;86936893.79310344
1688377836;0;67937.10344827586;564.9655172413793;86935622.62068966
1688377837;0;67795.86206896552;1271.1724137931035;84383390.89655173
1688377838;0;67654.62068965517;1271.1724137931035;86164727.1724138
1688377839;0;65818.4827586207;1271.1724137931035;86930114.20689654
1688377840;0;67230.89655172413;1271.1724137931035;88823737.37931034
1688377841;0;67513.37931034483;706.2068965517242;88820630.06896551
1688377842;0;67089.6551724138;706.2068965517242;88821760
1688377843;0;68784.55172413793;706.2068965517242;85776454.62068966
1688377844;0;68643.31034482758;706.2068965517242;85779561.93103448
1688377845;0;68643.31034482758;706.2068965517242;77131352.27586207
1688377846;0;67089.6551724138;706.2068965517242;88613852.68965517
1688377847;0;68925.79310344828;706.2068965517242;88613852.68965517
1688377848;0;67230.89655172413;706.2068965517242;88613852.68965517
1688377849;0;60451.31034482759;706.2068965517242;85576456.8275862
1688377850;0;56214.06896551724;706.2068965517242;85571230.89655173
1688377851;0;56779.03448275862;706.2068965517242;76255232
1688377852;0;57202.75862068965;706.2068965517242;78259870.89655173
1688377853;0;55084.137931034486;706.2068965517242;78259870.89655173
1688377854;0;57626.48275862069;706.2068965517242;91007611.5862069
1688377855;0;56072.8275862069;706.2068965517242;87969368.27586207
1688377856;0;57202.75862068965;706.2068965517242;86557378.20689654
1688377857;0;56637.793103448275;706.2068965517242;75539420.68965517
1688377858;0;57344;706.2068965517242;73792123.5862069
1688377859;0;47598.3448275862;706.2068965517242;83924356.4137931
1688377860;0;50564.41379310345;706.2068965517242;83924356.4137931
1688377861;0;49152;706.2068965517242;80888372.96551724
1688377862;0;49999.448275862065;5225.931034482758;83924638.89655173
1688377863;0;47315.862068965514;5225.931034482758;86964153.37931034
1688377864;0;50846.89655172414;5225.931034482758;88984470.06896551
1688377865;0;49575.724137931036;5225.931034482758;88984470.06896551
1688377866;0;51129.379310344826;4519.724137931034;88982916.4137931
1688377867;0;50564.41379310345;4519.724137931034;87201580.13793103
1688377868;0;51270.620689655174;5084.689655172414;84652596.96551724
1688377869;0;47880.8275862069;5084.689655172414;76777966.34482759
1688377870;0;46468.41379310345;5084.689655172414;89150852.4137931
1688377871;0;50564.41379310345;5084.689655172414;89151276.13793103
1688377872;0;51694.3448275862;5084.689655172414;89151276.13793103
1688377873;0;52683.03448275862;5084.689655172414;87531237.51724137
1688377874;0;51835.58620689655;5084.689655172414;89149722.48275863
1688377875;0;55790.3448275862;5084.689655172414;87310053.51724137
1688377876;0;55225.379310344826;5084.689655172414;89323025.65517241
1688377877;0;57344;5084.689655172414;89323025.65517241
1688377878;0;55507.862068965514;5084.689655172414;89323166.89655173
1688377879;0;57626.48275862069;5084.689655172414;89323308.13793103
1688377880;0;56355.31034482759;5084.689655172414;89323166.89655173
1688377881;0;56637.793103448275;5084.689655172414;87327143.72413793
1688377882;0;55084.137931034486;5084.689655172414;96457127.72413793
1688377883;0;53389.24137931034;5084.689655172414;83709245.79310344
1688377884;0;53106.75862068965;5084.689655172414;83709245.79310344
1688377885;0;57485.24137931034;5084.689655172414;84984937.93103448
1688377886;0;56920.275862068964;5084.689655172414;88024876.13793103
1688377887;0;57908.96551724138;5084.689655172414;88520209.65517241
1688377888;0;59321.379310344826;5084.689655172414;81513648.55172414
1688377889;0;56214.06896551724;5084.689655172414;94186955.03448276
1688377890;0;56779.03448275862;5084.689655172414;94185825.10344827
1688377891;0;58332.68965517241;564.9655172413793;91148429.2413793
1688377892;0;58332.68965517241;564.9655172413793;88109056
1688377893;0;55649.10344827586;564.9655172413793;78779921.65517241
1688377894;0;56496.55172413793;564.9655172413793;91170886.62068966
1688377895;0;56637.793103448275;564.9655172413793;91171734.06896551
1688377896;0;58473.93103448276;564.9655172413793;91171734.06896551
1688377897;0;59886.3448275862;0;89426979.31034483
1688377898;0;60592.55172413793;0;88135750.62068966
1688377899;0;62569.93103448276;0;78800119.1724138
1688377900;0;59321.379310344826;0;82284402.7586207
1688377901;0;57908.96551724138;0;93551933.79310344
1688377902;0;56072.8275862069;0;92131610.48275863
1688377903;0;58473.93103448276;0;94506725.51724137
1688377904;0;54942.89655172414;0;84186076.68965517
1688377905;0;55649.10344827586;0;82173104.55172414
1688377906;0;55931.58620689655;0;82175081.93103448
1688377907;0;57626.48275862069;5649.6551724137935;82182708.96551724
1688377908;0;55366.620689655174;5649.6551724137935;79144748.13793103
1688377909;0;57767.724137931036;5649.6551724137935;76106363.5862069
1688377910;0;55931.58620689655;5649.6551724137935;82173387.03448276
1688377911;0;59886.3448275862;5649.6551724137935;73043403.03448276
1688377912;0;58897.65517241379;5649.6551724137935;76619211.03448276
1688377913;0;58191.448275862065;5649.6551724137935;78445179.5862069
1688377914;0;56355.31034482759;5649.6551724137935;89006503.72413793
1688377915;0;57626.48275862069;5649.6551724137935;85966565.51724137
1688377916;0;59180.137931034486;5649.6551724137935;84185794.20689654
1688377917;0;63982.3448275862;5649.6551724137935;81061393.65517241
1688377918;0;64971.03448275862;5649.6551724137935;69589203.86206897
1688377919;0;65112.275862068964;5649.6551724137935;72055419.5862069
1688377920;0;64123.58620689655;5649.6551724137935;86895933.79310344
1688377921;0;64406.06896551724;5649.6551724137935;86895792.55172414
1688377922;0;63699.862068965514;5649.6551724137935;83852323.31034483
1688377923;0;62428.68965517241;5649.6551724137935;71461358.34482759
1688377924;0;61581.24137931034;5649.6551724137935;73063176.8275862
1688377925;0;60451.31034482759;5649.6551724137935;73063176.8275862
1688377926;0;59745.10344827586;5649.6551724137935;80564647.72413793
1688377927;0;61298.75862068965;5649.6551724137935;89706354.7586207
1688377928;0;60733.793103448275;5649.6551724137935;86669100.13793103
1688377929;0;59886.3448275862;5649.6551724137935;83183262.89655173
1688377930;0;63276.13793103448;5649.6551724137935;71916861.79310344
1688377931;0;64547.31034482759;5649.6551724137935;77624849.65517241
1688377932;0;64547.31034482759;5649.6551724137935;74177147.5862069
1688377933;0;64406.06896551724;5649.6551724137935;74242683.5862069
1688377934;0;62569.93103448276;5790.896551724138;74242683.5862069
1688377935;0;63276.13793103448;5790.896551724138;74240706.20689654
1688377936;1271.1724137931035;64406.06896551724;141.24137931034483;80328209.65517241
1688377937;1271.1724137931035;66100.96551724138;141.24137931034483;89199015.72413793
1688377938;1271.1724137931035;65253.51724137931;141.24137931034483;93177220.4137931
1688377939;1271.1724137931035;64971.03448275862;141.24137931034483;87101581.2413793
1688377940;1271.1724137931035;63841.10344827586;706.2068965517242;87101581.2413793
1688377941;2118.6206896551726;63841.10344827586;706.2068965517242;89600423.72413793
1688377942;2118.6206896551726;65959.72413793103;706.2068965517242;90811709.79310344
1688377943;2118.6206896551726;63134.89655172414;706.2068965517242;85885634.20689654
1688377944;2118.6206896551726;63417.379310344826;706.2068965517242;86434780.68965517
1688377945;2118.6206896551726;60875.03448275862;706.2068965517242;91966923.03448276
1688377946;2118.6206896551726;57908.96551724138;706.2068965517242;93312529.65517241
1688377947;2401.103448275862;58615.1724137931;706.2068965517242;99876299.03448276
1688377948;2401.103448275862;57485.24137931034;706.2068965517242;97410507.03448276
1688377949;2401.103448275862;57344;706.2068965517242;85607247.44827586
1688377950;2401.103448275862;57344;706.2068965517242;93946844.68965517
1688377951;2401.103448275862;58191.448275862065;706.2068965517242;97291299.31034483
1688377952;2401.103448275862;59603.862068965514;706.2068965517242;99879123.86206897
1688377953;2401.103448275862;59745.10344827586;706.2068965517242;102179522.20689654
1688377954;2401.103448275862;59745.10344827586;706.2068965517242;102179522.20689654
1688377955;2401.103448275862;61863.724137931036;706.2068965517242;102583331.31034483
1688377956;2401.103448275862;60168.8275862069;706.2068965517242;100668098.20689654
1688377957;2401.103448275862;62287.448275862065;706.2068965517242;100668098.20689654
1688377958;2401.103448275862;62004.96551724138;706.2068965517242;100670358.06896551
1688377959;2401.103448275862;58191.448275862065;706.2068965517242;104430203.5862069
1688377960;2401.103448275862;57202.75862068965;706.2068965517242;98722215.72413793
1688377961;2401.103448275862;57202.75862068965;706.2068965517242;106569869.2413793
1688377962;2401.103448275862;57202.75862068965;706.2068965517242;111926731.03448276
1688377963;2401.103448275862;63841.10344827586;564.9655172413793;111926731.03448276
1688377964;2401.103448275862;62146.206896551725;564.9655172413793;111926731.03448276
1688377965;1129.9310344827586;62852.41379310345;564.9655172413793;110897363.86206897
1688377966;1129.9310344827586;64123.58620689655;564.9655172413793;102049156.4137931
1688377967;2259.862068965517;63417.379310344826;564.9655172413793;98070951.72413793
1688377968;2259.862068965517;65959.72413793103;564.9655172413793;104010999.1724138
1688377969;2259.862068965517;63841.10344827586;0;110085508.4137931
1688377970;1412.4137931034484;64829.793103448275;0;109470684.68965517
1688377971;1412.4137931034484;63699.862068965514;0;107448814.34482758
1688377972;1694.896551724138;63841.10344827586;0;98058138.624
1688377973;2259.862068965517;62569.93103448276;0;97607810.31348148
1688377974;2259.862068965517;62569.93103448276;0;100569622.94855882
1688377975;2259.862068965517;59462.620689655174;0;114310744.27586207
1688377976;1977.3793103448274;58756.41379310345;0;110328584.8275862
1688377977;1977.3793103448274;58615.1724137931;0;110326466.20689654
1688377978;2259.862068965517;59886.3448275862;0;108279596.13793103
1688377979;2259.862068965517;61863.724137931036;0;119652210.7586207
1688377980;2259.862068965517;61016.275862068964;0;121260102.62068966
1688377981;2259.862068965517;60168.8275862069;0;120633555.86206897
1688377982;2259.862068965517;60168.8275862069;0;116729361.65517241
1688377983;2259.862068965517;61157.51724137931;706.2068965517242;116729361.65517241
1688377984;2259.862068965517;59038.89655172414;706.2068965517242;108823940.4137931
1688377985;2259.862068965517;58332.68965517241;706.2068965517242;116563261.79310344
1688377986;2259.862068965517;56496.55172413793;706.2068965517242;118535980.13793103
1688377987;2259.862068965517;56355.31034482759;706.2068965517242;118533720.27586207
1688377988;2259.862068965517;56637.793103448275;1412.4137931034484;114772744.8275862
1688377989;2259.862068965517;57202.75862068965;1412.4137931034484;134121966.34482758
1688377990;2259.862068965517;55225.379310344826;1412.4137931034484;125728414.89655173
1688377991;2259.862068965517;55649.10344827586;1412.4137931034484;126382080
1688377992;2259.862068965517;49152;1412.4137931034484;128046044.68965517
1688377993;2259.862068965517;47739.58620689655;1412.4137931034484;131703490.20689654
1688377994;2259.862068965517;45338.48275862069;1412.4137931034484;126637585.65517241
1688377995;2259.862068965517;43643.58620689655;1412.4137931034484;129187840
1688377996;1129.9310344827586;43219.862068965514;1412.4137931034484;145161110.06896552
1688377997;1129.9310344827586;41948.68965517241;1412.4137931034484;140904377.37931034
1688377998;1129.9310344827586;43219.862068965514;1412.4137931034484;134829868.13793102
1688377999;1129.9310344827586;46750.89655172414;1412.4137931034484;134537922.20689654
1688378000;1129.9310344827586;46609.65517241379;1412.4137931034484;140000291.31034482
1688378001;847.448275862069;47315.862068965514;1412.4137931034484;139969575.42445612
1688378002;1412.4137931034484;47315.862068965514;1412.4137931034484;139760030.7708938
1688378003;1412.4137931034484;48163.31034482759;1412.4137931034484;150663892.95075184
1688378004;1412.4137931034484;54519.1724137931;1412.4137931034484;135568984.27586207
1688378005;1412.4137931034484;53530.48275862069;1412.4137931034484;131786257.65517241
1688378006;1412.4137931034484;54236.68965517241;1412.4137931034484;131794873.37931034
1688378007;1977.3793103448274;51694.3448275862;1412.4137931034484;135245682.75862068
1688378008;1977.3793103448274;51270.620689655174;1412.4137931034484;115533612.13793103
1688378009;1977.3793103448274;53812.96551724138;1412.4137931034484;118015081.93103448
1688378010;1977.3793103448274;55084.137931034486;1412.4137931034484;116053804.13793103
1688378011;1977.3793103448274;54236.68965517241;1412.4137931034484;119094448.55172414
1688378012;1977.3793103448274;52259.31034482759;706.2068965517242;122133115.5862069
1688378013;2259.862068965517;50705.65517241379;5790.896551724138;123609652.96551724
1688378014;2259.862068965517;53389.24137931034;5790.896551724138;107211528.8275862
1688378015;2259.862068965517;53954.206896551725;5790.896551724138;110134660.4137931
1688378016;2259.862068965517;54519.1724137931;5790.896551724138;122059246.34482758
1688378017;2259.862068965517;53389.24137931034;5084.689655172414;122062353.65517241
1688378018;2259.862068965517;53248;5084.689655172414;102713132.13793103
1688378019;2259.862068965517;57485.24137931034;5508.413793103448;99676018.7586207
1688378020;2259.862068965517;58332.68965517241;5508.413793103448;96639611.5862069
1688378021;2259.862068965517;58191.448275862065;5508.413793103448;107284126.89655173
1688378022;2259.862068965517;60733.793103448275;5508.413793103448;103627811.31034483
1688378023;2259.862068965517;59745.10344827586;5508.413793103448;103627811.31034483
1688378024;2259.862068965517;60168.8275862069;5508.413793103448;101054958.34482758
1688378025;2259.862068965517;59603.862068965514;5508.413793103448;88119084.13793103
1688378026;2259.862068965517;62569.93103448276;5508.413793103448;89473447.72413793
1688378027;2259.862068965517;61298.75862068965;5508.413793103448;101888706.20689654
1688378028;2683.401144748638;57908.96551724138;5508.413793103448;96720825.37931034
1688378029;2683.5862068965516;59180.137931034486;5508.413793103448;90244201.93103448
1688378030;2683.5862068965516;59321.379310344826;5508.413793103448;83950062.34482759
1688378031;1553.655172413793;60310.06896551724;5508.413793103448;89614971.5862069
1688378032;1553.655172413793;59603.862068965514;5508.413793103448;77398580.96551724
1688378033;1553.655172413793;53106.75862068965;5508.413793103448;83662071.1724138
1688378034;1694.896551724138;54519.1724137931;5508.413793103448;83662071.1724138
1688378035;1694.896551724138;60875.03448275862;5508.413793103448;86692263.72413793
1688378036;847.448275862069;61298.75862068965;5508.413793103448;85288324.4137931
1688378037;847.448275862069;59745.10344827586;5508.413793103448;88332217.37931034
1688378038;847.448275862069;56355.31034482759;5508.413793103448;83934384.55172414
1688378039;847.448275862069;57908.96551724138;5508.413793103448;85441712.55172414
1688378040;847.448275862069;59038.89655172414;5508.413793103448;95319852.13793103
1688378041;847.448275862069;60733.793103448275;5508.413793103448;92281185.10344827
1688378042;564.9655172413793;59886.3448275862;423.7241379310345;90806060.13793103
1688378043;564.9655172413793;59038.89655172414;423.7241379310345;89592796.68965517
1688378044;564.9655172413793;58332.68965517241;423.7241379310345;85693263.44827586
1688378045;564.9655172413793;60451.31034482759;423.7241379310345;87846488.27586207
1688378046;564.9655172413793;60875.03448275862;423.7241379310345;87843380.96551724
1688378047;564.9655172413793;60168.8275862069;423.7241379310345;87844510.89655173
1688378048;564.9655172413793;55366.620689655174;0;87844369.65517241
1688378049;564.9655172413793;55084.137931034486;0;86883645.79310344
1688378050;564.9655172413793;65536;141.24137931034483;78570460.68965517
1688378051;564.9655172413793;63841.10344827586;141.24137931034483;90848573.79310344
1688378052;564.9655172413793;64547.31034482759;141.24137931034483;90849844.96551724
1688378053;564.9655172413793;64688.55172413793;141.24137931034483;90850974.89655173
1688378054;564.9655172413793;65536;141.24137931034483;87813579.03448276
1688378055;564.9655172413793;63417.379310344826;847.448275862069;84783386.48275863
1688378056;564.9655172413793;64123.58620689655;847.448275862069;78443908.4137931
1688378057;141.25112076694944;63134.89655172414;847.448275862069;78446592
1688378058;141.24137931034483;61016.275862068964;847.448275862069;81482857.93103448
1688378059;141.24137931034483;59038.89655172414;847.448275862069;84512626.7586207
1688378060;141.24137931034483;63841.10344827586;847.448275862069;83282979.31034483
1688378061;141.24137931034483;62852.41379310345;847.448275862069;88432640
1688378062;141.24137931034483;64406.06896551724;847.448275862069;89147603.86206897
1688378063;0;63699.862068965514;847.448275862069;89147603.86206897
1688378064;0;56779.03448275862;847.448275862069;86108795.5862069
1688378065;0;59180.137931034486;847.448275862069;84576750.34482759
1688378066;0;59603.862068965514;847.448275862069;86103287.1724138
1688378067;0;60168.8275862069;847.448275862069;90714112
1688378068;0;56920.275862068964;1553.655172413793;89206784
1688378069;0;55649.10344827586;1553.655172413793;83393571.31034483
1688378070;0;54095.448275862065;1553.655172413793;83393571.31034483
1688378071;0;58615.1724137931;1553.655172413793;83392158.89655173
1688378072;0;55931.58620689655;1553.655172413793;86037892.4137931
1688378073;0;55931.58620689655;1553.655172413793;97453726.89655173
1688378074;0;52683.03448275862;1553.655172413793;83375916.13793103
1688378075;0;54942.89655172414;1553.655172413793;83375916.13793103
1688378076;0;54519.1724137931;1553.655172413793;83374786.20689654
1688378077;0;54801.65517241379;1553.655172413793;86414724.4137931
1688378078;0;53671.724137931036;1553.655172413793;84334662.62068966
1688378079;0;43502.3448275862;1412.4137931034484;80339367.72413793
1688378080;0;46044.68965517241;1412.4137931034484;76544776.8275862
1688378081;0;50423.1724137931;5932.137931034483;78020184.27586207
1688378082;0;49434.48275862069;5932.137931034483;78021596.68965517
1688378083;0;50140.68965517241;5932.137931034483;79583726.34482759
1688378084;0;49858.206896551725;5225.931034482758;84091303.72413793
1688378085;0;49293.24137931034;5225.931034482758;85090727.72413793
1688378086;0;55649.10344827586;5790.896551724138;90357336.27586207
1688378087;0;55507.862068965514;5790.896551724138;87321070.34482759
1688378088;0;57061.51724137931;5790.896551724138;84283815.72413793
1688378089;0;50564.41379310345;5790.896551724138;81287803.5862069
1688378090;0;53530.48275862069;5790.896551724138;80700380.68965517
1688378091;0;54942.89655172414;5790.896551724138;83130862.34482759
1688378092;0;54377.93103448276;5790.896551724138;83132274.7586207
1688378093;0;54095.448275862065;5790.896551724138;83132274.7586207
1688378094;0;52118.06896551724;5790.896551724138;83056710.62068966
1688378095;0;51411.862068965514;5790.896551724138;83132416
1688378096;0;53530.48275862069;5790.896551724138;87030678.06896551
1688378097;0;53389.24137931034;5084.689655172414;87893521.65517241
1688378098;0;53248;5084.689655172414;80787950.34482759
1688378099;0;55225.379310344826;5084.689655172414;80787950.34482759
1688378100;0;51976.8275862069;5084.689655172414;83825346.20689654
1688378101;0;57908.96551724138;5084.689655172414;83824498.7586207
1688378102;0;57061.51724137931;5084.689655172414;81370571.03448276
1688378103;0;59886.3448275862;5084.689655172414;81370571.03448276
1688378104;0;57767.724137931036;5084.689655172414;83207132.68965517
1688378105;0;59038.89655172414;5084.689655172414;83530857.93103448
1688378106;0;59462.620689655174;5084.689655172414;80490919.72413793
1688378107;0;60451.31034482759;5084.689655172414;87913719.1724138
1688378108;0;60168.8275862069;6497.103448275862;87913719.1724138
1688378109;0;57626.48275862069;6497.103448275862;79433728
1688378110;0;57344;1977.3793103448274;77957049.37931034
1688378111;0;59321.379310344826;1977.3793103448274;80995716.4137931
1688378112;0;59462.620689655174;1977.3793103448274;82470841.37931034
1688378113;0;58473.93103448276;1977.3793103448274;90374991.44827586
1688378114;0;59462.620689655174;1977.3793103448274;83301199.44827586
1688378115;0;54942.89655172414;1412.4137931034484;78031907.31034483
1688378116;0;55790.3448275862;2118.6206896551726;78030918.62068966
1688378117;0;55084.137931034486;2118.6206896551726;81068879.44827586
1688378118;0;55790.3448275862;2118.6206896551726;82656150.06896551
1688378119;0;53812.96551724138;2118.6206896551726;79642765.2413793
1688378120;0;57626.48275862069;2118.6206896551726;83435661.2413793
1688378121;0;57767.724137931036;2118.6206896551726;83434248.8275862
1688378122;0;60592.55172413793;2118.6206896551726;83434248.8275862
1688378123;0;59038.89655172414;2118.6206896551726;82004603.5862069
1688378124;0;61016.275862068964;2118.6206896551726;79268193.10344827
1688378125;0;59321.379310344826;2118.6206896551726;70489900.13793103
1688378126;0;60451.31034482759;2118.6206896551726;82565473.10344827
1688378127;0;68219.58620689655;2118.6206896551726;82565473.10344827
1688378128;0;67089.6551724138;2118.6206896551726;82566603.03448276
1688378129;0;69349.5172413793;2118.6206896551726;79529207.1724138
1688378130;0;66242.20689655172;2118.6206896551726;79480337.65517241
1688378131;0;69208.27586206897;2118.6206896551726;72820382.89655173
1688378132;0;71468.13793103448;2118.6206896551726;72822642.7586207
1688378133;0;71750.62068965517;2118.6206896551726;70986081.10344827
1688378134;0;70761.93103448275;10169.379310344828;70662355.86206897
1688378135;1129.9310344827586;70196.96551724138;10169.379310344828;73728141.2413793
1688378136;1129.9310344827586;69067.03448275862;10169.379310344828;78931756.13793103
1688378137;1129.9310344827586;70903.1724137931;8756.965517241379;78931756.13793103
1688378138;1129.9310344827586;70196.96551724138;8756.965517241379;78927095.1724138
1688378139;1129.9310344827586;67937.10344827586;10310.620689655172;78927236.4137931
1688378140;1412.4137931034484;65394.75862068965;10310.620689655172;78929920
1688378141;1977.3793103448274;66100.96551724138;10310.620689655172;85005841.65517241
1688378142;1977.3793103448274;67089.6551724138;10310.620689655172;75329394.7586207
1688378143;1977.3793103448274;68784.55172413793;10310.620689655172;78225972.96551724
1688378144;1977.3793103448274;67795.86206896552;10310.620689655172;83756279.1724138
1688378145;1977.3793103448274;66242.20689655172;9604.413793103447;83758962.7586207
1688378146;2259.862068965517;66807.1724137931;9604.413793103447;80721001.93103448
1688378147;2259.862068965517;66807.1724137931;9604.413793103447;77683747.31034483
1688378148;2259.862068965517;66665.93103448275;9604.413793103447;76132069.51724137
1688378149;2683.5862068965516;60875.03448275862;9604.413793103447;65968763.5862069
1688378150;2683.5862068965516;61581.24137931034;9604.413793103447;69009549.2413793
1688378151;2683.5862068965516;59745.10344827586;9604.413793103447;72046945.10344827
1688378152;2683.5862068965516;64688.55172413793;9604.413793103447;75268237.2413793
1688378153;2683.5862068965516;65394.75862068965;9604.413793103447;79251667.86206897
1688378154;2824.8275862068967;64406.06896551724;9604.413793103447;88821336.27586207
1688378155;2824.8275862068967;63982.3448275862;9604.413793103447;75887721.93103448
1688378156;2824.8275862068967;57485.24137931034;9604.413793103447;75887721.93103448
1688378157;2824.8275862068967;57767.724137931036;9604.413793103447;75886592
1688378158;2824.8275862068967;55507.862068965514;10310.620689655172;78924129.10344827
1688378159;2824.8275862068967;55084.137931034486;10310.620689655172;78980908.13793103
1688378160;2824.8275862068967;53248;10310.620689655172;87954537.93103448
1688378161;2824.8275862068967;48445.793103448275;10310.620689655172;87952278.06896551
1688378162;2824.8275862068967;58050.206896551725;10310.620689655172;89998441.93103448
1688378163;2824.8275862068967;59886.3448275862;2259.862068965517;89999854.34482759
1688378164;1694.896551724138;61863.724137931036;2259.862068965517;86934068.96551724
1688378165;1694.896551724138;61298.75862068965;2259.862068965517;77347027.86206897
1688378166;1694.896551724138;61016.275862068964;2259.862068965517;80384282.48275863
1688378167;1694.896551724138;63841.10344827586;2259.862068965517;80387531.03448276
1688378168;1694.896551724138;63841.10344827586;706.2068965517242;87786601.93103448
1688378169;1412.4137931034484;64264.8275862069;706.2068965517242;90876398.34482759
1688378170;847.448275862069;64688.55172413793;1271.1724137931035;81859548.68965517
1688378171;847.448275862069;65394.75862068965;1271.1724137931035;79116782.34482759
1688378172;847.448275862069;63699.862068965514;1271.1724137931035;76218791.72413793
1688378173;2118.6206896551726;66383.44827586207;1271.1724137931035;76784180.96551724
1688378174;2118.6206896551726;69067.03448275862;1271.1724137931035;87707083.03448276
1688378175;1836.1379310344828;68502.06896551725;1271.1724137931035;87714286.34482759
1688378176;1836.1379310344828;69349.5172413793;1271.1724137931035;87714286.34482759
1688378177;1836.1379310344828;69349.5172413793;1271.1724137931035;91004645.51724137
1688378178;2259.862068965517;70055.72413793103;1271.1724137931035;90750411.03448276
1688378179;2259.862068965517;69208.27586206897;1271.1724137931035;100333638.62068966
1688378180;2259.862068965517;69067.03448275862;1271.1724137931035;97299067.5862069
1688378181;2259.862068965517;66242.20689655172;1271.1724137931035;94077775.44827586
1688378182;2259.862068965517;64406.06896551724;1271.1724137931035;94264637.79310344
1688378183;2118.6206896551726;67654.62068965517;1271.1724137931035;84964175.44827586
1688378184;2401.103448275862;68925.79310344828;1977.3793103448274;97686492.68965517
1688378185;2401.103448275862;68784.55172413793;6497.103448275862;97688470.06896551
1688378186;2401.103448275862;68078.3448275862;6497.103448275862;97688470.06896551
1688378187;2401.103448275862;69914.4827586207;5790.896551724138;98140301.2413793
1688378188;2401.103448275862;70903.1724137931;5790.896551724138;97681408
1688378189;2401.103448275862;72739.31034482758;5790.896551724138;88448882.7586207
1688378190;2401.103448275862;72598.06896551725;5790.896551724138;101110466.20689654
1688378191;2401.103448275862;63699.862068965514;5932.137931034483;99064302.34482758
1688378192;2401.103448275862;61863.724137931036;5932.137931034483;99062889.93103448
1688378193;2401.103448275862;61298.75862068965;5932.137931034483;104849408
1688378194;2401.103448275862;63841.10344827586;5932.137931034483;103428378.48275863
1688378195;2401.103448275862;62428.68965517241;5932.137931034483;103640099.31034483
1688378196;2401.103448275862;60875.03448275862;5932.137931034483;103636850.7586207
1688378197;2401.103448275862;59886.3448275862;5932.137931034483;108872668.68965517
1688378198;2401.103448275862;66807.1724137931;5932.137931034483;102738979.31034483
1688378199;2401.103448275862;64829.793103448275;5367.172413793103;109114615.1724138
1688378200;2401.103448275862;63276.13793103448;5367.172413793103;109114615.1724138
1688378201;2401.103448275862;64829.793103448275;5367.172413793103;109114615.1724138
1688378202;1129.9310344827586;62146.206896551725;5367.172413793103;107947820.13793103
1688378203;1129.9310344827586;59603.862068965514;5367.172413793103;99976862.89655173
1688378204;2259.862068965517;63417.379310344826;5367.172413793103;99977004.13793103
1688378205;2259.862068965517;62711.1724137931;5367.172413793103;99977004.13793103
1688378206;2259.862068965517;63982.3448275862;5367.172413793103;96686644.96551724
1688378207;1412.4137931034484;62287.448275862065;5367.172413793103;96794977.10344827
1688378208;1412.4137931034484;62993.65517241379;5367.172413793103;87063587.31034483
1688378209;2259.862068965517;61581.24137931034;5367.172413793103;87064011.03448276
1688378210;2259.862068965517;61016.275862068964;5367.172413793103;99736328.8275862
1688378211;2259.862068965517;60451.31034482759;5367.172413793103;93656311.1724138
1688378212;2259.862068965517;59038.89655172414;5367.172413793103;90619056.55172414
1688378213;1977.3793103448274;58050.206896551725;4660.9655172413795;77893208.27586207
1688378214;1977.3793103448274;58332.68965517241;141.24137931034483;80935406.34482759
1688378215;2259.862068965517;60168.8275862069;141.24137931034483;83972660.96551724
1688378216;2259.862068965517;58191.448275862065;564.9655172413793;92816631.1724138
1688378217;2259.862068965517;55649.10344827586;564.9655172413793;90229795.31034483
1688378218;2259.862068965517;52683.03448275862;564.9655172413793;87190422.06896551
1688378219;2259.862068965517;53389.24137931034;564.9655172413793;74531804.68965517
1688378220;2259.862068965517;53954.206896551725;423.7241379310345;75849445.51724137
1688378221;2259.862068965517;55366.620689655174;423.7241379310345;75849586.7586207
1688378222;2259.862068965517;53106.75862068965;423.7241379310345;77864677.51724137
1688378223;2259.862068965517;52541.793103448275;423.7241379310345;88712015.44827586
1688378224;2259.862068965517;53389.24137931034;423.7241379310345;85466712.27586207
1688378225;2259.862068965517;54801.65517241379;423.7241379310345;85466712.27586207
1688378226;2259.862068965517;55507.862068965514;423.7241379310345;72831823.44827586
1688378227;2259.862068965517;49999.448275862065;423.7241379310345;75880659.86206897
1688378228;2259.862068965517;49152;423.7241379310345;78441507.31034483
1688378229;2259.862068965517;49293.24137931034;423.7241379310345;78444473.37931034
1688378230;2259.862068965517;48022.06896551724;423.7241379310345;78444614.62068966
1688378231;2259.862068965517;49575.724137931036;423.7241379310345;76555369.93103448
1688378232;2259.862068965517;48587.03448275862;423.7241379310345;76637854.89655173
1688378233;1129.9310344827586;44632.275862068964;423.7241379310345;79667764.96551724
1688378234;1129.9310344827586;52683.03448275862;423.7241379310345;80766481.65517241
1688378235;1129.9310344827586;55366.620689655174;423.7241379310345;94276502.06896551
1688378236;1129.9310344827586;57908.96551724138;423.7241379310345;91383878.62068966
1688378237;1129.9310344827586;57344;423.7241379310345;88491255.1724138
1688378238;282.48275862068965;58050.206896551725;423.7241379310345;88488006.62068966
1688378239;282.48275862068965;56496.55172413793;423.7241379310345;78854497.10344827
1688378240;282.48275862068965;57061.51724137931;423.7241379310345;80406033.65517241
1688378241;282.48275862068965;57202.75862068965;423.7241379310345;80406174.89655173
1688378242;282.48275862068965;58050.206896551725;423.7241379310345;93605888
1688378243;282.48275862068965;58050.206896551725;423.7241379310345;90561712.55172414
1688378244;0;56779.03448275862;423.7241379310345;87525729.10344827
1688378245;0;58897.65517241379;0;78229645.2413793
1688378246;0;60592.55172413793;0;90673575.72413793
1688378247;0;60310.06896551724;0;91099559.72413793
1688378248;0;59321.379310344826;706.2068965517242;91096593.65517241
1688378249;0;59321.379310344826;706.2068965517242;89780647.72413793
1688378250;0;58050.206896551725;706.2068965517242;91195180.13793103
1688378251;0;61157.51724137931;706.2068965517242;85025050.48275863
1688378252;0;59886.3448275862;706.2068965517242;82620980.96551724
1688378253;0;59603.862068965514;706.2068965517242;82617308.68965517
1688378254;0;58191.448275862065;706.2068965517242;82620274.7586207
1688378255;0;61157.51724137931;706.2068965517242;85462475.03448276
1688378256;0;62993.65517241379;706.2068965517242;85419113.93103448
1688378257;0;63841.10344827586;1412.4137931034484;81517603.31034483
1688378258;0;65112.275862068964;1412.4137931034484;89153536
1688378259;0;63134.89655172414;1412.4137931034484;90486148.4137931
1688378260;0;62569.93103448276;1412.4137931034484;87618665.93103448
1688378261;0;63417.379310344826;1412.4137931034484;87164433.65517241
1688378262;0;65394.75862068965;1412.4137931034484;87277991.72413793
1688378263;0;57202.75862068965;1412.4137931034484;86180687.44827586
1688378264;0;54095.448275862065;1412.4137931034484;72673350.62068966
1688378265;0;52541.793103448275;1412.4137931034484;72673350.62068966
1688378266;0;57202.75862068965;1412.4137931034484;79694177.10344827
1688378267;0;56355.31034482759;1412.4137931034484;85181969.65517241
1688378268;0;58050.206896551725;1412.4137931034484;82143161.37931034
1688378269;0;57061.51724137931;1412.4137931034484;80592613.51724137
1688378270;0;56214.06896551724;1412.4137931034484;81869011.86206897
1688378271;0;55366.620689655174;1412.4137931034484;72747219.86206897
1688378272;0;55225.379310344826;1412.4137931034484;82809255.72413793
1688378273;0;55084.137931034486;5932.137931034483;82807984.55172414
1688378274;0;52683.03448275862;5932.137931034483;79771859.86206897
1688378275;0;59321.379310344826;5932.137931034483;70366596.4137931
1688378276;0;61157.51724137931;5932.137931034483;72977867.03448276
1688378277;0;64829.793103448275;5225.931034482758;72978996.96551724
1688378278;0;64264.8275862069;5649.6551724137935;74434771.86206897
1688378279;0;64971.03448275862;5790.896551724138;82281860.4137931
1688378280;0;64829.793103448275;5790.896551724138;80656595.86206897
1688378281;0;66807.1724137931;5790.896551724138;70622949.51724137
1688378282;0;67937.10344827586;5790.896551724138;70627469.2413793
1688378283;0;67372.13793103448;6355.862068965517;70624503.1724138
1688378284;0;62852.41379310345;6355.862068965517;67782161.65517241
1688378285;0;60027.58620689655;6355.862068965517;64776686.344827585
1688378286;0;63699.862068965514;5649.6551724137935;59651601.655172415
1688378287;0;63982.3448275862;5649.6551724137935;52012702.89655172
1688378288;0;65818.4827586207;5649.6551724137935;50679949.24137931
1688378289;0;64829.793103448275;5649.6551724137935;50507776
1688378290;0;65112.275862068964;5649.6551724137935;47924753.655172415
1688378291;0;64123.58620689655;5649.6551724137935;44773940.96551724
1688378292;0;64123.58620689655;5649.6551724137935;44772528.551724136
1688378293;0;64547.31034482759;5649.6551724137935;44769844.96551724
1688378294;0;63699.862068965514;5649.6551724137935;44769844.96551724
1688378295;0;58756.41379310345;5649.6551724137935;37749018.48275862
1688378296;0;63558.620689655174;5649.6551724137935;32261225.931034483
1688378297;0;63417.379310344826;5649.6551724137935;32261225.931034483
1688378298;0;63558.620689655174;5649.6551724137935;32260096
1688378299;0;63134.89655172414;5649.6551724137935;30983556.413793102
1688378300;0;64971.03448275862;5649.6551724137935;26904364.137931034
1688378301;0;66524.6896551724;5649.6551724137935;16842328.275862068
1688378302;0;66524.6896551724;1129.9310344827586;16842328.275862068
1688378303;0;66524.6896551724;1129.9310344827586;16841198.344827585
1688378304;0;58191.448275862065;1129.9310344827586;13802531.310344828
1688378305;0;56637.793103448275;1129.9310344827586;10765276.689655172
1688378306;0;56355.31034482759;1129.9310344827586;10764146.758620689
1688378307;0;56214.06896551724;706.2068965517242;9306676.965517242
1688378308;0;55366.620689655174;564.9655172413793;44914.75862068965
1688378309;0;54095.448275862065;564.9655172413793;38700.137931034486
1688378310;0;52541.793103448275;564.9655172413793;10734.344827586207
1688378311;0;57485.24137931034;564.9655172413793;36157.793103448275
1688378312;0;57485.24137931034;0;38700.137931034486
1688378313;0;57485.24137931034;0;38700.137931034486
1688378314;0;58615.1724137931;141.24137931034483;38700.137931034486
1688378315;0;54236.68965517241;141.24137931034483;32485.51724137931
1688378316;0;57344;141.24137931034483;35310.3448275862
1688378317;0;57061.51724137931;141.24137931034483;35310.3448275862
1688378318;0;59038.89655172414;141.24137931034483;35310.3448275862
1688378319;0;58897.65517241379;141.24137931034483;35310.3448275862
1688378320;0;60310.06896551724;847.448275862069;35310.3448275862
1688378321;0;61157.51724137931;847.448275862069;35310.3448275862
1688378322;0;59886.3448275862;847.448275862069;35310.3448275862
1688378323;0;59886.3448275862;847.448275862069;35310.3448275862
1688378324;0;60027.58620689655;847.448275862069;35310.3448275862
1688378325;0;56072.8275862069;1412.4137931034484;35310.3448275862
1688378326;0;59462.620689655174;1412.4137931034484;35310.3448275862
1688378327;0;60310.06896551724;1412.4137931034484;36016.55172413793
1688378328;0;62004.96551724138;1412.4137931034484;36016.55172413793
1688378329;0;58332.68965517241;1412.4137931034484;36016.55172413793
1688378330;0;57626.48275862069;1412.4137931034484;36016.55172413793
1688378331;0;56637.793103448275;1412.4137931034484;36016.55172413793
1688378332;0;58332.68965517241;1412.4137931034484;46750.89655172414
1688378333;0;57485.24137931034;1412.4137931034484;46750.89655172414
1688378334;0;60451.31034482759;1412.4137931034484;46750.89655172414
1688378335;0;56214.06896551724;1412.4137931034484;46750.89655172414
1688378336;0;58756.41379310345;1412.4137931034484;46750.89655172414
1688378337;0;60451.31034482759;1412.4137931034484;47174.620689655174
1688378338;0;62004.96551724138;1412.4137931034484;47174.620689655174
1688378339;0;60875.03448275862;1412.4137931034484;47174.620689655174
1688378340;0;55366.620689655174;1412.4137931034484;17231.44827586207
1688378341;0;56214.06896551724;1412.4137931034484;14689.103448275862
1688378342;0;57908.96551724138;1412.4137931034484;14689.103448275862
1688378343;0;62004.96551724138;1271.1724137931035;14689.103448275862
1688378344;0;63558.620689655174;1271.1724137931035;14689.103448275862
1688378345;0;57767.724137931036;1271.1724137931035;11864.275862068966
1688378346;0;58050.206896551725;1271.1724137931035;11864.275862068966
1688378347;0;58615.1724137931;1977.3793103448274;11864.275862068966
1688378348;0;60310.06896551724;1977.3793103448274;12429.241379310344
1688378349;0;59180.137931034486;1271.1724137931035;12429.241379310344
1688378350;0;59462.620689655174;6355.862068965517;12429.241379310344
1688378351;0;59462.620689655174;6355.862068965517;12429.241379310344
1688378352;0;61298.75862068965;6355.862068965517;12429.241379310344
1688378353;0;60310.06896551724;6355.862068965517;12429.241379310344
1688378354;0;61157.51724137931;5790.896551724138;12570.48275862069
1688378355;0;56072.8275862069;5790.896551724138;12570.48275862069
1688378356;0;56637.793103448275;6214.620689655172;11864.275862068966
1688378357;0;57202.75862068965;6214.620689655172;11864.275862068966
1688378358;0;59180.137931034486;6214.620689655172;11864.275862068966
1688378359;0;58191.448275862065;6214.620689655172;11864.275862068966
1688378360;0;59321.379310344826;6214.620689655172;11864.275862068966
1688378361;0;57626.48275862069;6214.620689655172;1129.9310344827586
1688378362;0;59462.620689655174;6214.620689655172;1129.9310344827586
1688378363;0;55649.10344827586;6214.620689655172;1129.9310344827586
1688378364;0;58756.41379310345;6214.620689655172;1129.9310344827586
1688378365;0;54660.41379310345;6214.620689655172;1129.9310344827586
1688378366;0;54095.448275862065;6214.620689655172;706.2068965517242
1688378367;0;54801.65517241379;6214.620689655172;706.2068965517242
1688378368;0;56496.55172413793;6214.620689655172;706.2068965517242
1688378369;0;55225.379310344826;6214.620689655172;706.2068965517242
1688378370;0;56355.31034482759;6214.620689655172;706.2068965517242
1688378371;0;54660.41379310345;6214.620689655172;706.2068965517242
1688378372;0;49999.448275862065;6214.620689655172;706.2068965517242
1688378373;0;48304.55172413793;6214.620689655172;706.2068965517242
1688378374;0;50140.68965517241;6214.620689655172;706.2068965517242
1688378375;0;48163.31034482759;6214.620689655172;706.2068965517242
1688378376;0;48163.31034482759;5508.413793103448;706.2068965517242
1688378377;0;46468.41379310345;5508.413793103448;141.24137931034483
1688378378;0;48587.03448275862;5508.413793103448;141.24137931034483
1688378379;0;47457.10344827586;423.7241379310345;141.24137931034483
1688378380;0;48587.03448275862;423.7241379310345;141.24137931034483
1688378381;0;46750.89655172414;423.7241379310345;141.24137931034483
1688378382;0;49152;423.7241379310345;141.24137931034483
1688378383;0;52118.06896551724;423.7241379310345;0
1688378384;0;53812.96551724138;423.7241379310345;0
1688378385;0;51553.10344827586;0;0
1688378386;0;50140.68965517241;0;0
1688378387;0;51976.8275862069;141.24137931034483;0
1688378388;0;52824.275862068964;141.24137931034483;0
1688378389;0;53248;141.24137931034483;0
1688378390;0;53530.48275862069;141.24137931034483;0
1688378391;0;52824.275862068964;141.24137931034483;0
1688378392;0;53671.724137931036;141.24137931034483;0
1688378393;0;52118.06896551724;141.24137931034483;5367.172413793103
1688378394;0;53812.96551724138;141.24137931034483;5367.172413793103
1688378395;0;53671.724137931036;141.24137931034483;5367.172413793103
1688378396;0;52259.31034482759;141.24137931034483;5367.172413793103
1688378397;0;52259.31034482759;141.24137931034483;5367.172413793103
1688378398;0;56779.03448275862;141.24137931034483;5367.172413793103
1688378399;0;55649.10344827586;141.24137931034483;5508.413793103448
1688378400;0;57767.724137931036;141.24137931034483;5508.413793103448
1688378401;0;58756.41379310345;141.24137931034483;5508.413793103448
1688378402;0;60310.06896551724;141.24137931034483;5508.413793103448
1688378403;0;59462.620689655174;141.24137931034483;10169.379310344828
1688378404;0;60310.06896551724;141.24137931034483;10169.379310344828
1688378405;0;57626.48275862069;141.24137931034483;10169.379310344828
1688378406;0;58050.206896551725;847.448275862069;10169.379310344828
1688378407;0;55366.620689655174;847.448275862069;10169.379310344828
1688378408;0;57202.75862068965;847.448275862069;10875.58620689655
1688378409;0;58191.448275862065;847.448275862069;10875.58620689655
1688378410;0;58332.68965517241;847.448275862069;10875.58620689655
1688378411;0;57626.48275862069;847.448275862069;10875.58620689655
