Time;{instance="10.231.0.208:9100"};{instance="192.168.221.10:9100"};{instance="192.168.221.11:9100"};{instance="192.168.221.12:9100"}
1688377331;0;0;5225.931034482758;2991916.1379310344
1688377332;0;0;5225.931034482758;2987396.4137931033
1688377333;0;0;0;2446300.689655172
1688377334;0;0;0;580925.7931034482
1688377335;3102649.379310345;0;0;392086.0689655172
1688377336;7117011.862068965;0;0;373865.9310344827
1688377337;11022053.51724138;0;0;373865.9310344827
1688377338;15071726.344827587;0;0;377396.9655172414
1688377339;19256990.896551725;0;0;382622.8965517241
1688377340;23026440.827586208;0;0;382622.8965517241
1688377341;26931482.48275862;0;0;382764.1379310345
1688377342;30912794.48275862;0;0;372453.5172413793
1688377343;35179414.06896552;0;0;262850.2068965517
1688377344;39084455.72413793;0;0;262850.2068965517
1688377345;43133563.5862069;0;0;245901.24137931035
1688377346;47181541.51724138;0;0;245901.24137931035
1688377347;50652689.655172415;0;0;245901.24137931035
1688377348;51665107.862068966;0;0;245901.24137931035
1688377349;55570149.51724138;0;0;245901.24137931035
1688377350;59475191.17241379;0;0;259460.41379310345
1688377351;63380232.827586204;0;0;259460.41379310345
1688377352;67429905.65517241;0;0;259460.41379310345
1688377353;71334947.31034483;0;0;257765.5172413793
1688377354;75484054.06896551;0;0;275844.4137931034
1688377355;79432598.06896551;0;0;282059.0344827586
1688377356;83580998.62068966;0;0;282059.0344827586
1688377357;87384487.72413793;0;0;282059.0344827586
1688377358;91379923.86206897;0;0;282059.0344827586
1688377359;95339202.20689654;0;0;282059.0344827586
1688377360;99678137.37931034;0;0;282059.0344827586
1688377361;103583179.03448276;0;0;282200.275862069
1688377362;107488220.68965517;0;0;280929.1034482759
1688377363;111393262.34482758;0;0;267652.4137931034
1688377364;112364155.5862069;0;0;51270.620689655174
1688377365;110858240;0;0;51976.8275862069
1688377366;106953198.34482758;0;0;52965.51724137931
1688377367;102903525.51724137;0;0;51270.620689655174
1688377368;101845910.06896551;0;0;269488.5517241379
1688377369;102126132.96551724;0;0;1318064.551724138
1688377370;102270764.13793103;0;0;2348420.4137931033
1688377371;102284888.27586207;0;0;3417052.689655172
1688377372;102122178.20689654;0;0;4501786.482758621
1688377373;101977547.03448276;0;0;5446408.827586207
1688377374;101833480.8275862;0;0;6540040.827586207
1688377375;101979806.89655173;0;0;7597656.275862069
1688377376;101979806.89655173;0;0;8678011.586206896
1688377377;104727799.1724138;0;0;9141142.068965517
1688377378;105017061.51724137;0;0;10024041.931034483
1688377379;105116495.44827586;0;0;10846066.758620689
1688377380;105206889.93103448;0;0;11915970.206896551
1688377381;105161692.68965517;0;0;13028811.034482758
1688377382;105306323.86206897;0;0;14080353.103448275
1688377383;102314266.48275863;0;0;14636279.172413792
1688377384;100580387.31034483;0;0;14921728
1688377385;100436462.34482758;0;0;15711408.551724138
1688377386;100682646.06896551;0;0;16850520.275862068
1688377387;100736882.7586207;0;0;17871977.931034483
1688377388;100588720.55172414;0;0;18928463.44827586
1688377389;96249785.37931034;0;0;20274635.03448276
1688377390;92344743.72413793;0;0;22233935.44827586
1688377391;88439702.06896551;0;0;24068096
1688377392;84534660.4137931;0;0;25851974.620689657
1688377393;80461117.79310344;0;0;27723564.137931034
1688377394;77952670.89655173;0;0;29213660.689655174
1688377395;77952670.89655173;0;0;31336942.344827585
1688377396;77952670.89655173;0;0;33251328
1688377397;74825021.79310344;0;0;34801452.137931034
1688377398;70775348.96551724;0;0;35538873.37931035
1688377399;66725676.137931034;0;0;36200024.27586207
1688377400;62730240;0;0;36644228.4137931
1688377401;58626330.48275862;0;0;35663589.51724138
1688377402;54865920;0;0;35778983.72413793
1688377403;50960878.344827585;0;0;36515840
1688377404;46766574.344827585;0;0;37198600.827586204
1688377405;43295426.20689655;0;0;37925428.96551724
1688377406;39535015.72413793;0;0;39107619.31034483
1688377407;35340711.72413793;0;0;39987411.862068966
1688377408;31336236.137931034;0;0;40738251.034482755
1688377409;27340800;0;0;41471717.51724138
1688377410;23336324.413793102;0;0;42036118.06896552
1688377411;19286651.586206898;0;0;42611676.68965517
1688377412;18129602.20689655;0;0;43868160
1688377413;15914937.379310345;0;0;45461221.51724138
1688377414;11910461.793103447;0;0;46382821.51724138
1688377415;7860788.9655172415;0;0;46906968.27586207
1688377416;3811116.1379310344;0;0;47499193.37931035
1688377417;0;0;0;48274749.79310345
1688377418;0;0;0;48960759.17241379
1688377419;0;0;0;48791128.27586207
1688377420;0;0;0;48689716.96551724
1688377421;0;0;0;48564577.10344827
1688377422;0;0;0;48256953.37931035
1688377423;0;0;0;48499888.551724136
1688377424;0;0;0;47857099.034482755
1688377425;0;0;0;45940877.24137931
1688377426;0;0;0;46074774.06896552
1688377427;0;0;0;45983673.37931035
1688377428;0;0;0;45976328.827586204
1688377429;0;0;0;46126468.4137931
1688377430;0;0;0;47870940.68965517
1688377431;0;0;0;48693954.20689655
1688377432;0;0;0;47961758.89655172
1688377433;0;0;0;47758088.827586204
1688377434;0;0;0;47636762.48275862
1688377435;0;0;0;47595943.72413793
1688377436;0;0;0;47537187.31034483
1688377437;0;0;0;47903991.17241379
1688377438;0;0;0;47777580.137931034
1688377439;0;0;0;47985063.72413793
1688377440;0;0;0;48075458.20689655
1688377441;0;0;0;48158084.4137931
1688377442;0;0;0;47981815.17241379
1688377443;0;0;0;47956532.96551724
1688377444;0;0;0;48146361.37931035
1688377445;0;0;0;48132660.96551724
1688377446;0;0;0;47927860.96551724
1688377447;0;0;0;47803003.5862069
1688377448;0;0;0;47327585.10344827
1688377449;0;0;0;45594835.862068966
1688377450;0;0;0;43936097.10344827
1688377451;0;0;0;43192602.48275862
1688377452;0;0;0;43439774.89655172
1688377453;0;0;0;43752624.551724136
1688377454;0;0;0;45723083.034482755
1688377455;0;0;0;45542152.827586204
1688377456;0;0;0;45412916.96551724
1688377457;0;0;0;45432549.51724138
1688377458;0;0;0;45502605.24137931
1688377459;0;0;0;45392013.24137931
1688377460;0;0;0;45380148.96551724
1688377461;0;0;0;46014464
1688377462;0;0;0;46068700.68965517
1688377463;0;0;0;46177174.06896552
1688377464;0;0;0;46241721.37931035
1688377465;0;0;0;46341155.31034483
1688377466;0;0;0;46105564.68965517
1688377467;0;0;0;46092005.51724138
1688377468;0;0;0;45852460.137931034
1688377469;0;0;0;45725907.862068966
1688377470;0;0;0;45545118.89655172
1688377471;0;0;0;45513763.31034483
1688377472;0;0;0;45538763.034482755
1688377473;0;0;0;45321957.51724138
1688377474;0;0;0;44648377.37931035
1688377475;0;0;0;44589479.72413793
1688377476;0;0;0;44467447.172413796
1688377477;0;0;0;44857697.10344827
1688377478;0;0;0;46801178.48275862
1688377479;0;0;0;48476442.48275862
1688377480;0;0;0;48529549.24137931
1688377481;0;0;0;48223620.4137931
1688377482;0;0;0;48191558.62068965
1688377483;0;0;0;48066277.51724138
1688377484;0;0;0;47980402.75862069
1688377485;0;0;0;48150316.137931034
1688377486;0;0;0;47931250.75862069
1688377487;0;0;0;48197349.51724138
1688377488;0;0;0;48059356.68965517
1688377489;0;0;0;47959922.75862069
1688377490;0;0;0;47851166.89655172
1688377491;0;0;0;47801449.93103448
1688377492;0;0;0;47715575.17241379
1688377493;0;0;0;47836336.551724136
1688377494;0;0;0;47677722.48275862
1688377495;0;0;0;47759218.75862069
1688377496;0;0;0;47619107.31034483
1688377497;0;0;0;47808935.72413793
1688377498;0;0;0;46426041.37931035
1688377499;0;0;0;44738771.862068966
1688377500;328668.6896551724;0;0;43806296.27586207
1688377501;4287947.0344827585;0;0;42653484.137931034
1688377502;8337619.862068965;0;0;41020451.31034483
1688377503;12387292.689655172;0;0;40144331.034482755
1688377504;16436965.51724138;0;0;38575986.75862069
1688377505;20486638.344827585;0;0;36790695.72413793
1688377506;24536311.172413792;0;0;35086053.51724138
1688377507;28441352.827586208;0;0;33146526.896551725
1688377508;32346394.48275862;0;0;31500499.862068966
1688377509;36396067.31034483;0;0;30626921.931034483
1688377510;40445740.137931034;0;0;28950104.275862068
1688377511;44495412.96551724;0;0;27187835.586206894
1688377512;48545085.79310345;0;0;25348590.344827585
1688377513;52450127.448275864;0;0;23707930.48275862
1688377514;56355169.10344827;0;0;21976593.655172415
1688377515;60549473.10344827;0;0;20491864.275862068
1688377516;64454514.75862069;0;0;18490191.44827586
1688377517;68603621.51724137;0;0;16893033.931034483
1688377518;72553860.4137931;0;0;15121302.068965517
1688377519;76603533.2413793;0;0;13497449.931034483
1688377520;77952953.37931034;0;0;11967805.793103447
1688377521;77952953.37931034;0;0;10259350.068965517
1688377522;77952953.37931034;0;0;8469539.310344828
1688377523;77952953.37931034;0;0;7069837.24137931
1688377524;77952953.37931034;0;0;5473103.448275862
1688377525;77952953.37931034;0;0;3953063.724137931
1688377526;77952953.37931034;0;0;2118055.724137931
1688377527;77952953.37931034;0;0;1910007.1724137932
1688377528;77952953.37931034;0;0;1864951.1724137932
1688377529;77624284.68965517;0;0;1120326.6206896552
1688377530;73665006.34482759;0;0;562140.6896551724
1688377531;69615333.51724137;0;0;565106.7586206896
1688377532;65565660.68965517;0;0;517225.9310344827
1688377533;61515987.862068966;0;0;517225.9310344827
1688377534;57466315.034482755;0;0;517225.9310344827
1688377535;53416642.20689655;0;0;517225.9310344827
1688377536;49511600.551724136;0;0;513271.1724137931
1688377537;45606558.89655172;0;0;484034.2068965517
1688377538;41556886.06896552;0;0;484034.2068965517
1688377539;37507213.24137931;0;0;484034.2068965517
1688377540;33457540.413793102;0;0;486435.3103448276
1688377541;29407867.586206894;0;0;480503.1724137931
1688377542;25502825.931034483;0;0;480503.1724137931
1688377543;21597784.275862068;0;0;476265.9310344827
1688377544;17403480.275862068;0;0;478667.0344827586
1688377545;13498438.620689655;0;0;505361.6551724138
1688377546;9349331.862068966;0;0;2434718.896551724
1688377547;5399092.9655172415;0;0;4220009.931034483
1688377548;1349420.1379310344;0;0;5883974.620689655
1688377549;0;0;0;7558249.931034483
1688377550;0;0;0;9198909.793103449
1688377551;0;0;0;10993240.275862068
1688377552;0;0;0;12548872.827586208
1688377553;0;0;0;13928659.862068966
1688377554;0;0;0;15505902.344827587
1688377555;0;0;0;17444864
1688377556;0;0;0;19035806.896551725
1688377557;0;0;0;20730703.44827586
1688377558;0;0;0;22262889.931034483
1688377559;0;0;0;24207077.517241377
1688377560;0;0;0;25858189.24137931
1688377561;0;0;0;27594610.75862069
1688377562;0;0;0;29258010.48275862
1688377563;0;0;0;31033414.620689657
1688377564;0;0;0;32643848.827586208
1688377565;0;0;0;34465297.655172415
1688377566;0;0;0;36282226.75862069
1688377567;0;0;0;38071896.27586207
1688377568;141.24137931034483;0;0;39228521.93103448
1688377569;141.24137931034483;0;0;39522304
1688377570;1153800.8275862068;0;0;39532473.37931035
1688377571;5302907.586206896;0;0;39755493.51724138
1688377572;9397777.655172413;0;0;39770465.10344827
1688377573;13302819.310344828;0;0;39880915.862068966
1688377574;17497123.310344826;0;0;39854221.24137931
1688377575;21402164.96551724;0;0;37922039.172413796
1688377576;25596468.96551724;0;0;36136748.137931034
1688377577;29501510.620689657;0;0;34472783.448275864
1688377578;33408388.413793102;0;0;32786926.344827585
1688377579;37412864;0;0;31146266.48275862
1688377580;41507734.06896552;0;0;29351936
1688377581;45412775.72413793;0;0;27551249.655172415
1688377582;49462448.551724136;0;0;25969063.724137932
1688377583;53367490.20689655;0;0;24388713.931034483
1688377584;57417163.034482755;0;0;22507237.517241377
1688377585;61469801.93103448;0;0;20916294.620689657
1688377586;65374843.5862069;0;0;19221398.068965517
1688377587;69569147.5862069;0;0;17696979.862068966
1688377588;73329558.06896551;0;0;15752792.275862068
1688377589;77523862.06896551;0;0;14095465.931034483
1688377590;81573534.89655173;0;0;12515116.137931034
1688377591;85623207.72413793;0;0;10851716.413793104
1688377592;89672880.55172414;0;0;9076312.275862068
1688377593;93623119.44827586;0;0;7465878.068965517
1688377594;97627595.03448276;0;0;5644429.24137931
1688377595;101677267.86206897;0;0;3827500.1379310344
1688377596;105582309.51724137;0;0;2037830.6206896552
1688377597;109731275.03448276;0;0;881911.172413793
1688377598;113826145.10344827;0;0;585728
1688377599;115782196.96551724;0;0;575558.6206896552
1688377600;111633090.20689654;0;0;356210.7586206896
1688377601;107538220.13793103;0;0;341239.1724137931
1688377602;103633178.48275863;0;0;228246.06896551725
1688377603;101508908.13793103;0;0;361719.1724137931
1688377604;101219645.79310344;0;0;1441933.2413793104
1688377605;100641121.10344827;0;0;2598982.620689655
1688377606;100496489.93103448;0;0;3152083.8620689656
1688377607;100304825.37931034;0;0;3746992.5517241377
1688377608;99672064;0;0;4885963.0344827585
1688377609;99337604.4137931;0;0;5975216.551724138
1688377610;98903710.89655173;0;0;6948369.655172414
1688377611;98632527.44827586;0;0;8064600.275862069
1688377612;98180555.03448276;0;0;9186763.034482758
1688377613;97746661.51724137;0;0;10304406.068965517
1688377614;94442036.96551724;0;0;11711452.689655172
1688377615;90536995.31034483;0;0;13472591.448275862
1688377616;86342691.31034483;0;0;15144889.379310345
1688377617;82582280.8275862;0;0;17151646.896551725
1688377618;78387976.8275862;0;0;18302905.379310343
1688377619;74338304;0;0;19833114.48275862
1688377620;70288631.1724138;0;0;21505129.931034483
1688377621;66238958.344827585;0;0;23317539.310344826
1688377622;62288719.448275864;0;0;25091107.310344826
1688377623;58284243.862068966;0;0;26894900.96551724
1688377624;54234571.034482755;0;0;28612254.896551725
1688377625;50329529.37931035;0;0;30411105.103448275
1688377626;46180422.62068965;0;0;32552748.137931034
1688377627;42085552.551724136;0;0;34358942.89655172
1688377628;38975841.10344827;0;0;36071494.62068965
1688377629;38975841.10344827;0;0;37875712
1688377630;38975841.10344827;0;0;39346317.24137931
1688377631;38975841.10344827;0;0;39367785.93103448
1688377632;36905807.448275864;0;0;39234454.06896552
1688377633;33290028.137931034;0;0;39932892.68965517
1688377634;29674248.827586208;0;0;40493338.48275862
1688377635;25913838.344827585;0;0;42122416.551724136
1688377636;22198625.103448275;0;0;43299663.448275864
1688377637;18826910.896551725;0;0;44027339.034482755
1688377638;15066500.413793104;0;0;44822810.48275862
1688377639;11595352.275862068;0;0;45815454.89655172
1688377640;7816862.896551724;0;0;46655699.862068966
1688377641;4363793.655172414;0;0;47165016.27586207
1688377642;748014.3448275862;0;0;47856534.06896552
1688377643;0;0;0;48148903.72413793
1688377644;0;0;0;48186615.17241379
1688377645;0;0;0;48359635.862068966
1688377646;0;0;0;48403703.17241379
1688377647;0;0;0;48806099.862068966
1688377648;0;0;0;48803275.034482755
1688377649;0;0;0;49147056.551724136
1688377650;0;0;0;49038159.448275864
1688377651;0;0;0;48977566.89655172
1688377652;0;0;0;48532656.551724136
1688377653;0;0;0;48722626.20689655
1688377654;0;0;0;48052718.344827585
1688377655;0;0;0;45910369.10344827
1688377656;0;0;0;44273664
1688377657;0;0;0;44242449.655172415
1688377658;0;0;0;44170134.06896552
1688377659;0;0;0;44317590.06896552
1688377660;0;0;0;45903872
1688377661;0;0;0;47756252.68965517
1688377662;0;0;0;48023763.862068966
1688377663;0;0;0;48046362.48275862
1688377664;0;0;0;47554560
1688377665;0;0;0;47258094.344827585
1688377666;0;0;0;47094113.10344827
1688377667;0;0;0;46909793.10344827
1688377668;0;0;0;46503300.4137931
1688377669;0;0;0;46154434.20689655
1688377670;0;0;0;46181552.551724136
1688377671;0;0;0;46308104.827586204
1688377672;1694.896551724138;0;0;46249348.4137931
1688377673;1694.896551724138;0;0;46073220.4137931
1688377674;1694.896551724138;0;0;46064180.96551724
1688377675;1694.896551724138;0;0;45875482.48275862
1688377676;1694.896551724138;0;0;46183953.655172415
1688377677;1694.896551724138;0;0;46310647.17241379
1688377678;1694.896551724138;0;0;46137908.96551724
1688377679;1694.896551724138;0;0;45192580.4137931
1688377680;1694.896551724138;0;0;43482006.06896552
1688377681;1694.896551724138;0;0;42178771.862068966
1688377682;1694.896551724138;0;0;41084433.655172415
1688377683;4802.206896551724;0;0;41817617.655172415
1688377684;4802.206896551724;0;0;43792737.10344827
1688377685;4802.206896551724;0;0;45376900.4137931
1688377686;4802.206896551724;0;0;45306985.93103448
1688377687;4802.206896551724;0;0;45188060.68965517
1688377688;4802.206896551724;0;0;45314754.20689655
1688377689;4802.206896551724;0;0;45466871.172413796
1688377690;4802.206896551724;0;0;45236930.20689655
1688377691;4802.206896551724;0;0;44840465.655172415
1688377692;4802.206896551724;0;0;44822386.75862069
1688377693;4802.206896551724;0;0;44948939.034482755
1688377694;4802.206896551724;0;0;45285658.48275862
1688377695;4802.206896551724;0;0;45239472.551724136
1688377696;4802.206896551724;0;0;45179727.448275864
1688377697;4802.206896551724;0;0;45310799.448275864
1688377698;4802.206896551724;0;0;45552463.448275864
1688377699;4802.206896551724;0;0;45585372.68965517
1688377700;4802.206896551724;0;0;45321110.06896552
1688377701;3107.310344827586;0;0;45524497.655172415
1688377702;3107.310344827586;0;0;45614750.89655172
1688377703;3107.310344827586;0;0;45483678.89655172
1688377704;3107.310344827586;0;0;45187213.24137931
1688377705;3107.310344827586;0;0;43727766.06896552
1688377706;4096;0;0;42185127.72413793
1688377707;3312675.3103448274;0;0;41052513.10344827
1688377708;7226756.413793104;0;0;40394469.51724138
1688377709;11276429.24137931;0;0;40396164.4137931
1688377710;15470733.24137931;0;0;40349554.75862069
1688377711;19375774.896551725;0;0;39536569.37931035
1688377712;23277709.24137931;0;0;37674443.034482755
1688377713;27273145.379310343;0;0;35699323.5862069
1688377714;31521686.068965517;0;0;33945670.62068965
1688377715;35426727.72413793;0;0;32358258.75862069
1688377716;39431203.31034483;0;0;30744999.724137932
1688377717;43381442.20689655;0;0;29000951.172413792
1688377718;47431115.034482755;0;0;27241083.586206894
1688377719;51336156.68965517;0;0;25621892.413793102
1688377720;55385829.51724138;0;0;23979396.413793102
1688377721;59435502.344827585;0;0;22258652.689655174
1688377722;63485175.17241379;0;0;20441723.586206898
1688377723;67534848;0;0;18629314.20689655
1688377724;71439889.65517241;0;0;16975095.172413792
1688377725;75489562.48275863;0;0;15345169.655172413
1688377726;79394604.13793103;0;0;13678238.896551725
1688377727;81708702.89655173;0;0;11914275.310344828
1688377728;81708702.89655173;0;0;10350027.034482758
1688377729;81708702.89655173;0;0;8625611.034482758
1688377730;81853334.06896551;0;0;6781563.586206896
1688377731;85903006.89655173;0;0;5069718.068965517
1688377732;89952679.72413793;0;0;3358155.0344827585
1688377733;93857721.37931034;0;0;1792494.344827586
1688377734;97907394.20689654;0;0;1389815.1724137932
1688377735;101811447.1724138;0;0;1119902.896551724
1688377736;102697171.86206897;0;0;409458.7586206896
1688377737;102778526.89655173;0;0;508468.9655172414
1688377738;102706211.31034483;0;0;509033.9310344827
1688377739;101458484.96551724;0;0;499994.4827586207
1688377740;97553443.31034483;0;0;500983.1724137931
1688377741;93648401.65517241;0;0;500983.1724137931
1688377742;89652965.51724137;0;0;508610.2068965517
1688377743;88869782.06896551;0;0;917786.4827586206
1688377744;89159044.4137931;0;0;1906193.6551724137
1688377745;89059610.48275863;0;0;2915222.068965517
1688377746;89059610.48275863;0;0;3958572.1379310344
1688377747;89303675.5862069;0;0;5043870.8965517245
1688377748;89303675.5862069;0;0;6814331.586206896
1688377749;89249438.89655173;0;0;7354014.896551724
1688377750;89303675.5862069;0;0;8413325.24137931
1688377751;88092389.51724137;0;0;8919534.344827587
1688377752;88146626.20689654;0;0;9921924.413793104
1688377753;88291257.37931034;0;0;10945641.931034483
1688377754;88291257.37931034;0;0;11974444.137931034
1688377755;88146626.20689654;0;0;13009743.448275862
1688377756;86266420.96551724;0;0;13263412.965517242
1688377757;87857363.86206897;0;0;13158611.862068966
1688377758;92051667.86206897;0;0;14049138.758620689
1688377759;95956709.51724137;0;0;15143194.48275862
1688377760;95956709.51724137;0;0;16249396.965517242
1688377761;94510397.79310344;0;0;17250798.344827585
1688377762;94944291.31034483;0;0;17802204.689655174
1688377763;94799660.13793103;0;0;18905017.379310343
1688377764;94944291.31034483;0;0;20029440
1688377765;94076504.27586207;0;0;21096094.896551725
1688377766;93986109.79310344;0;0;21403153.655172415
1688377767;94058425.37931034;0;0;22454130.75862069
1688377768;92847421.79310344;0;0;23199885.24137931
1688377769;95450782.89655173;0;0;23379685.517241377
1688377770;99355824.55172414;0;0;24456368.551724136
1688377771;103405497.37931034;0;0;25393081.379310343
1688377772;103989812.96551724;0;0;26086717.79310345
1688377773;103700550.62068966;0;0;26082198.068965517
1688377774;103845181.79310344;0;0;26014402.20689655
1688377775;101414417.65517241;0;0;25679942.620689657
1688377776;97120679.72413793;0;0;26285020.689655174
1688377777;93215638.06896551;0;0;26247591.724137932
1688377778;89220201.93103448;0;0;27373003.03448276
1688377779;85116292.4137931;0;0;27894324.96551724
1688377780;82277905.65517241;0;0;28581323.03448276
1688377781;78173996.13793103;0;0;29269309.79310345
1688377782;75950291.86206897;0;0;28867901.79310345
1688377783;75416964.4137931;0;0;29028210.75862069
1688377784;74892676.4137931;0;0;29063238.620689657
1688377785;77785299.86206897;0;0;29863229.79310345
1688377786;79810136.27586207;0;0;30983415.172413792
1688377787;78653086.89655173;0;0;31322253.24137931
1688377788;78363824.55172414;0;0;31388636.689655174
1688377789;77785299.86206897;0;0;31353608.827586208
1688377790;77206775.1724138;0;0;31468720.551724136
1688377791;76338988.13793103;0;0;31557702.620689657
1688377792;76483619.31034483;0;0;31759395.310344826
1688377793;75615832.27586207;0;0;31814620.689655174
1688377794;72747219.86206897;0;0;32067866.48275862
1688377795;68842178.20689654;0;0;33374066.75862069
1688377796;64792505.37931035;0;0;34185074.75862069
1688377797;63056931.31034483;0;0;35093539.31034483
1688377798;60453570.20689655;0;0;36774452.96551724
1688377799;56548528.551724136;0;0;37094364.68965517
1688377800;52498855.72413793;0;0;37460886.06896552
1688377801;48449182.89655172;0;0;38412429.24137931
1688377802;44544141.24137931;0;0;39255357.79310345
1688377803;40494468.4137931;0;0;40042072.27586207
1688377804;38974993.655172415;0;0;40914379.034482755
1688377805;38974993.655172415;0;0;41242059.034482755
1688377806;38974993.655172415;0;0;41277369.37931035
1688377807;38974993.655172415;0;0;41529626.48275862
1688377808;38974993.655172415;0;0;41665218.20689655
1688377809;38974993.655172415;0;0;41551801.37931035
1688377810;38974993.655172415;0;0;39944333.24137931
1688377811;37149025.10344827;0;0;40950678.06896552
1688377812;33632679.72413793;0;0;41441491.862068966
1688377813;30396557.24137931;0;0;42042615.172413796
1688377814;27070040.275862068;0;0;42823538.75862069
1688377815;23454260.96551724;0;0;43358843.5862069
1688377816;20417006.344827585;0;0;43756579.31034483
1688377817;16656595.862068966;0;0;44832979.862068966
1688377818;13185447.72413793;0;0;45500769.10344827
1688377819;11160611.310344828;0;0;45967006.89655172
1688377820;7689463.172413793;0;0;47134508.137931034
1688377821;3639790.3448275863;0;0;47588316.68965517
1688377822;457904.5517241379;0;0;47873059.31034483
1688377823;0;0;0;48752569.37931035
1688377824;0;0;0;48657655.17241379
1688377825;0;0;0;48969516.137931034
1688377826;0;0;0;49031662.344827585
1688377827;0;0;0;48995504.551724136
1688377828;0;0;0;48975872
1688377829;0;0;0;49283072
1688377830;0;0;0;48907511.17241379
1688377831;0;0;0;48904968.827586204
1688377832;0;0;0;49140559.448275864
1688377833;0;0;0;47892550.62068965
1688377834;0;0;0;45874493.79310345
1688377835;0;0;0;45257833.93103448
1688377836;0;0;0;45359386.48275862
1688377837;0;0;0;45671247.448275864
1688377838;0;0;0;46254715.5862069
1688377839;0;0;0;47889302.06896552
1688377840;0;0;0;47861901.24137931
1688377841;0;0;0;48076446.89655172
1688377842;0;0;0;48125457.655172415
1688377843;0;0;0;47961052.68965517
1688377844;0;0;0;48137745.655172415
1688377845;0;0;0;48219100.68965517
1688377846;0;0;0;47712891.5862069
1688377847;0;0;0;47656536.27586207
1688377848;0;0;0;47876449.10344827
1688377849;0;0;0;48118960.551724136
1688377850;0;0;0;48092972.137931034
1688377851;0;0;0;48292404.96551724
1688377852;0;0;0;47927437.24137931
1688377853;0;0;0;48190004.96551724
1688377854;0;0;0;47594672.551724136
1688377855;0;0;0;47722919.72413793
1688377856;0;0;0;47519955.862068966
1688377857;0;0;0;46707676.68965517
1688377858;0;0;0;45309528.27586207
1688377859;0;0;0;45217156.4137931
1688377860;0;0;0;45072807.72413793
1688377861;0;0;0;45058542.344827585
1688377862;0;0;0;46446662.62068965
1688377863;0;0;0;48256247.17241379
1688377864;0;0;0;48963301.51724138
1688377865;0;0;0;48600452.4137931
1688377866;0;0;0;48506950.62068965
1688377867;0;0;0;48484352
1688377868;0;0;0;48558786.20689655
1688377869;0;0;0;48713445.51724138
1688377870;0;0;0;48417262.344827585
1688377871;0;0;0;48483787.034482755
1688377872;0;0;0;49051436.137931034
1688377873;0;0;0;49284766.89655172
1688377874;0;0;0;49300868.4137931
1688377875;0;0;0;49170643.862068966
1688377876;0;0;0;49213440
1688377877;0;0;0;49076435.862068966
1688377878;0;0;0;48884488.827586204
1688377879;0;0;0;48904827.5862069
1688377880;0;0;0;48701157.51724138
1688377881;0;0;0;47170524.68965517
1688377882;0;0;0;46776884.96551724
1688377883;0;0;0;47019678.89655172
1688377884;0;0;0;47082107.5862069
1688377885;0;0;0;47253150.89655172
1688377886;0;0;0;48365991.72413793
1688377887;0;0;0;49980380.68965517
1688377888;0;0;0;50229389.24137931
1688377889;0;0;0;49985324.137931034
1688377890;0;0;0;49728971.034482755
1688377891;0;0;0;49751004.68965517
1688377892;0;0;0;49567249.655172415
1688377893;0;0;0;49541826.20689655
1688377894;0;0;0;49690977.10344827
1688377895;0;0;0;49477137.655172415
1688377896;0;0;0;49531374.344827585
1688377897;0;0;0;49728123.5862069
1688377898;0;0;0;49725298.75862069
1688377899;0;0;0;49765976.27586207
1688377900;0;0;0;49659904
1688377901;0;0;0;48327432.827586204
1688377902;0;0;0;48072633.37931035
1688377903;0;0;0;48153847.17241379
1688377904;0;0;0;47939725.24137931
1688377905;0;0;0;46215309.24137931
1688377906;0;0;0;44660947.862068966
1688377907;0;0;0;43148535.172413796
1688377908;0;0;0;43217319.72413793
1688377909;0;0;0;43768443.5862069
1688377910;0;0;0;45127891.862068966
1688377911;0;0;0;45211365.51724138
1688377912;0;0;0;45107976.827586204
1688377913;0;0;0;44959108.4137931
1688377914;0;0;0;44639337.93103448
1688377915;0;0;0;44787782.62068965
1688377916;0;0;0;44627332.4137931
1688377917;0;0;0;44735382.06896552
1688377918;0;0;0;45038062.344827585
1688377919;0;0;0;45175066.48275862
1688377920;0;0;0;45027469.24137931
1688377921;0;0;0;45037779.862068966
1688377922;0;0;0;45058259.862068966
1688377923;0;0;0;44927187.862068966
1688377924;0;0;0;44895549.79310345
1688377925;0;0;0;45107976.827586204
1688377926;0;0;0;44798516.96551724
1688377927;0;0;0;44666880
1688377928;0;0;0;44933543.72413793
1688377929;0;0;0;45195264
1688377930;0;0;0;44343860.96551724
1688377931;141.24137931034483;0;0;43174806.06896552
1688377932;714398.8965517242;0;0;41402368
1688377933;4809268.9655172415;0;0;40393904.551724136
1688377934;8886060.137931034;0;0;40396446.89655172
1688377935;13008048.551724138;0;0;40283877.51724138
1688377936;17057721.379310343;0;0;39937836.137931034
1688377937;20962763.03448276;0;0;38116387.31034483
1688377938;25157067.03448276;0;0;36108499.862068966
1688377939;28917477.517241377;0;0;34445241.37931035
1688377940;32967150.344827585;0;0;32775344.551724136
1688377941;37107217.655172415;0;0;31054459.586206894
1688377942;40976101.51724138;0;0;29444590.344827585
1688377943;44941876.96551724;0;0;27971019.03448276
1688377944;48874036.96551724;0;0;26305218.20689655
1688377945;52751960.27586207;0;0;24631931.586206894
1688377946;57072816.551724136;0;0;22688591.44827586
1688377947;61122489.37931035;0;0;20932819.862068966
1688377948;65027531.034482755;0;0;19145975.172413792
1688377949;68932572.68965517;0;0;17549523.862068966
1688377950;73036482.20689654;0;0;15917479.72413793
1688377951;77031918.34482759;282.48275862068965;0;14060579.310344828
1688377952;80936960;282.48275862068965;0;12379241.931034483
1688377953;84986632.8275862;282.48275862068965;0;10690418.758620689
1688377954;89036305.65517241;282.48275862068965;0;8783095.172413792
1688377955;92944313.37931034;282.48275862068965;0;7168988.689655173
1688377956;97048222.89655173;282.48275862068965;0;5545277.793103448
1688377957;101043659.03448276;282.48275862068965;0;3628914.7586206896
1688377958;104948700.68965517;282.48275862068965;0;1666224.551724138
1688377959;109143004.68965517;282.48275862068965;0;1526960.551724138
1688377960;113047905.10344827;282.48275862068965;0;862702.3448275862
1688377961;116089255.72413793;2401.103448275862;0;824849.6551724138
1688377962;112072915.86206897;2401.103448275862;0;447028.9655172414
1688377963;107996124.68965517;2401.103448275862;0;444769.1034482759
1688377964;103874136.27586207;2401.103448275862;0;444627.8620689655
1688377965;100972473.37931034;2401.103448275862;0;453667.3103448276
1688377966;101117104.55172414;2401.103448275862;0;1323714.2068965517
1688377967;101071907.31034483;2401.103448275862;0;2408589.2413793104
1688377968;101261735.72413793;2401.103448275862;0;3504198.620689655
1688377969;101406366.89655173;2401.103448275862;0;4516616.827586207
1688377970;101044788.96551724;2401.103448275862;0;5548243.862068965
1688377971;101207499.03448276;2401.103448275862;0;5653044.9655172415
1688377972;101191962.48275863;2401.103448275862;0;5611679.012571429
1688377973;101264278.06896551;2401.103448275862;0;5457977.849679012
1688377974;101336593.65517241;2401.103448275862;0;6672876.0171010895
1688377975;101074449.65517241;2401.103448275862;0;7447092.9655172415
1688377976;101020212.96551724;2401.103448275862;0;8518832.551724138
1688377977;101020212.96551724;2401.103448275862;0;9561617.655172413
1688377978;100721911.1724138;2401.103448275862;0;10436466.758620689
1688377979;100532082.7586207;2401.103448275862;0;11214283.034482758
1688377980;100459767.1724138;2118.6206896551726;0;12230938.48275862
1688377981;100730950.62068966;2118.6206896551726;0;13189967.448275862
1688377982;100730950.62068966;2118.6206896551726;0;14200832
1688377983;98561483.03448276;2118.6206896551726;0;15027941.51724138
1688377984;94653475.31034483;2118.6206896551726;0;14967348.965517242
1688377985;94454607.44827586;2118.6206896551726;0;15315367.72413793
1688377986;94526923.03448276;2118.6206896551726;0;16427219.862068966
1688377987;94798106.48275863;2118.6206896551726;0;17522123.03448276
1688377988;93351794.7586207;2118.6206896551726;0;18344006.620689657
1688377989;93351794.7586207;2118.6206896551726;0;18872955.586206898
1688377990;93519307.03448276;0;0;19944130.20689655
1688377991;97472370.7586207;0;0;21035361.103448275
1688377992;101422609.65517241;0;0;22079982.344827585
1688377993;105445164.13793103;0;0;23146637.24137931
1688377994;106900515.31034483;0;0;24140976.551724136
1688377995;104857600;0;0;23270929.655172415
1688377996;104631613.79310344;0;0;22976300.137931034
1688377997;103628941.2413793;0;0;22899041.103448275
1688377998;99434637.2413793;0;0;23417679.44827586
1688377999;95656147.86206897;0;0;23826149.517241377
1688378000;91624553.93103448;0;0;25168507.586206894
1688378001;87674315.03448276;0;0;25748605.281806726
1688378002;83669839.44827586;0;0;26851468.56895747
1688378003;79719600.55172414;0;0;28144390.674575806
1688378004;75660888.27586207;0;0;28999821.24137931
1688378005;71665452.13793103;0;0;29615068.689655174
1688378006;67760410.48275863;0;0;30091475.862068966
1688378007;64153670.62068965;0;0;30686243.310344826
1688378008;60239589.51724138;0;0;30722824.827586208
1688378009;56316468.96551724;0;0;31346546.75862069
1688378010;52140243.862068966;0;0;32407834.48275862
1688378011;48090571.034482755;0;0;32977319.724137932
1688378012;46210365.79310345;0;0;33808384
1688378013;46210365.79310345;0;0;35641273.37931035
1688378014;42305324.137931034;0;0;36938434.20689655
1688378015;38237572.4137931;0;0;37349729.10344827
1688378016;34061347.31034483;0;0;38109042.75862069
1688378017;31313355.03448276;0;0;39254510.344827585
1688378018;27408313.379310343;0;0;40429638.62068965
1688378019;23485192.827586208;0;0;40976525.24137931
1688378020;19453598.896551725;0;0;41525954.20689655
1688378021;15503360;0;0;41982587.5862069
1688378022;11480805.51724138;0;0;42787239.72413793
1688378023;8881116.689655172;0;0;43542033.655172415
1688378024;6874359.172413793;0;0;45318285.24137931
1688378025;2951238.620689655;0;0;46251467.034482755
1688378026;3672.2758620689656;0;0;47073774.344827585
1688378027;3672.2758620689656;0;0;47387753.93103448
1688378028;3672.022619129715;0;0;47786054.62068965
1688378029;3672.2758620689656;0;0;48188168.827586204
1688378030;3672.2758620689656;0;0;47564588.137931034
1688378031;3672.2758620689656;0;0;48113734.62068965
1688378032;3672.2758620689656;0;0;48425595.5862069
1688378033;3672.2758620689656;0;0;48406386.75862069
1688378034;3672.2758620689656;0;0;48412742.62068965
1688378035;3672.2758620689656;0;0;48541837.24137931
1688378036;3672.2758620689656;0;0;48779405.24137931
1688378037;3672.2758620689656;0;0;49791964.68965517
1688378038;3672.2758620689656;0;0;49322902.06896552
1688378039;3672.2758620689656;0;0;48902567.72413793
1688378040;3672.2758620689656;0;0;48821636.4137931
1688378041;3672.2758620689656;0;0;48926155.034482755
1688378042;3672.2758620689656;0;0;48935618.20689655
1688378043;3672.2758620689656;0;0;49243948.137931034
1688378044;3672.2758620689656;0;0;49079119.448275864
1688378045;3672.2758620689656;0;0;48658785.10344827
1688378046;3672.2758620689656;0;0;48354692.4137931
1688378047;3672.2758620689656;0;0;48576300.137931034
1688378048;3672.2758620689656;0;0;48797766.62068965
1688378049;3672.2758620689656;0;0;48833924.4137931
1688378050;3672.2758620689656;0;0;48968668.68965517
1688378051;3672.2758620689656;0;0;48733501.79310345
1688378052;0;0;0;48873613.24137931
1688378053;0;0;0;48353703.72413793
1688378054;0;0;0;46626886.62068965
1688378055;0;0;0;45813195.034482755
1688378056;0;0;0;45659241.93103448
1688378057;0;0;0;45880143.448275864
1688378058;0;0;0;45568423.72413793
1688378059;0;0;0;46393273.37931035
1688378060;0;0;0;46524062.89655172
1688378061;0;0;0;46376748.137931034
1688378062;0;0;0;46660078.344827585
1688378063;0;0;0;46601745.655172415
1688378064;0;0;0;46565729.10344827
1688378065;0;0;0;46553441.10344827
1688378066;0;0;0;46435363.31034483
1688378067;0;0;0;47168547.31034483
1688378068;0;0;0;47471368.827586204
1688378069;0;0;0;47726309.51724138
1688378070;0;0;0;47527441.655172415
1688378071;0;0;0;47483939.31034483
1688378072;0;0;0;47256258.20689655
1688378073;0;0;0;47403008
1688378074;0;0;0;47728569.37931035
1688378075;0;0;0;47927437.24137931
1688378076;0;0;0;47668118.06896552
1688378077;0;0;0;47395945.93103448
1688378078;0;0;0;45719128.27586207
1688378079;0;0;0;44080728.27586207
1688378080;0;0;0;43722116.4137931
1688378081;0;0;0;43523248.551724136
1688378082;0;0;0;44201348.4137931
1688378083;0;0;0;45901188.4137931
1688378084;0;0;0;46579429.51724138
1688378085;0;0;0;46637056
1688378086;0;0;0;46274489.37931035
1688378087;0;0;0;46288048.551724136
1688378088;0;0;0;46351324.68965517
1688378089;0;0;0;46386776.27586207
1688378090;0;0;0;46326183.72413793
1688378091;0;0;0;46189462.06896552
1688378092;0;0;0;46298076.68965517
1688378093;0;0;0;46275478.06896552
1688378094;0;0;0;46280986.48275862
1688378095;0;0;0;46473216
1688378096;0;0;0;46326607.448275864
1688378097;0;0;0;46163897.37931035
1688378098;0;0;0;46153021.79310345
1688378099;0;0;0;46546237.79310345
1688378100;0;0;0;46592141.24137931
1688378101;0;0;0;46595389.79310345
1688378102;0;0;0;46174914.20689655
1688378103;0;0;0;44413775.448275864
1688378104;0;0;0;42835968
1688378105;0;0;0;42220579.31034483
1688378106;0;0;0;42533711.448275864
1688378107;0;0;0;44431995.5862069
1688378108;0;0;0;46181128.827586204
1688378109;0;0;0;46679852.137931034
1688378110;0;0;0;46711490.20689655
1688378111;0;0;0;46490023.72413793
1688378112;0;0;0;46353584.551724136
1688378113;0;0;0;46243840
1688378114;0;0;0;46293980.68965517
1688378115;0;0;0;46466718.89655172
1688378116;0;0;0;46484797.79310345
1688378117;0;0;0;46353725.79310345
1688378118;0;0;0;46259517.79310345
1688378119;0;0;0;46408668.68965517
1688378120;0;0;0;45810087.72413793
1688378121;0;0;0;45890171.5862069
1688378122;0;0;0;46078446.344827585
1688378123;0;0;0;46068135.72413793
1688378124;0;0;0;45328878.344827585
1688378125;0;0;0;45322098.75862069
1688378126;0;0;0;44707275.034482755
1688378127;0;0;0;44757556.96551724
1688378128;0;0;0;44006435.31034483
1688378129;0;0;0;42170721.10344827
1688378130;2542.344827586207;0;0;41097145.37931035
1688378131;1642496;0;0;40229217.10344827
1688378132;4923815.724137931;0;0;40398706.75862069
1688378133;8006267.586206896;0;0;40114387.862068966
1688378134;11188153.379310345;0;0;39066376.827586204
1688378135;14370039.172413792;0;0;37185889.10344827
1688378136;17407293.79310345;0;0;35287604.96551724
1688378137;20444548.413793102;0;0;33540025.379310343
1688378138;23481803.03448276;0;0;31763773.79310345
1688378139;26519057.655172415;0;0;30032719.44827586
1688378140;29646706.75862069;0;0;28323133.79310345
1688378141;32738198.068965517;0;0;26759732.96551724
1688378142;36064715.034482755;0;0;25167377.655172415
1688378143;38981490.75862069;0;0;23372623.44827586
1688378144;38981490.75862069;0;0;21525044.96551724
1688378145;38981490.75862069;0;0;19812210.75862069
1688378146;38981490.75862069;0;0;18236098.20689655
1688378147;38981490.75862069;0;0;16504055.172413792
1688378148;38981490.75862069;0;0;14705204.965517242
1688378149;38981490.75862069;0;0;13766514.758620689
1688378150;38981490.75862069;0;0;11936026.48275862
1688378151;38981490.75862069;0;0;10111611.586206896
1688378152;38981490.75862069;0;0;8421517.24137931
1688378153;38981490.75862069;0;0;7255569.655172414
1688378154;38981490.75862069;0;0;5507001.379310344
1688378155;38981490.75862069;0;0;4400940.137931034
1688378156;38981490.75862069;0;0;2608869.5172413792
1688378157;38981490.75862069;0;0;1428939.0344827585
1688378158;38981490.75862069;0;0;1620038.6206896552
1688378159;38978948.4137931;0;0;965667.3103448276
1688378160;37338994.75862069;0;0;749003.0344827586
1688378161;34057675.034482755;0;0;577818.4827586206
1688378162;30975223.172413792;0;0;582055.724137931
1688378163;27793337.379310343;0;0;594626.2068965518
1688378164;24611451.586206894;0;0;595897.3793103448
1688378165;21574196.96551724;0;0;595897.3793103448
1688378166;18536942.344827585;0;0;594343.724137931
1688378167;15499687.72413793;0;0;594343.724137931
1688378168;12469071.448275862;0;0;780641.1034482758
1688378169;9341422.344827587;0;0;781064.8275862068
1688378170;10581945.379310345;0;0;1012135.724137931
1688378171;11160470.068965517;0;0;1009028.4137931034
1688378172;12058341.51724138;0;0;1006627.3103448276
1688378173;16343040;0;0;983040
1688378174;20248081.655172415;0;0;978379.0344827586
1688378175;24442385.655172415;0;0;955639.172413793
1688378176;28293190.620689657;0;0;934029.2413793104
1688378177;32496534.068965517;0;0;935441.6551724138
1688378178;36302141.79310345;0;0;712562.7586206896
1688378179;40306617.37931035;0;0;712562.7586206896
1688378180;44311092.96551724;0;0;712562.7586206896
1688378181;48306529.10344827;0;0;712562.7586206896
1688378182;52356201.93103448;0;0;721743.448275862
1688378183;56405874.75862069;0;0;719483.5862068966
1688378184;60310916.4137931;0;0;700274.7586206896
1688378185;64234036.96551724;0;0;697026.2068965518
1688378186;68509696;0;0;671037.7931034482
1688378187;72459934.89655173;0;0;470192.5517241379
1688378188;76419213.2413793;0;0;579230.8965517242
1688378189;80414649.37931034;0;0;599569.6551724138
1688378190;84464322.20689654;0;0;599569.6551724138
1688378191;88369363.86206897;0;0;595332.4137931034
1688378192;92563667.86206897;0;0;579795.8620689656
1688378193;96423512.27586207;0;0;581349.5172413792
1688378194;100473185.10344827;0;0;582620.6896551724
1688378195;104568055.1724138;0;0;594767.448275862
1688378196;108617728;0;0;594767.448275862
1688378197;112516131.31034483;0;0;409882.4827586207
1688378198;116301400.27586207;0;0;406068.9655172414
1688378199;112598616.27586207;0;0;178670.3448275862
1688378200;108693574.62068966;0;0;178670.3448275862
1688378201;104878927.44827586;0;0;176975.44827586206
1688378202;100594228.96551724;0;0;182201.3793103448
1688378203;96689187.31034483;0;0;182201.3793103448
1688378204;92494883.31034483;0;0;1611705.3793103448
1688378205;88644078.34482759;0;0;3432165.5172413792
1688378206;84440734.89655173;0;0;5335393.1034482755
1688378207;80635127.1724138;0;0;7120684.137931034
1688378208;76630651.5862069;0;0;8856258.206896551
1688378209;72626176;0;0;9181678.344827587
1688378210;68630739.86206897;0;0;10827705.379310345
1688378211;64581067.034482755;0;0;12685170.758620689
1688378212;60531394.20689655;0;0;14661985.103448275
1688378213;56626352.551724136;0;0;16429197.24137931
1688378214;52703232;0;0;18080591.44827586
1688378215;48427572.96551724;0;0;19845261.24137931
1688378216;44477334.06896552;0;0;21387193.379310343
1688378217;40518055.72413793;0;0;22877007.44827586
1688378218;36522619.5862069;0;0;24508062.896551725
1688378219;32472946.75862069;0;0;26251264
1688378220;28567905.103448275;0;0;27876952.275862068
1688378221;24373601.103448275;0;0;29571848.827586208
1688378222;20513756.689655174;0;0;31240333.24137931
1688378223;16464083.862068966;0;0;32512070.620689653
1688378224;12369213.793103447;0;0;32504584.827586208
1688378225;8319540.9655172415;0;0;32504584.827586208
1688378226;4414499.310344827;0;0;32506562.20689655
1688378227;629230.3448275862;0;0;32698226.75862069
1688378228;0;0;0;34330694.62068965
1688378229;0;0;0;36111465.93103448
1688378230;0;0;0;37844921.37931035
1688378231;0;0;0;39480355.31034483
1688378232;0;0;0;41283725.24137931
1688378233;0;0;0;41760414.89655172
1688378234;0;0;0;41738804.96551724
1688378235;0;0;0;41322001.655172415
1688378236;0;0;0;41236126.89655172
1688378237;0;0;0;41281324.137931034
1688378238;0;0;0;42791335.72413793
1688378239;0;0;0;42786816
1688378240;0;0;0;42737099.034482755
1688378241;0;0;0;42377780.96551724
1688378242;0;0;0;42328064
1688378243;0;0;0;42312809.93103448
1688378244;0;0;0;42339928.27586207
1688378245;0;0;0;42296708.4137931
1688378246;0;0;0;41538242.20689655
1688378247;0;0;0;41637958.62068965
1688378248;0;0;0;41559710.89655172
1688378249;0;0;0;41670020.4137931
1688378250;0;0;0;41803352.27586207
1688378251;0;0;0;41108868.4137931
1688378252;0;0;0;41415079.72413793
1688378253;0;0;0;43096275.862068966
1688378254;0;0;0;44956283.5862069
1688378255;0;0;0;45902318.344827585
1688378256;0;0;0;47370240
1688378257;0;0;0;47475888.551724136
1688378258;0;0;0;47299336.827586204
1688378259;0;0;0;47496933.51724138
1688378260;0;0;0;46860499.862068966
1688378261;0;0;0;45152185.37931035
1688378262;0;0;0;43275369.93103448
1688378263;0;0;0;42751223.172413796
1688378264;0;0;0;42976361.93103448
1688378265;0;0;0;43003480.27586207
1688378266;0;0;0;43154326.06896552
1688378267;0;0;0;42873114.48275862
1688378268;0;0;0;42985260.137931034
1688378269;0;0;0;43084694.06896552
1688378270;0;0;0;43020852.96551724
1688378271;0;0;0;42992887.172413796
1688378272;0;0;0;43038366.89655172
1688378273;0;0;0;42959554.20689655
1688378274;0;0;0;43330171.5862069
1688378275;0;0;0;44181009.655172415
1688378276;0;0;0;44237788.68965517
1688378277;0;0;0;43341188.4137931
1688378278;0;0;0;42747127.172413796
1688378279;0;0;0;40970875.5862069
1688378280;0;0;0;40037976.27586207
1688378281;0;0;0;38937423.448275864
1688378282;0;0;0;37309475.31034483
1688378283;0;0;0;35449467.5862069
1688378284;0;0;0;34500184.27586207
1688378285;0;0;0;32861360.551724136
1688378286;0;0;0;31119571.862068966
1688378287;0;0;0;29742044.689655174
1688378288;0;0;0;27813111.172413792
1688378289;0;0;0;26808884.96551724
1688378290;0;0;0;26731060.96551724
1688378291;0;0;0;26723151.44827586
1688378292;0;0;0;25448448
1688378293;0;0;0;23735472.551724136
1688378294;0;0;0;22011197.79310345
1688378295;0;0;0;20079580.689655174
1688378296;0;0;0;18525360.551724136
1688378297;0;0;0;16779475.862068966
1688378298;0;0;0;14863112.827586208
1688378299;0;0;0;13308892.689655172
1688378300;0;0;0;11619363.310344828
1688378301;0;0;0;9971358.896551725
1688378302;0;0;0;8258383.448275862
1688378303;0;0;0;6385664
1688378304;0;0;0;4693309.793103448
1688378305;0;0;0;2888951.172413793
1688378306;0;0;0;2135145.9310344825
1688378307;0;0;0;993209.3793103448
1688378308;0;0;0;1083321.3793103448
1688378309;0;0;0;1039395.3103448276
1688378310;0;0;0;560728.275862069
1688378311;0;0;0;507339.0344827586
1688378312;0;0;0;507762.7586206896
1688378313;0;0;0;507621.5172413793
1688378314;0;0;0;486859.0344827586
1688378315;0;0;0;486859.0344827586
1688378316;0;0;0;268923.5862068965
1688378317;0;0;0;266804.9655172414
1688378318;0;0;0;266804.9655172414
1688378319;0;0;0;249573.5172413793
1688378320;0;0;0;217935.44827586206
1688378321;0;0;0;218217.93103448275
1688378322;0;0;0;218641.6551724138
1688378323;0;0;0;216381.79310344826
1688378324;0;0;0;226974.89655172414
1688378325;0;0;0;227963.58620689655
1688378326;0;0;0;220477.79310344826
1688378327;0;0;0;222172.6896551724
1688378328;0;0;0;222455.1724137931
1688378329;0;0;0;222455.1724137931
1688378330;0;0;0;246748.6896551724
1688378331;0;0;0;246748.6896551724
1688378332;0;0;0;246324.96551724136
1688378333;0;0;0;254375.72413793104
1688378334;0;0;0;250844.6896551724
1688378335;0;0;0;236296.8275862069
1688378336;0;0;0;236296.8275862069
1688378337;0;0;0;98727.72413793103
1688378338;0;0;0;108614.62068965517
1688378339;0;0;0;108614.62068965517
1688378340;0;0;0;104094.89655172413
1688378341;0;0;0;103671.1724137931
1688378342;0;0;0;103953.6551724138
1688378343;0;0;0;103953.6551724138
1688378344;0;0;0;103953.6551724138
1688378345;0;0;0;95196.6896551724
1688378346;0;0;0;95196.6896551724
1688378347;0;0;0;95196.6896551724
1688378348;0;0;0;95196.6896551724
1688378349;0;0;0;98868.96551724138
1688378350;0;0;0;98586.48275862068
1688378351;0;0;0;98162.75862068965
1688378352;0;0;0;98162.75862068965
1688378353;0;0;0;87569.6551724138
1688378354;0;0;0;86580.96551724138
1688378355;0;0;0;86298.4827586207
1688378356;0;0;0;84603.58620689655
1688378357;0;0;0;84321.10344827586
1688378358;0;0;0;84321.10344827586
1688378359;0;0;0;26412.137931034482
1688378360;0;0;0;26412.137931034482
1688378361;0;0;0;26412.137931034482
1688378362;0;0;0;18361.379310344826
1688378363;0;0;0;18361.379310344826
1688378364;0;0;0;26553.379310344826
1688378365;0;0;0;26553.379310344826
1688378366;0;0;0;22033.655172413793
1688378367;0;0;0;12146.758620689656
1688378368;0;0;0;12146.758620689656
1688378369;0;0;0;12146.758620689656
1688378370;0;0;0;12146.758620689656
1688378371;0;0;0;11864.275862068966
1688378372;0;0;0;11864.275862068966
1688378373;0;0;0;12146.758620689656
1688378374;0;0;0;12146.758620689656
1688378375;0;0;0;12146.758620689656
1688378376;0;0;0;12146.758620689656
1688378377;0;0;0;12146.758620689656
1688378378;0;0;0;8474.48275862069
1688378379;0;0;0;9745.655172413793
1688378380;0;0;0;9745.655172413793
1688378381;0;0;0;9745.655172413793
1688378382;0;0;0;9745.655172413793
1688378383;0;0;0;9745.655172413793
1688378384;0;0;0;9745.655172413793
1688378385;0;0;0;9745.655172413793
1688378386;0;0;0;9745.655172413793
1688378387;0;0;0;9745.655172413793
1688378388;0;0;0;181212.6896551724
1688378389;0;0;0;181212.6896551724
1688378390;0;0;0;181212.6896551724
1688378391;0;0;0;181212.6896551724
1688378392;0;0;0;181212.6896551724
1688378393;0;0;0;173020.6896551724
1688378394;0;0;0;173020.6896551724
1688378395;0;0;0;173020.6896551724
1688378396;0;0;0;173020.6896551724
1688378397;0;0;0;173020.6896551724
1688378398;0;0;0;173020.6896551724
1688378399;0;0;0;173020.6896551724
1688378400;0;0;0;177540.41379310345
1688378401;0;0;0;177540.41379310345
1688378402;0;0;0;177257.93103448275
1688378403;0;0;0;177257.93103448275
1688378404;0;0;0;177257.93103448275
1688378405;0;0;0;177257.93103448275
1688378406;0;0;0;184320
1688378407;0;0;0;184320
1688378408;0;0;0;183048.8275862069
1688378409;0;0;0;183048.8275862069
1688378410;0;0;0;183048.8275862069
1688378411;0;0;0;183048.8275862069
