Time;{instance="10.231.0.208:9100"};{instance="192.168.221.10:9100"};{instance="192.168.221.11:9100"};{instance="192.168.221.12:9100"}
1688377331;15.002763297435362;24.476612486587445;13.54372201987446;15.828132234098147
1688377332;15.002763297435362;24.47532090768192;13.54372201987446;15.828728348623667
1688377333;15.002763297435362;24.480586575527564;13.54372201987446;15.85227487238181
1688377334;15.002763297435362;24.479294996622023;13.542927200507094;15.879994197818615
1688377335;15.111502785702546;24.54168819298176;13.542927200507094;16.41331799331954
1688377336;15.152628617803598;24.571096451138573;13.542927200507094;16.552113325345395
1688377337;15.05802924614259;24.600902118189406;13.542132381139727;16.721310498172915
1688377338;15.384845180659902;24.63627150975639;13.548391583657715;16.77972972167413
1688377339;15.178618550438895;24.648789889917733;13.556240424910438;16.931440868419646
1688377340;15.186783969887529;24.70909668958391;13.55544560554307;16.986581462030482
1688377341;15.184394091024512;24.729364543178477;13.557035244277793;17.01062474789323
1688377342;15.083023395918282;24.77109247704964;13.557035244277793;17.163528123689787
1688377343;14.974781799080894;24.78281603942296;13.557035244277793;17.355377648487156
1688377344;15.067887496452526;24.818682192107456;13.557035244277793;17.385382079605137
1688377345;15.371202955483533;24.91902793784525;13.556240424910438;17.417373559141513
1688377346;15.231693776855016;24.924293605690895;13.549981222392448;17.480760403688755
1688377347;15.22432498369406;24.931049556889086;13.549981222392448;17.032283575653885
1688377348;15.414220775017796;24.93740809919326;13.549186403025082;17.497352257982467
1688377349;15.076152494187124;24.936215872511227;13.549186403025082;17.078879861065577
1688377350;15.10323778796796;24.940786074792353;13.549186403025082;17.78726262222832
1688377351;15.053548223274438;24.940786074792353;13.553855966808348;17.744342376390687
1688377352;15.125742480594685;24.94555498152049;13.555346253122147;17.806338287045044
1688377353;15.212176432807068;24.932937249135634;13.555346253122147;17.850947524038318
1688377354;15.021683171767563;24.92657870683146;13.555346253122147;17.509970015439368
1688377355;15.008240103163107;24.951317410483643;13.554551433754792;17.560639750108788
1688377356;15.144264041783051;24.971187855184198;13.554551433754792;17.571270459147282
1688377357;15.065696774161431;24.963835790644996;13.556141072489513;17.57454908903765
1688377358;15.334558146250632;24.963835790644996;13.555346253122147;17.645784774837615
1688377359;15.336649290255766;24.976354170806346;13.556141072489513;17.68741343920327
1688377360;15.382256145224972;24.976354170806346;13.556141072489513;17.729836922936304
1688377361;14.985337097392538;24.982712713110523;13.556141072489513;17.75914588710783
1688377362;15.099155078243642;24.976354170806346;13.554551433754792;17.71533146948192
1688377363;15.088798936503911;24.97536064857131;13.554551433754792;17.716026936428364
1688377364;15.10054917424707;24.98320947422803;13.555346253122147;17.706489104019994
1688377365;14.93863488127779;24.98777967650916;13.555346253122147;17.72427318736476
1688377366;14.93863488127779;24.988475142073685;13.554650786175703;17.769081129199872
1688377367;14.93863488127779;24.988177085403173;13.55544560554307;17.783586582654266
1688377368;15.258978227207775;24.987382267615153;13.55544560554307;17.746329424809094
1688377369;15.124348384591258;24.995727854389383;13.55544560554307;17.787461327070154
1688377370;15.27640442725059;24.995727854389383;13.55544560554307;17.728346636622494
1688377371;15.263957141505724;24.995032388824868;13.554650786175703;17.752389922485246
1688377372;15.146554342360108;24.982514008663514;13.554650786175703;17.75010481680407
1688377373;15.141874162920033;24.982215951993002;13.548391583657715;17.740566984395713
1688377374;15.165374638406348;24.98301076978102;13.548391583657715;17.752787332168918
1688377375;15.247427146036541;24.98291141755753;13.54759676429036;17.74563395786265
1688377376;15.093080802800142;24.98837578985018;13.553855966808348;17.769180481620793
1688377377;15.093678272515898;24.98698485872114;13.553855966808348;17.759344591949677
1688377378;15.04448659925217;24.98698485872114;13.553061147440982;17.757854305635867
1688377379;15.1014453788207;24.987084210944644;13.556240424910438;17.72735311241329
1688377380;15.082625082774449;24.987084210944644;13.55604172006859;17.728744046306176
1688377381;15.101943270250484;24.992548583237294;13.55604172006859;17.723279663155555
1688377382;15.025367568348047;24.994138218813333;13.548987698183247;17.676981435006624
1688377383;15.083023395918282;24.99324404880181;13.548987698183247;18.000870327207263
1688377384;15.143766150353255;24.98678615427413;13.555048195859387;17.714536650114553
1688377385;15.05802924614259;24.99324404880181;13.555048195859387;17.660290228292
1688377386;15.17144891384985;24.99980129555299;13.555048195859387;17.689599192463522
1688377387;15.192758667045059;25.004967611175132;13.555048195859387;17.691486888461018
1688377388;15.062012377580947;25.004967611175132;13.555048195859387;17.685128333522105
1688377389;14.975180112224729;25.006060485633665;13.55425337649202;17.66962935585852
1688377390;14.975180112224729;25.006060485633665;13.554054671650185;17.69099012635641
1688377391;14.974283907651099;25.0108293923618;13.549782517550602;17.666549430809987
1688377392;14.979860291664803;25.011226801255816;13.548590288499563;17.677378844690306
1688377393;14.979860291664803;25.01142550570282;13.547795469132195;17.66873518407023
1688377394;14.978665352233289;25.003974088940105;13.554054671650185;17.67568985353466
1688377395;14.978665352233289;25.00546437229265;13.554054671650185;17.709867086331286
1688377396;14.978665352233289;25.0108293923618;13.554054671650185;17.65651483629702
1688377397;14.978665352233289;25.010431983467786;13.56110869353554;17.646182184521287
1688377398;14.978665352233289;25.01053133569129;13.562698332270262;17.625417528548915
1688377399;14.978665352233289;25.012617732384847;13.561903512902894;17.64419513610288
1688377400;14.978665352233289;25.005265667845645;13.56110869353554;17.627901339071926
1688377401;14.978665352233289;25.010233279020788;13.56110869353554;17.622039546237623
1688377402;14.978665352233289;25.003576680046102;13.561903512902894;17.60644121615311
1688377403;14.978665352233289;25.003377975599093;13.561903512902894;17.612501713829264
1688377404;14.978665352233289;25.00317927115209;13.56110869353554;17.62074796476566
1688377405;14.978665352233289;25.003974088940105;13.56110869353554;17.61866156392633
1688377406;14.978665352233289;25.00973651790327;13.56110869353554;17.59889043216316
1688377407;14.750431920815343;25.00923975678576;13.560313874168173;17.619158326030927
1688377408;14.755809148257127;25.003576680046102;13.561903512902894;17.58408692144602
1688377409;14.758497761978017;25.023248420299648;13.56836142026273;17.590544828805843
1688377410;14.764771193993443;25.022552954735122;13.568162715420884;17.541166675608387
1688377411;14.77731805802427;25.015598299089937;13.566573076686161;17.56093780737156
1688377412;14.783591490039683;25.01063068791479;13.566573076686161;17.56978017283347
1688377413;14.789864922055095;25.00914040456226;13.566573076686161;17.541663437712984
1688377414;14.789864922055095;25.003974088940105;13.567367896053529;17.532622367409225
1688377415;14.789864922055095;25.00755076898621;13.567367896053529;17.5451407724452
1688377416;14.796138354070509;25.015300242419425;13.566573076686161;17.636743704533853
1688377417;14.796138354070509;25.012717084608347;13.566573076686161;17.568091181677826
1688377418;14.750033607671508;25.020267853594568;13.566573076686161;17.59948654668868
1688377419;14.756307039686922;25.02036720581806;13.566573076686161;17.580112824609195
1688377420;14.768256434002003;25.019572388030042;13.568162715420884;17.58289469239497
1688377421;14.768256434002003;25.019473035806538;13.574521270359796;17.572363335777407
1688377422;14.822924912993473;25.020665262488574;13.57432256551795;17.588557780387436
1688377423;14.829198345008887;25.02006914914756;13.573527746150592;17.57246268819832
1688377424;14.829198345008887;25.02652704367524;13.573527746150592;17.585477855338905
1688377425;14.829198345008887;25.038946071613076;13.573925155834276;17.58627267470626
1688377426;14.829198345008887;25.03974088940111;13.573925155834276;17.609719846043493
1688377427;14.829198345008887;25.038846719389586;13.574024508255189;17.612104304145582
1688377428;14.829198345008887;25.046198783928787;13.573229688887833;17.60574574920667
1688377429;14.829198345008887;25.04550331836426;13.574024508255189;17.606242511311276
1688377430;14.828302140435257;25.032388824861897;13.574024508255189;17.61568099129871
1688377431;14.828302140435257;25.031792711520882;13.574024508255189;17.65413037819492
1688377432;14.828302140435257;25.033382347096932;13.579488891405822;17.625417528548915
1688377433;14.828302140435257;25.032587529308902;13.579488891405822;17.635650827903724
1688377434;14.828302140435257;25.03298493820292;13.579488891405822;17.638532048110413
1688377435;14.828302140435257;25.032388824861897;13.579488891405822;17.606838625836797
1688377436;14.828302140435257;25.038846719389586;13.573229688887833;17.640121686845145
1688377437;14.828302140435257;25.037555140484045;13.573229688887833;17.67986265521332
1688377438;14.828302140435257;25.032289472638404;13.574819327622556;17.643698373998284
1688377439;14.828302140435257;25.03000437149784;13.574819327622556;17.64508930789117
1688377440;14.828302140435257;25.03000437149784;13.574024508255189;17.64727506115141
1688377441;14.834575572450671;25.030699837062354;13.574024508255189;17.65224268219744
1688377442;14.834575572450671;25.030501132615345;13.574024508255189;17.701322778132134
1688377443;14.834575572450671;25.043218217223707;13.574819327622556;17.667443602598265
1688377444;14.834575572450671;25.037555140484045;13.574024508255189;17.677378844690306
1688377445;14.834575572450671;25.036164209355004;13.574024508255189;17.657806417768985
1688377446;14.834575572450671;25.023645829193654;13.574024508255189;17.652043977355593
1688377447;14.834575572450671;25.02493740809919;13.574024508255189;17.654627140299528
1688377448;14.834575572450671;25.02444064698168;13.573229688887833;17.681949056052648
1688377449;14.834575572450671;25.023745181417155;13.574024508255189;17.683240637524612
1688377450;14.834575572450671;25.02463935142869;13.56895753478825;17.701620835394895
1688377451;14.834575572450671;25.02543416921671;13.5677653057372;17.662376629131327
1688377452;14.834575572450671;25.016293764654453;13.567069838790758;17.660886342817516
1688377453;14.834575572450671;25.01698923021898;13.567069838790758;17.67509373900914
1688377454;14.834575572450671;25.016691173548466;13.567864658158124;17.673504100274407
1688377455;14.842940148471229;25.015498946866433;13.567069838790758;17.725068006732126
1688377456;14.842940148471229;25.015300242419425;13.567069838790758;17.727849874517887
1688377457;14.842940148471229;25.015498946866433;13.580383063194102;17.706290399178158
1688377458;14.842940148471229;25.016293764654453;13.579389538984898;17.71771592758401
1688377459;14.842940148471229;25.015896355760447;13.580979177719621;17.698441557925438
1688377460;14.842940148471229;25.0144060724079;13.581078530140545;17.714536650114553
1688377461;14.842940148471229;25.0144060724079;13.579488891405822;17.706191046757237
1688377462;14.635916891962541;25.01520089019592;13.579588243826734;17.70579363707355
1688377463;14.635916891962541;25.015101537972416;13.579588243826734;17.719702976002417
1688377464;14.635916891962541;25.007948177880223;13.579389538984898;17.70390594107607
1688377465;14.635916891962541;24.812323649803282;13.579389538984898;17.737487059347178
1688377466;14.635916891962541;24.813714580932324;13.580184358352266;17.722484843788187
1688377467;14.635916891962541;24.81530421650836;13.580184358352266;17.718610099372288
1688377468;14.635916891962541;24.80825020863967;13.580184358352266;17.705495579810794
1688377469;14.635916891962541;24.809442435321706;13.579389538984898;17.7468261869137
1688377470;14.635916891962541;24.80904502642769;13.580184358352266;17.730532389882747
1688377471;14.635916891962541;24.80844891308668;13.580184358352266;17.74533590059989
1688377472;14.635916891962541;24.807554743075155;13.573925155834276;17.78795808917476
1688377473;14.635916891962541;24.807356038628146;13.57313033646691;17.766696671097783
1688377474;14.635916891962541;24.814608750943844;13.57313033646691;17.77077012035553
1688377475;14.635916891962541;24.81361522870882;13.572335517099543;17.753284094273525
1688377476;14.635916891962541;24.812721058697296;13.572335517099543;17.744441728811612
1688377477;14.635916891962541;24.812522354250287;13.586443560870244;17.75199251280156
1688377478;14.635916891962541;24.811628184238764;13.58723838023761;17.75070093132959
1688377479;14.635916891962541;24.813217819814803;13.58723838023761;17.733413610089432
1688377480;14.635916891962541;24.81301911536781;13.586443560870244;17.789845785172243
1688377481;14.635916891962541;24.812124945356274;13.586443560870244;17.773651340562214
1688377482;14.635916891962541;24.81907960100147;13.586443560870244;17.770074653409086
1688377483;14.635916891962541;24.81888089655446;13.58723838023761;17.78308982054966
1688377484;14.635916891962541;24.81888089655446;13.586443560870244;17.80504670557308
1688377485;14.635916891962541;24.824345268847114;13.586443560870244;17.817465758188135
1688377486;14.635916891962541;24.831399276715814;13.586443560870244;17.82312884618059
1688377487;14.560336972919686;24.83745976234948;13.58485392213552;17.794018586850903
1688377488;14.557947094056667;24.83745976234948;13.586443560870244;17.66545655417986
1688377489;14.557150467768999;24.838155227914005;13.586244856028406;17.655918721771492
1688377490;14.569697331799825;24.837360410125974;13.58545003666104;17.703806588655148
1688377491;14.569697331799825;24.83020705003378;13.58545003666104;17.671020289751404
1688377492;14.569697331799825;24.81748996542542;13.586244856028406;17.670722232488632
1688377493;14.575970763815238;24.81828478321345;13.586244856028406;17.698044148241763
1688377494;14.575970763815238;24.81739061320193;13.58545003666104;17.67300733816981
1688377495;14.575970763815238;24.810833366450748;13.58545003666104;17.673802157537178
1688377496;14.575970763815238;24.804574176370064;13.58545003666104;17.706290399178158
1688377497;14.575970763815238;24.803779358582045;13.586244856028406;17.69734868129532
1688377498;14.575970763815238;24.805368994158094;13.58545003666104;17.698242853083602
1688377499;14.588517627846077;24.80417676747606;13.586244856028406;17.66098569523844
1688377500;14.51034867336829;24.804872233040577;13.586244856028406;18.0098120450901
1688377501;14.820435455844494;24.808945674204185;13.58545003666104;17.874891457480146
1688377502;14.84911400220068;24.81609903429639;13.580383063194102;17.89694769492448
1688377503;14.933058497264085;24.815105512061365;13.579091481722138;17.99719428763321
1688377504;14.917026393224697;24.815105512061365;13.579886301089495;17.979012794604763
1688377505;15.05225370555696;24.80884632198068;13.579886301089495;17.71801398484677
1688377506;14.9565589727504;24.808647617533687;13.579886301089495;17.704700760443426
1688377507;14.81505822840271;24.81748996542542;13.58634420844933;17.714039888009946
1688377508;15.054942319277853;24.81748996542542;13.585946798765647;17.71682175579572
1688377509;14.826708887859919;24.81748996542542;13.58515197939828;17.74563395786265
1688377510;14.983245953387403;24.81719190875492;13.585946798765647;17.756761429005742
1688377511;14.867436406817125;24.81689385208441;13.585946798765647;17.78159953423585
1688377512;14.797632028359898;24.822159519930054;13.584357160030914;17.80474864831031
1688377513;14.78677799519037;24.822159519930054;13.584357160030914;17.83654142300486
1688377514;14.75351884768007;24.822159519930054;13.584357160030914;17.86694326380651
1688377515;14.830194127868479;24.82206016770655;13.583562340663558;17.871016713064247
1688377516;14.710401449859845;24.82186146325954;13.586741618133013;17.85581579266342
1688377517;14.93783825499012;24.82802130111672;13.586741618133013;17.88880079640901
1688377518;14.909956334921603;24.83428049119739;13.586741618133013;17.875785629268425
1688377519;14.875800982837683;24.839744863490044;13.585946798765647;17.890390435143733
1688377520;14.866042310813699;24.84560664467671;13.585946798765647;17.940563407708552
1688377521;14.866042310813699;24.85802567261455;13.585946798765647;17.940960817392238
1688377522;14.863154540520895;24.851965186980884;13.585946798765647;17.96093065399724
1688377523;14.86942797253631;24.851965186980884;13.585946798765647;17.953081812744532
1688377524;14.86942797253631;24.850872312522355;13.585946798765647;17.960433891892645
1688377525;14.86942797253631;24.850872312522355;13.58515197939828;17.96470604599222
1688377526;14.875701404551723;24.84620275801772;13.584357160030914;17.99749234489597
1688377527;14.875701404551723;24.851667130310375;13.592404706125471;18.019548582340306
1688377528;14.875701404551723;24.851369073639873;13.592206001283635;18.037630722947828
1688377529;14.875701404551723;24.851369073639873;13.592206001283635;18.03822683747335
1688377530;14.926486330390798;24.850574255851843;13.591411181916268;18.049950423141958
1688377531;14.926486330390798;24.85186583475738;13.591411181916268;18.031868282534436
1688377532;14.926486330390798;24.85107101696936;13.611182313679437;18.057302502290074
1688377533;14.926486330390798;24.850971664745856;13.611182313679437;18.05422257724154
1688377534;14.926486330390798;24.846600166911735;13.611182313679437;18.026801309067498
1688377535;14.926486330390798;24.842129316854113;13.611182313679437;18.020442754128585
1688377536;14.926486330390798;24.8418312601836;13.611977133046803;18.04398927788673
1688377537;14.926486330390798;24.84809045026428;13.618236335564793;18.0491556037746
1688377538;14.932560605834288;24.847295632476254;13.618236335564793;18.059488255550328
1688377539;15.297116710730062;24.847295632476254;13.618037630722945;18.04458539241226
1688377540;15.297116710730062;24.839943567937052;13.61724281135558;18.054023872399693
1688377541;15.309563996474928;24.839943567937052;13.61724281135558;18.05422257724154
1688377542;15.309563996474928;24.83885069347852;13.622707194506212;18.074788528372064
1688377543;15.309563996474928;24.840340976831065;13.624296833240933;18.094559660135236
1688377544;15.309563996474928;24.83944680681953;13.624296833240933;18.04398927788673
1688377545;15.309563996474928;24.838950045702024;13.623502013873567;18.060581132180452
1688377546;15.309563996474928;24.840539681278063;13.623502013873567;18.04279704883569
1688377547;15.309563996474928;24.839744863490044;13.629761216391556;18.045280859358705
1688377548;15.309563996474928;24.839744863490044;13.630556035758923;18.10111691991598
1688377549;15.309563996474928;24.839744863490044;13.629761216391556;18.060382427338606
1688377550;15.315837428490342;24.84580534912372;13.6289663970242;18.108369646643176
1688377551;15.315837428490342;24.844712474665187;13.6289663970242;18.013885494347836
1688377552;15.315837428490342;24.82504073441164;13.6289663970242;18.076179462264953
1688377553;15.315837428490342;24.82563684775265;13.629761216391556;18.04786402230263
1688377554;15.315837428490342;24.831597981162822;13.629761216391556;18.05601092081811
1688377555;15.315837428490342;24.831597981162822;13.629761216391556;18.007824996671694
1688377556;15.315837428490342;24.837062353455476;13.630556035758923;17.990736380273376
1688377557;15.315837428490342;24.83716170567898;13.636020418909546;17.9869609882784
1688377558;15.315837428490342;24.837956523466996;13.636020418909546;17.981099195444095
1688377559;15.315837428490342;24.836863649008468;13.636020418909546;17.972654239665854
1688377560;15.315837428490342;24.843321543536145;13.636020418909546;17.963911226624862
1688377561;15.315837428490342;24.843321543536145;13.636020418909546;17.935496434241614
1688377562;15.315837428490342;24.842328021301118;13.635225599542188;17.917513646055017
1688377563;15.315837428490342;24.818582839883952;13.6289663970242;17.93360873824412
1688377564;15.315837428490342;24.817788022095932;13.628171577656833;17.920196161419867
1688377565;15.315837428490342;24.816695147637404;13.629761216391556;17.89635158039896
1688377566;15.315837428490342;24.812721058697296;13.629761216391556;17.89784186671277
1688377567;15.315837428490342;24.824543973294123;13.629761216391556;17.901517906286823
1688377568;15.340831578266044;24.8236498032826;13.6289663970242;17.920295513840788
1688377569;15.340831578266044;24.82285498549458;13.6289663970242;18.375329601656397
1688377570;14.802610942657846;24.824047212176602;13.6289663970242;18.38427131953925
1688377571;15.068285809596361;24.823053689941577;13.630556035758923;18.18685805917033
1688377572;15.14087838006044;24.82504073441164;13.629761216391556;18.21268968860964
1688377573;15.36433205375236;24.823550451059095;13.62956251154972;18.211398107137676
1688377574;15.359253561168451;24.822755633271075;13.62956251154972;18.287601413983655
1688377575;15.317231524493769;24.822755633271075;13.62956251154972;17.857504783819067
1688377576;15.059025029002171;24.82861741445773;13.62956251154972;17.847172132043344
1688377577;15.24055624430537;24.83428049119739;13.630357330917086;17.88015713578893
1688377578;15.09467405537549;24.833883082303387;13.630357330917086;17.876083686531185
1688377579;15.021782750053525;24.833883082303387;13.630357330917086;17.902610782916952
1688377580;15.160096989250526;24.834677900091407;13.62956251154972;17.931522337404793
1688377581;15.19355529333274;24.834379843420894;13.62956251154972;17.943842037598934
1688377582;15.220043117397818;24.815403568731863;13.630357330917086;17.943941390019845
1688377583;15.008140524877145;24.814310694273335;13.642975088373976;17.96331511209933
1688377584;15.135301996046746;24.814012637602833;13.642975088373976;18.006632767620644
1688377585;15.03492708380011;24.813714580932324;13.635921066488631;17.97195877271941
1688377586;15.315239958774585;24.819973771012993;13.635921066488631;17.997989107000567
1688377587;15.358954826310578;24.821662758812547;13.635126247121265;17.962619645152888
1688377588;15.149242956081;24.821662758812547;13.642180269006609;17.938178949606463
1688377589;15.147151812075855;24.820768588801013;13.641385449639253;17.952982460323607
1688377590;14.92668548696271;24.820073123236497;13.641385449639253;17.967289208936155
1688377591;15.060717859863482;24.81957636211899;13.641385449639253;17.937284777818185
1688377592;14.993502516841172;24.820371179907006;13.640590630271888;17.98964350364325
1688377593;14.890936882303441;24.820371179907006;13.642180269006609;17.98755710280392
1688377594;14.985834988822333;24.819278305448478;13.635921066488631;17.986464226173805
1688377595;15.037615697521002;24.819278305448478;13.635921066488631;17.969375609775483
1688377596;15.069281592455951;24.826332313317167;13.635921066488631;17.937284777818185
1688377597;14.902089650330852;24.826232961093663;13.635921066488631;17.972455534824018
1688377598;14.990913481406242;24.825140086635134;13.635921066488631;17.979211499446613
1688377599;14.843238883329102;24.825140086635134;13.635126247121265;17.942153046443288
1688377600;14.945704939580873;24.825140086635134;13.635126247121265;17.96718985651523
1688377601;14.945505783008961;24.825934904423164;13.635126247121265;17.9806024333395
1688377602;14.945505783008961;24.83209474228033;13.635126247121265;17.98090049060226
1688377603;14.876697187411313;24.8310018678218;13.635126247121265;17.981695309969613
1688377604;14.770845469436933;24.84242737352462;13.635921066488631;17.993816305321907
1688377605;14.844234666188694;24.84401700910066;13.635722361646785;17.99331954321731
1688377606;14.700244464692025;24.85107101696936;13.634132722912062;18.00255931836291
1688377607;14.827206779289703;24.85723085482653;13.633934018070216;17.987060340699323
1688377608;14.864349479952399;24.86339069268371;13.633834665649303;18.026403899383816
1688377609;14.748539933382132;24.862496522672174;13.634629485016658;18.022330450126077
1688377610;14.814560336972916;24.856734093709022;13.634629485016658;18.00524183372776
1688377611;14.84144647418184;24.855839923697488;13.633834665649303;18.025211670332773
1688377612;14.738880839644109;24.838453284584507;13.633039846281935;18.023522679177127
1688377613;14.781799080892421;24.832392798950842;13.62777416797315;17.9806024333395
1688377614;14.923100668668187;24.831299924492313;13.626581938922111;18.038425542315196
1688377615;14.9199141635175;24.830306402257285;13.628171577656833;18.007725644250772
1688377616;14.926187595532914;24.830008345586773;13.6289663970242;18.00941463540642
1688377617;14.926187595532914;24.830703811151288;13.6289663970242;18.033358568848247
1688377618;14.932461027548339;24.82504073441164;13.6289663970242;17.976330279239917
1688377619;14.93873445956375;24.823749155506103;13.635225599542188;18.009116578143658
1688377620;14.93873445956375;24.823550451059095;13.634430780174823;18.011699741087593
1688377621;14.945007891579165;24.82315304216508;13.634430780174823;17.97941020428845
1688377622;14.945007891579165;24.823053689941577;13.634430780174823;18.003950252255795
1688377623;14.945007891579165;24.821960815483045;13.62837028249867;18.054023872399693
1688377624;14.944808735007243;24.822755633271075;13.62837028249867;18.08154449299466
1688377625;14.944808735007243;24.824146564400106;13.626780643763947;18.05442128208338
1688377626;14.944808735007243;24.82206016770655;13.626780643763947;18.032166339797207
1688377627;14.944808735007243;24.82206016770655;13.62837028249867;17.99868457394701
1688377628;14.944808735007243;24.827921948893216;13.62837028249867;17.997889754579653
1688377629;14.944808735007243;24.827127131105197;13.627575463131315;17.9689782000918
1688377630;14.944808735007243;24.827127131105197;13.627575463131315;17.99292213353363
1688377631;14.944808735007243;24.826232961093663;13.627575463131315;17.984377825334473
1688377632;14.944808735007243;24.834081786750385;13.62837028249867;17.984477177755387
1688377633;14.944808735007243;24.840340976831065;13.628270930077758;17.985768759227362
1688377634;14.944808735007243;24.839744863490044;13.629065749445113;17.9947104771102
1688377635;14.951082167022655;24.838950045702024;13.629165101866036;18.00166514657463
1688377636;14.951082167022655;24.846500814688234;13.627575463131315;17.988550627013133
1688377637;14.951082167022655;24.845705996900215;13.627575463131315;17.98666293101564
1688377638;14.951082167022655;24.852064539204388;13.634728837437581;17.98119854786502
1688377639;14.951082167022655;24.85126972141637;13.629661863970643;17.987358397962083
1688377640;14.951082167022655;24.843520247983154;13.627575463131315;17.99590270616124
1688377641;14.951082167022655;24.84481182688869;13.627575463131315;17.98099984302317
1688377642;14.951082167022655;24.837360410125974;13.627575463131315;17.992524723849947
1688377643;14.951082167022655;24.831896037833324;13.626780643763947;18.000671622365427
1688377644;14.951082167022655;24.831101220045305;13.62837028249867;18.003056080467516
1688377645;14.951082167022655;24.83398243452688;13.62837028249867;18.035743026950335
1688377646;14.951082167022655;24.83318761673886;13.62837028249867;18.012991322559557
1688377647;14.956459394464439;24.833286968962366;13.627575463131315;17.997989107000567
1688377648;14.956459394464439;24.83279020784486;13.627575463131315;18.057898616815592
1688377649;14.956459394464439;24.832988912291853;13.626780643763947;18.03802813263151
1688377650;14.956459394464439;24.82563684775265;13.626780643763947;18.015375780661646
1688377651;14.956260237892527;24.825338791082142;13.620521441245959;17.98119854786502
1688377652;14.962533669907941;24.824742677741128;13.620521441245959;17.99451177226835
1688377653;14.45836880809771;24.8380558756905;13.626780643763947;17.993915657742832
1688377654;14.45836880809771;24.831597981162822;13.626780643763947;17.999280688472542
1688377655;14.470915672128537;24.830505106704294;13.627575463131315;17.9985852215261
1688377656;14.470915672128537;24.836565592337955;13.633834665649303;18.005738595832366
1688377657;14.470915672128537;24.84371895243016;13.641683506902014;17.988948036696804
1688377658;14.476492056142243;24.842824782418628;13.641683506902014;18.03594173179218
1688377659;14.476492056142243;24.842824782418628;13.629065749445113;18.007824996671694
1688377660;14.482765488157657;24.842824782418628;13.627972872814997;17.99480982953111
1688377661;14.482765488157657;24.843520247983154;13.628171577656833;18.00553989099052
1688377662;14.482665909871695;24.843321543536145;13.6289663970242;18.004844424044077
1688377663;14.488939341887107;24.84262607797163;13.634430780174823;18.010308807194708
1688377664;14.488939341887107;24.84421571354767;13.634430780174823;17.941060169813163
1688377665;14.488939341887107;24.85017684695784;13.633635960807455;17.93082687045835
1688377666;14.488939341887107;24.850375551404834;13.633635960807455;17.94940577317048
1688377667;14.488939341887107;24.8488852680523;13.634430780174823;17.964606693571305
1688377668;14.488939341887107;24.849779438063823;13.634430780174823;17.95963907252528
1688377669;14.488939341887107;24.848984620275804;13.633635960807455;17.943543980336173
1688377670;14.488939341887107;24.848984620275804;13.633635960807455;17.954472746637418
1688377671;14.488939341887107;24.848487859158286;13.633635960807455;17.945133619070898
1688377672;14.488939341887107;24.837360410125974;13.634430780174823;17.961924178206445
1688377673;14.488939341887107;24.830902515598297;13.621912375138844;17.995604648898478
1688377674;14.487744402455604;24.830902515598297;13.622707194506212;17.959738424946202
1688377675;14.487744402455604;24.830703811151288;13.622707194506212;17.979012794604763
1688377676;14.487744402455604;24.829809641139768;13.622707194506212;18.015773190345328
1688377677;14.494017834471018;24.828319357787233;13.621912375138844;17.936589310871742
1688377678;14.494017834471018;24.834975956761916;13.6289663970242;17.93172104224664
1688377679;14.494017834471018;24.828319357787233;13.6289663970242;17.954969508742025
1688377680;14.903882059478113;24.827127131105197;13.628171577656833;17.951690878851643
1688377681;14.910155491493526;24.828716766681236;13.628171577656833;17.949306420749554
1688377682;14.910155491493526;24.827921948893216;13.634232075332974;17.959738424946202
1688377683;14.908661817204138;24.827921948893216;13.63343725596562;17.951790231272568
1688377684;14.914238201217845;24.834677900091407;13.635026894700342;17.933012623718604
1688377685;14.914238201217845;24.834677900091407;13.635026894700342;17.989246093959576
1688377686;14.914238201217845;24.828120653340225;13.635026894700342;17.947220019910226
1688377687;14.920511633233257;24.827325835552195;13.639696458483607;17.912347320167154
1688377688;14.920511633233257;24.841433851289597;13.633337903544696;17.976230926818992
1688377689;14.920511633233257;24.841135794619085;13.633337903544696;17.917414293634092
1688377690;14.920511633233257;24.84510988355919;13.634132722912062;17.958049433790556
1688377691;14.920511633233257;24.845507292453206;13.633337903544696;17.943345275494327
1688377692;14.920511633233257;24.839744863490044;13.633337903544696;17.973250354191382
1688377693;14.920511633233257;24.839744863490044;13.632543084177328;17.97255488724494
1688377694;14.920511633233257;24.838950045702024;13.634927542279417;17.997293640054124
1688377695;14.920511633233257;24.839744863490044;13.634927542279417;17.952684403060847
1688377696;14.920511633233257;24.83885069347852;13.634927542279417;17.958446843474228
1688377697;14.920511633233257;24.83855263680801;13.634132722912062;17.95944036768344
1688377698;14.920511633233257;24.83865198903151;13.634132722912062;17.950299944958758
1688377699;14.926088017246963;24.837857171243492;13.621813022717921;17.945431676333655
1688377700;14.926088017246963;24.839148750149032;13.622210432401605;17.95089605948428
1688377701;14.926088017246963;24.838950045702024;13.621415613034237;17.934304205190564
1688377702;14.926088017246963;24.831896037833324;13.621415613034237;17.9602351870508
1688377703;14.926088017246963;24.83368437785638;13.621415613034237;17.955267566004785
1688377704;14.926088017246963;24.82663036998768;13.620620793666882;17.958744900737
1688377705;14.926088017246963;24.759070858005806;13.620620793666882;17.96500410325499
1688377706;14.926088017246963;24.764237173627947;13.621415613034237;17.936688663292657
1688377707;15.05802924614259;24.76950284147359;13.621415613034237;18.278659696100817
1688377708;15.191264992755682;24.77546397488376;13.620620793666882;18.257596982865685
1688377709;15.089794719363493;24.77625879267178;13.620620793666882;18.23573945026319
1688377710;15.062510269010742;24.775165918213247;13.620620793666882;18.23454722121214
1688377711;15.175332467002246;24.775165918213247;13.619825974299516;18.21239163134688
1688377712;15.165075903548475;24.77437110042523;13.619031154932149;17.801966780524538
1688377713;15.11518718228303;24.775861383777766;13.622210432401605;17.788355498858444
1688377714;15.228806006562213;24.769602193697093;13.622210432401605;17.81647223397893
1688377715;15.172643853281354;24.760759845805346;13.621415613034237;17.792329595695257
1688377716;15.324401161082813;24.762150776934387;13.627674815552226;17.790938661802368
1688377717;15.216557877389258;24.761554663593365;13.627674815552226;17.801867428103623
1688377718;15.1698556612745;24.762647538051898;13.628469634919593;17.776035798664303
1688377719;15.330873749670149;24.760163732464335;13.627575463131315;17.785374926230823
1688377720;15.075853759329238;24.759865675793826;13.627575463131315;17.855020973296053
1688377721;15.388529577240384;24.76066049358184;13.627575463131315;17.78438140202162
1688377722;15.159897832678604;24.766124865874495;13.627575463131315;17.796502397373914
1688377723;15.030047747788123;24.758971505782302;13.634629485016658;17.83207056406343
1688377724;15.335753085682136;24.76135595914637;13.634629485016658;17.786964564965558
1688377725;15.272720030670117;24.766720979215517;13.633039846281935;17.799582322422445
1688377726;15.26953352551943;24.767515797003536;13.639299048799923;17.85253716277304
1688377727;15.440310285939052;24.77218535150817;13.639299048799923;17.973349706612296
1688377728;15.75328483870807;24.778345189365336;13.640789335113723;18.241005128571963
1688377729;15.75328483870807;24.7770536104598;13.639994515746368;18.280149982414617
1688377730;15.71056575403168;24.772384055955175;13.639994515746368;18.28740270914181
1688377731;15.283474485553683;24.759070858005806;13.639994515746368;17.85402744908685
1688377732;15.232390824856735;24.739498469975764;13.639199696379;17.833362145535403
1688377733;15.028354916926812;24.72698008981441;13.639994515746368;17.83634271816301
1688377734;15.360448500599954;24.71525652744109;13.634530132595746;17.816670938820767
1688377735;15.31563827191843;24.714064300759052;13.633735313228378;17.857206726556306
1688377736;15.080135625625479;24.726085919802888;13.639994515746368;17.85462356361237
1688377737;15.390919456103402;24.726085919802888;13.639199696379;17.82541395186177
1688377738;15.482332322613734;24.732245757660053;13.639994515746368;17.918606522685142
1688377739;15.129028564031334;24.732047053213048;13.639994515746368;17.840118110157988
1688377740;15.40266969384656;24.737908834399715;13.639994515746368;17.872208942115297
1688377741;15.407648608144509;24.737412073282204;13.639994515746368;17.867241321069272
1688377742;15.407648608144509;24.731152883201524;13.639199696379;17.858398955607345
1688377743;15.258181600920107;24.72022413861622;13.639199696379;17.92367349615208
1688377744;15.356764104019483;24.713964948535548;13.64009386816728;17.917811703317778
1688377745;15.038113588950797;24.71913126415769;13.639299048799923;17.92625665909601
1688377746;15.072169362748756;24.72539045423836;13.639299048799923;17.936589310871742
1688377747;15.318326885639323;24.732345109883557;13.639299048799923;17.908373223330333
1688377748;15.243344436312222;24.733835393236102;13.639299048799923;17.913539549218193
1688377749;15.434733901925346;24.731351587648533;13.637709410065192;17.957652024106874
1688377750;15.088201466788153;24.73125223542503;13.639100343958077;17.913837606480953
1688377751;15.265550394081062;24.73085482653101;13.639100343958077;17.933410033402286
1688377752;14.944012108719573;24.73085482653101;13.639100343958077;17.910558976590586
1688377753;15.153026930947433;24.729960656519488;13.639895163325445;17.96480539841314
1688377754;15.167664938983405;24.72886778206096;13.64068998269281;17.911155091116104
1688377755;15.301000263882457;24.73045741763701;13.64068998269281;17.914533073427396
1688377756;15.734663699233742;24.736915312164687;13.639895163325445;18.382184918699917
1688377757;15.396296683545184;24.748042761197;13.639895163325445;18.306379021537623
1688377758;15.08959556279158;24.754301951277668;13.639895163325445;17.941854989180516
1688377759;15.138189766339549;24.754301951277668;13.639895163325445;17.915129187952928
1688377760;15.152429461231687;24.748440170091;13.639100343958077;17.96053324431356
1688377761;15.48880491120106;24.748241465644007;13.64068998269281;18.0214362783378
1688377762;15.09985212624535;24.735723085482654;13.640888687534646;17.998883278788856
1688377763;15.19614432876767;24.736120494376667;13.639895163325445;17.93350938582321
1688377764;15.045084068967917;24.735822437706155;13.639100343958077;17.921388390470916
1688377765;15.288453399851631;24.742280332233836;13.639100343958077;17.91671882668765
1688377766;15.419498424173629;24.74675118229146;13.64068998269281;17.939172473815667
1688377767;15.182004212161493;24.740094583316775;13.63979581090452;17.96470604599222
1688377768;15.097860560526167;24.735822437706155;13.63979581090452;18.217856014497503
1688377769;15.301796890170127;24.734729563247626;13.63979581090452;17.92625665909601
1688377770;15.054145692990184;24.740988753328296;13.63979581090452;17.9461271432801
1688377771;15.233486186002276;24.739895878869767;13.632741789019176;17.988649979434047
1688377772;15.142272476063868;24.740690696657797;13.633536608386532;17.94195434160144
1688377773;15.25857991406394;24.740392639987284;13.634132722912062;17.965500865359584
1688377774;15.237867630584478;24.733537336565593;13.633337903544696;17.930032051090993
1688377775;15.508820146678815;24.72727814648492;13.633337903544696;17.90857192817218
1688377776;14.626158219938556;24.72648332869689;13.632543084177328;17.93827830202739
1688377777;14.638008035967676;24.727973612049436;13.632543084177328;17.934502910032414
1688377778;14.638008035967676;24.73343798434209;13.633337903544696;17.94344462791525
1688377779;14.638008035967676;24.73870365218773;13.63343725596562;17.922183209838273
1688377780;14.638008035967676;24.738306243293728;13.63343725596562;17.939172473815667
1688377781;14.643683998267342;24.738306243293728;13.633238551123771;17.932714566455843
1688377782;14.881974836567135;24.739597822199265;13.632443731756416;17.966891799252473
1688377783;14.653940561721113;24.739597822199265;13.632443731756416;17.929932698670072
1688377784;14.66220555945571;24.746651830067957;13.638901639116241;17.914135663743714
1688377785;14.821431238704086;24.746651830067957;13.638901639116241;17.951988936114404
1688377786;14.52498668140425;24.73939911775226;13.638901639116241;17.915029835532003
1688377787;14.75351884768007;24.73939911775226;13.638901639116241;17.934006147927807
1688377788;14.623370027931715;24.740094583316775;13.637312000381518;17.927945650251665
1688377789;14.541914990017279;24.745558955609425;13.638901639116241;17.940960817392238
1688377790;14.722948313890672;24.738405595517232;13.632642436598253;18.014183551610607
1688377791;14.825513948428403;24.738206891070224;13.632642436598253;17.983483653546184
1688377792;14.570195223229621;24.725589158685366;13.631847617230886;17.94135822707592
1688377793;14.588517627846077;24.725589158685366;13.627178053447631;17.974243878400586
1688377794;14.582343774116612;24.73075547430752;13.628767692182354;17.945729733596416
1688377795;14.569796910085786;24.73075547430752;13.627972872814997;17.944537504545377
1688377796;14.569796910085786;24.73164964431904;13.627972872814997;18.001267736890945
1688377797;14.569796910085786;24.72539045423836;13.627972872814997;17.956857204739507
1688377798;14.569796910085786;24.717939037475656;13.627972872814997;17.948909011065872
1688377799;14.582343774116612;24.724098875332835;13.627178053447631;17.941258874655
1688377800;14.582343774116612;24.724893693120855;13.627178053447631;17.936489958450817
1688377801;14.582343774116612;24.724098875332835;13.627178053447631;17.973647763875068
1688377802;14.582343774116612;24.725489806461866;13.627178053447631;17.99659817310768
1688377803;14.59489063814745;24.723602114215314;13.626383234080263;17.98606681649012
1688377804;14.59489063814745;24.724396932003334;13.62568776713382;18.002758023204755
1688377805;14.594691481575527;24.72340340976831;13.62568776713382;17.987358397962083
1688377806;14.594691481575527;24.723602114215314;13.626482586501186;17.93629125360897
1688377807;14.594691481575527;24.725191749791364;13.626482586501186;17.959142310420674
1688377808;14.594691481575527;24.724198227556336;13.626482586501186;18.00315543288843
1688377809;14.594691481575527;24.723900170885827;13.626482586501186;17.955267566004785
1688377810;14.594691481575527;24.72270794420379;13.62568776713382;17.95159152643072
1688377811;14.594691481575527;24.72946389540198;13.631946969651809;17.94165628433868
1688377812;14.594691481575527;24.72866907761395;13.632741789019176;17.94165628433868
1688377813;14.594691481575527;24.73482891547113;13.632741789019176;17.939669235920274
1688377814;14.594691481575527;24.73562373325915;13.632841141440089;17.98358300596711
1688377815;14.594691481575527;24.735126972141643;13.632841141440089;17.97136265819389
1688377816;14.594691481575527;24.733736041012598;13.632046322072732;17.958049433790556
1688377817;14.594691481575527;24.739895878869767;13.639895163325445;17.972654239665854
1688377818;14.594691481575527;24.746651830067957;13.639895163325445;17.98090049060226
1688377819;14.594691481575527;24.752116202360607;13.634530132595746;17.92605795425417
1688377820;14.594691481575527;24.752016850137103;13.633635960807455;17.957155262002267
1688377821;14.594691481575527;24.7519174979136;13.632841141440089;17.98517264470183
1688377822;14.594691481575527;24.75330842904264;13.632841141440089;17.966196332306026
1688377823;14.594691481575527;24.753109724595635;13.633635960807455;17.968481437987204
1688377824;14.594691481575527;24.752116202360607;13.632841141440089;17.982390776916056
1688377825;14.594691481575527;24.7519174979136;13.632046322072732;17.97911214702569
1688377826;15.007841790019272;24.751818145690095;13.632046322072732;17.962420940311052
1688377827;15.004754863154545;24.745558955609425;13.631251502705366;17.965202808096826
1688377828;15.004754863154545;24.744764137821406;13.631251502705366;17.95477080390018
1688377829;15.01102829516996;24.74486349004491;13.632841141440089;17.954075336953736
1688377830;15.01102829516996;24.74377061558638;13.632841141440089;17.951690878851643
1688377831;15.015210583180227;24.74377061558638;13.632841141440089;17.94046405528763
1688377832;15.008937151164814;24.73870365218773;13.632841141440089;17.961030006418166
1688377833;15.008937151164814;24.737908834399715;13.632841141440089;17.94791548685667
1688377834;15.008937151164814;24.751122680125583;13.64009386816728;17.94702131506838
1688377835;15.008937151164814;24.751122680125583;13.639895163325445;17.970369133984686
1688377836;15.008937151164814;24.75002980566705;13.639100343958077;17.909466099960458
1688377837;15.008937151164814;24.75022851011406;13.638901639116241;17.867539378332033
1688377838;15.008937151164814;24.75082462345507;13.638901639116241;17.87439469537554
1688377839;15.008937151164814;24.75022851011406;13.638901639116241;17.89754380945
1688377840;15.008937151164814;24.749135635655527;13.638106819748874;17.887111805253365
1688377841;15.008937151164814;24.7553948257362;13.638106819748874;17.900425029656695
1688377842;15.008937151164814;24.75767992687676;13.638106819748874;17.916321417003967
1688377843;15.008937151164814;24.75767992687676;13.638106819748874;17.913042787113596
1688377844;15.008937151164814;24.744366728927393;13.645359546476065;17.869824484013197
1688377845;15.008937151164814;24.744366728927393;13.64516084163423;17.85581579266342
1688377846;15.008937151164814;24.744366728927393;13.644366022266862;17.88254159389102
1688377847;15.008937151164814;24.756587052418233;13.644366022266862;17.899828915131177
1688377848;15.008937151164814;24.762846242498902;13.644366022266862;17.86624779686007
1688377849;15.008937151164814;24.773774987084206;13.638901639116241;17.866446501701905
1688377850;15.008937151164814;24.775364622660256;13.638901639116241;17.872208942115297
1688377851;15.008937151164814;24.762647538051898;13.637312000381518;17.886416338306923
1688377852;15.008937151164814;24.755196121289192;13.637312000381518;17.86128017581404
1688377853;15.008937151164814;24.755096769065688;13.638901639116241;17.884926051993112
1688377854;15.008937151164814;24.748837578985018;13.645359546476065;17.921090333208145
1688377855;15.008937151164814;24.754699360171685;13.645955661001597;17.87012254127597
1688377856;15.008937151164814;24.747546000079478;13.645955661001597;17.875984334110274
1688377857;15.008937151164814;24.747347295632473;13.645955661001597;17.924965077624044
1688377858;15.009634199166532;24.748142113420503;13.64516084163423;17.92655471635878
1688377859;15.009634199166532;24.747546000079478;13.626383234080263;17.87826943979144
1688377860;15.009634199166532;24.74704923896197;13.620918850929641;17.875487572005667
1688377861;15.009634199166532;24.74784405674999;13.620124031562275;17.870718655801486
1688377862;15.009634199166532;24.747446647855973;13.620124031562275;17.882144184207338
1688377863;15.009634199166532;24.74863887453801;13.61932921219491;17.889893673039126
1688377864;15.009634199166532;24.747347295632473;13.613070009676932;17.89058913998557
1688377865;15.009634199166532;24.748142113420503;13.612275190309564;17.879461668842488
1688377866;15.009634199166532;24.74704923896197;13.613864829044287;17.859591184658395
1688377867;15.009634199166532;24.746155068950447;13.613070009676932;17.885621518939555
1688377868;14.42102695086309;24.746850534514962;13.612970657256007;17.881846126944577
1688377869;14.42102695086309;24.75330842904264;13.612970657256007;17.88274029873286
1688377870;14.414753518847679;24.752314906807616;13.612970657256007;17.876977858319478
1688377871;14.42102695086309;24.752314906807616;13.61456029599073;17.866843911385587
1688377872;14.43357381489393;24.752016850137103;13.61456029599073;17.894364531980557
1688377873;14.439150198907624;24.752314906807616;13.61456029599073;17.903803011967987
1688377874;14.439150198907624;24.751420736796092;13.620819498508718;17.941060169813163
1688377875;14.439150198907624;24.75678575686524;13.620024679141352;17.87201023727345
1688377876;14.445423630923038;24.758176687994283;13.620024679141352;17.897643161870924
1688377877;14.445423630923038;24.77059571593212;13.620024679141352;17.869725131592283
1688377878;14.445423630923038;24.769006080356082;13.619229859773995;17.91820911300146
1688377879;14.445423630923038;24.775662679330768;13.619229859773995;17.879958430947084
1688377880;14.445423630923038;24.775165918213247;13.614162886307046;17.87439469537554
1688377881;14.445423630923038;24.775364622660256;13.612970657256007;17.928839822039944
1688377882;14.445423630923038;24.771291181496647;13.60591663537065;17.885025404414034
1688377883;14.445423630923038;24.770695068155625;13.607506274105386;17.87926296400064
1688377884;14.45169706293845;24.770098954814614;13.607506274105386;17.906485527332848
1688377885;14.45169706293845;24.77089377260263;13.613765476623374;17.81736640576721
1688377886;14.457970494953877;24.7698008981441;13.612970657256007;17.79839009337141
1688377887;14.457970494953877;24.770695068155625;13.612970657256007;17.799184912738763
1688377888;14.457970494953877;24.770397011485112;13.612970657256007;17.81160396535383
1688377889;14.457970494953877;24.770198307038115;13.61217583788864;17.797992683687724
1688377890;14.457970494953877;24.770198307038115;13.618435040406629;17.812994899246714
1688377891;14.96930499335315;24.76870802368557;13.620024679141352;17.813392308930386
1688377892;14.96581975334459;24.768906728132578;13.620024679141352;17.825016542178084
1688377893;14.96581975334459;24.768111910344558;13.620024679141352;17.86356528149522
1688377894;14.96581975334459;24.76791320589755;13.620819498508718;17.818657987239174
1688377895;14.96581975334459;24.76791320589755;13.621018203350566;17.797197864320356
1688377896;14.96581975334459;24.76840996701506;13.614759000832578;17.81736640576721
1688377897;14.96581975334459;24.768012558121054;13.61396418146521;17.817167700925374
1688377898;14.96581975334459;24.767217740333024;13.61396418146521;17.804947353152155
1688377899;14.484657475590868;24.766919683662525;13.614759000832578;17.813988423455918
1688377900;14.475297116710728;24.766720979215517;13.61396418146521;17.816074824295246
1688377901;14.475297116710728;24.766720979215517;13.613169362097842;17.807629868517004
1688377902;14.487843980741555;24.766720979215517;13.613169362097842;17.82511589459901
1688377903;14.487843980741555;24.768310614791556;13.612374542730487;17.815379357348803
1688377904;14.487843980741555;24.766422922545004;13.61396418146521;17.812498137142107
1688377905;14.49411741275698;24.76602551365099;13.61396418146521;17.821837264708627
1688377906;14.499693796770675;24.77307952151969;13.613169362097842;17.812796194404868
1688377907;14.499693796770675;24.791857091761717;13.619031154932149;17.80902080240989
1688377908;14.499693796770675;24.791062273973697;13.620620793666882;17.829089991435822
1688377909;14.505967228786087;24.80387871080555;13.613566771781526;17.814187128297753
1688377910;14.505967228786087;24.804077415252557;13.620620793666882;17.803655771680194
1688377911;14.505967228786087;24.797023407383854;13.614361591148894;17.79242894811618
1688377912;14.518514092816925;24.790764217303185;13.614361591148894;17.77961248581744
1688377913;14.518514092816925;24.790764217303185;13.61277195241416;17.7930250626417
1688377914;14.518514092816925;24.789373286174143;13.61277195241416;17.734407134298646
1688377915;14.518514092816925;24.797321464054367;13.619825974299516;17.774247455087732
1688377916;14.518514092816925;24.797023407383854;13.626085176817504;17.76272257426097
1688377917;14.518514092816925;24.802487779676508;13.625290357450137;17.78050665760572
1688377918;14.518514092816925;24.802189723005995;13.625290357450137;17.74324949976056
1688377919;14.518514092816925;24.80119620077097;13.626085176817504;17.752886684589843
1688377920;14.518514092816925;24.801991018559;13.625290357450137;17.75229057006432
1688377921;14.518514092816925;24.80358065413504;13.625290357450137;17.762523869419123
1688377922;14.518514092816925;24.80278583634702;13.625290357450137;17.796701102215764
1688377923;14.518514092816925;24.796526646266347;13.626085176817504;17.772260406669325
1688377924;14.53683649743337;24.798016929618882;13.625290357450137;17.738679288398217
1688377925;14.53683649743337;24.802686484123516;13.625290357450137;17.7570594862685
1688377926;14.53683649743337;24.808945674204185;13.624495538082781;17.77663191318983
1688377927;14.543109929448782;24.807852799745657;13.624495538082781;17.78189759149861
1688377928;14.543109929448782;24.80844891308668;13.623700718715416;17.80325836199651
1688377929;14.549383361464196;24.800202678535943;13.626085176817504;17.770372710671843
1688377930;14.548288000318655;24.794340897349286;13.626085176817504;17.73728835450533
1688377931;14.548288000318655;24.79304931844375;13.626085176817504;18.234745926053986
1688377932;14.94451000014937;24.793446727337752;13.626085176817504;18.220637882283274
1688377933;15.256887083202642;24.793446727337752;13.62687999618487;18.135790914817218
1688377934;15.351088141719815;24.792651909549733;13.626085176817504;18.161523191835617
1688377935;15.127335733170021;24.798911099630406;13.626085176817504;18.186659354328484
1688377936;15.112498568562138;24.798613042959904;13.632344379335493;18.1502963682716
1688377937;15.163582229259088;24.811926240909276;13.631549559968125;17.704104645917905
1688377938;15.242647388310504;24.811628184238764;13.630754740600759;17.69009595456813
1688377939;15.202019447639248;24.823550451059095;13.621018203350566;17.67777625437399
1688377940;15.123253023445704;24.824941382188136;13.614659648411653;17.70569428465263
1688377941;14.985735410536382;24.824941382188136;13.612672599993248;17.724372539785684
1688377942;15.152529039517649;24.811826888685772;13.612672599993248;17.692977174774814
1688377943;15.251211120902974;24.811826888685772;13.612672599993248;17.686717972256826
1688377944;15.221437213401245;24.811826888685772;13.613467419360603;17.67867042616228
1688377945;15.084019178777874;24.811032070897742;13.613467419360603;17.678968483425038
1688377946;15.087205683928563;24.810734014227243;13.613467419360603;17.68681732467775
1688377947;15.112299411990227;24.811330127568255;13.613467419360603;17.675292443850978
1688377948;15.1109053159868;24.811330127568255;13.612672599993248;17.69486487077231
1688377949;15.117577061146047;24.811032070897742;13.61426223872797;17.69764673855808
1688377950;15.170951022420054;24.810932718674238;13.60800303620998;17.69705062403255
1688377951;15.122655553729958;24.805766403052097;13.60800303620998;17.74116309892123
1688377952;15.043391238106619;24.80368000635854;13.607208216842615;17.719106861476895
1688377953;15.088998093075823;24.803183245241033;13.607208216842615;17.689400487621686
1688377954;15.114888447425157;24.801593609664984;13.607208216842615;17.722782901050948
1688377955;15.121460614298442;24.80278583634702;13.607208216842615;17.68651926741499
1688377956;15.17244469670943;24.80278583634702;13.606413397475258;17.703210474129627
1688377957;15.149143377795038;24.808349560863174;13.60800303620998;17.703409178971462
1688377958;15.264056719791686;24.80795215196916;13.60800303620998;17.708774209701172
1688377959;15.061116173007317;24.808746969757177;13.60800303620998;17.70271371202502
1688377960;15.134903682902912;24.807852799745657;13.607208216842615;17.707979390333804
1688377961;15.111104472558711;24.80685927751063;13.61366612420245;17.722981605892794
1688377962;15.47605889059832;24.80765409529865;13.613467419360603;17.711258020224175
1688377963;15.121460614298442;24.80765409529865;13.612672599993248;17.721292614737138
1688377964;15.121460614298442;24.80685927751063;13.612672599993248;17.720497795369784
1688377965;15.375783556637634;24.806759925287125;13.612672599993248;17.715430821902835
1688377966;15.264056719791686;24.807256686404642;13.612672599993248;17.77951313339652
1688377967;15.099553391387477;24.811926240909276;13.61187778062588;17.771763644564732
1688377968;15.074360085039851;24.811628184238764;13.613467419360603;17.785474278651748
1688377969;15.18080927272999;24.810833366450748;13.61426223872797;17.822930141338755
1688377970;15.060020811861763;24.812423002026783;13.613467419360603;17.767491490465147
1688377971;15.398188670978408;24.812224297579778;13.613467419360603;17.77057141551368
1688377972;15.139882597200849;24.804872233040577;13.613467419360603;
1688377973;15.161889398397788;24.806461868616626;13.61426223872797;
1688377974;14.992905047125426;24.805667050828596;13.61426223872797;17.792329595695257
1688377975;14.925988438961003;24.805667050828596;13.61426223872797;17.80027778936889
1688377976;15.218151129964596;24.805368994158094;13.613467419360603;17.766100556572262
1688377977;15.176228671575876;24.804772880817072;13.613467419360603;17.76451091783754
1688377978;15.266546176940654;24.80497158526408;13.612672599993248;17.90976415722322
1688377979;15.206002579077605;24.804077415252557;13.613467419360603;17.74930999743671
1688377980;15.226017814555359;24.809343083098202;13.613467419360603;17.775837093822467
1688377981;15.209189084228292;24.810833366450748;13.612672599993248;17.817565110609046
1688377982;15.19465065447828;24.817788022095932;13.606413397475258;17.790143842435015
1688377983;15.20560426593377;24.817589317648924;13.606214692633412;18.03802813263151
1688377984;15.351386876577688;24.816198386519893;13.60700951200078;18.25650410623556
1688377985;15.123750914875501;24.816198386519893;13.60194253853384;17.780208600342963
1688377986;15.201023664779656;24.82285498549458;13.613268714518767;17.79004449001409
1688377987;15.047175212973062;24.82206016770655;13.60700951200078;17.778718314029163
1688377988;15.084019178777874;24.821662758812547;13.605221168424208;18.025807784858294
1688377989;15.20470806136014;24.822159519930054;13.613864829044287;17.776433208347985
1688377990;15.304385925605057;24.828418710010723;13.613070009676932;17.8007745514735
1688377991;15.169059034986832;24.827524539999203;13.613070009676932;17.779016371291924
1688377992;15.14506066807072;24.826729722211184;13.613070009676932;17.767789547727908
1688377993;15.354573381728375;24.827524539999203;13.612275190309564;17.818657987239174
1688377994;15.328882183950965;24.82643166554067;13.612275190309564;17.88552216651863
1688377995;15.443198056231855;24.82603425664667;13.613864829044287;17.988948036696804
1688377996;15.13480410461695;24.82603425664667;13.613864829044287;17.791137366644215
1688377997;15.229303897992008;24.83775781901999;13.613070009676932;17.756662076584817
1688377998;15.1987333642026;24.839148750149032;13.613070009676932;17.781798239077695
1688377999;15.1987333642026;24.837956523466996;13.613070009676932;17.779016371291924
1688378000;15.203712278500547;24.84481182688869;13.607605626526297;17.769379186462643
1688378001;15.20998571051596;24.84560664467671;13.606810807158942;17.78825614643752
1688378002;15.20998571051596;24.814310694273335;13.606810807158942;17.77921507613376
1688378003;15.20998571051596;24.814310694273335;13.606810807158942;17.78497751654714
1688378004;15.207496253366992;24.813217819814803;13.606015987791576;17.78169888665677
1688378005;15.207496253366992;24.813515876485315;13.612275190309564;17.816074824295246
1688378006;15.21327179395261;24.808548265310183;13.613070009676932;17.782493706024137
1688378007;15.21327179395261;24.806461868616626;13.613070009676932;17.798688150634167
1688378008;15.21327179395261;24.806163811946114;13.613070009676932;17.782791763286898
1688378009;15.21327179395261;24.806958629734133;13.613070009676932;17.767392138044226
1688378010;15.21327179395261;24.81301911536781;13.613070009676932;17.79997973210613
1688378011;15.21327179395261;24.81301911536781;13.613864829044287;17.827202295438337
1688378012;15.219545225968023;24.812224297579778;13.613864829044287;17.819055396922856
1688378013;15.219545225968023;24.812224297579778;13.613070009676932;17.78646780286095
1688378014;15.225818657983437;24.812224297579778;13.613070009676932;17.770273358250922
1688378015;15.225818657983437;24.818384135436954;13.619428564615832;17.800178436947977
1688378016;15.225818657983437;24.818086078766445;13.618633745248465;17.80266224747098
1688378017;15.23209208999885;24.817092556531417;13.618633745248465;17.8007745514735
1688378018;15.23209208999885;24.81798672654294;13.619428564615832;17.779413780975606
1688378019;15.23209208999885;24.817688669872428;13.618435040406629;17.79550887316471
1688378020;15.23209208999885;24.816993204307913;13.624892947766455;17.780208600342963
1688378021;15.23209208999885;24.83209474228033;13.624694242924617;17.775141626876025
1688378022;14.647965864563572;24.830803163374792;13.625489062291985;17.79123671906513
1688378023;14.658322006303305;24.830803163374792;13.625489062291985;17.792130890853418
1688378024;14.658322006303305;24.836267535667446;13.631748264809973;17.799184912738763
1688378025;14.664595438318717;24.837857171243492;13.638206172169799;17.792329595695257
1688378026;14.67086887033413;24.830703811151288;13.617640221039263;17.803655771680194
1688378027;14.677142302349555;24.83616818344394;13.617640221039263;17.78974643275133
1688378028;14.683415734364969;24.83616818344394;13.617640221039263;17.828295172068454
1688378029;14.689689166380383;24.842129316854113;13.619229859773995;17.847569541727026
1688378030;14.764273302563646;24.823252394388582;13.619229859773995;17.821936617129552
1688378031;14.764273302563646;24.822954337718073;13.619229859773995;17.81468389040236
1688378032;14.633726169671446;24.80964113976871;13.619229859773995;17.794813406218267
1688378033;14.633726169671446;24.80964113976871;13.618435040406629;17.829884810803186
1688378034;14.63999960168686;24.80964113976871;13.620024679141352;17.814882595244196
1688378035;14.646273033702272;24.81560227317887;13.620024679141352;17.81617417671616
1688378036;14.651849417715967;24.815403568731863;13.620124031562275;17.770174005829997
1688378037;14.651849417715967;24.816198386519893;13.620124031562275;17.798986207896927
1688378038;14.658122849731392;24.816198386519893;13.618534392827552;17.79282635779986
1688378039;14.658122849731392;24.822457576600566;13.618534392827552;17.769478538883554
1688378040;14.658122849731392;24.828418710010723;13.618534392827552;17.64210873526355
1688378041;14.67066971376222;24.828915471128244;13.619428564615832;17.6447912506284
1688378042;14.676943145777631;24.827325835552195;13.62568776713382;17.668139069544708
1688378043;14.676943145777631;24.827027778881693;13.62568776713382;17.67847172132043
1688378044;14.676943145777631;24.826232961093663;13.624892947766455;17.657309655664378
1688378045;14.676943145777631;24.822457576600566;13.624892947766455;17.64032039168698
1688378046;14.676943145777631;24.821165997695026;13.62568776713382;17.652838796722957
1688378047;14.689490009808459;24.821165997695026;13.626482586501186;17.650255633779032
1688378048;14.689490009808459;24.820271827683506;13.62568776713382;17.6384326956895
1688378049;14.689490009808459;24.820271827683506;13.62568776713382;17.65979346618739
1688378050;14.689490009808459;24.81987441878949;13.624892947766455;17.64598347967945
1688378051;14.689490009808459;24.83865198903151;13.631152150284443;17.642208087684473
1688378052;14.689490009808459;24.837658466796487;13.631946969651809;17.66098569523844
1688378053;14.689490009808459;24.839248102372537;13.631946969651809;17.652043977355593
1688378054;14.689490009808459;24.838453284584507;13.631152150284443;17.637737228743056
1688378055;14.689490009808459;24.84421571354767;13.631152150284443;17.654825845141364
1688378056;14.689490009808459;24.843619600206658;13.63105279786353;17.674696329325457
1688378057;14.689490009808459;24.84342089575965;13.631847617230886;17.683638047208294
1688378058;14.689490009808459;24.844613122441682;13.631847617230886;17.642804202209994
1688378059;14.689490009808459;24.84421571354767;13.63105279786353;17.612402361408343
1688378060;14.689490009808459;24.845308588006198;13.63105279786353;17.63604823758741
1688378061;14.689490009808459;24.844911179112184;13.630257978496163;17.64747376599326
1688378062;14.689490009808459;24.813714580932324;13.63105279786353;17.62770263423009
1688378063;14.73569433449342;24.812919763144304;13.630257978496163;17.671020289751404
1688378064;14.73569433449342;24.813813933155828;13.630257978496163;17.663966267866048
1688378065;14.73569433449342;24.81341652426181;13.629463159128797;17.613097828354785
1688378066;14.73569433449342;24.81967571434248;13.629463159128797;17.616575163087
1688378067;14.73569433449342;24.81262170647379;13.629463159128797;17.67419956722085
1688378068;14.73569433449342;24.811727536462268;13.63164891238905;17.68979789730536
1688378069;14.73569433449342;24.81798672654294;13.630854093021682;17.629987739911257
1688378070;14.73569433449342;24.817688669872428;13.630854093021682;17.628497453597447
1688378071;14.73569433449342;24.81739061320193;13.630854093021682;17.640817153791588
1688378072;14.74754415052254;24.816297738743398;13.630059273654316;17.675491148692824
1688378073;14.74754415052254;24.817887374319437;13.630059273654316;17.621642136553938
1688378074;14.74754415052254;24.817092556531417;13.63164891238905;17.62670911002089
1688378075;14.74754415052254;24.817092556531417;13.63164891238905;17.66724489775643
1688378076;14.753817582537954;24.816794499860904;13.630257978496163;17.65492519756229
1688378077;14.753817582537954;24.817589317648924;13.636517181014153;17.680657474580684
1688378078;14.753817582537954;24.81748996542542;13.636517181014153;17.685525743205787
1688378079;14.753817582537954;24.81748996542542;13.636517181014153;17.67847172132043
1688378080;14.753817582537954;24.81888089655446;13.638106819748874;17.673802157537178
1688378081;14.753817582537954;24.817589317648924;13.637312000381518;17.641611973158955
1688378082;14.753817582537954;24.816993204307913;13.637312000381518;17.64151262073803
1688378083;14.753817582537954;24.816496443190395;13.636517181014153;17.6841348093129
1688378084;14.753817582537954;24.816794499860904;13.636517181014153;17.629888387490332
1688378085;14.753817582537954;24.817589317648924;13.637312000381518;17.685525743205787
1688378086;14.753817582537954;24.82345109883559;13.637312000381518;17.67390150995809
1688378087;14.760091014553367;24.82315304216508;13.638007467327961;17.703707236234223
1688378088;14.760091014553367;24.822258872153558;13.637212647960595;17.6535342636694
1688378089;14.760091014553367;24.82186146325954;13.643471850478583;17.662873391235923
1688378090;14.760091014553367;24.823053689941577;13.643471850478583;17.657210303243463
1688378091;14.760091014553367;24.82206016770655;13.637212647960595;17.673206043011646
1688378092;14.760091014553367;24.82206016770655;13.638007467327961;17.662575333973162
1688378093;14.760091014553367;24.82206016770655;13.638007467327961;17.64727506115141
1688378094;14.760091014553367;24.82176211103605;13.637212647960595;17.637737228743056
1688378095;14.760091014553367;24.82096729324802;13.637212647960595;17.64985822409535
1688378096;14.760887640841036;24.814807455390852;13.637312000381518;17.655421959666896
1688378097;14.760887640841036;24.81560227317887;13.638106819748874;17.69645450950703
1688378098;14.760887640841036;24.814807455390852;13.638106819748874;17.637737228743056
1688378099;14.760887640841036;24.82047053213051;13.637312000381518;17.635849532745564
1688378100;14.760887640841036;24.82126534991853;13.637312000381518;17.603957405630098
1688378101;14.760887640841036;24.82802130111672;13.636517181014153;17.654726492720453
1688378102;14.760887640841036;24.82176211103605;13.635722361646785;17.638035286005817
1688378103;14.760887640841036;24.82066923657752;13.637312000381518;17.6433009643146
1688378104;14.760887640841036;24.81441004649684;13.637312000381518;17.654825845141364
1688378105;14.760887640841036;24.81520486428487;13.636517181014153;17.66575461144262
1688378106;14.760887640841036;24.81520486428487;13.643571202899496;17.667046192914583
1688378107;14.760887640841036;24.813317172038307;13.643571202899496;17.673404747853493
1688378108;14.760887640841036;24.813317172038307;13.644962136792383;17.649361461990743
1688378109;14.760887640841036;24.814111989826337;13.644167317425026;17.650653043462704
1688378110;14.760887640841036;24.814111989826337;13.644167317425026;17.63276960769703
1688378111;14.760887640841036;24.806759925287125;13.650525872363929;17.666946840493658
1688378112;14.760887640841036;24.811926240909276;13.649731052996572;17.65383232093216
1688378113;14.760887640841036;24.813515876485315;13.649731052996572;17.676087263218342
1688378114;14.760887640841036;24.813714580932324;13.649731052996572;17.673106690590735
1688378115;14.760887640841036;24.812323649803282;13.648936233629206;17.658601237136338
1688378116;14.760887640841036;24.8128204109208;13.648936233629206;17.667443602598265
1688378117;14.760887640841036;24.812721058697296;13.648737528787368;17.658104475031745
1688378118;14.760887640841036;24.817788022095932;13.648737528787368;17.6972493288744
1688378119;14.760887640841036;24.819775066565985;13.649532348154725;17.70579363707355
1688378120;14.760887640841036;24.81828478321345;13.649532348154725;17.66337015334053
1688378121;14.760887640841036;24.820271827683506;13.649532348154725;17.631279321383218
1688378122;14.760887640841036;24.818980248777965;13.649532348154725;17.639525572319627
1688378123;14.760887640841036;24.818980248777965;13.648737528787368;17.64528801273301
1688378124;14.760887640841036;24.820569884354015;13.649532348154725;17.650255633779032
1688378125;14.760887640841036;24.82603425664667;13.648737528787368;17.637439171480295
1688378126;14.760887640841036;24.813217819814803;13.649731052996572;17.62800069149285
1688378127;14.760887640841036;24.814012637602833;13.649731052996572;17.635452123061878
1688378128;14.761684267128706;24.814608750943844;13.649731052996572;17.680260064897002
1688378129;14.761684267128706;24.81450939872034;13.649731052996572;17.675292443850978
1688378130;14.778612575741734;24.8131184675913;13.648936233629206;18.0637604096499
1688378131;14.832185693587652;24.81262170647379;13.650525872363929;18.0010690320491
1688378132;14.872315742829123;24.811727536462268;13.650525872363929;17.92118968562907
1688378133;15.009136307736737;24.812323649803282;13.650525872363929;17.954572099058343
1688378134;15.01620636603982;24.811528832015263;13.649731052996572;17.94046405528763
1688378135;14.951779215024374;24.811528832015263;13.649731052996572;17.924667020361284
1688378136;15.112000677132343;24.812323649803282;13.650525872363929;17.58825972312468
1688378137;15.0648005695878;24.812323649803282;13.648936233629206;17.571965926093725
1688378138;15.065895930733342;24.824543973294123;13.648936233629206;17.567693771994144
1688378139;15.094375320517607;24.82424591662361;13.648737528787368;17.550009041070304
1688378140;14.689091696664624;24.82424591662361;13.648737528787368;17.588160370703754
1688378141;14.991510951122;24.82424591662361;13.648836881208283;17.610514665410847
1688378142;14.78418895975544;24.824742677741128;13.649631700575648;17.61329653319662
1688378143;14.73649096078109;24.823351746612087;13.649631700575648;17.60038071847697
1688378144;14.940526868711013;24.821662758812547;13.648836881208283;17.569879525254393
1688378145;14.944908313293205;24.829511584469255;13.648836881208283;17.606540568574037
1688378146;14.94460957843533;24.82861741445773;13.649631700575648;17.619655088135534
1688378147;14.94460957843533;24.82861741445773;13.649631700575648;17.663270800919605
1688378148;14.950883010450744;24.835671422326435;13.650426519943014;17.605348339522987
1688378149;14.950883010450744;24.835671422326435;13.650426519943014;17.61568099129871
1688378150;14.950883010450744;24.835174661208914;13.649631700575648;17.614389409826746
1688378151;14.956459394464439;24.835174661208914;13.64456472710871;17.6088256742552
1688378152;14.956459394464439;24.821563406589043;13.635821714067708;17.635352770640967
1688378153;14.956260237892527;24.821563406589043;13.635821714067708;17.609521141201647
1688378154;14.956260237892527;24.81530421650836;13.635821714067708;17.591737057856893
1688378155;14.43785568119016;24.814906807614356;13.635821714067708;17.61329653319662
1688378156;14.43785568119016;24.814608750943844;13.648538823945522;17.610514665410847
1688378157;14.439847246909343;24.81361522870882;13.648340119103686;17.650553691041793
1688378158;14.446120678924757;24.814310694273335;13.65539414098903;17.616277105824242
1688378159;14.446120678924757;24.814807455390852;13.650128462680255;17.64777182325602
1688378160;14.45169706293845;24.814807455390852;13.648936233629206;17.621244726870255
1688378161;14.464243926969289;24.814807455390852;13.648936233629206;17.61289912351294
1688378162;14.464243926969289;24.814012637602833;13.623104604189894;17.61985379297737
1688378163;14.464243926969289;24.81450939872034;13.622309784822528;17.64598347967945
1688378164;14.464243926969289;24.81500615983786;13.623104604189894;17.655918721771492
1688378165;14.464243926969289;24.81341652426181;13.623899423557251;17.64290355463092
1688378166;14.464243926969289;24.81421134204983;13.617640221039263;17.615879696140556
1688378167;14.470517358984702;24.81341652426181;13.617640221039263;17.623629184972344
1688378168;14.478284465289503;24.812721058697296;13.617640221039263;18.049553013458276
1688378169;14.484557897304917;24.811826888685772;13.616845401671906;18.046274383567905
1688378170;15.027956603782977;24.817887374319437;13.618435040406629;17.99709493521229
1688378171;15.086608214212804;24.819178953224974;13.624694242924617;17.949505125591394
1688378172;15.015509318038111;24.818384135436954;13.624892947766455;17.952585050639925
1688378173;15.010629982026124;24.818086078766445;13.624694242924617;17.972058125140332
1688378174;15.15541680981045;24.817788022095932;13.623104604189894;17.905988765228244
1688378175;15.085214118209379;24.817788022095932;13.623899423557251;17.545240124866122
1688378176;15.162586446399494;24.81689385208441;13.62956251154972;17.51811691395484
1688378177;15.150935786942298;24.81689385208441;13.629363806707872;17.51334799775066
1688378178;15.213072637380698;24.824543973294123;13.629363806707872;17.509572605755686
1688378179;15.187978909319034;24.830703811151288;13.623502013873567;17.511559654174093
1688378180;15.16298475954333;24.835373365655922;13.622309784822528;17.553387023381596
1688378181;15.119070735435436;24.83507530898541;13.617640221039263;17.485429967472022
1688378182;15.02307726777099;24.822358224377062;13.611381018521273;17.497252905561545
1688378183;15.168461565271073;24.822358224377062;13.611381018521273;17.531827548041868
1688378184;15.074061350181978;24.810833366450748;13.604128291794082;17.547723935389136
1688378185;15.23020010256564;24.809541787545207;13.60492311116145;17.520004609952334
1688378186;15.049266356978197;24.810137900886218;13.605717930528815;17.53311912951383
1688378187;15.126937420026188;24.80983984421571;13.61128166610036;17.535801644878678
1688378188;15.355170851444132;24.808746969757177;13.611381018521273;17.49983606850548
1688378189;15.215661672815628;24.808349560863174;13.610586199153918;17.52109748658246
1688378190;15.136496935478249;24.808349560863174;13.610586199153918;17.519209790584966
1688378191;15.341628204553714;24.807554743075155;13.611381018521273;17.505797213760708
1688378192;15.130721394892632;24.809343083098202;13.617739573460186;17.610514665410847
1688378193;15.205006796218012;24.80825020863967;13.617739573460186;17.556466948430128
1688378194;15.029749012930239;24.80745539085165;13.616944754092819;17.56252744610628
1688378195;14.94381295214765;24.80825020863967;13.61068555157483;17.535304882774085
1688378196;15.010430825454202;24.808150856416166;13.611480370942196;17.539974446557338
1688378197;15.05036171812375;24.807753447522153;13.611579723363121;17.577430309244345
1688378198;15.15621343609812;24.814807455390852;13.611579723363121;17.563322265473648
1688378199;15.230598415709473;24.814807455390852;13.611579723363121;17.60038071847697
1688378200;15.151433678372095;24.81560227317887;13.609990084628388;17.601473595107088
1688378201;15.15023873894059;24.820569884354015;13.609990084628388;17.594419573221742
1688378202;15.15023873894059;24.820569884354015;13.609990084628388;17.599089137005
1688378203;15.15023873894059;24.820569884354015;13.610784903995754;17.619058973610013
1688378204;15.156512170956004;24.82126534991853;13.609990084628388;17.624523356760633
1688378205;15.1620885549697;24.821066645471525;13.611579723363121;17.630484502015864
1688378206;15.1620885549697;24.832194094503834;13.610784903995754;17.627205872125483
1688378207;15.1620885549697;24.83120057226881;13.612374542730487;17.65134851040915
1688378208;15.1620885549697;24.8380558756905;13.618633745248465;17.649162757148908
1688378209;15.1620885549697;24.83726105790247;13.624892947766455;17.629888387490332
1688378210;15.1620885549697;24.83726105790247;13.624098128399098;17.633961836748078
1688378211;15.1620885549697;24.83825458013751;13.623303309031732;17.613495238038468
1688378212;15.167167047553608;24.812919763144304;13.623303309031732;17.608030854887847
1688378213;15.167167047553608;24.81262170647379;13.624892947766455;17.617866744558963
1688378214;15.167167047553608;24.811826888685772;13.624098128399098;17.643996431261044
1688378215;15.167167047553608;24.811528832015263;13.624098128399098;17.681750351210813
1688378216;14.579157268965925;24.811528832015263;13.623303309031732;17.62641105275812
1688378217;14.58543070098134;24.811528832015263;13.623303309031732;17.638631400531334
1688378218;14.58543070098134;24.812323649803282;13.624098128399098;17.60425546289286
1688378219;14.591704132996764;24.81142947979176;13.624098128399098;17.620648612344738
1688378220;14.591704132996764;24.812919763144304;13.624098128399098;17.623927242235116
1688378221;14.60425099702759;24.812323649803282;13.623303309031732;17.60067877573973
1688378222;14.61610081305671;24.811528832015263;13.623303309031732;17.633465074643475
1688378223;14.61610081305671;24.811528832015263;13.623303309031732;17.64300290705184
1688378224;14.622374245072123;24.8128204109208;13.624892947766455;17.619357030872774
1688378225;14.622374245072123;24.811826888685772;13.624098128399098;17.627901339071926
1688378226;14.622374245072123;24.819278305448478;13.624098128399098;17.63733981905937
1688378227;14.593695698715937;24.823053689941577;13.624992300187378;17.63306766495979
1688378228;14.59489063814745;24.829312880022258;13.624992300187378;17.614389409826746
1688378229;14.600467022161146;24.829213527798753;13.62419748082001;17.60544769194391
1688378230;14.600467022161146;24.829213527798753;13.62419748082001;17.656316131455174
1688378231;14.60674045417656;24.828915471128244;13.62419748082001;17.63217349317151
1688378232;14.60674045417656;24.828915471128244;13.623402661452655;17.636544999692006
1688378233;14.676843567491671;24.82802130111672;13.62419748082001;17.66495979207525
1688378234;14.67843682006702;24.83398243452688;13.62419748082001;17.617568687296203
1688378235;14.67843682006702;24.833585025632875;13.62419748082001;17.609719846043493
1688378236;14.67843682006702;24.833286968962366;13.622607842085287;17.631478026225068
1688378237;14.684710252082434;24.838751341255016;13.623402661452655;17.678273016478595
1688378238;14.684710252082434;24.8415332035131;13.622607842085287;17.625516880969837
1688378239;14.684710252082434;24.841135794619085;13.622607842085287;17.629292272964815
1688378240;14.684710252082434;24.840340976831065;13.622607842085287;17.59918848942592
1688378241;14.684710252082434;24.840042920160556;13.622607842085287;17.623231775288673
1688378242;14.684710252082434;24.82126534991853;13.615553820199933;17.59223381996149
1688378243;14.684710252082434;24.821066645471525;13.617938278302022;17.642208087684473
1688378244;14.684710252082434;24.82066923657752;13.617938278302022;17.573456212407525
1688378245;14.684710252082434;24.819477009895486;13.617938278302022;17.604354815313783
1688378246;14.684710252082434;24.819477009895486;13.617143458934667;17.61597904856148
1688378247;14.684710252082434;24.82583555219966;13.62360136629449;17.59223381996149
1688378248;14.684710252082434;24.825537495529147;13.623203956610809;17.61846285908448
1688378249;14.684710252082434;24.826232961093663;13.623203956610809;17.589352599754793
1688378250;14.684710252082434;24.826133608870173;13.623203956610809;17.56948211557071
1688378251;14.684710252082434;24.826133608870173;13.623203956610809;17.56342161789456
1688378252;14.684710252082434;24.825338791082142;13.622409137243451;17.549313574123858
1688378253;14.684710252082434;24.82603425664667;13.622409137243451;17.572363335777407
1688378254;14.690983684097848;24.818582839883952;13.623203956610809;17.56908470588703
1688378255;14.690983684097848;24.818582839883952;13.623203956610809;17.581901168185766
1688378256;14.690983684097848;24.81828478321345;13.622409137243451;17.579318005241827
1688378257;14.690983684097848;24.826133608870173;13.622210432401605;17.572263983356486
1688378258;14.690983684097848;24.82504073441164;13.622210432401605;17.55447990001172
1688378259;14.690983684097848;24.82504073441164;13.623005251768971;17.554678604853567
1688378260;14.690983684097848;24.82504073441164;13.623005251768971;17.560540397687873
1688378261;14.690983684097848;24.82504073441164;13.623005251768971;17.56908470588703
1688378262;14.690983684097848;24.82504073441164;13.622210432401605;17.565408666312976
1688378263;14.690983684097848;24.824842029964632;13.623005251768971;17.4824493948444
1688378264;14.690983684097848;24.82583555219966;13.623005251768971;17.505101746814265
1688378265;14.690983684097848;24.825438143305647;13.623800071136339;17.478574650428502
1688378266;14.6937718761047;24.826133608870173;13.623005251768971;17.452544316147357
1688378267;14.697356694399222;24.837956523466996;13.623005251768971;17.454332659723914
1688378268;14.697356694399222;24.843917656877156;13.623005251768971;17.484337090841894
1688378269;14.697356694399222;24.842924134642132;13.615951229883617;17.481555223056123
1688378270;14.697356694399222;24.842526725748126;13.617540868618349;17.438933034481252
1688378271;14.697356694399222;24.843122839089137;13.617540868618349;17.470229047071197
1688378272;14.697356694399222;24.83666494456146;13.618931802511236;17.425520457656994
1688378273;14.697356694399222;24.816794499860904;13.616746049250983;17.484933205367415
1688378274;14.697356694399222;24.81719190875492;13.616746049250983;17.46943422770383
1688378275;14.697356694399222;24.81639709096689;13.615951229883617;17.414492338934828
1688378276;14.697356694399222;24.81828478321345;13.615951229883617;17.443503245843594
1688378277;14.697356694399222;24.810932718674238;13.615951229883617;17.46257891066032
1688378278;14.697356694399222;24.811528832015263;13.615951229883617;17.854722916033296
1688378279;14.703630126414636;24.810535309780235;13.615851877462703;17.857405431398142
1688378280;14.703630126414636;24.809939196439213;13.615057058095337;17.863366576653373
1688378281;14.70990355843005;24.810038548662718;13.615057058095337;17.728048579359733
1688378282;14.70990355843005;24.81500615983786;13.611579723363121;17.74414367154884
1688378283;14.70990355843005;24.81500615983786;13.610983608837602;17.74473978607437
1688378284;14.70990355843005;24.809541787545207;13.610983608837602;17.744640433653448
1688378285;14.70990355843005;24.809541787545207;13.610188789470234;17.358854983219373
1688378286;14.70990355843005;24.80844891308668;13.610188789470234;17.358060163852006
1688378287;14.70990355843005;24.809343083098202;13.61664669683006;17.304906618659576
1688378288;14.59489063814745;24.80844891308668;13.616447991988224;17.296362310460424
1688378289;14.59827629987005;24.80825020863967;13.616447991988224;17.296461662881335
1688378290;14.59827629987005;24.80904502642769;13.616447991988224;17.292288861202675
1688378291;14.604549731885463;24.80904502642769;13.616447991988224;17.28463872479181
1688378292;14.574775824383735;24.81530421650836;13.615653172620856;17.28463872479181
1688378293;14.573182571808395;24.813217819814803;13.615653172620856;17.291692746677157
1688378294;14.573182571808395;24.81341652426181;13.616447991988224;17.29089792730979
1688378295;14.573182571808395;24.813813933155828;13.615653172620856;17.29089792730979
1688378296;14.573182571808395;24.81450939872034;13.615653172620856;17.29089792730979
1688378297;14.573182571808395;24.81450939872034;13.614858353253489;17.28543354415917
1688378298;14.623569184503626;24.821563406589043;13.616447991988224;17.28543354415917
1688378299;14.621975931928288;24.821563406589043;13.621912375138844;17.291692746677157
1688378300;14.621079727354658;24.82096729324802;13.621117555771479;17.297951949195145
1688378301;14.621079727354658;24.82096729324802;13.621117555771479;17.27977045616671
1688378302;14.621079727354658;24.81361522870882;13.622707194506212;17.278975636799345
1688378303;14.621079727354658;24.81361522870882;13.623502013873567;17.278975636799345
1688378304;14.621079727354658;24.81262170647379;13.623502013873567;17.279472398903938
1688378305;14.621079727354658;24.81301911536781;13.622707194506212;17.279472398903938
1688378306;14.621079727354658;24.811727536462268;13.622707194506212;17.271424852809393
1688378307;14.621079727354658;24.811727536462268;13.622707194506212;17.271424852809393
1688378308;14.621079727354658;24.806263164169618;13.623502013873567;17.26536435513324
1688378309;14.621079727354658;24.806263164169618;13.623502013873567;17.266159174500608
1688378310;14.621079727354658;24.811330127568255;13.623502013873567;17.26625852692153
1688378311;14.621079727354658;24.811330127568255;13.623502013873567;17.26148961071734
1688378312;14.621079727354658;24.817589317648924;13.628171577656833;17.273908663332406
1688378313;14.621079727354658;24.818384135436954;13.62837028249867;17.28732124015666
1688378314;14.621079727354658;24.811032070897742;13.62837028249867;17.288910878891382
1688378315;14.621079727354658;24.811032070897742;13.629959921233404;17.28732124015666
1688378316;14.621079727354658;24.810734014227243;13.629165101866036;17.292984328149117
1688378317;14.621079727354658;24.812323649803282;13.629264454286961;17.292984328149117
1688378318;14.621079727354658;24.816496443190395;13.628469634919593;17.293779147516485
1688378319;14.621079727354658;24.822954337718073;13.63552365680495;17.293779147516485
1688378320;14.621079727354658;24.823749155506103;13.635324951963101;17.292984328149117
1688378321;14.621079727354658;24.82345109883559;13.635324951963101;17.291990803939917
1688378322;14.621079727354658;24.83616818344394;13.634530132595746;17.29278562330728
1688378323;14.621079727354658;24.835174661208914;13.635324951963101;17.291891451519003
1688378324;14.621079727354658;24.83557207010293;13.635324951963101;17.284738077212726
1688378325;14.621079727354658;24.834975956761916;13.634530132595746;17.283645200582598
1688378326;14.626656111368352;24.83507530898541;13.635324951963101;17.28185685700604
1688378327;14.626656111368352;24.84202996463061;13.635126247121265;17.283247790898926
1688378328;14.626656111368352;24.84242737352462;13.6343314277539;17.28811605952403
1688378329;14.626656111368352;24.84163255573659;13.640590630271888;17.28732124015666
1688378330;14.626656111368352;24.835770774549935;13.640590630271888;17.283347143319837
1688378331;14.626855267940275;24.834081786750385;13.641385449639253;17.284936782054572
1688378332;14.626855267940275;24.822457576600566;13.640590630271888;17.284141962687205
1688378333;14.626855267940275;24.82096729324802;13.640590630271888;17.284837429633647
1688378334;14.626855267940275;24.82047053213051;13.640590630271888;17.28543354415917
1688378335;14.626855267940275;24.817291260978426;13.640590630271888;17.28394325784537
1688378336;14.626855267940275;24.816695147637404;13.63552365680495;17.28394325784537
1688378337;14.626855267940275;24.816496443190395;13.632741789019176;17.28185685700604
1688378338;14.626855267940275;24.809343083098202;13.640590630271888;17.286824478052054
1688378339;14.626855267940275;24.809939196439213;13.621813022717921;17.28612901110561
1688378340;14.626855267940275;24.809144378651194;13.621018203350566;17.285334191738254
1688378341;14.626656111368352;24.809144378651194;13.621018203350566;17.285334191738254
1688378342;14.626656111368352;24.814310694273335;13.623402661452655;17.28612901110561
1688378343;14.626656111368352;24.81967571434248;13.623402661452655;17.285930306263776
1688378344;14.626656111368352;24.820867941024517;13.622607842085287;17.298448711299752
1688378345;14.626656111368352;24.820073123236497;13.622607842085287;17.29685907256502
1688378346;14.626656111368352;24.820073123236497;13.628867044603277;17.29685907256502
1688378347;14.626656111368352;24.819775066565985;13.634132722912062;17.297653891932384
1688378348;14.626656111368352;24.820569884354015;13.634232075332974;17.29685907256502
1688378349;14.626656111368352;24.826531017764175;13.635026894700342;17.294375262042006
1688378350;14.626656111368352;24.825736199976156;13.634232075332974;17.29328238541189
1688378351;14.626656111368352;24.826531017764175;13.634232075332974;17.29328238541189
1688378352;14.626656111368352;24.837956523466996;13.634232075332974;17.294077204779246
1688378353;14.626656111368352;24.837956523466996;13.6343314277539;17.294077204779246
1688378354;14.626656111368352;24.837956523466996;13.635126247121265;17.294077204779246
1688378355;14.626656111368352;24.83716170567898;13.635126247121265;17.300336407297234
1688378356;14.626656111368352;24.839546159043035;13.635126247121265;17.300336407297234
1688378357;14.626656111368352;24.839546159043035;13.634927542279417;17.3011312266646
1688378358;14.626656111368352;24.838353932361002;13.634232075332974;17.3011312266646
1688378359;14.626656111368352;24.85156777808687;13.635026894700342;17.300336407297234
1688378360;14.626656111368352;24.856833445932523;13.634232075332974;17.300336407297234
1688378361;14.626656111368352;24.856833445932523;13.634232075332974;17.29954158792988
1688378362;14.626656111368352;24.850673608075347;13.635821714067708;17.300336407297234
1688378363;14.626656111368352;24.849878790287327;13.635026894700342;17.298746768562513
1688378364;14.626855267940275;24.844712474665187;13.635026894700342;17.293779147516485
1688378365;14.626855267940275;24.850971664745856;13.635821714067708;17.292984328149117
1688378366;14.626855267940275;24.843917656877156;13.635821714067708;17.292189508781764
1688378367;14.626855267940275;24.843917656877156;13.635821714067708;17.293779147516485
1688378368;14.626855267940275;24.831101220045305;13.635821714067708;17.292984328149117
1688378369;14.626855267940275;24.831101220045305;13.635026894700342;17.292189508781764
1688378370;14.626855267940275;24.830803163374792;13.635821714067708;17.292189508781764
1688378371;14.626855267940275;24.830008345586773;13.635026894700342;17.292189508781764
1688378372;14.626656111368352;24.830803163374792;13.635026894700342;17.292189508781764
1688378373;14.626656111368352;24.836267535667446;13.635026894700342;17.292984328149117
1688378374;14.626656111368352;24.837062353455476;13.635026894700342;17.29278562330728
1688378375;14.626656111368352;24.837062353455476;13.634232075332974;17.291990803939917
1688378376;14.626656111368352;24.835969478996944;13.63343725596562;17.29358044267465
1688378377;14.626656111368352;24.837559114572983;13.635026894700342;17.29358044267465
1688378378;14.626656111368352;24.837062353455476;13.635026894700342;17.291990803939917
1688378379;14.626656111368352;24.842526725748126;13.634232075332974;17.291990803939917
1688378380;14.626656111368352;24.8487859158288;13.634232075332974;17.291096632151636
1688378381;14.626656111368352;24.85425028812145;13.635026894700342;17.291096632151636
1688378382;14.626656111368352;24.853952231450936;13.635026894700342;17.291891451519003
1688378383;14.626656111368352;24.85315741366292;13.628767692182354;17.291096632151636
1688378384;14.626656111368352;24.848487859158286;13.628767692182354;17.29030181278427
1688378385;14.626656111368352;24.848487859158286;13.628767692182354;17.29030181278427
1688378386;14.626656111368352;24.847693041370267;13.627972872814997;17.291096632151636
1688378387;14.626656111368352;24.847394984699754;13.627178053447631;17.29030181278427
1688378388;14.626656111368352;24.816695147637404;13.622508489664364;17.280267218271305
1688378389;14.626656111368352;24.81560227317887;13.621713670297009;17.287718649840343
1688378390;14.626656111368352;24.81560227317887;13.621713670297009;17.29397785235833
1688378391;14.619685631351231;24.81639709096689;13.621713670297009;17.287718649840343
1688378392;14.619685631351231;24.80308389301753;13.621713670297009;17.281459447322355
1688378393;14.619685631351231;24.79662599848984;13.622508489664364;17.282552323952483
1688378394;14.619685631351231;24.790764217303185;13.616249287146376;17.289606345837825
1688378395;14.619685631351231;24.791857091761717;13.616249287146376;17.28881152647046
1688378396;14.614706717053283;24.792751261773237;13.616249287146376;17.289010231312307
1688378397;14.617594487346086;24.791559035091204;13.61545446777902;17.288314764365865
1688378398;14.617594487346086;24.790466160632675;13.621713670297009;17.287619297419422
1688378399;14.617594487346086;24.79126097842069;13.621713670297009;17.289109583733232
1688378400;14.623170871359791;24.79036680840917;13.620918850929641;17.292189508781764
1688378401;14.623170871359791;24.796427294042843;13.622508489664364;17.292189508781764
1688378402;14.623170871359791;24.795334419584314;13.622508489664364;17.291394689414396
1688378403;14.623170871359791;24.79712275960736;13.616944754092819;17.291394689414396
1688378404;14.623170871359791;24.79086356952669;13.616944754092819;17.29059987004703
1688378405;14.623170871359791;24.79006875173866;13.616944754092819;17.29685907256502
1688378406;14.623170871359791;24.79006875173866;13.616944754092819;17.291891451519003
1688378407;14.623170871359791;24.79006875173866;13.615951229883617;17.29079857488888
1688378408;14.623170871359791;24.789571990621152;13.615951229883617;17.29079857488888
1688378409;14.623170871359791;24.78927393395064;13.616746049250983;17.298448711299752
1688378410;14.623170871359791;24.78927393395064;13.615951229883617;17.298448711299752
1688378411;14.623170871359791;24.78927393395064;13.615951229883617;17.297653891932384
