Time;{instance="10.231.0.208:9100"};{instance="192.168.221.10:9100"};{instance="192.168.221.11:9100"};{instance="192.168.221.12:9100"}
1688377331;11250.222222222223;23152.111111111113;11992.444444444445;12877.88888888889
1688377332;11247.555555555557;24387.111111111113;11992.77777777778;12878.222222222223
1688377333;11234.555555555557;28413.77777777778;11995.666666666668;13086.222222222223
1688377334;11235;27067.222222222223;11879.111111111111;13136.222222222223
1688377335;8369588.333333334;39848.77777777778;12007;13124.555555555557
1688377336;20969802.666666668;46287;12027.111111111111;22754.333333333336
1688377337;33831909.66666667;49320.88888888889;12025.77777777778;40913
1688377338;47008942;57449.444444444445;12024.666666666668;57091.00000000001
1688377339;59906291.66666667;56806.444444444445;12022.555555555557;73801.66666666667
1688377340;72778042.11111112;73651.55555555556;12022.333333333334;91255
1688377341;85675609.77777779;72231.66666666667;12021.444444444445;107827.77777777778
1688377342;98575379.66666667;78779.55555555556;12018.444444444445;124517.11111111112
1688377343;111353324.11111112;77570.22222222223;12017;139863.77777777778
1688377344;116098046.11111112;71345.11111111111;11885.88888888889;152202.6666666667
1688377345;116857371.44444445;73286.22222222223;11936.111111111111;154029.44444444447
1688377346;116925198.8888889;71547.22222222223;12031.222222222223;153555.6666666667
1688377347;114772633.8888889;65966.55555555556;12029.77777777778;155085.44444444447
1688377348;105018290.77777779;66150.88888888889;12028.88888888889;143217.22222222222
1688377349;104860966.11111112;56992.333333333336;12028;139299
1688377350;104481074.55555557;58075.55555555556;12030;137630.6666666667
1688377351;104502615.55555557;51720.88888888889;12030.111111111111;139244.22222222222
1688377352;104860177.8888889;51772.333333333336;12033.444444444445;140027.33333333334
1688377353;104550411;45543;12036.111111111111;138856.6666666667
1688377354;104333446.44444445;37461.555555555555;11965.77777777778;138054.22222222222
1688377355;104424150.66666667;38261.333333333336;11877.111111111111;137295.33333333334
1688377356;106229550.77777779;37226.77777777778;12013;135840.44444444447
1688377357;115654266.00000001;35616.333333333336;12013.555555555557;149161.55555555556
1688377358;116156756.22222222;28265.000000000004;12013.77777777778;152234.22222222222
1688377359;116668042.00000001;27230.444444444445;12013.222222222223;154814.8888888889
1688377360;116707407.55555557;22732.55555555556;12016.111111111111;154296
1688377361;116641685.11111112;22804.444444444445;12013.333333333334;153813.55555555556
1688377362;116828757.44444445;22738.333333333336;12021;154507.11111111112
1688377363;116573745.44444445;23040.77777777778;12018.77777777778;155503.55555555556
1688377364;116233676.11111112;20596.55555555556;12034.88888888889;157649.33333333334
1688377365;113648523.00000001;20666.55555555556;11936.555555555557;155711.33333333334
1688377366;101080803.66666667;22585.55555555556;12082.666666666668;140930
1688377367;87863888.11111112;24041.88888888889;12082.666666666668;124322.22222222223
1688377368;83820944.22222222;23785.666666666668;12082.444444444445;111828.00000000001
1688377369;83642033.66666667;25633.111111111113;12079.111111111111;110318.00000000001
1688377370;83615180.22222222;29453.88888888889;12079;108811.33333333334
1688377371;83671304.11111112;29618.000000000004;12069.555555555557;106071.77777777778
1688377372;83877819.33333334;29498.77777777778;12071.77777777778;105417.77777777778
1688377373;83744950.44444445;29178.111111111113;12047.111111111111;101462.66666666667
1688377374;86415251.77777779;29338.666666666668;12082.444444444445;103540.44444444445
1688377375;99414470.77777779;27374.000000000004;11937.333333333334;117093.77777777778
1688377376;110405558.66666667;27874.88888888889;12092.111111111111;133833.55555555556
1688377377;114342906.8888889;30296.444444444445;12091.222222222223;139615.33333333334
1688377378;114588970.55555557;26672.333333333336;12094.111111111111;137616.8888888889
1688377379;114475632.8888889;22279.55555555556;12096;138284.8888888889
1688377380;114535812.11111112;23982.111111111113;12100;140212.8888888889
1688377381;114531965.77777779;23298;12099.333333333334;139472.8888888889
1688377382;115158123.55555557;25253.444444444445;12102.77777777778;140280.8888888889
1688377383;105285194.44444445;25200.222222222223;12031.111111111111;134134.22222222222
1688377384;99785308.8888889;25065.666666666668;12095.444444444445;118457.55555555556
1688377385;101792986.22222222;23904.55555555556;11942;115110.22222222223
1688377386;101997456.33333334;23837.333333333336;12092.111111111111;121021.33333333334
1688377387;102089143.33333334;26057.222222222223;12092.111111111111;122625.33333333334
1688377388;101817172.77777779;26888.88888888889;12091.88888888889;121670.88888888889
1688377389;89545308.11111112;24429.111111111113;12088.111111111111;113362.88888888889
1688377390;76455082.44444445;27222.444444444445;12090;96836.88888888889
1688377391;63281224.55555556;25072.77777777778;12090.88888888889;80912.22222222223
1688377392;60239136.888888896;25160.77777777778;12111.222222222223;70666.22222222223
1688377393;52739802.44444445;25810.77777777778;12044.88888888889;69390.22222222223
1688377394;39741036.66666667;25907.333333333336;12043.333333333334;56019.55555555556
1688377395;26613201.333333336;24695.77777777778;11913.77777777778;39335.77777777778
1688377396;13493685.666666668;23798.88888888889;11911.77777777778;23473.333333333336
1688377397;836072.6666666667;25237.333333333336;12043.444444444445;15030.444444444445
1688377398;11253.88888888889;25296;12045.333333333334;15030.88888888889
1688377399;11256.88888888889;26439.88888888889;12042.333333333334;15032.88888888889
1688377400;11256.555555555557;29245.88888888889;12038.77777777778;15183.88888888889
1688377401;11257.77777777778;29899.77777777778;12017.666666666668;15166.333333333334
1688377402;11256.333333333334;29226.444444444445;12017.88888888889;15169.000000000002
1688377403;11256.555555555557;28890.111111111113;12020;15166.666666666668
1688377404;11265.111111111111;28863.333333333336;12000.88888888889;15166.444444444445
1688377405;11264.88888888889;28418.444444444445;11999.111111111111;15164.77777777778
1688377406;11253.444444444445;26256.333333333336;11874.222222222223;15165.555555555557
1688377407;11252.555555555557;28493.444444444445;11995.77777777778;15164.555555555557
1688377408;11242.222222222223;25838.111111111113;11996.88888888889;15171.666666666668
1688377409;11241.666666666668;23556.222222222223;11998.444444444445;15023.000000000002
1688377410;11241;23406.666666666668;11998.333333333334;15136.88888888889
1688377411;11242;23670;12000.88888888889;15134.000000000002
1688377412;11239.77777777778;23163.444444444445;12000.444444444445;15134.88888888889
1688377413;11230.333333333334;23124;11999.88888888889;15134.333333333334
1688377414;11228.444444444445;22572.88888888889;12003.333333333334;15134.666666666668
1688377415;11228.111111111111;23200.55555555556;12002.333333333334;15136.77777777778
1688377416;11227.77777777778;20693.88888888889;11877;15136.666666666668
1688377417;11229.111111111111;21704.444444444445;12018;15126.555555555557
1688377418;11227.666666666668;21973;12017.111111111111;15140.666666666668
1688377419;11281.222222222223;20417.111111111113;12016.111111111111;15023.222222222223
1688377420;11286.555555555557;22630.111111111113;12015.111111111111;15067.77777777778
1688377421;11286.88888888889;21853.666666666668;12012.333333333334;15157.222222222223
1688377422;11292.444444444445;22399.55555555556;12017.333333333334;15166.77777777778
1688377423;11293.333333333334;21852.111111111113;12014.333333333334;15167.111111111111
1688377424;11299.222222222223;21839.444444444445;12021.77777777778;15166.111111111111
1688377425;11300.555555555557;23133.666666666668;12099;15167.111111111111
1688377426;11299.222222222223;21702.88888888889;11954.77777777778;15198.333333333334
1688377427;11300.88888888889;22566;12008.111111111111;15188.77777777778
1688377428;11245.444444444445;23160.111111111113;12097.555555555557;15233.333333333334
1688377429;11238.444444444445;23794.77777777778;12094.666666666668;15201.88888888889
1688377430;11237.222222222223;27760.666666666668;12096.444444444445;15118.111111111111
1688377431;11231.555555555557;29432.666666666668;12089.444444444445;15319.666666666668
1688377432;11240.444444444445;29534.333333333336;12088.444444444445;15319.111111111111
1688377433;11237.333333333334;29977.77777777778;12072.222222222223;15318.555555555557
1688377434;11247.222222222223;28785.55555555556;11996.444444444445;15317.222222222223
1688377435;11249.222222222223;30483.666666666668;11995.88888888889;15284.666666666668
1688377436;11249.555555555557;28800.444444444445;11939.444444444445;15279.444444444445
1688377437;11250.222222222223;29922.333333333336;11848.111111111111;15233.555555555557
1688377438;11251;26408.333333333336;11979.333333333334;15218.555555555557
1688377439;11252.333333333334;25494.333333333336;11993;15211.77777777778
1688377440;11259.222222222223;23630.55555555556;11991.333333333334;15000.444444444445
1688377441;11250.77777777778;25196.444444444445;11990.444444444445;15056.444444444445
1688377442;11256.555555555557;23878.111111111113;11991.333333333334;15144.222222222223
1688377443;11244.77777777778;24828.444444444445;11988.88888888889;15145.444444444445
1688377444;11242.77777777778;22931.666666666668;11990;15146.111111111111
1688377445;11241.222222222223;24821.111111111113;11990.666666666668;15142.88888888889
1688377446;11251.444444444445;22736.88888888889;11991.444444444445;15146.444444444445
1688377447;11251.77777777778;23257.111111111113;11859.88888888889;15147.77777777778
1688377448;11260.111111111111;21443.88888888889;11901.111111111111;15156.555555555557
1688377449;11271.222222222223;20968.88888888889;11994.111111111111;15158.666666666668
1688377450;11279.77777777778;22777.666666666668;11994.222222222223;15104.222222222223
1688377451;11281.88888888889;23335.222222222223;11993.666666666668;15074.222222222223
1688377452;11285.77777777778;23550.111111111113;12016.111111111111;15182.444444444445
1688377453;11286;23705.77777777778;12082.77777777778;15182.555555555557
1688377454;11288;23520.77777777778;12084.666666666668;15183.111111111111
1688377455;11278.444444444445;25354.444444444445;12105.333333333334;15181.222222222223
1688377456;11285.88888888889;24987.88888888889;12104.444444444445;15182.444444444445
1688377457;11278.222222222223;25353.77777777778;12047.333333333334;15174.444444444445
1688377458;11258.111111111111;25799;12021.111111111111;15174.88888888889
1688377459;11250.88888888889;25019.333333333336;12158.77777777778;15176.555555555557
1688377460;11241.666666666668;32033.111111111113;12176.333333333334;15118.000000000002
1688377461;11240.333333333334;30768.55555555556;12158.333333333334;15065.77777777778
1688377462;11248.444444444445;31917.77777777778;12094.444444444445;15156.111111111111
1688377463;11247.88888888889;29882.111111111113;12095.333333333334;15158.111111111111
1688377464;11258.444444444445;28904.111111111113;12078.222222222223;15161.444444444445
1688377465;11249;30096.77777777778;12082;15159.333333333334
1688377466;11247.666666666668;29370.333333333336;12091.555555555557;15231.333333333334
1688377467;11249.666666666668;29481.666666666668;12026.88888888889;15239.444444444445
1688377468;11249.444444444445;28073.88888888889;11950;15238.444444444445
1688377469;11251.444444444445;20787.666666666668;11932.111111111111;15240.555555555557
1688377470;11257.666666666668;22359.222222222223;12021.88888888889;15183.555555555557
1688377471;11250.666666666668;23360.666666666668;12021.77777777778;15141.000000000002
1688377472;11257.666666666668;24261.88888888889;12023.333333333334;15238.77777777778
1688377473;11247.555555555557;23854.666666666668;12024.111111111111;15237.555555555557
1688377474;11257.222222222223;22726.444444444445;12025.77777777778;15368.444444444445
1688377475;11266.666666666668;22674;12025.555555555557;15299.000000000002
1688377476;11266.111111111111;22339.55555555556;12027.333333333334;15290.444444444445
1688377477;11265.666666666668;21561.111111111113;11970.555555555557;15289.000000000002
1688377478;11263.88888888889;22753.444444444445;12028.77777777778;15288.444444444445
1688377479;11268.111111111111;20535.55555555556;11939.333333333334;15298.222222222223
1688377480;11267.444444444445;21196.444444444445;12042.333333333334;15253.111111111111
1688377481;11260;21040.55555555556;12048.111111111111;15153.77777777778
1688377482;11266.222222222223;23202.77777777778;12046.666666666668;15209.333333333334
1688377483;11257.77777777778;22265.55555555556;12044.111111111111;15176.333333333334
1688377484;11253.444444444445;22821.666666666668;12052.222222222223;15175.111111111111
1688377485;11253.555555555557;22609.333333333336;12111.222222222223;15176.111111111111
1688377486;11253.88888888889;22965.666666666668;12111.555555555557;15205.222222222223
1688377487;11261.77777777778;22130.55555555556;12055.333333333334;15204.88888888889
1688377488;11257;23370.666666666668;12099.333333333334;15246.77777777778
1688377489;11257.222222222223;23784;11995.444444444445;15244.111111111111
1688377490;11263.88888888889;27512.77777777778;11987.666666666668;15246.000000000002
1688377491;11257.666666666668;26784.77777777778;12073.555555555557;15189.666666666668
1688377492;11263.88888888889;28775.666666666668;12071.666666666668;15149.77777777778
1688377493;11259.555555555557;28443.77777777778;12054.666666666668;15238.444444444445
1688377494;11269.111111111111;28752.333333333336;11994;15236.77777777778
1688377495;11266.333333333334;29399.444444444445;11992.222222222223;15266.000000000002
1688377496;11264.444444444445;29170.77777777778;11991.333333333334;15265.333333333334
1688377497;11264.444444444445;28714.111111111113;11943.88888888889;15214.666666666668
1688377498;11262.444444444445;26569.444444444445;11943.666666666668;15216.666666666668
1688377499;11740.111111111111;22895.444444444445;11994.666666666668;15213.333333333334
1688377500;57312.00000000001;23658.77777777778;11914.77777777778;15520.77777777778
1688377501;12818073.333333334;23995.333333333336;12004.111111111111;15541.111111111111
1688377502;25895193.111111112;25177.444444444445;12143.333333333334;24813
1688377503;39067774.333333336;25077;12139.77777777778;39812.11111111112
1688377504;51811149.11111111;24400;12139.444444444445;54525.66666666667
1688377505;64656390.44444445;24742.444444444445;12136.77777777778;68314.77777777778
1688377506;77662103.11111112;24967.88888888889;12135.444444444445;82028.11111111112
1688377507;90511460.55555557;24129.55555555556;12134;95513.44444444445
1688377508;103548859.8888889;24637.666666666668;12080.666666666668;109317.44444444445
1688377509;116481605.8888889;22523.333333333336;12118.77777777778;123385.11111111112
1688377510;116943730.66666667;21413.666666666668;12030.222222222223;128471.77777777778
1688377511;116632035.55555557;22522.444444444445;11988.555555555557;128055.55555555556
1688377512;116456804.8888889;22698;12120.111111111111;127116.88888888889
1688377513;116596540.00000001;23418.333333333336;12118.77777777778;125368.88888888889
1688377514;116681957.8888889;22599.444444444445;12120.111111111111;124870.66666666667
1688377515;116610461.8888889;24607.55555555556;12121.111111111111;125032.88888888889
1688377516;116840712.11111112;23628.111111111113;12121.444444444445;125990.66666666667
1688377517;116804961.22222222;24228;12122.333333333334;126304.88888888889
1688377518;116721372.55555557;24265.111111111113;12075.88888888889;125790.00000000001
1688377519;116243606.77777779;27690.55555555556;12121.555555555557;125797.33333333334
1688377520;109436113.77777779;29612.77777777778;12025;122415.55555555556
1688377521;96438763.33333334;30172.77777777778;11896.88888888889;108355.11111111112
1688377522;83555658;34759.11111111112;12018.444444444445;95372.44444444445
1688377523;70624996.66666667;36512.333333333336;12019.333333333334;82098.66666666667
1688377524;57690773.888888896;35445.444444444445;12022.555555555557;68223.11111111111
1688377525;44611176.888888896;36834.222222222226;12022.666666666668;53797.11111111112
1688377526;31609053.77777778;35273.11111111112;12032.666666666668;39661.77777777778
1688377527;18714333.333333336;35769;12033.222222222223;25430
1688377528;5969208.777777778;32150.88888888889;11988.333333333334;15152.666666666668
1688377529;11279.444444444445;29041.444444444445;12035.666666666668;15150.88888888889
1688377530;11289.88888888889;29136.88888888889;12036.88888888889;15149.555555555557
1688377531;11290.666666666668;25015.333333333336;11918.333333333334;15148.444444444445
1688377532;11288.77777777778;25014.77777777778;12009.555555555557;14782.88888888889
1688377533;11288;24331.88888888889;12075.444444444445;14738.666666666668
1688377534;11288.77777777778;24728.666666666668;12077.111111111111;14746.000000000002
1688377535;11291.222222222223;26192;12076.333333333334;14836.000000000002
1688377536;11290.77777777778;25951.77777777778;12074.555555555557;14829.444444444445
1688377537;11292.88888888889;25724.222222222223;12132;14827.77777777778
1688377538;11292.666666666668;24891.333333333336;12084.88888888889;14845.111111111111
1688377539;11272.333333333334;23214.666666666668;12140.88888888889;14850.444444444445
1688377540;11275.77777777778;24424;12139.88888888889;14865.222222222223
1688377541;11275.77777777778;22187.444444444445;12048.444444444445;14874.555555555557
1688377542;11277.77777777778;23680.333333333336;12064.88888888889;14837.333333333334
1688377543;11270.555555555557;23446.77777777778;12064;14883.000000000002
1688377544;11261.333333333334;22952.444444444445;12079.444444444445;14792.88888888889
1688377545;11254.222222222223;23784.55555555556;12120.222222222223;14960.77777777778
1688377546;11252.77777777778;23260.444444444445;12062.111111111111;14977.444444444445
1688377547;11253.222222222223;23138.666666666668;12061.444444444445;14966.88888888889
1688377548;11262;23398.88888888889;12004.88888888889;14998.88888888889
1688377549;11255.88888888889;24213;12068.666666666668;14985.444444444445
1688377550;11306.555555555557;27978.55555555556;12070.222222222223;14981.333333333334
1688377551;11305.111111111111;26249.444444444445;11986.555555555557;14981.222222222223
1688377552;11303.666666666668;26384.666666666668;12082.222222222223;14927.88888888889
1688377553;11307.111111111111;26950.333333333336;12073.444444444445;14930.333333333334
1688377554;11306.88888888889;27098.444444444445;12037;14822.111111111111
1688377555;11306.222222222223;28484.000000000004;12036.88888888889;14898.444444444445
1688377556;11303.444444444445;28195.88888888889;12038.77777777778;14893.333333333334
1688377557;11294.88888888889;27928.55555555556;12037.333333333334;14854.222222222223
1688377558;11302.333333333334;24692.88888888889;11973.666666666668;14852.111111111111
1688377559;11251;22318;12028.333333333334;14848.222222222223
1688377560;11250.77777777778;23070.666666666668;12028.555555555557;14846.88888888889
1688377561;11250.333333333334;22313.333333333336;11941.222222222223;14847.000000000002
1688377562;11245.444444444445;22503.88888888889;11927.666666666668;14845.666666666668
1688377563;11245.222222222223;21750.55555555556;12025.555555555557;14805.77777777778
1688377564;11243.88888888889;22699.222222222223;12027;14769.666666666668
1688377565;11254.77777777778;22966.77777777778;12027.555555555557;14850.333333333334
1688377566;11257;24281.444444444445;12032.222222222223;14850.88888888889
1688377567;11251;23052.77777777778;12031.77777777778;14850.000000000002
1688377568;12669.222222222223;23719.88888888889;11977.444444444445;14851.222222222223
1688377569;12670.666666666668;23539.222222222223;11976.666666666668;15066.000000000002
1688377570;2304200.888888889;25783.222222222223;12002.555555555557;15137.555555555557
1688377571;15517432.222222224;24519.55555555556;12002.555555555557;16488.444444444445
1688377572;28477674.555555556;25128;11910.333333333334;34303.11111111112
1688377573;41373774;24592;11991.666666666668;52761.77777777778
1688377574;54410317.00000001;25375.88888888889;11990.555555555557;70738.66666666667
1688377575;67636535.44444445;24887;11986.444444444445;88804.66666666667
1688377576;80548638;25553.333333333336;11988.444444444445;106284.00000000001
1688377577;93244611.66666667;24387.111111111113;11988.88888888889;124168.66666666667
1688377578;106232019.11111112;23995.55555555556;11991.444444444445;140992.77777777778
1688377579;116842913.44444445;24774.333333333336;11966.555555555557;159536.33333333334
1688377580;116551952.33333334;28322.666666666668;11998.222222222223;160909.33333333334
1688377581;116478336.33333334;28269.000000000004;12029.333333333334;161128
1688377582;116408108.00000001;27758.333333333336;11948.77777777778;159976
1688377583;116371037.77777779;28631.222222222223;12031.77777777778;158555.11111111112
1688377584;115980766.33333334;33442.333333333336;12055.666666666668;158560.44444444447
1688377585;115987968.33333334;34578.66666666667;12055;158450.44444444447
1688377586;116354883.00000001;34609;12054.666666666668;158161.11111111112
1688377587;116324817.55555557;33701.66666666667;12054.88888888889;158996.22222222222
1688377588;116495320.77777779;30987.88888888889;12047.444444444445;157894.44444444447
1688377589;116691397.44444445;26805.000000000004;12014.666666666668;157645.33333333334
1688377590;116902012.44444445;27141.444444444445;12009.77777777778;157134
1688377591;117111978.8888889;28132.77777777778;12009.111111111111;157996.22222222222
1688377592;117117834.44444445;26495.55555555556;11928.88888888889;158726.22222222222
1688377593;117319070.8888889;22300.111111111113;11907.666666666668;157566.22222222222
1688377594;117253708.8888889;22371.222222222223;11990.111111111111;157792.22222222222
1688377595;117320821.44444445;23047.88888888889;11998.111111111111;158126.8888888889
1688377596;117310730.11111112;23551.55555555556;11996.222222222223;158440.44444444447
1688377597;117327214.66666667;23315.111111111113;11994.88888888889;157458.22222222222
1688377598;117186431.66666667;23654.55555555556;11995.666666666668;158442.8888888889
1688377599;116376207.22222222;22449.444444444445;11963.555555555557;158576.22222222222
1688377600;103340379.11111112;22950.666666666668;11994.666666666668;146027.55555555556
1688377601;90335043.55555557;22719;11994;128741.55555555556
1688377602;77297868.33333334;21487.77777777778;11993.88888888889;111847.33333333334
1688377603;70585780.66666667;22345.111111111113;11910.555555555557;95575
1688377604;69169954.55555557;23170.111111111113;12000.88888888889;90193.66666666667
1688377605;67916264.22222222;24203.222222222223;12022.444444444445;83962.33333333334
1688377606;66922399.00000001;24262.111111111113;12053.555555555557;80277.22222222223
1688377607;66051206.11111112;24970.55555555556;12114.333333333334;81210.55555555556
1688377608;64989935.66666667;24824.444444444445;12121.666666666668;80539.22222222223
1688377609;76893117.22222222;25794.88888888889;12098.444444444445;89875.66666666667
1688377610;88061315.33333334;34082.333333333336;12352.444444444445;107941.22222222223
1688377611;100468629.22222222;34714.222222222226;12387.88888888889;122472.77777777778
1688377612;105332278.22222222;33209;12388.333333333334;138579.77777777778
1688377613;105431037.66666667;32064.000000000004;12290;143786.44444444447
1688377614;96520976.44444445;32852.222222222226;12357.88888888889;146801.77777777778
1688377615;84425432.11111112;33856.11111111112;12327.666666666668;134030.8888888889
1688377616;72319069.11111112;32407.666666666668;12266.222222222223;115333.55555555556
1688377617;61093324.44444445;32993.88888888889;12256.333333333334;98349.55555555556
1688377618;49190135.66666667;30377.88888888889;12249.333333333334;83392.88888888889
1688377619;38021936.77777778;22073.77777777778;11993.333333333334;65327.333333333336
1688377620;25614613.555555556;22430.88888888889;11958.333333333334;50792.222222222226
1688377621;14609109.444444446;28932.88888888889;12018.666666666668;33362.222222222226
1688377622;2794756.666666667;29634.77777777778;12039.222222222223;15606.88888888889
1688377623;11258.88888888889;27785.77777777778;11950.555555555557;14691.111111111111
1688377624;11257.666666666668;27247.77777777778;12026.555555555557;14637.111111111111
1688377625;11250.666666666668;30784.444444444445;12040.444444444445;14604.333333333334
1688377626;11249.77777777778;30526.222222222223;12043.222222222223;14587.111111111111
1688377627;11248.444444444445;30078.111111111113;12100.111111111111;14584.666666666668
1688377628;11247.444444444445;30231.88888888889;12099.444444444445;14612.444444444445
1688377629;11283.88888888889;29066.666666666668;12097.444444444445;14610.666666666668
1688377630;11282.88888888889;23328;12036.77777777778;14602.222222222223
1688377631;11283.333333333334;22284.666666666668;12073.222222222223;14610.111111111111
1688377632;11287.444444444445;24196.444444444445;12073.111111111111;14584.222222222223
1688377633;11294.333333333334;23435.88888888889;12001.555555555557;14590.666666666668
1688377634;11300.555555555557;21915.222222222223;11986.77777777778;14545.111111111111
1688377635;11300.444444444445;22717.88888888889;12075.555555555557;14603.222222222223
1688377636;11308.88888888889;24511.88888888889;12018.333333333334;14605.666666666668
1688377637;11309.111111111111;24092.88888888889;12018;14509.222222222223
1688377638;11272.88888888889;25176.77777777778;12017.77777777778;14601.444444444445
1688377639;11273.444444444445;26033.111111111113;12016.555555555557;14601.000000000002
1688377640;11282.444444444445;29063.77777777778;11959.333333333334;14564.555555555557
1688377641;11276.555555555557;28725.111111111113;12012.555555555557;14558.222222222223
1688377642;11269.555555555557;29956.222222222223;12013.666666666668;14552.000000000002
1688377643;11263.111111111111;28385.77777777778;12014.666666666668;14552.222222222223
1688377644;11305.222222222223;28185.77777777778;11922.555555555557;14496.555555555557
1688377645;11296.88888888889;26909.88888888889;11921.111111111111;14495.000000000002
1688377646;11296.444444444445;29038.333333333336;12011.111111111111;14552.88888888889
1688377647;11297.111111111111;27446.333333333336;12011.333333333334;14520.555555555557
1688377648;11296.88888888889;26282.333333333336;12012.77777777778;14597.222222222223
1688377649;11293.222222222223;23088;12013.444444444445;14612.77777777778
1688377650;11293.333333333334;21326.77777777778;11959.444444444445;14618.444444444445
1688377651;11292.555555555557;22568.77777777778;12009.222222222223;14614.444444444445
1688377652;11291.111111111111;23399.222222222223;12010.222222222223;14634.555555555557
1688377653;11249.333333333334;23332.111111111113;12011.111111111111;14641.555555555557
1688377654;11249.555555555557;22627.111111111113;12012.111111111111;14642.444444444445
1688377655;11250.111111111111;22019.88888888889;11922;14585.111111111111
1688377656;11249;23649.222222222223;12020.444444444445;14587.000000000002
1688377657;11248.555555555557;23699.333333333336;12020.222222222223;14509.222222222223
1688377658;11243.88888888889;23916.444444444445;12017.88888888889;14497.444444444445
1688377659;11253.555555555557;25047.77777777778;12017;14579.666666666668
1688377660;11260.444444444445;23195.333333333336;11961;14582.333333333334
1688377661;11261.88888888889;23966.111111111113;12023.444444444445;14571.333333333334
1688377662;11268.333333333334;23530.88888888889;12023.77777777778;14571.555555555557
1688377663;11268.333333333334;24174;12041.222222222223;14570.222222222223
1688377664;11267.77777777778;23528.666666666668;12040.77777777778;14570.111111111111
1688377665;11267.77777777778;23391;11992.555555555557;14515.77777777778
1688377666;11275.333333333334;23477.333333333336;11992.333333333334;14571.111111111111
1688377667;11281.111111111111;25096.444444444445;12081.555555555557;14584.77777777778
1688377668;11278.77777777778;23903.444444444445;12083.111111111111;14533.222222222223
1688377669;11281.333333333334;26702.111111111113;12082.111111111111;14630.77777777778
1688377670;11281.333333333334;29868.222222222223;12024.555555555557;14622.444444444445
1688377671;11274.555555555557;30418.000000000004;12080.77777777778;14612.555555555557
1688377672;11273.88888888889;30977.444444444445;12064;14612.222222222223
1688377673;11275.88888888889;30272.111111111113;12065;14609.77777777778
1688377674;11288.333333333334;30011.000000000004;12015.88888888889;14605.88888888889
1688377675;11282.444444444445;29374.111111111113;12016.111111111111;14549.000000000002
1688377676;11276.555555555557;29473.666666666668;11929.77777777778;14588.444444444445
1688377677;11271.333333333334;30619.111111111113;12077.88888888889;14552.000000000002
1688377678;11263.88888888889;27242.444444444445;12078.88888888889;14452.666666666668
1688377679;11266.666666666668;22736.77777777778;12072;14543.77777777778
1688377680;11273.666666666668;22738.111111111113;12017.555555555557;14544.000000000002
1688377681;11281.88888888889;22675.333333333336;12024.222222222223;14590.555555555557
1688377682;11281.222222222223;24890;12082.333333333334;14608.444444444445
1688377683;11269.88888888889;23483.55555555556;12089.333333333334;14630.88888888889
1688377684;11269.77777777778;24394.111111111113;12096.88888888889;14629.666666666668
1688377685;11269.333333333334;23114.222222222223;12132.444444444445;14571.444444444445
1688377686;11266.444444444445;23628.222222222223;11984.111111111111;14625.333333333334
1688377687;11264.555555555557;24706;12092.222222222223;14625.88888888889
1688377688;11260.77777777778;25652.55555555556;12093.444444444445;14534.77777777778
1688377689;11272.88888888889;23749.88888888889;12093;14536.444444444445
1688377690;11275;25410.111111111113;12085.88888888889;14582.333333333334
1688377691;11281.666666666668;22674.666666666668;12028.77777777778;14565.000000000002
1688377692;11281.111111111111;25994.222222222223;12073.444444444445;14558.77777777778
1688377693;11288.555555555557;24042.88888888889;12151.77777777778;14568.333333333334
1688377694;11289.111111111111;24252.88888888889;12115.88888888889;14575.111111111111
1688377695;11289.555555555557;23275.222222222223;12115.555555555557;14555.666666666668
1688377696;11289.77777777778;23041;12007.88888888889;14615.222222222223
1688377697;11290.555555555557;23048.88888888889;12098.666666666668;14614.666666666668
1688377698;11269.111111111111;23960.222222222223;12099.111111111111;14611.77777777778
1688377699;11258.111111111111;23756.666666666668;12097.77777777778;14523.77777777778
1688377700;11250.88888888889;28191.77777777778;12096.555555555557;14600.555555555557
1688377701;11250.666666666668;27225.77777777778;12046.77777777778;14596.88888888889
1688377702;11243.555555555557;27850.77777777778;12032.111111111111;14591.333333333334
1688377703;11244;29204.222222222223;12029.666666666668;14586.666666666668
1688377704;11263.333333333334;29551.55555555556;12031;14554.000000000002
1688377705;11264.555555555557;28860.222222222223;12028.88888888889;14500.77777777778
1688377706;12716.88888888889;28880.000000000004;11937.88888888889;14588.222222222223
1688377707;8378185.222222223;30032.111111111113;12012.222222222223;14834.000000000002
1688377708;21495622.444444448;28511.000000000004;12028.555555555557;25902.444444444445
1688377709;34576697;23712.88888888889;12029.444444444445;43723.55555555556
1688377710;47570942.66666667;24663;12028.77777777778;61877.77777777778
1688377711;60525217.55555556;24286.333333333336;11957.555555555557;79605.55555555556
1688377712;73572775.11111112;23625.666666666668;12021.222222222223;97041.33333333334
1688377713;86816774.55555557;23075;12024.666666666668;115049.33333333334
1688377714;99572954.66666667;23807;12027.88888888889;132932
1688377715;112549380.66666667;22939.77777777778;12068.111111111111;150415.33333333334
1688377716;117241381.33333334;21898.55555555556;11993.444444444445;161306.6666666667
1688377717;117008041.00000001;21482.77777777778;11987.111111111111;159438.22222222222
1688377718;117070722.66666667;24379.666666666668;12077.88888888889;159807.77777777778
1688377719;116851892.55555557;21924.55555555556;12075.444444444445;160255.55555555556
1688377720;117097998.66666667;23993.666666666668;12076.333333333334;160088.6666666667
1688377721;116703828.66666667;23510;12013.77777777778;159966.6666666667
1688377722;116590932.55555557;23832.222222222223;12009.333333333334;160866.8888888889
1688377723;116844589.22222222;23922.666666666668;12088.77777777778;161408
1688377724;116875444.00000001;24172.666666666668;12063.111111111111;161650.8888888889
1688377725;116786649.33333334;25177.88888888889;12092.444444444445;162275.11111111112
1688377726;116961785.77777779;23652.77777777778;12083.444444444445;162111.55555555556
1688377727;110648363.11111112;22316.55555555556;11991.555555555557;158594.8888888889
1688377728;97872994.44444445;21229.444444444445;12074.333333333334;140237.33333333334
1688377729;84672635.22222222;24872.55555555556;12089.222222222223;122642.22222222223
1688377730;72613575.22222222;26888.77777777778;12103;105381.11111111112
1688377731;72483486.22222222;27780.666666666668;12140.444444444445;96797.55555555556
1688377732;72346563.66666667;27618.000000000004;12059.77777777778;94817.77777777778
1688377733;72335178.66666667;27851.88888888889;12099.555555555557;96457.55555555556
1688377734;72468261.11111112;26994.444444444445;12067.555555555557;96856
1688377735;72361910.55555557;28930.666666666668;12067.88888888889;97007.55555555556
1688377736;78544466.11111112;29596.77777777778;12068.222222222223;100950.66666666667
1688377737;91575733.11111112;34086.555555555555;12018;118329.77777777778
1688377738;104500496.55555557;29468.666666666668;12002.111111111111;135370.22222222222
1688377739;115388608.8888889;26960.000000000004;12106.88888888889;153472.6666666667
1688377740;102387583.11111112;26649.666666666668;12085.111111111111;148368.22222222222
1688377741;89514669.22222222;27448.333333333336;12085.555555555557;131924.22222222222
1688377742;76517325;27279.444444444445;12039.111111111111;112477.55555555556
1688377743;72732646.77777778;27220.55555555556;12095.666666666668;100613.55555555556
1688377744;72953103.77777778;27907.444444444445;12095.111111111111;103546
1688377745;73010512.11111112;27316.111111111113;12164.444444444445;105099.55555555556
1688377746;72997960.22222222;24063.444444444445;12132.222222222223;106974.44444444445
1688377747;73161568.11111112;24032.55555555556;12131.444444444445;109439.33333333334
1688377748;74765807.11111112;23452.444444444445;12014.111111111111;121019.33333333334
1688377749;87880034.66666667;22861.222222222223;11996.444444444445;126448.22222222223
1688377750;100559294.8888889;21368.55555555556;12095.111111111111;146807.77777777778
1688377751;110106355.66666667;23578.222222222223;12087.222222222223;157300.6666666667
1688377752;113816814.33333334;23929.666666666668;12032.222222222223;169806.8888888889
1688377753;113803833.11111112;22516.444444444445;12078.77777777778;168880.8888888889
1688377754;113828709.44444445;23683.111111111113;12009.555555555557;168842.8888888889
1688377755;112929275.77777779;24158;12010.88888888889;169713.11111111112
1688377756;101153301.8888889;23574.333333333336;12013.222222222223;158158.8888888889
1688377757;93637821.44444445;24476.111111111113;12012.88888888889;128692.66666666667
1688377758;93700800.44444445;23963.77777777778;12013.88888888889;136410.44444444447
1688377759;94060062.22222222;27000.111111111113;11913.444444444445;136407.33333333334
1688377760;97681644.8888889;27658.666666666668;11913.222222222223;145667.33333333334
1688377761;93620822.33333334;29827.111111111113;12003.111111111111;145725.55555555556
1688377762;93613573.77777779;30305.000000000004;11964.111111111111;138254.44444444447
1688377763;93670353.22222222;27812.55555555556;12018.666666666668;138198.44444444447
1688377764;94570501.8888889;29040.222222222223;12018.333333333334;138140.44444444447
1688377765;104141620.11111112;29850.666666666668;12016.88888888889;150794.44444444447
1688377766;111674712.8888889;30103.444444444445;12016.88888888889;163943.33333333334
1688377767;111659466.33333334;30633.77777777778;12076.77777777778;165526.44444444447
1688377768;103439057.55555557;27457.333333333336;12077.555555555557;158373.33333333334
1688377769;98863143.22222222;24401.444444444445;12078.111111111111;142032.8888888889
1688377770;102663340.33333334;23825.88888888889;11989.666666666668;142928.8888888889
1688377771;102760393.11111112;24071.444444444445;12080.222222222223;148574.22222222222
1688377772;102468979.44444445;25274;12027.111111111111;148674.22222222222
1688377773;102532795.77777779;23673.55555555556;12025.666666666668;146749.55555555556
1688377774;104430199;23408.55555555556;12089.444444444445;145664.22222222222
1688377775;98211874.44444445;23622.333333333336;12087.666666666668;150064.22222222222
1688377776;85049912.66666667;22759.77777777778;12028.555555555557;130114.22222222223
1688377777;80231798.8888889;23474;12029.88888888889;116910.88888888889
1688377778;71639072.55555557;22592.222222222223;12029.77777777778;113503.11111111112
1688377779;58872175.00000001;20499.55555555556;12028.111111111111;93637.55555555556
1688377780;45622013;20962.333333333336;11930.77777777778;76051.77777777778
1688377781;32761474.444444448;21104.88888888889;12018.666666666668;55861.55555555556
1688377782;25068788;22427.77777777778;12019.111111111111;38579.66666666667
1688377783;23836199.333333336;21853.55555555556;11974.555555555557;32237.000000000004
1688377784;27129747.88888889;22066.111111111113;12041.222222222223;29230.111111111113
1688377785;37922905.11111111;22564.111111111113;12072.77777777778;47255.444444444445
1688377786;49584874.55555556;23136.55555555556;12072.666666666668;61162.333333333336
1688377787;59814955.55555556;22988.111111111113;12072.111111111111;78693
1688377788;71781613.11111112;23973.88888888889;12075.111111111111;90312.77777777778
1688377789;82953418.55555557;24342.88888888889;12076;111002.55555555556
1688377790;89216590.66666667;28844.88888888889;12003.444444444445;130746.77777777778
1688377791;95559745.77777779;27820.333333333336;12094;134833.55555555556
1688377792;96737622.8888889;29711.333333333336;12093.666666666668;132342.22222222222
1688377793;97189422;27752.88888888889;12027.222222222223;136199.55555555556
1688377794;88170043;28952.111111111113;12053.77777777778;131555.11111111112
1688377795;76508071;28298.444444444445;12052.333333333334;117648.22222222223
1688377796;66277980.222222224;29624.88888888889;12053.111111111111;100112.88888888889
1688377797;54311310.333333336;28411.77777777778;12050.222222222223;88493.11111111112
1688377798;43139505.77777778;26925.55555555556;12049.111111111111;67786.22222222223
1688377799;36876331.44444445;21955;12040.666666666668;48045.55555555556
1688377800;25142571.222222224;22183;11951.444444444445;42871.77777777778
1688377801;12416341.111111112;22736.222222222223;11933.555555555557;32216.666666666668
1688377802;1785025.0000000002;23487.88888888889;12024.555555555557;14271.222222222223
1688377803;11239.333333333334;23350.55555555556;11966.555555555557;14262.222222222223
1688377804;11240.333333333334;23023.444444444445;11976.77777777778;14378.000000000002
1688377805;11267.666666666668;24562.111111111113;12039.88888888889;14378.666666666668
1688377806;11266.333333333334;23908.111111111113;12041.88888888889;14367.444444444445
1688377807;11263.555555555557;23499.333333333336;12042.444444444445;14364.000000000002
1688377808;11264;23172.77777777778;12035.77777777778;14302.333333333334
1688377809;11271;21689;12034.88888888889;14376.222222222223
1688377810;11269.666666666668;22365.333333333336;12035.222222222223;14400.000000000002
1688377811;11270.333333333334;22368.333333333336;11945.111111111111;14398.444444444445
1688377812;11271.222222222223;22006.666666666668;12042.222222222223;14394.444444444445
1688377813;11271.555555555557;22510.444444444445;12065.88888888889;14279.111111111111
1688377814;11258.222222222223;21740.222222222223;12001.333333333334;14359.555555555557
1688377815;11260.333333333334;22851.666666666668;12093.555555555557;14359.666666666668
1688377816;11261.77777777778;22630.333333333336;12093.666666666668;14324.333333333334
1688377817;11263.222222222223;23887.222222222223;12091.222222222223;14380.222222222223
1688377818;11254.111111111111;23925.88888888889;12091;14304.88888888889
1688377819;11255.666666666668;24481.77777777778;12087.88888888889;14310.88888888889
1688377820;11254.88888888889;28476.444444444445;12087;14311.000000000002
1688377821;11255.555555555557;29905.55555555556;11990.666666666668;14308.333333333334
1688377822;11254.666666666668;29374.000000000004;12060.222222222223;14308.555555555557
1688377823;11241.666666666668;28051.000000000004;12062.333333333334;14220.111111111111
1688377824;11275.88888888889;29232.666666666668;11969;14295.111111111111
1688377825;11284.555555555557;30581.55555555556;12006.88888888889;14308.333333333334
1688377826;11282;30140.444444444445;12007.333333333334;14251.000000000002
1688377827;11289;30795.111111111113;12008.555555555557;14258.333333333334
1688377828;11295.333333333334;26998.666666666668;12009;14182.77777777778
1688377829;11304.444444444445;22815.444444444445;12009.77777777778;14184.555555555557
1688377830;11303.222222222223;22145.77777777778;12009.111111111111;14230.88888888889
1688377831;11303.444444444445;21676.222222222223;11906.666666666668;14236.333333333334
1688377832;11304.333333333334;23528;11972;14234.111111111111
1688377833;11267.88888888889;21698.333333333336;12061.555555555557;14160.222222222223
1688377834;11257.77777777778;22678.666666666668;12079;14148.333333333334
1688377835;11258.77777777778;22988.222222222223;12203.111111111111;14239.88888888889
1688377836;11250.88888888889;23256.666666666668;12248;14232.333333333334
1688377837;11241.555555555557;23637.666666666668;12250.444444444445;14240.333333333334
1688377838;11230.222222222223;24057.222222222223;12251.333333333334;14238.222222222223
1688377839;11247.77777777778;22800.111111111113;12252.555555555557;14202.111111111111
1688377840;11246.555555555557;23723.111111111113;12250.88888888889;14252.333333333334
1688377841;11245.77777777778;23271.333333333336;12185.111111111111;14254.444444444445
1688377842;11245;25196;12096.444444444445;14253.666666666668
1688377843;11244.111111111111;23168.77777777778;12060.333333333334;14250.555555555557
1688377844;11242.88888888889;23380.666666666668;12036.222222222223;14158.88888888889
1688377845;11243.222222222223;24735.666666666668;12060.333333333334;14256.88888888889
1688377846;11246.222222222223;23835.77777777778;12058.666666666668;14257.77777777778
1688377847;11256.77777777778;24646.666666666668;12058;14260.555555555557
1688377848;11237.77777777778;23513.333333333336;12056.222222222223;14272.555555555557
1688377849;11239.555555555557;26463.666666666668;12057.77777777778;14214.77777777778
1688377850;11238.222222222223;28076.55555555556;12072.666666666668;14269.666666666668
1688377851;11240.555555555557;26513.77777777778;12070.666666666668;14260.111111111111
1688377852;11242;27109.666666666668;12051.666666666668;14261.77777777778
1688377853;11250.111111111111;26728.55555555556;11952.444444444445;14261.111111111111
1688377854;11269;26652.55555555556;11979.666666666668;14165.555555555557
1688377855;11269.111111111111;28376.77777777778;11980.88888888889;14256.000000000002
1688377856;11260.77777777778;27503.77777777778;12045.111111111111;14253.77777777778
1688377857;11262.666666666668;28862.77777777778;12046.77777777778;14233.444444444445
1688377858;11262.444444444445;24826.77777777778;12054.77777777778;14243.333333333334
1688377859;11269;22017.77777777778;12052.88888888889;14186.333333333334
1688377860;11267.77777777778;23045.666666666668;12095.111111111111;14186.88888888889
1688377861;11276.222222222223;22464.333333333336;12093.77777777778;14270.77777777778
1688377862;11269.88888888889;23280.55555555556;12095.88888888889;14279.222222222223
1688377863;11250.88888888889;21183.666666666668;11997.77777777778;14321.666666666668
1688377864;11249.666666666668;22584.444444444445;12098.88888888889;14230.000000000002
1688377865;11256.77777777778;22248.666666666668;12039.88888888889;14321.111111111111
1688377866;11255;22959.55555555556;12093.77777777778;14327.333333333334
1688377867;11255.666666666668;23328.666666666668;12093.444444444445;14317.88888888889
1688377868;11251.222222222223;23698.333333333336;12088;14318.444444444445
1688377869;11261.88888888889;22732.111111111113;12087.77777777778;14326.77777777778
1688377870;11261.222222222223;22346;12088;14242.000000000002
1688377871;11259.222222222223;21485.88888888889;12084.555555555557;14281.111111111111
1688377872;11259;21827.111111111113;12085.77777777778;14237.555555555557
1688377873;11267.333333333334;21360.666666666668;12001.111111111111;14236.111111111111
1688377874;11259.88888888889;21301.55555555556;12004.444444444445;14145.555555555557
1688377875;11261.444444444445;21911.77777777778;12045.333333333334;14145.111111111111
1688377876;11258.88888888889;22149.666666666668;12082.555555555557;14236.222222222223
1688377877;11258.222222222223;22908.333333333336;12073.77777777778;14236.88888888889
1688377878;11255.555555555557;22121.222222222223;12032.88888888889;14230.555555555557
1688377879;11247.444444444445;26323.444444444445;12035.222222222223;14229.77777777778
1688377880;11247.555555555557;28523.55555555556;12035.555555555557;14182.444444444445
1688377881;11255.333333333334;30154.000000000004;12035.555555555557;14240.000000000002
1688377882;11246.444444444445;27980.444444444445;12019;14240.555555555557
1688377883;11252.444444444445;29799.77777777778;12016.88888888889;14245.88888888889
1688377884;11263.222222222223;29691.222222222223;11919.88888888889;14252.222222222223
1688377885;11264.666666666668;32038.77777777778;11964.222222222223;14201.77777777778
1688377886;11264.222222222223;30229.88888888889;12017;14298.111111111111
1688377887;11254.77777777778;32908.77777777778;12015.444444444445;14310.333333333334
1688377888;11255.666666666668;28702.222222222223;12013.222222222223;14433.77777777778
1688377889;11255.111111111111;26323.333333333336;12012.88888888889;14428.000000000002
1688377890;11252.666666666668;26852.111111111113;12013.666666666668;14371.222222222223
1688377891;11252;26943.55555555556;12013.222222222223;14427.77777777778
1688377892;11253.555555555557;25777;12007;14422.666666666668
1688377893;11241.222222222223;24784.55555555556;12008;14428.111111111111
1688377894;11240.666666666668;22850.333333333336;11932.666666666668;14388.333333333334
1688377895;11247.222222222223;24747.333333333336;11962.77777777778;14291.222222222223
1688377896;11249.444444444445;23519.77777777778;11979.111111111111;14354.222222222223
1688377897;11249.222222222223;24348;12023.77777777778;14255.88888888889
1688377898;11249.222222222223;24605.55555555556;12026.88888888889;14263.333333333334
1688377899;11264.88888888889;22933.333333333336;12033;14269.77777777778
1688377900;11271.88888888889;24545;12047;14272.88888888889
1688377901;11265.222222222223;23755.55555555556;12082.111111111111;14322.000000000002
1688377902;11265.88888888889;23627.222222222223;12118.77777777778;14309.333333333334
1688377903;11267.555555555557;23999.111111111113;12103.444444444445;14315.666666666668
1688377904;11267;23566.88888888889;12137.88888888889;14364.444444444445
1688377905;11266.222222222223;24097.88888888889;12124.444444444445;14290.222222222223
1688377906;11266.444444444445;23392;12170;14267.77777777778
1688377907;11268;24092.111111111113;12231.77777777778;14381.88888888889
1688377908;11245.77777777778;23479.111111111113;12225;14379.77777777778
1688377909;11238.444444444445;25477.55555555556;12211.88888888889;14329.555555555557
1688377910;11235.666666666668;29109.55555555556;12177.88888888889;14282.333333333334
1688377911;11235.666666666668;29176.55555555556;12155.444444444445;14277.88888888889
1688377912;11233.77777777778;27999.111111111113;12156.666666666668;14327.111111111111
1688377913;11228.222222222223;27883.444444444445;12041;14280.444444444445
1688377914;11247.222222222223;28130.333333333336;12038.666666666668;14279.000000000002
1688377915;11253;29999.333333333336;11948.111111111111;14277.77777777778
1688377916;11259.444444444445;28144.333333333336;11974.88888888889;14160.88888888889
1688377917;11269.222222222223;29674.333333333336;12104.666666666668;14245.555555555557
1688377918;11278.333333333334;28581.77777777778;12103.88888888889;14243.666666666668
1688377919;11280.555555555557;25894.88888888889;12233.77777777778;14273.222222222223
1688377920;11280;26133.88888888889;12226.333333333334;14280.222222222223
1688377921;11280.555555555557;26150;12226.333333333334;14244.111111111111
1688377922;11282;26026.55555555556;12225.77777777778;14306.666666666668
1688377923;11263.222222222223;25007.444444444445;12227.88888888889;14312.444444444445
1688377924;11265.333333333334;24246.333333333336;12229.111111111111;14314.000000000002
1688377925;11259.444444444445;25936.88888888889;12147.222222222223;14317.333333333334
1688377926;11259.666666666668;25130.444444444445;12115.444444444445;14235.88888888889
1688377927;11251.77777777778;24064.111111111113;12115.77777777778;14321.000000000002
1688377928;11252.111111111111;21946.111111111113;11991.77777777778;14290.111111111111
1688377929;11270.77777777778;27808.000000000004;12068.555555555557;14315.88888888889
1688377930;11285.111111111111;29761.666666666668;12071.77777777778;14296.222222222223
1688377931;12734.333333333334;30495.000000000004;12071.222222222223;14464.444444444445
1688377932;1262320.3333333335;31590.88888888889;12070.88888888889;14606.88888888889
1688377933;14272571.444444446;30623.000000000004;12067.444444444445;15292.88888888889
1688377934;27185601.555555556;29435.333333333336;12057.88888888889;33824.222222222226
1688377935;40113460;30548.77777777778;11965.444444444445;52001.11111111112
1688377936;53137449.888888896;30117.666666666668;11963.88888888889;69970.66666666667
1688377937;66307937.888888896;31631.88888888889;12047.222222222223;87547.77777777778
1688377938;79259875;25140;11962;105395.11111111112
1688377939;92038309.8888889;26250.222222222223;12013.333333333334;123615.11111111112
1688377940;104964461.33333334;29739.000000000004;12012.555555555557;140487.44444444447
1688377941;116639549.55555557;27524.55555555556;12008.88888888889;158104.55555555556
1688377942;116088636.33333334;33242.222222222226;12029.444444444445;161201.77777777778
1688377943;116353143.44444445;32508.77777777778;12035.88888888889;159778.6666666667
1688377944;116574476.00000001;32030.77777777778;12029.222222222223;160797.55555555556
1688377945;116324300.8888889;31601.77777777778;12030;159990.44444444447
1688377946;116211275.44444445;33183.66666666667;11939.111111111111;161020.44444444447
1688377947;116232504.77777779;32631.666666666668;12029.555555555557;160816.44444444447
1688377948;116480181.22222222;29730.444444444445;11977.666666666668;160715.33333333334
1688377949;116561015.55555557;25568.666666666668;11979.444444444445;160499.77777777778
1688377950;116660018.66666667;27797.333333333336;12038;161331.77777777778
1688377951;117146324.11111112;22105;12019.111111111111;161495.11111111112
1688377952;116759888.8888889;23652.666666666668;12013.88888888889;162233.55555555556
1688377953;116651412.22222222;23067.222222222223;12013;161622.22222222222
1688377954;116756568.66666667;23412.444444444445;12026;161770.22222222222
1688377955;116518263.55555557;23491.333333333336;12036.222222222223;160204.8888888889
1688377956;116618038.8888889;24267.333333333336;11948.555555555557;159972.8888888889
1688377957;116655811.8888889;26261.444444444445;12033.666666666668;159586.8888888889
1688377958;116585646.66666667;25195.333333333336;12031.88888888889;159194.8888888889
1688377959;116516075.66666667;24166.444444444445;11975.333333333334;157835.11111111112
1688377960;116574103.22222222;24359.333333333336;12033.77777777778;157878.44444444447
1688377961;116767077.33333334;24778.111111111113;12047.666666666668;157258.22222222222
1688377962;104923995.55555557;24916;12051.444444444445;147925.77777777778
1688377963;92045027;23999.666666666668;12040.111111111111;130598.22222222223
1688377964;79225871.77777778;23039.222222222223;12031.222222222223;113573.55555555556
1688377965;68116385;23527.666666666668;12031.88888888889;96166.88888888889
1688377966;68358174;22715.222222222223;11944.111111111111;93592
1688377967;68376401.77777778;22884.55555555556;12046.444444444445;96366.66666666667
1688377968;68411264.22222222;23720.666666666668;12045.77777777778;98259.11111111112
1688377969;68462431.55555557;25908.111111111113;11989;98684.88888888889
1688377970;68148476.77777778;27749.111111111113;12037.666666666668;100406.44444444445
1688377971;79780004.33333334;27572.111111111113;12033.77777777778;108066.66666666667
1688377972;92815069.44444445;29203.111111111113;12039.555555555557;106422.059125
1688377973;105649798.33333334;28442.88888888889;12038.77777777778;107716.06371428572
1688377974;116632000.55555557;28068.666666666668;12038;162031.31941359397
1688377975;116324516.22222222;27666.000000000004;12036.444444444445;161548.22222222222
1688377976;116392942.00000001;27994.333333333336;11934.77777777778;161718.8888888889
1688377977;116648046.66666667;26845.88888888889;11935.333333333334;163957.11111111112
1688377978;114435760.22222222;25463;12023.222222222223;162922.22222222222
1688377979;114606309.33333334;22439.77777777778;11966.555555555557;159936.22222222222
1688377980;114748004.33333334;23546;12021.222222222223;162600
1688377981;115008405.8888889;21938.88888888889;12013.333333333334;135590.14028424406
1688377982;115107018.00000001;23321.444444444445;12013.555555555557;154088.46614557278
1688377983;108090464.22222222;23335;12055.555555555557;164019.7865718097
1688377984;95213074.77777779;23275.666666666668;12071.666666666668;149532.22222222222
1688377985;95276865.33333334;23479.666666666668;12078.333333333334;137969.55555555556
1688377986;94957691;22879.444444444445;12078.77777777778;137097.55555555556
1688377987;97278751.22222222;22451.666666666668;11988.333333333334;140395.55555555556
1688377988;93102963.33333334;23559.222222222223;12131.555555555557;139591.33333333334
1688377989;93007429.33333334;21840.77777777778;12084.555555555557;131728.8888888889
1688377990;92616467.77777779;23712.222222222223;12143;131468
1688377991;92547405.11111112;22433.88888888889;12159.555555555557;130216.8888888889
1688377992;99692481;23605.222222222223;12115.555555555557;134053.33333333334
1688377993;112724348.00000001;22229.333333333336;12100.77777777778;153408.8888888889
1688377994;107621952.00000001;22309.77777777778;12095.77777777778;164188.22222222225
1688377995;100958270.66666667;23551.666666666668;12110.666666666668;144495.33333333334
1688377996;100892382.33333334;21988;12111.666666666668;141999.55555555556
1688377997;103597245.22222222;22354.77777777778;12002;146643.11111111112
1688377998;90721918.55555557;21984.88888888889;12069.88888888889;141055.55555555556
1688377999;77817414.44444445;22050.111111111113;12026.222222222223;121945.55555555556
1688378000;64953144.333333336;29092.000000000004;12008;102966.66666666667
1688378001;51878955.222222224;27739.000000000004;12071.666666666668;83391.77777777778
1688378002;38726284.222222224;28989.000000000004;12072.555555555557;63813.77777777778
1688378003;30739972.666666668;29071.444444444445;12069.666666666668;44748.222222222226
1688378004;24478762.444444448;28677.333333333336;12055.333333333334;44076
1688378005;11381033.88888889;30468.77777777778;12056.111111111111;26117.77777777778
1688378006;11289.88888888889;28784.444444444445;12017.444444444445;13943.88888888889
1688378007;11288.333333333334;29890.55555555556;11941.666666666668;13949.555555555557
1688378008;11285.88888888889;28922.333333333336;11926.77777777778;13972.444444444445
1688378009;11277.444444444445;23109.77777777778;12025;13878.555555555557
1688378010;11278.77777777778;24652.666666666668;11961.444444444445;13968.444444444445
1688378011;11271.333333333334;24386.88888888889;12016.88888888889;13966.555555555557
1688378012;11285.333333333334;24394.111111111113;12018.444444444445;13966.000000000002
1688378013;11281.222222222223;23860.77777777778;12017.111111111111;13916.666666666668
1688378014;11281.111111111111;23651.222222222223;12030.444444444445;13956.333333333334
1688378015;11279.88888888889;24019.444444444445;12027.333333333334;13959.333333333334
1688378016;11278;23393.333333333336;12034.555555555557;13953.88888888889
1688378017;11277.444444444445;22327.88888888889;12035.333333333334;13930.111111111111
1688378018;11276;21121.111111111113;11938.666666666668;13930.444444444445
1688378019;11267.77777777778;21172.88888888889;12025.77777777778;13839.000000000002
1688378020;11265.444444444445;23715.444444444445;11970.666666666668;14008.000000000002
1688378021;11246.222222222223;22366.333333333336;12055.666666666668;14008.555555555557
1688378022;11244.77777777778;23967.55555555556;12063.88888888889;13992.000000000002
1688378023;11260.111111111111;22574;12050.222222222223;13938.111111111111
1688378024;11266.77777777778;24411.666666666668;12053.444444444445;14003.111111111111
1688378025;11273.444444444445;24164.111111111113;12047.77777777778;14016.666666666668
1688378026;11279.333333333334;26055.444444444445;12047.77777777778;14019.555555555557
1688378027;11340.77777777778;25311.77777777778;12046.555555555557;14075.444444444445
1688378028;11354.476782937127;23440.111111111113;11959.111111111111;14076.111111111111
1688378029;11357.88888888889;22441.88888888889;12032.222222222223;13907.555555555557
1688378030;11364.222222222223;30040.000000000004;11969;13997.666666666668
1688378031;11370.88888888889;29262.000000000004;12022.111111111111;13995.111111111111
1688378032;11353.666666666668;30722.111111111113;12021.88888888889;14000.555555555557
1688378033;11348.222222222223;28476.444444444445;12019.444444444445;13934.444444444445
1688378034;11343.222222222223;29306.222222222223;12019.444444444445;13982.111111111111
1688378035;11338.444444444445;28620.88888888889;12018.88888888889;13978.77777777778
1688378036;11277.333333333334;28786.55555555556;12019.222222222223;13979.88888888889
1688378037;11264.503222938429;28933.222222222223;12020.444444444445;13978.555555555557
1688378038;11261.666666666668;27093.666666666668;11946.555555555557;14004.77777777778
1688378039;11254.111111111111;21433;11932.77777777778;13911.88888888889
1688378040;11246.222222222223;22932;11968.555555555557;14008.77777777778
1688378041;11246.222222222223;23093.333333333336;11968.333333333334;14006.222222222223
1688378042;11262.222222222223;23264.333333333336;12015.555555555557;14003.000000000002
1688378043;11263.77777777778;23276.333333333336;12016.555555555557;13944.333333333334
1688378044;11262.77777777778;23134.88888888889;12017.444444444445;13948.555555555557
1688378045;11262.333333333334;24639.88888888889;12024.77777777778;13948.666666666668
1688378046;11260.222222222223;23530.333333333336;12026.222222222223;13948.88888888889
1688378047;11259;24150.77777777778;12027.333333333334;13928.88888888889
1688378048;11263.111111111111;22492.55555555556;12027.111111111111;13930.111111111111
1688378049;11261;20765.55555555556;11931.222222222223;13840.333333333334
1688378050;11259.555555555557;23604.88888888889;12081.555555555557;13845.111111111111
1688378051;11243.333333333334;24337.55555555556;12033.555555555557;13938.333333333334
1688378052;11242;24174;12108.333333333334;13933.77777777778
1688378053;11249;23725.333333333336;12108.333333333334;13931.88888888889
1688378054;11248.333333333334;23389.333333333336;12099.666666666668;13876.222222222223
1688378055;11251.111111111111;24667.666666666668;12104.88888888889;13933.111111111111
1688378056;11254.555555555557;24103.666666666668;12102.77777777778;13933.000000000002
1688378057;11259.77777777778;24607.55555555556;12102.111111111111;13932.444444444445
1688378058;11261.333333333334;24134.77777777778;12103.222222222223;13925.77777777778
1688378059;11262.111111111111;19911.111111111113;11953;13922.555555555557
1688378060;11260.222222222223;28655.000000000004;12048;13831.555555555557
1688378061;11259.555555555557;28988.55555555556;11971.88888888889;13918.88888888889
1688378062;11253.666666666668;28647.77777777778;12027.333333333334;13920.555555555557
1688378063;11255.77777777778;29086.88888888889;12096.333333333334;13916.222222222223
1688378064;11254.111111111111;30027.666666666668;12097.666666666668;13858.77777777778
1688378065;11251.666666666668;30785.666666666668;12098.111111111111;13911.111111111111
1688378066;11241.333333333334;30776.444444444445;12129.666666666668;13912.111111111111
1688378067;11242;31231.222222222223;12127.444444444445;13926.77777777778
1688378068;11241.333333333334;31831.000000000004;12128.666666666668;13937.111111111111
1688378069;11241.333333333334;22189.55555555556;12036;13946.88888888889
1688378070;11240.444444444445;21430.77777777778;12115.444444444445;13859.000000000002
1688378071;11235.555555555557;25282.111111111113;12074.88888888889;13948.666666666668
1688378072;11244.111111111111;24453.333333333336;12065.111111111111;13950.88888888889
1688378073;11243.666666666668;23671.333333333336;12057.555555555557;13978.444444444445
1688378074;11243.444444444445;23810.55555555556;12058.222222222223;13918.88888888889
1688378075;11242.555555555557;24921.444444444445;12033.88888888889;14007.88888888889
1688378076;11241.444444444445;23897.444444444445;12044.222222222223;13996.88888888889
1688378077;11240.555555555557;24632;12045.333333333334;13987.88888888889
1688378078;11238.555555555557;23823.333333333336;12045.444444444445;13980.88888888889
1688378079;11238.77777777778;25118.666666666668;11967.555555555557;13982.111111111111
1688378080;11240.111111111111;21757.55555555556;11952.88888888889;13890.333333333334
1688378081;11228.88888888889;24408.111111111113;11991;13981.555555555557
1688378082;11228.77777777778;24155.333333333336;12072.444444444445;13956.555555555557
1688378083;11229.666666666668;22982.77777777778;12071.88888888889;13956.222222222223
1688378084;11231.222222222223;23155.77777777778;12057.77777777778;13875.000000000002
1688378085;11229.77777777778;24152.88888888889;12045.666666666668;13943.333333333334
1688378086;11229.333333333334;23441.88888888889;12044;13945.77777777778
1688378087;11242.333333333334;24189.77777777778;12043;13944.111111111111
1688378088;11241.88888888889;22895;12041.222222222223;13944.000000000002
1688378089;11244.77777777778;21719.666666666668;12041.222222222223;13944.000000000002
1688378090;11243.444444444445;26356.444444444445;11953;13853.333333333334
1688378091;11243.333333333334;27374.222222222223;11968.555555555557;13852.88888888889
1688378092;11241.666666666668;29584.222222222223;11977.444444444445;13943.77777777778
1688378093;11238.88888888889;27430.333333333336;12032.555555555557;13933.88888888889
1688378094;11241.111111111111;28356.77777777778;12035.666666666668;13861.000000000002
1688378095;11240.666666666668;28151.333333333336;12033;13915.77777777778
1688378096;11230;28839.222222222223;12032.77777777778;13916.000000000002
1688378097;11230.222222222223;29104.55555555556;12032.555555555557;13918.444444444445
1688378098;11228.666666666668;29513.222222222223;12030.444444444445;13945.333333333334
1688378099;11236.77777777778;22370.55555555556;12028.333333333334;13943.222222222223
1688378100;11236.666666666668;22495.111111111113;11938.333333333334;13950.333333333334
1688378101;11245.88888888889;22678.333333333336;11929.555555555557;13858.666666666668
1688378102;11259.666666666668;24596.111111111113;11976.222222222223;13964.666666666668
1688378103;11258.77777777778;23520.222222222223;12030.444444444445;13965.000000000002
1688378104;11259.333333333334;23525.222222222223;12034.444444444445;13995.333333333334
1688378105;11257.666666666668;24713.55555555556;12038.111111111111;13995.000000000002
1688378106;11257;23634.77777777778;12040;14103.111111111111
1688378107;11255.88888888889;24049.666666666668;12042.444444444445;14083.77777777778
1688378108;11253.666666666668;23762.666666666668;12043.111111111111;14084.666666666668
1688378109;11251.555555555557;22212;12035.555555555557;14083.000000000002
1688378110;11242.111111111111;22643.666666666668;12037;14083.333333333334
1688378111;11229.555555555557;22931;11995.333333333334;13979.111111111111
1688378112;11229.444444444445;24015;12049.555555555557;14070.222222222223
1688378113;11230.88888888889;24807;12105.88888888889;13982.77777777778
1688378114;11229.444444444445;23757;12111.111111111111;13980.88888888889
1688378115;11229.555555555557;25749.88888888889;12117.88888888889;13869.222222222223
1688378116;11228.77777777778;25584;12167.444444444445;13924.111111111111
1688378117;11222.88888888889;25542.77777777778;12168.222222222223;13922.444444444445
1688378118;11233.77777777778;25742;12169;13913.333333333334
1688378119;11234.333333333334;23042.55555555556;12167.222222222223;13915.000000000002
1688378120;11233;29105.77777777778;12105.88888888889;13917.111111111111
1688378121;11231.666666666668;28337.000000000004;11995.77777777778;13823.88888888889
1688378122;11232;29631.55555555556;12027.77777777778;13914.666666666668
1688378123;11234.77777777778;29280.88888888889;12083.88888888889;13917.666666666668
1688378124;11234.666666666668;29291.666666666668;12074.555555555557;13917.444444444445
1688378125;11236.333333333334;29422.77777777778;12024.444444444445;13865.000000000002
1688378126;11237.444444444445;29561.88888888889;12024.666666666668;13935.333333333334
1688378127;11228;28841.88888888889;12024.444444444445;13938.666666666668
1688378128;11226.555555555557;29781.77777777778;12024;13959.555555555557
1688378129;11227.77777777778;22465.111111111113;12024.77777777778;13966.555555555557
1688378130;12548.111111111111;23344.55555555556;12026.444444444445;14286.555555555557
1688378131;5164944.555555556;22790.111111111113;11935.77777777778;14201.000000000002
1688378132;15531950.111111112;24839.111111111113;11960.88888888889;25098.444444444445
1688378133;25713811.666666668;24182.77777777778;12017.111111111111;51387.55555555556
1688378134;35845714.44444445;24465.666666666668;12016.333333333334;77433.55555555556
1688378135;46053117.333333336;24850.333333333336;12024.222222222223;100243.55555555556
1688378136;55907539.00000001;24856;12032;120263.77777777778
1688378137;65833841.44444445;24726.222222222223;12033;144706.8888888889
1688378138;75807616.55555557;23779.666666666668;12034.333333333334;167252.8888888889
1688378139;85741646.55555557;23222.333333333336;12033.444444444445;190848.55555555556
1688378140;90527664;22189.55555555556;12035;211860.44444444447
1688378141;89938956.11111112;21182.444444444445;11953.88888888889;212196.6666666667
1688378142;90490668.55555557;20781.222222222223;11984.111111111111;209980.22222222225
1688378143;90421063.33333334;24302.111111111113;12000.333333333334;209991.55555555556
1688378144;80213662.77777778;23642.222222222223;12040.77777777778;196118.22222222225
1688378145;70359242.22222222;24703.77777777778;12040.222222222223;176080.8888888889
1688378146;60432942.333333336;24099.77777777778;12042.333333333334;151654.8888888889
1688378147;50459169.11111111;25255.333333333336;12078.88888888889;129108.8888888889
1688378148;40523822.222222224;24404.111111111113;12079.666666666668;104855.11111111112
1688378149;30585409.77777778;23901.88888888889;12078.666666666668;82158.88888888889
1688378150;20807116.111111112;28722.77777777778;12069.444444444445;59203.55555555556
1688378151;10073547.555555556;29197.000000000004;11984.555555555557;35148
1688378152;11253;26804.77777777778;11976.222222222223;13603.444444444445
1688378153;11252.88888888889;28271.55555555556;12069.222222222223;13692.77777777778
1688378154;11254.444444444445;28808.444444444445;12116.222222222223;13669.444444444445
1688378155;11255.77777777778;28796.88888888889;12113;13616.111111111111
1688378156;11256.555555555557;28583.55555555556;12076.88888888889;13571.000000000002
1688378157;11257.666666666668;33318.11111111112;12096.88888888889;13921.222222222223
1688378158;11259.333333333334;33298.11111111112;12096.77777777778;14025.77777777778
1688378159;11269.444444444445;27178.111111111113;12099.333333333334;14026.111111111111
1688378160;11284.555555555557;27702.88888888889;12107.444444444445;14025.111111111111
1688378161;11292.333333333334;26244.444444444445;12100.666666666668;14028.000000000002
1688378162;11302.333333333334;26432.222222222223;11953.88888888889;13942.000000000002
1688378163;11303.222222222223;26199;11900.111111111111;13951.333333333334
1688378164;11308.333333333334;28014.333333333336;12055.77777777778;14041.333333333334
1688378165;11309.111111111111;27387.333333333336;12054.222222222223;14043.000000000002
1688378166;11308.77777777778;23949.333333333336;12053;13691.333333333334
1688378167;11307.88888888889;24087.333333333336;12052.444444444445;13554.111111111111
1688378168;12651.77777777778;24840.222222222223;12059.444444444445;13921.111111111111
1688378169;12983.222222222223;23249.55555555556;12050.555555555557;13932.000000000002
1688378170;11630529.333333334;24889.333333333336;12050.333333333334;14015.666666666668
1688378171;24543925.444444448;23516;12050;29325.000000000004
1688378172;37704708.222222224;23653.444444444445;12049.333333333334;47076.55555555556
1688378173;50789018.66666667;23038.666666666668;11896.77777777778;63464.55555555556
1688378174;63910732.11111111;26064;12051;80986.11111111111
1688378175;76765755.22222222;25104.333333333336;12032.222222222223;99114.11111111112
1688378176;89835055.55555557;25551.77777777778;12041.111111111111;117068.77777777778
1688378177;102878484.44444445;24824;12047.444444444445;133419.77777777778
1688378178;115525684.66666667;26009.77777777778;12048.666666666668;151680.44444444447
1688378179;116804245.22222222;24286.444444444445;12118.222222222223;158410.22222222222
1688378180;116921393.44444445;29634.88888888889;12118.111111111111;157226.22222222222
1688378181;116701950.11111112;29772.666666666668;12117.444444444445;158159.33333333334
1688378182;116857615.44444445;29409.111111111113;12115.666666666668;158767.77777777778
1688378183;116548019.8888889;28149.000000000004;11959.77777777778;158652
1688378184;116597729.33333334;29794.000000000004;12050.222222222223;157168
1688378185;116508189.00000001;29974.666666666668;12088.333333333334;157485.33333333334
1688378186;116540907.8888889;29794.88888888889;12075;158564.6666666667
1688378187;116951066.44444445;30004.77777777778;12099.88888888889;158939.33333333334
1688378188;117170155.66666667;33893.555555555555;12048.77777777778;159152
1688378189;117063616.8888889;29182.222222222223;12046.444444444445;159931.77777777778
1688378190;117069597.66666667;29551.000000000004;12048.555555555557;157656.6666666667
1688378191;116767808.8888889;28618.000000000004;12048.666666666668;157761.55555555556
1688378192;116929270.11111112;28212.666666666668;12050.444444444445;158664.22222222222
1688378193;117085244.11111112;26817.88888888889;11958.77777777778;159822.22222222222
1688378194;116960560.44444445;28833.666666666668;11913.555555555557;159898.8888888889
1688378195;116895606.11111112;29164.77777777778;12047.77777777778;160008.8888888889
1688378196;116890898.33333334;27503.77777777778;12029.111111111111;160320.8888888889
1688378197;116631836.44444445;24800.333333333336;12009.666666666668;160609.55555555556
1688378198;116725517.66666667;23003.222222222223;12010.88888888889;161225.11111111112
1688378199;106784040.33333334;21725.88888888889;12009.222222222223;156018.8888888889
1688378200;93845856;22040.444444444445;12007.444444444445;138917.55555555556
1688378201;80872282.8888889;22771.222222222223;12014.222222222223;120613.77777777778
1688378202;67811575.66666667;22703.77777777778;12014.444444444445;102808.22222222223
1688378203;54956505.77777778;20613.55555555556;12022.222222222223;84454.88888888889
1688378204;41943962.333333336;21990.333333333336;11886.222222222223;66202.88888888889
1688378205;28890963.666666668;24176.111111111113;12023.444444444445;47272.66666666667
1688378206;16034820.444444446;23161.333333333336;12031.111111111111;30017.111111111113
1688378207;3017125.888888889;24157.333333333336;12032;13300.111111111111
1688378208;11282.77777777778;24018;12038.666666666668;13250.666666666668
1688378209;11275.333333333334;23543;12046.555555555557;13313.77777777778
1688378210;11269.333333333334;28161.77777777778;12039.77777777778;13317.222222222223
1688378211;11270.555555555557;28204.55555555556;12096.222222222223;13316.77777777778
1688378212;11265.666666666668;28862.77777777778;12088.444444444445;13313.111111111111
1688378213;11267.666666666668;27197.666666666668;12089.333333333334;13304.88888888889
1688378214;11286.666666666668;27711.77777777778;11945;13196.88888888889
1688378215;11289.444444444445;28900.222222222223;12074.77777777778;13280.333333333334
1688378216;11289.111111111111;28568.77777777778;12071.666666666668;13271.77777777778
1688378217;11288.111111111111;28711.333333333336;12064.222222222223;13270.77777777778
1688378218;11288.333333333334;29255.000000000004;12055.88888888889;13211.000000000002
1688378219;11291.77777777778;22922.333333333336;12056.333333333334;13292.77777777778
1688378220;11289.111111111111;21657.88888888889;12000.88888888889;13292.88888888889
1688378221;11294.555555555557;22779.333333333336;12005.111111111111;13291.333333333334
1688378222;11284.77777777778;22613.333333333336;12004.333333333334;13296.444444444445
1688378223;11264.555555555557;21567.77777777778;12005.88888888889;13297.333333333334
1688378224;11262;20880.88888888889;11870.111111111111;13211.555555555557
1688378225;11260.77777777778;23254.444444444445;11872.111111111111;13302.88888888889
1688378226;11260.555555555557;26536.77777777778;12217;13322.666666666668
1688378227;11259.444444444445;27226.55555555556;12219.222222222223;13317.333333333334
1688378228;11254.88888888889;26851.77777777778;12217.77777777778;13233.77777777778
1688378229;11325.111111111111;28310.666666666668;12222.88888888889;13235.000000000002
1688378230;11317.333333333334;26792.444444444445;12218.444444444445;13281.444444444445
1688378231;11327.666666666668;27454.222222222223;12258.111111111111;13277.222222222223
1688378232;11335.333333333334;26557.000000000004;12255.444444444445;13280.333333333334
1688378233;11343.222222222223;25906.666666666668;12254.111111111111;13274.333333333334
1688378234;11342.222222222223;24954.444444444445;12254.222222222223;13182.333333333334
1688378235;11342.88888888889;30392.333333333336;11930;13252.555555555557
1688378236;11341.88888888889;29950.88888888889;12082.666666666668;13280.666666666668
1688378237;11341.666666666668;30726.444444444445;12096.444444444445;13279.222222222223
1688378238;11278.111111111111;30051.88888888889;12090;13278.666666666668
1688378239;11276.77777777778;28837.55555555556;12087;13252.000000000002
1688378240;11266.88888888889;34624.555555555555;12046.88888888889;13300.333333333334
1688378241;11259.111111111111;34694.222222222226;12048;13300.333333333334
1688378242;11259.333333333334;36230.77777777778;12048.88888888889;13308.555555555557
1688378243;11266.333333333334;35274.222222222226;12107.666666666668;13309.222222222223
1688378244;11283.222222222223;30597.666666666668;12090.111111111111;13265.333333333334
1688378245;11292.222222222223;30952.000000000004;11937.111111111111;13334.000000000002
1688378246;11300;32796.333333333336;12091.77777777778;13347.444444444445
1688378247;11293.88888888889;31942.000000000004;12092.77777777778;13372.000000000002
1688378248;11295.333333333334;31959.666666666668;12095;13376.666666666668
1688378249;11297.77777777778;26011.333333333336;12096.222222222223;13334.222222222223
1688378250;11298.555555555557;26614.666666666668;12097.88888888889;13400.88888888889
1688378251;11290.111111111111;26340.444444444445;12097.222222222223;13400.333333333334
1688378252;11282.444444444445;25600.88888888889;12096.77777777778;13400.000000000002
1688378253;11264.77777777778;21040.111111111113;12100.666666666668;13355.000000000002
1688378254;11257.111111111111;20955.111111111113;12101.333333333334;13263.111111111111
1688378255;11257.333333333334;21057;11976;13256.88888888889
1688378256;11258.666666666668;23645.77777777778;12073.555555555557;13322.333333333334
1688378257;11259;23818.111111111113;12131.111111111111;13298.333333333334
1688378258;11257.666666666668;24443.77777777778;12129.444444444445;13352.444444444445
1688378259;11268.111111111111;22875.111111111113;12126.555555555557;13285.555555555557
1688378260;11268;23490.55555555556;12126.88888888889;13341.77777777778
1688378261;11269.555555555557;23485.55555555556;12077.77777777778;13342.555555555557
1688378262;11270.333333333334;25057.444444444445;12078.444444444445;13343.555555555557
1688378263;11270.666666666668;24011;12084.111111111111;13336.666666666668
1688378264;11267.222222222223;23155.77777777778;12049.88888888889;13336.666666666668
1688378265;11267.444444444445;21472.444444444445;11951.88888888889;13261.77777777778
1688378266;11267.666666666668;24855.444444444445;11930.444444444445;13378.666666666668
1688378267;11275.77777777778;23313.333333333336;12091.111111111111;13319.88888888889
1688378268;11271.77777777778;24597.333333333336;12093.555555555557;13319.666666666668
1688378269;11281.111111111111;22533;12092.111111111111;13270.222222222223
1688378270;11290.444444444445;31965.55555555556;12090.555555555557;13325.333333333334
1688378271;11291;30813.000000000004;12083.111111111111;13324.444444444445
1688378272;11290.222222222223;31397.222222222223;12076.111111111111;13324.555555555557
1688378273;11287.111111111111;30930.55555555556;12067;13317.222222222223
1688378274;11298.333333333334;31178.77777777778;12067.77777777778;13299.333333333334
1688378275;11298.555555555557;28642.77777777778;12033;13175.666666666668
1688378276;11291.88888888889;30529.222222222223;11873.666666666668;13274.77777777778
1688378277;11285.666666666668;31816.111111111113;12019.222222222223;13274.77777777778
1688378278;11285.88888888889;31759.88888888889;12022.666666666668;13499.444444444445
1688378279;11285.666666666668;22766;12014.666666666668;13534.77777777778
1688378280;11292.333333333334;24394.222222222223;12025.111111111111;13535.444444444445
1688378281;11299.111111111111;25049.222222222223;12025.111111111111;13731.555555555557
1688378282;11297.88888888889;24513.333333333336;12027.444444444445;13730.77777777778
1688378283;11291.88888888889;24763.333333333336;12027.666666666668;13707.222222222223
1688378284;11291.444444444445;24496.222222222223;12025.222222222223;13673.444444444445
1688378285;11289.77777777778;24003.222222222223;12025.222222222223;13576.111111111111
1688378286;11296.222222222223;24726.55555555556;11899.222222222223;13626.88888888889
1688378287;11294.88888888889;25745.333333333336;12051.666666666668;13408.88888888889
1688378288;11286.222222222223;25551.55555555556;12053.333333333334;13280.000000000002
1688378289;11290;23810.666666666668;12044.88888888889;13238.222222222223
1688378290;11283.444444444445;24074.444444444445;12052.555555555557;13011.222222222223
1688378291;11283.88888888889;24062;12050.111111111111;13036.555555555557
1688378292;11285.555555555557;23797.444444444445;12068.88888888889;13061.666666666668
1688378293;11285.666666666668;23579.666666666668;12071.555555555557;13062.444444444445
1688378294;11293.88888888889;23180.333333333336;12071.111111111111;13020
1688378295;11286.444444444445;21274.222222222223;12069.555555555557;12930.77777777778
1688378296;11286.222222222223;21989.77777777778;11914.444444444445;12880.222222222223
1688378297;11285.444444444445;23312.77777777778;12064;12968.88888888889
1688378298;11275.333333333334;23280.77777777778;12064.88888888889;12972
1688378299;11275.333333333334;21974.77777777778;12058.555555555557;12956.222222222223
1688378300;11273.222222222223;33612.66666666667;12086.555555555557;12891
1688378301;11265.666666666668;33460.555555555555;12069.333333333334;13394.88888888889
1688378302;11264;33857;12069.333333333334;13385.444444444445
1688378303;11262.444444444445;33225.77777777778;12072.333333333334;13383.111111111111
1688378304;11272.222222222223;33361.66666666667;12055.555555555557;13387.77777777778
1688378305;11273.222222222223;32457.77777777778;12057;13376.88888888889
1688378306;11280.555555555557;33036.66666666667;11914.444444444445;13323.333333333334
1688378307;11287.111111111111;34153.77777777778;11958.333333333334;13427.88888888889
1688378308;11287.88888888889;34124.77777777778;12040.555555555557;13436.666666666668
1688378309;11295;22434.55555555556;12014.666666666668;13445.333333333334
1688378310;11295.444444444445;23762.88888888889;12014;12909.222222222223
1688378311;11297.444444444445;23073.333333333336;12013.222222222223;13008.333333333334
1688378312;11291.333333333334;23986.55555555556;12010.444444444445;13010.77777777778
1688378313;11280.666666666668;23059;12009.222222222223;13002.555555555557
1688378314;11272.555555555557;22900;12010.111111111111;13020.333333333334
1688378315;11267.333333333334;21577;12010.77777777778;12982.88888888889
1688378316;11259.88888888889;22223;11973.666666666668;12884.555555555557
1688378317;11267.77777777778;24540.55555555556;11896.666666666668;12974.111111111111
1688378318;11262.555555555557;25043.88888888889;12039.444444444445;12967
1688378319;11281.77777777778;23684.88888888889;12037.77777777778;12961.333333333334
1688378320;11287.88888888889;25318.444444444445;12095.88888888889;12874.333333333334
1688378321;11288.444444444445;24888.88888888889;12097.222222222223;12996.88888888889
1688378322;11289.88888888889;25805.333333333336;12105.444444444445;13000.333333333334
1688378323;11290.444444444445;25371.77777777778;12105.222222222223;12990.222222222223
1688378324;11296.333333333334;25576.55555555556;12098.555555555557;12998.111111111111
1688378325;11296.77777777778;23900.88888888889;12097.555555555557;13054.444444444445
1688378326;11289.333333333334;24130.333333333336;12092.77777777778;12963.666666666668
1688378327;11290.666666666668;25029.222222222223;11957.77777777778;13052.555555555557
1688378328;11274;25261;12111.222222222223;13049.666666666668
1688378329;11268.333333333334;22761.333333333336;12052.222222222223;13054.666666666668
1688378330;11268;29818.222222222223;12058.88888888889;12929.333333333334
1688378331;11268.444444444445;29010.444444444445;12050.77777777778;13001.88888888889
1688378332;11268.222222222223;31182.88888888889;12049.88888888889;13002.555555555557
1688378333;11268.444444444445;29816.333333333336;12048.222222222223;12995.222222222223
1688378334;11281.555555555557;31555.55555555556;12042.333333333334;12932
1688378335;11281.88888888889;28483.000000000004;12041.333333333334;12932.666666666668
1688378336;11279.88888888889;28319.222222222223;12034.222222222223;12849.555555555557
1688378337;11276.77777777778;28329.77777777778;11881;12940.333333333334
1688378338;11274.77777777778;31372.111111111113;12013.111111111111;12965.222222222223
1688378339;11274;23122.111111111113;12006.88888888889;12966.333333333334
1688378340;11273.555555555557;25196.666666666668;12015.222222222223;12889.444444444445
1688378341;11281.222222222223;23027.333333333336;12015.88888888889;12882.333333333334
1688378342;11273.666666666668;25090.333333333336;12076.77777777778;12941.222222222223
1688378343;11269.333333333334;22670.666666666668;12076;12944.444444444445
1688378344;11268.111111111111;24434.444444444445;12085.77777777778;12941.555555555557
1688378345;11275.333333333334;22600.666666666668;12093.666666666668;12934.444444444445
1688378346;11273.88888888889;22833.333333333336;12094.666666666668;12846.333333333334
1688378347;11282.111111111111;22081;12011;12910.333333333334
1688378348;11282.666666666668;24679.111111111113;12165.444444444445;12910.222222222223
1688378349;11294.111111111111;22793.88888888889;12157.444444444445;12913.88888888889
1688378350;11292.88888888889;24033.111111111113;12165.555555555557;12925.111111111111
1688378351;11291.222222222223;22594.666666666668;12107.77777777778;12870.88888888889
1688378352;11282.222222222223;24505.77777777778;12128.333333333334;12922
1688378353;11281.333333333334;22424.222222222223;12119.666666666668;12926.666666666668
1688378354;11281.88888888889;24231.77777777778;12111.77777777778;12929.111111111111
1688378355;11286.555555555557;22994.111111111113;12118;12929.222222222223
1688378356;11286.666666666668;22550.333333333336;12068.88888888889;12834.88888888889
1688378357;11285.88888888889;22559;11920.666666666668;12918
1688378358;11280;24768.666666666668;11927.111111111111;12916
1688378359;11275;23121.55555555556;12075.222222222223;12912.88888888889
1688378360;11276.333333333334;31092.333333333336;12072.222222222223;12910.222222222223
1688378361;11275.666666666668;28752.666666666668;12048.111111111111;12855.666666666668
1688378362;11276.77777777778;30973.77777777778;12047.444444444445;12896.555555555557
1688378363;11270;28718.88888888889;12054.88888888889;12886.77777777778
1688378364;11279.111111111111;30798.333333333336;12050.111111111111;12893.88888888889
1688378365;11273.88888888889;30179.111111111113;12051;12891.666666666668
1688378366;11280.666666666668;28935.333333333336;12045.222222222223;12816.222222222223
1688378367;11282.88888888889;27806.444444444445;12045;12825.333333333334
1688378368;11289.666666666668;29448.444444444445;11889.555555555557;12915.555555555557
1688378369;11290.555555555557;21461.55555555556;12034.666666666668;12913.111111111111
1688378370;11290.444444444445;24431.666666666668;12036.77777777778;12913.77777777778
1688378371;11292.111111111111;22656.55555555556;12035.88888888889;12876.666666666668
1688378372;11291.555555555557;24841.77777777778;12027.444444444445;12953.111111111111
1688378373;11280.444444444445;22364.77777777778;12027.222222222223;12961.88888888889
1688378374;11285.555555555557;23686.88888888889;12027.77777777778;12969.111111111111
1688378375;11280.222222222223;23055.55555555556;12041.77777777778;12963.444444444445
1688378376;11280.666666666668;22790;12034.88888888889;12965.555555555557
1688378377;11279.444444444445;21846.333333333336;12032.222222222223;12876.77777777778
1688378378;11278.77777777778;23286.77777777778;11887.555555555557;12968.333333333334
1688378379;11297.88888888889;21834.333333333336;12025.111111111111;12968.444444444445
1688378380;11296;24002.111111111113;12026.333333333334;12970.77777777778
1688378381;11305.222222222223;22416.666666666668;12027.111111111111;12903.111111111111
1688378382;11303.77777777778;24559.333333333336;12052;12925.333333333334
1688378383;11296.222222222223;21881.222222222223;12052;12964.555555555557
1688378384;11295.666666666668;23482.55555555556;12037.111111111111;12970.555555555557
1688378385;11287.333333333334;22365.111111111113;12038.111111111111;12973.555555555557
1688378386;11280.555555555557;23023.77777777778;12047.444444444445;12985.111111111111
1688378387;11279;21784.666666666668;12055.222222222223;12894.111111111111
1688378388;11268.555555555557;22234.111111111113;11935.88888888889;13074.666666666668
1688378389;11270;21777.111111111113;12063.88888888889;13075.444444444445
1688378390;11268.333333333334;28187.333333333336;12070.666666666668;13077.555555555557
1688378391;11268.77777777778;28535.222222222223;12046.222222222223;13041.111111111111
1688378392;11269.77777777778;30233.88888888889;12047.77777777778;12990.444444444445
1688378393;11270.111111111111;28738.333333333336;12048.333333333334;13054.111111111111
1688378394;11277.444444444445;30512.666666666668;12054.222222222223;13032.77777777778
1688378395;11297.444444444445;30513.111111111113;12046.88888888889;13019.111111111111
1688378396;11299;30673.111111111113;12080.444444444445;13013.666666666668
1688378397;11293.555555555557;30156.111111111113;12062.333333333334;12832.88888888889
1688378398;11294.111111111111;31058.000000000004;11934.333333333334;12925.111111111111
1688378399;11285.555555555557;25948.444444444445;12077.333333333334;12923.77777777778
1688378400;11292.88888888889;25433.333333333336;12076.111111111111;12922.222222222223
1688378401;11294;26287.111111111113;12139.88888888889;12929.111111111111
1688378402;11302.111111111111;26937.111111111113;12147.333333333334;12918.77777777778
1688378403;11303;25356.333333333336;12148.333333333334;12982.555555555557
1688378404;11283.77777777778;24969.88888888889;12149.444444444445;12983.555555555557
1688378405;11283.444444444445;25091.55555555556;12146.555555555557;12997.222222222223
1688378406;11280.88888888889;24768.222222222223;12147;12986.444444444445
1688378407;11278;23293.444444444445;12154;12892.222222222223
1688378408;11279.333333333334;23720.88888888889;12003.111111111111;12893.222222222223
1688378409;11270.77777777778;24217.111111111113;12102.88888888889;12982.444444444445
1688378410;11280.333333333334;23914.222222222223;12112.444444444445;12981.88888888889
1688378411;11269.77777777778;23884.666666666668;12105.444444444445;12929.88888888889
