Time;{instance="10.231.0.208:9100"};{instance="192.168.221.10:9100"};{instance="192.168.221.11:9100"};{instance="192.168.221.12:9100"}
1688377331;542;23152.111111111113;1212.3333333333335;1300.6666666666667
1688377332;535.3333333333334;24387.111111111113;1218.111111111111;1306.4444444444446
1688377333;523.3333333333334;28413.77777777778;1212.3333333333335;2281.888888888889
1688377334;523.3333333333334;27067.222222222223;586.8888888888889;4080.888888888889
1688377335;8365228.666666667;39848.77777777778;1205.111111111111;2416139.3333333335
1688377336;20958303.222222224;46287;1888.5555555555557;14868501.444444446
1688377337;33820399.88888889;49320.88888888889;1882.7777777777778;28091881.000000004
1688377338;46997422.55555556;57449.444444444445;1888.5555555555557;40992790.55555556
1688377339;59894761.222222224;56806.444444444445;1882.7777777777778;54093176.77777778
1688377340;72766507.22222222;73651.55555555556;1888.5555555555557;66970129.44444445
1688377341;85699533.8888889;72231.66666666667;1882.7777777777778;79962488.44444445
1688377342;98563823.44444445;78779.55555555556;1888.5555555555557;92528094.22222222
1688377343;111341758.33333334;77570.22222222223;1882.7777777777778;105592256
1688377344;116079594.77777779;71345.11111111111;1264.5555555555557;116324672.00000001
1688377345;116846050.44444445;73286.22222222223;1145.2222222222224;116903120.55555557
1688377346;116913879.55555557;71547.22222222223;1269.3333333333335;116591385.22222222
1688377347;114761314.00000001;65966.55555555556;1263.5555555555557;116839690.33333334
1688377348;105006980.66666667;66150.88888888889;1269.3333333333335;108664479.44444445
1688377349;104849650.44444445;56992.333333333336;1263.5555555555557;105075045.8888889
1688377350;104434289.11111112;58075.55555555556;1269.3333333333335;104333898
1688377351;104497899.77777779;51720.88888888889;1263.5555555555557;104589552.66666667
1688377352;104861423.77777779;51772.333333333336;1269.3333333333335;104914718.22222222
1688377353;104615042.44444445;45543;1263.5555555555557;104733202
1688377354;104322128.8888889;37461.555555555555;705.2222222222223;104541703.77777779
1688377355;104412833.11111112;38261.333333333336;601.8888888888889;104697157.33333334
1688377356;106224211.11111112;37226.77777777778;1241;104381651.77777779
1688377357;115650204.66666667;35616.333333333336;1235.2222222222224;112683555.11111112
1688377358;116145443.55555557;28265.000000000004;1241;115678438.22222222
1688377359;116671240.66666667;27230.444444444445;1235.2222222222224;116642950.66666667
1688377360;116693687.77777779;22732.55555555556;1241;116953826.44444445
1688377361;116627648.22222222;22804.444444444445;1235.2222222222224;116501651.77777779
1688377362;116741507.11111112;22738.333333333336;1262.111111111111;116435536.8888889
1688377363;116598556.22222222;23040.77777777778;1256.3333333333335;116457401.55555557
1688377364;116222374.66666667;20596.55555555556;1303;116839784.00000001
1688377365;113631180.11111112;20666.55555555556;808.3333333333334;116098894.44444445
1688377366;101062181.22222222;22585.55555555556;1475.6666666666667;106216389.44444445
1688377367;87852526.55555557;24041.88888888889;1469.888888888889;93933987.22222222
1688377368;83795034.11111112;23785.666666666668;1475.6666666666667;83895589.66666667
1688377369;83626442.55555557;25633.111111111113;1469.888888888889;83800739.22222222
1688377370;83593945.22222222;29453.88888888889;1475.6666666666667;83744664.33333334
1688377371;83667151.44444445;29618.000000000004;1448.7777777777778;83853836.33333334
1688377372;83835953.66666667;29498.77777777778;1454.5555555555557;84051556.33333334
1688377373;83733557.22222222;29178.111111111113;1387.1111111111113;83312776.55555557
1688377374;86403922.8888889;29338.666666666668;1369.1111111111113;83934118.55555557
1688377375;99410388.22222222;27374.000000000004;701.7777777777778;93533696.22222222
1688377376;110394212.22222222;27874.88888888889;1331;106597734
1688377377;114331603.11111112;30296.444444444445;1325.2222222222224;114385936.8888889
1688377378;114577672.44444445;26672.333333333336;1331;114383649.55555557
1688377379;114464332.00000001;22279.55555555556;1325.2222222222224;114497682.8888889
1688377380;114517254.8888889;23982.111111111113;1331;114341546.22222222
1688377381;114515009.33333334;23298;1325.2222222222224;114567498.22222222
1688377382;115146804.8888889;25253.444444444445;1331;114953670.66666667
1688377383;105273859.33333334;25200.222222222223;1204.5555555555557;111218153.11111112
1688377384;99766720.22222222;25065.666666666668;1318.4444444444446;100113782.44444445
1688377385;101788900;23904.55555555556;689.2222222222223;99763750.8888889
1688377386;101986769.11111112;23837.333333333336;1311.2222222222224;102130372.44444445
1688377387;102077798.66666667;26057.222222222223;1305.4444444444446;102170052.22222222
1688377388;101812273.33333334;26888.88888888889;1311.2222222222224;102035373.11111112
1688377389;89533939.22222222;24429.111111111113;1305.4444444444446;95622400.77777779
1688377390;76443716.77777778;27222.444444444445;1311.2222222222224;82337559.8888889
1688377391;63269869.222222224;25072.77777777778;1305.4444444444446;69240692.77777778
1688377392;60227808.55555556;25160.77777777778;1330.2222222222224;60262043.00000001
1688377393;52728482.333333336;25810.77777777778;1216.3333333333335;58422254.11111111
1688377394;39722478.55555556;25907.333333333336;1222.111111111111;45708260.77777778
1688377395;26601248.555555556;24695.77777777778;619.1111111111112;32376116.111111112
1688377396;13482393.88888889;23798.88888888889;624.8888888888889;19301446.111111112
1688377397;818337.6666666667;25237.333333333336;1249.888888888889;6437088.111111112
1688377398;600.4444444444445;25296;1255.6666666666667;671.8888888888889
1688377399;593.7777777777778;26439.88888888889;1249.888888888889;666.1111111111112
1688377400;600.4444444444445;29245.88888888889;1255.6666666666667;1307.6666666666667
1688377401;600.4444444444445;29899.77777777778;1230.888888888889;1282.888888888889
1688377402;600.4444444444445;29226.444444444445;1236.6666666666667;1288.6666666666667
1688377403;600.4444444444445;28890.111111111113;1230.888888888889;1282.888888888889
1688377404;619.1111111111112;28863.333333333336;1217.6666666666667;1288.6666666666667
1688377405;550;28418.444444444445;1211.888888888889;1282.888888888889
1688377406;542.6666666666667;26256.333333333336;609.5555555555555;1288.6666666666667
1688377407;549.3333333333334;28493.444444444445;1227.111111111111;1282.888888888889
1688377408;542;25838.111111111113;1232.888888888889;1309.4444444444446
1688377409;535.3333333333334;23556.222222222223;1227.111111111111;667.8888888888889
1688377410;535.3333333333334;23406.666666666668;1232.888888888889;1308.2222222222224
1688377411;542;23670;1227.111111111111;1302.4444444444446
1688377412;535.3333333333334;23163.444444444445;1232.888888888889;1308.2222222222224
1688377413;516.6666666666667;23124;1227.111111111111;1302.4444444444446
1688377414;523.3333333333334;22572.88888888889;1232.888888888889;1308.2222222222224
1688377415;516.6666666666667;23200.55555555556;1225.2222222222224;1302.4444444444446
1688377416;516.6666666666667;20693.88888888889;607.6666666666667;1308.2222222222224
1688377417;529.8888888888889;21704.444444444445;1222.4444444444446;1281.6666666666667
1688377418;536.5555555555555;21973;1228.2222222222224;1299.1111111111113
1688377419;616.5555555555555;20417.111111111113;1222.4444444444446;658.7777777777778
1688377420;627.2222222222223;22630.111111111113;1228.2222222222224;1226.111111111111
1688377421;627.2222222222223;21853.666666666668;1222.4444444444446;1313.4444444444446
1688377422;695.3333333333334;22399.55555555556;1249.3333333333335;1341.888888888889
1688377423;712;21852.111111111113;1243.5555555555557;1336.1111111111113
1688377424;718.6666666666667;21839.444444444445;1269.7777777777778;1341.888888888889
1688377425;712;23133.666666666668;1471.1111111111113;1336.1111111111113
1688377426;767.8888888888889;21702.88888888889;856.3333333333334;1426.2222222222224
1688377427;767.8888888888889;22566;1381;1427.2222222222224
1688377428;681.2222222222223;23160.111111111113;1475.2222222222224;1549
1688377429;663.8888888888889;23794.77777777778;1469.4444444444446;981.6666666666667
1688377430;670.5555555555557;27760.666666666668;1475.2222222222224;894.3333333333334
1688377431;609.1111111111112;29432.666666666668;1448.3333333333335;1601.888888888889
1688377432;593.1111111111112;29534.333333333336;1454.1111111111113;1607.6666666666667
1688377433;593.1111111111112;29977.77777777778;1407.1111111111113;1601.888888888889
1688377434;611.7777777777778;28785.55555555556;1205.7777777777778;1607.6666666666667
1688377435;542.6666666666667;30483.666666666668;1200;1517.5555555555557
1688377436;542.6666666666667;28800.444444444445;675.3333333333334;1504.888888888889
1688377437;542.6666666666667;29922.333333333336;581.1111111111112;1383.1111111111113
1688377438;549.3333333333334;26408.333333333336;1117.5555555555557;1388.888888888889
1688377439;542.6666666666667;25494.333333333336;1192.888888888889;1383.1111111111113
1688377440;564.3333333333334;23630.55555555556;1198.6666666666667;652.8888888888889
1688377441;557;25196.444444444445;1192.888888888889;1178.7777777777778
1688377442;564.3333333333334;23878.111111111113;1198.6666666666667;1272.888888888889
1688377443;545.6666666666667;24828.444444444445;1192.888888888889;1267.111111111111
1688377444;552.3333333333334;22931.666666666668;1198.6666666666667;1272.888888888889
1688377445;545.6666666666667;24821.111111111113;1192.888888888889;1267.111111111111
1688377446;559.6666666666667;22736.88888888889;1198.6666666666667;1272.888888888889
1688377447;559.6666666666667;23257.111111111113;662.2222222222223;1267.111111111111
1688377448;567;21443.88888888889;1117.3333333333335;1327.7777777777778
1688377449;571.3333333333334;20968.88888888889;1199.888888888889;1322
1688377450;578.6666666666667;22777.666666666668;1205.6666666666667;796.1111111111112
1688377451;572;23335.222222222223;1199.888888888889;1233.5555555555557
1688377452;578.6666666666667;23550.111111111113;1224.6666666666667;1346.6666666666667
1688377453;572;23705.77777777778;1351.4444444444446;1340.888888888889
1688377454;578.6666666666667;23520.77777777778;1357.2222222222224;1346.6666666666667
1688377455;571.3333333333334;25354.444444444445;1363.1111111111113;1340.888888888889
1688377456;634.4444444444445;24987.88888888889;1368.888888888889;1346.6666666666667
1688377457;627.1111111111112;25353.77777777778;832.6666666666667;1286
1688377458;607.7777777777778;25799;1294.2222222222224;1291.7777777777778
1688377459;607.1111111111112;25019.333333333336;1404.4444444444446;1286
1688377460;599.7777777777778;32033.111111111113;1491.6666666666667;760.2222222222223
1688377461;593.1111111111112;30768.55555555556;1466.888888888889;1178.6666666666667
1688377462;607.1111111111112;31917.77777777778;1340.1111111111113;1279.1111111111113
1688377463;600.4444444444445;29882.111111111113;1334.3333333333335;1273.3333333333335
1688377464;619.1111111111112;28904.111111111113;1328.4444444444446;1279.1111111111113
1688377465;549.3333333333334;30096.77777777778;1322.6666666666667;1273.3333333333335
1688377466;556;29370.333333333336;1351.1111111111113;1394.6666666666667
1688377467;549.3333333333334;29481.666666666668;801.2222222222223;1409.6666666666667
1688377468;542.6666666666667;28073.88888888889;1221.4444444444446;1415.4444444444446
1688377469;542.6666666666667;20787.666666666668;1134.2222222222224;1409.6666666666667
1688377470;571;22359.222222222223;1228.3333333333335;883.8888888888889
1688377471;563.6666666666667;23360.666666666668;1222.5555555555557;1377.2222222222224
1688377472;571;24261.88888888889;1228.3333333333335;1533.888888888889
1688377473;545.6666666666667;23854.666666666668;1222.5555555555557;1528.1111111111113
1688377474;574;22726.444444444445;1228.3333333333335;1576.1111111111113
1688377475;574.6666666666667;22674;1220.6666666666667;1454.7777777777778
1688377476;574.6666666666667;22339.55555555556;1226.4444444444446;1439.7777777777778
1688377477;574.6666666666667;21561.111111111113;690.2222222222223;1434
1688377478;581.3333333333334;22753.444444444445;1226.5555555555557;1439.7777777777778
1688377479;578.3333333333334;20535.55555555556;1132.4444444444446;1455.1111111111113
1688377480;571.6666666666667;21196.444444444445;1234;867.1111111111112
1688377481;564.3333333333334;21040.55555555556;1249.3333333333335;710.4444444444445
1688377482;632.4444444444445;23202.77777777778;1255.111111111111;1270.4444444444446
1688377483;610.7777777777778;22265.55555555556;1249.3333333333335;1322.4444444444446
1688377484;610.1111111111112;22821.666666666668;1275.5555555555557;1328.2222222222224
1688377485;610.1111111111112;22609.333333333336;1465.2222222222224;1322.4444444444446
1688377486;672.5555555555557;22965.666666666668;1471;1412.5555555555557
1688377487;673.2222222222223;22130.55555555556;934.6666666666667;1406.7777777777778
1688377488;661.8888888888889;23370.666666666668;1478.3333333333335;1525.888888888889
1688377489;668.5555555555557;23784;1376.7777777777778;1520.1111111111113
1688377490;675.8888888888889;27512.77777777778;1361.4444444444446;1525.888888888889
1688377491;614.4444444444445;26784.77777777778;1451.6666666666667;965.8888888888889
1688377492;615.1111111111112;28775.666666666668;1457.4444444444446;1403.2222222222224
1688377493;608.4444444444445;28443.77777777778;1410.4444444444446;1485.7777777777778
1688377494;627.1111111111112;28752.333333333336;1220.7777777777778;1491.5555555555557
1688377495;564.6666666666667;29399.444444444445;1215;1511.5555555555557
1688377496;571.3333333333334;29170.77777777778;1220.7777777777778;1517.3333333333335
1688377497;564.6666666666667;28714.111111111113;677.1111111111112;1377.1111111111113
1688377498;564.6666666666667;26569.444444444445;682.8888888888889;1382.888888888889
1688377499;774.3333333333334;22895.444444444445;1236.111111111111;1377.1111111111113
1688377500;45797.77777777778;23658.77777777778;1167;1825.0000000000002
1688377501;12813320.666666668;23995.333333333336;1256.888888888889;6979555.777777778
1688377502;25912654.666666668;25177.444444444445;1290.6666666666667;20039479.77777778
1688377503;39056246.66666667;25077;1284.888888888889;33000171.111111112
1688377504;51799622.66666667;24400;1290.6666666666667;46213873.333333336
1688377505;64644860.888888896;24742.444444444445;1284.888888888889;58920180.66666667
1688377506;77723439.33333334;24967.88888888889;1290.6666666666667;71943060
1688377507;90499922;24129.55555555556;1284.888888888889;84742681.11111112
1688377508;103537407.33333334;24637.666666666668;731.6666666666667;97740410.8888889
1688377509;116470305.33333334;22523.333333333336;1242.5555555555557;110997467.33333334
1688377510;116925665.77777779;21413.666666666668;1152.6666666666667;116999843.55555557
1688377511;116598994.00000001;22522.444444444445;1269.5555555555557;116560476.44444445
1688377512;116445505.33333334;22698;1303.3333333333335;116606036.44444445
1688377513;116585227.33333334;23418.333333333336;1297.5555555555557;116317822.22222222
1688377514;116676120.00000001;22599.444444444445;1303.3333333333335;116722324.66666667
1688377515;116526266.44444445;24607.55555555556;1297.5555555555557;116776108.8888889
1688377516;116843874.00000001;23628.111111111113;1303.3333333333335;116953188.44444445
1688377517;116793628.00000001;24228;1297.5555555555557;116959112.44444445
1688377518;116710039.55555557;24265.111111111113;765.5555555555557;116538278.44444445
1688377519;116232272.44444445;27690.55555555556;1290.2222222222224;116541498.66666667
1688377520;109417484.55555557;29612.77777777778;1145.3333333333335;115467067.00000001
1688377521;96427381.22222222;30172.77777777778;1111.5555555555557;102460821.44444445
1688377522;83544283.22222222;34759.11111111112;1913.6666666666667;89535313.66666667
1688377523;70608152.33333334;36512.333333333336;1907.888888888889;76424523.66666667
1688377524;57679427.44444445;35445.444444444445;1913.6666666666667;63347854.333333336
1688377525;44585337.222222224;36834.222222222226;1907.888888888889;50371173.44444445
1688377526;31597709.666666668;35273.11111111112;1936.3333333333335;37367499.88888889
1688377527;18702990.555555556;35769;1930.5555555555557;24529943.666666668
1688377528;5957874.333333334;32150.88888888889;1405.888888888889;11546289.444444446
1688377529;561.4444444444445;29041.444444444445;1937.888888888889;3624.2222222222226
1688377530;584.7777777777778;29136.88888888889;1943.6666666666667;3630.0000000000005
1688377531;584.7777777777778;25015.333333333336;1141.5555555555557;3624.2222222222226
1688377532;584.7777777777778;25014.77777777778;1244.4444444444446;769.2222222222223
1688377533;584.7777777777778;24331.88888888889;1367.1111111111113;1281.5555555555557
1688377534;578.1111111111112;24728.666666666668;1372.888888888889;1287.3333333333335
1688377535;596.1111111111112;26192;1365.2222222222224;1377.3333333333335
1688377536;596.1111111111112;25951.77777777778;1371;1362.3333333333335
1688377537;580.6666666666667;25724.222222222223;1473.5555555555557;1356.5555555555557
1688377538;580.6666666666667;24891.333333333336;941.5555555555557;1362.3333333333335
1688377539;556.6666666666667;23214.666666666668;1466.3333333333335;1356.5555555555557
1688377540;556.6666666666667;24424;1472.1111111111113;1383.4444444444446
1688377541;563.3333333333334;22187.444444444445;1369.2222222222224;1400.3333333333335
1688377542;556.6666666666667;23680.333333333336;1334.7777777777778;792.4444444444445
1688377543;610.1111111111112;23446.77777777778;1329;1338.1111111111113
1688377544;584.7777777777778;22952.444444444445;1375.6666666666667;1248.111111111111
1688377545;577.4444444444445;23784.55555555556;1482.6666666666667;1492.1111111111113
1688377546;659.7777777777778;23260.444444444445;1380.1111111111113;1541
1688377547;653.1111111111112;23138.666666666668;1374.3333333333335;1558.4444444444446
1688377548;660.4444444444445;23398.88888888889;849.5555555555557;1657.0000000000002
1688377549;653.7777777777778;24213;1381.6666666666667;1641.2222222222224
1688377550;733.7777777777778;27978.55555555556;1387.4444444444446;1624.3333333333335
1688377551;748.1111111111112;26249.444444444445;1293.4444444444446;1618.5555555555557
1688377552;694;26384.666666666668;1318.2222222222224;1072.888888888889
1688377553;701.3333333333334;26950.333333333336;1331.6666666666667;1067.111111111111
1688377554;708;27098.444444444445;1224.6666666666667;1380.888888888889
1688377555;625.6666666666667;28484.000000000004;1218.888888888889;1420.7777777777778
1688377556;632.3333333333334;28195.88888888889;1224.6666666666667;1403.3333333333335
1688377557;625;27928.55555555556;1218.888888888889;1304.7777777777778
1688377558;632.3333333333334;24692.88888888889;686.7777777777778;1299.4444444444446
1688377559;545.6666666666667;22318;1211.5555555555557;1293.6666666666667
1688377560;538;23070.666666666668;1217.3333333333335;1299.4444444444446
1688377561;538;22313.333333333336;1213.6666666666667;1293.6666666666667
1688377562;530.6666666666667;22503.88888888889;1138.5555555555557;1299.4444444444446
1688377563;524;21750.55555555556;1228.3333333333335;747.5555555555557
1688377564;530.6666666666667;22699.222222222223;1234.111111111111;1216
1688377565;550.4444444444445;22966.77777777778;1228.3333333333335;1298.4444444444446
1688377566;550.4444444444445;24281.444444444445;1234.111111111111;1304.2222222222224
1688377567;543.1111111111112;23052.77777777778;1228.3333333333335;1298.4444444444446
1688377568;1270.3333333333335;23719.88888888889;703.5555555555557;1304.2222222222224
1688377569;1270.3333333333335;23539.222222222223;697.7777777777778;1585.2222222222224
1688377570;2292690.2222222225;25783.222222222223;1220.2222222222224;1605.6666666666667
1688377571;15505914.666666668;24519.55555555556;1214.4444444444446;9668758.111111112
1688377572;28471470.666666668;25128;1179.5555555555557;22599456.333333336
1688377573;41378674.88888889;24592;1269.4444444444446;35778841.66666667
1688377574;54442314.44444445;25375.88888888889;1275.2222222222224;48616330.77777778
1688377575;67646922.44444445;24887;1269.4444444444446;61554309.00000001
1688377576;80537100.44444445;25553.333333333336;1275.2222222222224;74586114.77777778
1688377577;93233212.77777779;24387.111111111113;1269.4444444444446;87501494.77777779
1688377578;106220612.55555557;23995.55555555556;1275.2222222222224;100419140.11111112
1688377579;116831613.33333334;24774.333333333336;754.3333333333334;113405523.8888889
1688377580;116540651.11111112;28322.666666666668;1309.3333333333335;116843171.77777779
1688377581;116711113.11111112;28269.000000000004;1276.6666666666667;116624350.44444445
1688377582;116387622.00000001;27758.333333333336;1186.7777777777778;116500707.77777779
1688377583;116321357.77777779;28631.222222222223;1276.6666666666667;116382034.00000001
1688377584;115947531.33333334;33442.333333333336;2006.1111111111113;116293111.77777779
1688377585;115976637.55555557;34578.66666666667;2000.3333333333335;116221955.55555557
1688377586;116343553.11111112;34609;2006.1111111111113;116312083.33333334
1688377587;116313488.44444445;33701.66666666667;2000.3333333333335;116449122.22222222
1688377588;116503974.44444445;30987.88888888889;1983.4444444444446;116293375.33333334
1688377589;116688931.11111112;26805.000000000004;1428.4444444444446;116357571.77777779
1688377590;116648533.33333334;27141.444444444445;1944.0000000000002;116786879.33333334
1688377591;117095492.22222222;28132.77777777778;1938.2222222222224;116748502.00000001
1688377592;117106827.33333334;26495.55555555556;1848.3333333333335;117127101.11111112
1688377593;117307746.8888889;22300.111111111113;1118.888888888889;117035854.8888889
1688377594;117242396.66666667;22371.222222222223;1220.7777777777778;117245676.66666667
1688377595;117309510.22222222;23047.88888888889;1235.7777777777778;117394617.77777779
1688377596;117299418.22222222;23551.55555555556;1241.5555555555557;117507296.22222222
1688377597;117295914.44444445;23315.111111111113;1235.7777777777778;117541159.55555557
1688377598;117199616.66666667;23654.55555555556;1241.5555555555557;117398015.55555557
1688377599;116357580.44444445;22449.444444444445;698;117124947.55555557
1688377600;103326908.44444445;22950.666666666668;1234.3333333333335;109223160.44444445
1688377601;90318198;22719;1228.5555555555557;96125746
1688377602;77286496.8888889;21487.77777777778;1234.3333333333335;83367950.22222222
1688377603;70574386.8888889;22345.111111111113;1132.4444444444446;71079938.44444445
1688377604;69163390.66666667;23170.111111111113;1254.3333333333335;69822254.8888889
1688377605;67982822.22222222;24203.222222222223;1314.888888888889;68578330.22222222
1688377606;66914666.00000001;24262.111111111113;1394.888888888889;67446394.44444445
1688377607;66006446.222222224;24970.55555555556;1512.7777777777778;66146007.11111112
1688377608;64992933.77777778;24824.444444444445;1541.7777777777778;65172719.333333336
1688377609;76885448.22222222;25794.88888888889;1028.6666666666667;71666144
1688377610;88291077.55555557;34082.333333333336;3832.5555555555557;82891447.33333334
1688377611;100457290.66666667;34714.222222222226;3856.0000000000005;94769231.33333334
1688377612;105432743.77777779;33209;3861.777777777778;105616922.8888889
1688377613;105418557.11111112;32064.000000000004;3719.1111111111113;105333852.44444445
1688377614;96431686.11111112;32852.222222222226;3747.444444444445;101422805.8888889
1688377615;84410439.44444445;33856.11111111112;3667.444444444445;89690247.22222222
1688377616;72307738.11111112;32407.666666666668;3549.5555555555557;77964697.8888889
1688377617;61067666.55555556;32993.88888888889;3520.5555555555557;66069869.222222224
1688377618;49175152.11111111;30377.88888888889;3503.1111111111113;54460866.333333336
1688377619;37769522.77777778;22073.77777777778;699.2222222222223;43235563
1688377620;25603309.666666668;22430.88888888889;675.7777777777778;31357779.000000004
1688377621;14486032.555555556;28932.88888888889;1229;19627627.88888889
1688377622;2779803.666666667;29634.77777777778;2069.666666666667;8013933.000000001
1688377623;530.6666666666667;27785.77777777778;1975.0000000000002;2353.1111111111113
1688377624;530.6666666666667;27247.77777777778;1995.4444444444446;1772.7777777777778
1688377625;516.6666666666667;30784.444444444445;2070.666666666667;2316.222222222222
1688377626;523.3333333333334;30526.222222222223;2076.444444444445;2240.888888888889
1688377627;523.3333333333334;30078.111111111113;2186.666666666667;2235.1111111111113
1688377628;516.6666666666667;30231.88888888889;2192.444444444445;2223.777777777778
1688377629;566;29066.666666666668;2186.666666666667;2218
1688377630;572.6666666666667;23328;1633.4444444444446;2203
1688377631;566;22284.666666666668;1339.3333333333335;1381.3333333333335
1688377632;573.3333333333334;24196.444444444445;1345.1111111111113;1341.6666666666667
1688377633;587.3333333333334;23435.88888888889;1379.5555555555557;1335.888888888889
1688377634;594.6666666666667;21915.222222222223;1304.3333333333335;777.7777777777778
1688377635;588;22717.88888888889;1397.1111111111113;1343.3333333333335
1688377636;657.7777777777778;24511.88888888889;1286.888888888889;1349.1111111111113
1688377637;664.4444444444445;24092.88888888889;1281.1111111111113;1237.4444444444446
1688377638;615.1111111111112;25176.77777777778;1286.888888888889;1331.4444444444446
1688377639;615.1111111111112;26033.111111111113;1281.1111111111113;1325.6666666666667
1688377640;622.4444444444445;29063.77777777778;740.3333333333334;1312.4444444444446
1688377641;608.4444444444445;28725.111111111113;1265;1306.6666666666667
1688377642;601.1111111111112;29956.222222222223;1238.5555555555557;1312.4444444444446
1688377643;593.7777777777778;28385.77777777778;1232.7777777777778;1306.6666666666667
1688377644;657.1111111111112;28185.77777777778;1140;741.1111111111112
1688377645;587.3333333333334;26909.88888888889;1134.2222222222224;735.3333333333334
1688377646;580.6666666666667;29038.333333333336;1228.3333333333335;1312.4444444444446
1688377647;580.6666666666667;27446.333333333336;1222.5555555555557;1328
1688377648;580.6666666666667;26282.333333333336;1228.3333333333335;1341.1111111111113
1688377649;580;23088;1222.5555555555557;1416.6666666666667
1688377650;586.6666666666667;21326.77777777778;697.8888888888889;1443.2222222222224
1688377651;580;22568.77777777778;1199.888888888889;1437.4444444444446
1688377652;586.6666666666667;23399.222222222223;1205.6666666666667;1462.2222222222224
1688377653;530;23332.111111111113;1199.888888888889;1511.3333333333335
1688377654;523.3333333333334;22627.111111111113;1205.6666666666667;1517.1111111111113
1688377655;523.3333333333334;22019.88888888889;1111.5555555555557;940.0000000000001
1688377656;530;23649.222222222223;1226.5555555555557;1407.6666666666667
1688377657;523.3333333333334;23699.333333333336;1220.7777777777778;1394.5555555555557
1688377658;523.3333333333334;23916.444444444445;1226.5555555555557;1319
1688377659;542;25047.77777777778;1220.7777777777778;1380.7777777777778
1688377660;549.3333333333334;23195.333333333336;696.1111111111112;1386.5555555555557
1688377661;549.3333333333334;23966.111111111113;1220.7777777777778;1382.888888888889
1688377662;550;23530.88888888889;1226.5555555555557;1356.4444444444446
1688377663;604.1111111111112;24174;1239.7777777777778;1350.6666666666667
1688377664;624;23528.666666666668;1245.5555555555557;1356.4444444444446
1688377665;617.3333333333334;23391;1279.3333333333335;801.8888888888889
1688377666;693.7777777777778;23477.333333333336;1285.1111111111113;1399.5555555555557
1688377667;701.1111111111112;25096.444444444445;1367.6666666666667;1437.4444444444446
1688377668;683.1111111111112;23903.444444444445;1373.4444444444446;1447.6666666666667
1688377669;689.7777777777778;26702.111111111113;1367.6666666666667;1556.1111111111113
1688377670;697.4444444444445;29868.222222222223;866.2222222222223;1540.7777777777778
1688377671;690.1111111111112;30418.000000000004;1390.888888888889;1512.3333333333335
1688377672;642.6666666666667;30977.444444444445;1377.6666666666667;1518.1111111111113
1688377673;629.4444444444445;30272.111111111113;1371.888888888889;1512.3333333333335
1688377674;648.1111111111112;30011.000000000004;1228.888888888889;1495.4444444444446
1688377675;571.6666666666667;29374.111111111113;1223.111111111111;905.5555555555557
1688377676;564.3333333333334;29473.666666666668;1140.5555555555557;1453.7777777777778
1688377677;557;30619.111111111113;1333;1355.2222222222224
1688377678;549.6666666666667;27242.444444444445;1338.7777777777778;1246.7777777777778
1688377679;548.6666666666667;22736.77777777778;1309.7777777777778;1336.6666666666667
1688377680;556;22738.111111111113;785.1111111111112;1342.4444444444446
1688377681;556.6666666666667;22675.333333333336;800.4444444444445;1351.3333333333335
1688377682;556.6666666666667;24890;1343;1458.4444444444446
1688377683;538;23483.55555555556;1357.6666666666667;1492.4444444444446
1688377684;544.6666666666667;24394.111111111113;1383.888888888889;1490.4444444444446
1688377685;538;23114.222222222223;1406.2222222222224;898.5555555555557
1688377686;544.6666666666667;23628.222222222223;1213.7777777777778;1491.7777777777778
1688377687;544.6666666666667;24706;1314.888888888889;1486
1688377688;531.3333333333334;25652.55555555556;1320.6666666666667;1396.1111111111113
1688377689;550;23749.88888888889;1314.888888888889;1390.3333333333335
1688377690;556.6666666666667;25410.111111111113;1299.5555555555557;1477.5555555555557
1688377691;557.3333333333334;22674.666666666668;757;1370.4444444444446
1688377692;564;25994.222222222223;1280.2222222222224;1348.1111111111113
1688377693;564.6666666666667;24042.88888888889;1440.888888888889;1365.5555555555557
1688377694;571.3333333333334;24252.88888888889;1418.5555555555557;1394.5555555555557
1688377695;564.6666666666667;23275.222222222223;1412.7777777777778;836.7777777777778
1688377696;627.1111111111112;23041;1311.6666666666667;1416.7777777777778
1688377697;627.1111111111112;23048.88888888889;1401.888888888889;1411
1688377698;607.7777777777778;23960.222222222223;1407.6666666666667;1416.7777777777778
1688377699;593.7777777777778;23756.666666666668;1401.888888888889;1314.888888888889
1688377700;593.1111111111112;28191.77777777778;1407.6666666666667;1328
1688377701;600.7777777777778;27225.77777777778;864.0000000000001;1391.4444444444446
1688377702;600.1111111111112;27850.77777777778;1243.3333333333335;1374
1688377703;600.1111111111112;29204.222222222223;1237.5555555555557;1345
1688377704;626.1111111111112;29551.55555555556;1243.3333333333335;1315.3333333333335
1688377705;557;28860.222222222223;1237.5555555555557;755.7777777777778
1688377706;1341.6666666666667;28880.000000000004;1147.3333333333335;880.8888888888889
1688377707;8366696.88888889;30032.111111111113;1148.888888888889;2694979.4444444445
1688377708;21484125.111111112;28511.000000000004;1235.6666666666667;15662762.555555556
1688377709;34569536.44444445;23712.88888888889;1229.888888888889;28659117.88888889
1688377710;47559429.77777778;24663;1235.6666666666667;41942176.333333336
1688377711;60513704.888888896;24286.333333333336;669.4444444444445;54840839.44444445
1688377712;73561254.66666667;23625.666666666668;1224.2222222222224;67774984.55555557
1688377713;86805266.66666667;23075;1237;80618958.33333334
1688377714;99561438.8888889;23807;1242.7777777777778;93572216.77777779
1688377715;112537967.8888889;22939.77777777778;1271.3333333333335;106818946.77777779
1688377716;117230072.00000001;21898.55555555556;1269.7777777777778;117250390.00000001
1688377717;116996730.8888889;21482.77777777778;1203.7777777777778;117204211.33333334
1688377718;117055067.11111112;24379.666666666668;1298;117152224.8888889
1688377719;116840580.22222222;21924.55555555556;1292.2222222222224;116749802.44444445
1688377720;117091030.00000001;23993.666666666668;1298;117081786.22222222
1688377721;116692507.33333334;23510;743.2222222222223;116771144.8888889
1688377722;116581698.00000001;23832.222222222223;730.4444444444445;116933755.77777779
1688377723;116836480.8888889;23922.666666666668;1281.4444444444446;117198174.66666667
1688377724;116874582.66666667;24172.666666666668;1294.1111111111113;116639282.8888889
1688377725;116777090.8888889;25177.88888888889;1366.6666666666667;116523441.55555557
1688377726;116957704.8888889;23652.77777777778;1351.6666666666667;116807244.00000001
1688377727;110637027.11111112;22316.55555555556;1257.4444444444446;115307238.00000001
1688377728;97861664.66666667;21229.444444444445;1291;103599352.22222222
1688377729;84656961.77777779;24872.55555555556;1366.3333333333335;90368705.11111112
1688377730;72609509.11111112;26888.77777777778;1415.7777777777778;77745245.55555557
1688377731;72476050.22222222;27780.666666666668;1442;72553630
1688377732;72333825.77777778;27618.000000000004;891.0000000000001;71978988.22222222
1688377733;72313414.8888889;27851.88888888889;1375.888888888889;72460779.33333334
1688377734;72455195.11111112;26994.444444444445;1303.3333333333335;72665628.44444445
1688377735;72348524.44444445;28930.666666666668;1297.5555555555557;72415576.44444445
1688377736;78533180.8888889;29596.77777777778;1303.3333333333335;74040569.55555557
1688377737;91569907.11111112;34086.555555555555;2044.5555555555557;85559287.77777779
1688377738;104705697.77777779;29468.666666666668;1969.2222222222224;98663980.44444445
1688377739;115369952.11111112;26960.000000000004;1955.2222222222224;111841745.11111112
1688377740;102370208.33333334;26649.666666666668;2013.0000000000002;108166038.77777779
1688377741;89501477.66666667;27448.333333333336;2007.2222222222224;95523003.22222222
1688377742;76505916.11111112;27279.444444444445;1502.2222222222224;82353358.33333334
1688377743;72721172.55555557;27220.55555555556;2026.8888888888891;72682960.22222222
1688377744;72946623.22222222;27907.444444444445;2032.6666666666667;72907989.11111112
1688377745;72999034.11111112;27316.111111111113;2157.3333333333335;72868380.22222222
1688377746;72985688.55555557;24063.444444444445;1388.3333333333335;73251807.11111112
1688377747;72933591.22222222;24032.55555555556;1382.5555555555557;73142134.22222222
1688377748;74754431.11111112;23452.444444444445;1352.888888888889;79593530
1688377749;87868656.66666667;22861.222222222223;1263.111111111111;82198975.66666667
1688377750;100547913.11111112;21368.55555555556;1364.888888888889;95042166.77777779
1688377751;110100775.55555557;23578.222222222223;1338;104293609.44444445
1688377752;113805499.55555557;23929.666666666668;813.3333333333334;113825516.44444445
1688377753;113782368.22222222;22516.444444444445;1400.2222222222224;113558149.77777779
1688377754;113824492.22222222;23683.111111111113;1275.5555555555557;113498818.66666667
1688377755;112913293.33333334;24158;1269.7777777777778;113536844.8888889
1688377756;101141996.66666667;23574.333333333336;1275.5555555555557;106987623.11111112
1688377757;93626527.33333334;24476.111111111113;1269.7777777777778;87486778.22222222
1688377758;93696762.44444445;23963.77777777778;1275.5555555555557;93548774.8888889
1688377759;94057948.22222222;27000.111111111113;1173.7777777777778;93850516.44444445
1688377760;97664535.77777779;27658.666666666668;1179.5555555555557;97590313.11111112
1688377761;93609512.8888889;29827.111111111113;1269.4444444444446;97323236.22222222
1688377762;93602265.11111112;30305.000000000004;705.2222222222223;93624734.44444445
1688377763;93659205.11111112;27812.55555555556;1244.6666666666667;93862907.55555557
1688377764;94567580.44444445;29040.222222222223;1250.4444444444446;93914526.44444445
1688377765;104133045.33333334;29850.666666666668;1244.6666666666667;100428877.77777779
1688377766;111666614.44444445;30103.444444444445;1250.4444444444446;111059609.33333334
1688377767;111640886.44444445;30633.77777777778;1353.3333333333335;111522436.8888889
1688377768;103418549.77777779;27457.333333333336;1359.1111111111113;108455167.77777779
1688377769;98876974.22222222;24401.444444444445;1353.3333333333335;98995682
1688377770;102652020.22222222;23825.88888888889;1263.4444444444446;99174117.55555557
1688377771;102756327.55555557;24071.444444444445;1334.5555555555557;102792364
1688377772;102450403.55555557;25274;795.1111111111112;102519554.8888889
1688377773;102513086.44444445;23673.55555555556;789.3333333333334;102285764.8888889
1688377774;104421278.8888889;23408.55555555556;1350.4444444444446;102410361.33333334
1688377775;98197247.11111112;23622.333333333336;1344.6666666666667;104241028.44444445
1688377776;85038514.44444445;22759.77777777778;1241.7777777777778;90971495.77777779
1688377777;80220408.8888889;23474;1236;80893832.22222222
1688377778;71602534.44444445;22592.222222222223;1241.7777777777778;77362083.33333334
1688377779;58860783.11111111;20499.55555555556;1236;64373986.888888896
1688377780;45603373.77777778;20962.333333333336;1142.2222222222224;51541219.333333336
1688377781;32750096.666666668;21104.88888888889;1224.7777777777778;38605428
1688377782;25057392.666666668;22427.77777777778;1230.5555555555557;26419102.444444448
1688377783;23821490.666666668;21853.55555555556;688.4444444444445;24610292.88888889
1688377784;27120268.000000004;22066.111111111113;1245.6666666666667;22427082.444444448
1688377785;37911596.88888889;22564.111111111113;1318.2222222222224;33362539.77777778
1688377786;49573565.77777778;23136.55555555556;1324;44594855.55555556
1688377787;59810893.333333336;22988.111111111113;1318.2222222222224;54464833.55555556
1688377788;71772145.55555557;23973.88888888889;1324;66646223.55555556
1688377789;82945778.44444445;24342.88888888889;1318.2222222222224;78329923.11111112
1688377790;89205283.11111112;28844.88888888889;1279.3333333333335;88460336.8888889
1688377791;95548455.77777779;27820.333333333336;1361.888888888889;94698410.22222222
1688377792;96724509.33333334;29711.333333333336;1360.3333333333335;95978087.55555557
1688377793;97179962;27752.88888888889;803.1111111111112;97092034.22222222
1688377794;88158731.11111112;28952.111111111113;1261.2222222222224;92774743.55555557
1688377795;76496762.22222222;28298.444444444445;1255.4444444444446;81542427.77777778
1688377796;66259434.66666667;29624.88888888889;1261.2222222222224;71672445.11111112
1688377797;54298182.44444445;28411.77777777778;1255.4444444444446;59491055.11111111
1688377798;43124549.55555556;26925.55555555556;1261.2222222222224;47807341.55555556
1688377799;36865044.88888889;21955;1232.5555555555557;37676927.77777778
1688377800;25131292.222222224;22183;1150;30694437.77777778
1688377801;12405064.666666668;22736.222222222223;1132.5555555555557;18138830.222222224
1688377802;1770467.5555555557;23487.88888888889;1248.2222222222224;6618329.777777778
1688377803;516.6666666666667;23350.55555555556;711.7777777777778;1428.5555555555557
1688377804;523.3333333333334;23023.444444444445;738;1548.888888888889
1688377805;554;24562.111111111113;1270;1545
1688377806;547.3333333333334;23908.111111111113;1275.7777777777778;1545.3333333333335
1688377807;547.3333333333334;23499.333333333336;1270;1529.2222222222224
1688377808;547.3333333333334;23172.77777777778;1255;906.3333333333334
1688377809;572.6666666666667;21689;1249.2222222222224;1521.6666666666667
1688377810;580.3333333333334;22365.333333333336;1255;1593.7777777777778
1688377811;587;22368.333333333336;1139.3333333333335;1588
1688377812;587;22006.666666666668;1256;1573
1688377813;580.3333333333334;22510.444444444445;1334.1111111111113;1452.6666666666667
1688377814;563.6666666666667;21740.222222222223;802.1111111111112;1534.1111111111113
1688377815;563.6666666666667;22851.666666666668;1354.7777777777778;1531.1111111111113
1688377816;632.7777777777778;22630.333333333336;1360.5555555555557;1501.5555555555557
1688377817;632.7777777777778;23887.222222222223;1354.7777777777778;1605.7777777777778
1688377818;607.4444444444445;23925.88888888889;1360.5555555555557;990.4444444444445
1688377819;593.1111111111112;24481.77777777778;1354.7777777777778;1467.6666666666667
1688377820;593.1111111111112;28476.444444444445;1360.5555555555557;1473.4444444444446
1688377821;593.1111111111112;29905.55555555556;1243.888888888889;1467.6666666666667
1688377822;599.7777777777778;29374.000000000004;1263.6666666666667;1473.4444444444446
1688377823;579.1111111111112;28051.000000000004;1257.888888888889;1371.5555555555557
1688377824;635.1111111111112;29232.666666666668;705.2222222222223;1372.6666666666667
1688377825;573.3333333333334;30581.55555555556;1237.3333333333335;1447.888888888889
1688377826;573.3333333333334;30140.444444444445;1243.111111111111;1343.6666666666667
1688377827;580.6666666666667;30795.111111111113;1237.3333333333335;1358.3333333333335
1688377828;594.6666666666667;26998.666666666668;1243.111111111111;765.5555555555557
1688377829;595.3333333333334;22815.444444444445;1237.3333333333335;759.7777777777778
1688377830;602;22145.77777777778;1243.111111111111;1349.4444444444446
1688377831;602;21676.222222222223;1119;1364.4444444444446
1688377832;613.4444444444445;23528;1266.4444444444446;1370.2222222222224
1688377833;564.1111111111112;21698.333333333336;1356.3333333333335;1400.7777777777778
1688377834;556.7777777777778;22678.666666666668;902.0000000000001;1325.5555555555557
1688377835;550.1111111111112;22988.222222222223;1558.888888888889;1408.1111111111113
1688377836;549.4444444444445;23256.666666666668;1592.6666666666667;1393.4444444444446
1688377837;542.1111111111112;23637.666666666668;1586.888888888889;1395
1688377838;534.7777777777778;24057.222222222223;1592.6666666666667;1400.7777777777778
1688377839;558.1111111111112;22800.111111111113;1586.888888888889;829.6666666666667
1688377840;558.1111111111112;23723.111111111113;1592.6666666666667;1398.5555555555557
1688377841;546.6666666666667;23271.333333333336;1445.2222222222224;1392.7777777777778
1688377842;546.6666666666667;25196;1355.3333333333335;1364.7777777777778
1688377843;607.4444444444445;23168.77777777778;1290.7777777777778;1359
1688377844;607.4444444444445;23380.666666666668;742.8888888888889;1276.4444444444446
1688377845;607.4444444444445;24735.666666666668;1276.6666666666667;1379
1688377846;663.2222222222223;23835.77777777778;1282.4444444444446;1384.7777777777778
1688377847;670.5555555555557;24646.666666666668;1276.6666666666667;1379
1688377848;647.2222222222223;23513.333333333336;1282.4444444444446;1421.888888888889
1688377849;647.2222222222223;26463.666666666668;1276.6666666666667;832.2222222222223
1688377850;647.2222222222223;28076.55555555556;1326.1111111111113;1429.1111111111113
1688377851;640.5555555555557;26513.77777777778;1320.3333333333335;1402.2222222222224
1688377852;600.7777777777778;27109.666666666668;1307.1111111111113;1408
1688377853;614.7777777777778;26728.55555555556;1192.3333333333335;1402.2222222222224
1688377854;634.1111111111112;26652.55555555556;730.2222222222223;1299.6666666666667
1688377855;578.3333333333334;28376.77777777778;724.4444444444445;1382.5555555555557
1688377856;571;27503.77777777778;1267.888888888889;1388.3333333333335
1688377857;576.7777777777778;28862.77777777778;1262.111111111111;1326.888888888889
1688377858;576.7777777777778;24826.77777777778;1286.4444444444446;1351.2222222222224
1688377859;583.4444444444445;22017.77777777778;1276.3333333333335;754.3333333333334
1688377860;590.1111111111112;23045.666666666668;1310.2222222222224;760.1111111111112
1688377861;583.1111111111112;22464.333333333336;1304.4444444444446;1433.3333333333335
1688377862;569.1111111111112;23280.55555555556;1310.2222222222224;1494
1688377863;549.7777777777778;21183.666666666668;1204.7777777777778;1544.2222222222224
1688377864;543.1111111111112;22584.444444444445;1306.2222222222224;1461.3333333333335
1688377865;557.1111111111112;22248.666666666668;783.2222222222223;1551
1688377866;544.6666666666667;22959.55555555556;1334.1111111111113;1577.2222222222224
1688377867;538;23328.666666666668;1328.3333333333335;1552.888888888889
1688377868;538;23698.333333333336;1313.3333333333335;1558.6666666666667
1688377869;556.6666666666667;22732.111111111113;1314.7777777777778;1575.5555555555557
1688377870;550;22346;1320.5555555555557;902.3333333333334
1688377871;550;21485.88888888889;1314.7777777777778;1440.2222222222224
1688377872;550;21827.111111111113;1320.5555555555557;1390
1688377873;564;21360.666666666668;1230.7777777777778;1384.2222222222224
1688377874;550;21301.55555555556;1271;1294.5555555555557
1688377875;556.6666666666667;21911.77777777778;844.7777777777778;1291.5555555555557
1688377876;619.1111111111112;22149.666666666668;1355.1111111111113;1393.4444444444446
1688377877;619.1111111111112;22908.333333333336;1330.7777777777778;1387.6666666666667
1688377878;601.1111111111112;22121.222222222223;1301.2222222222224;1370.7777777777778
1688377879;593.7777777777778;26323.444444444445;1295.4444444444446;1365
1688377880;600.4444444444445;28523.55555555556;1301.2222222222224;772.2222222222223
1688377881;601.1111111111112;30154.000000000004;1295.4444444444446;1357.6666666666667
1688377882;593.7777777777778;27980.444444444445;1289.5555555555557;1363.4444444444446
1688377883;601.1111111111112;29799.77777777778;1251.5555555555557;1376.2222222222224
1688377884;619.7777777777778;29691.222222222223;1132.6666666666667;1398.4444444444446
1688377885;557.3333333333334;32038.77777777778;692.1111111111112;1324.5555555555557
1688377886;557.3333333333334;30229.88888888889;1235.7777777777778;1451
1688377887;550;32908.77777777778;1230;1476.4444444444446
1688377888;556.6666666666667;28702.222222222223;1235.7777777777778;1644.5555555555557
1688377889;550;26323.333333333336;1230;1631.4444444444446
1688377890;556.6666666666667;26852.111111111113;1235.7777777777778;1046
1688377891;556.6666666666667;26943.55555555556;1230;1658.4444444444446
1688377892;569.8888888888889;25777;1213.111111111111;1645.6666666666667
1688377893;544.5555555555555;24784.55555555556;1207.3333333333335;1611.888888888889
1688377894;707.8888888888889;22850.333333333336;1161.888888888889;1589.6666666666667
1688377895;715.2222222222223;24747.333333333336;654;1463.2222222222224
1688377896;715.2222222222223;23519.77777777778;740.7777777777778;1445.1111111111113
1688377897;729.5555555555557;24348;1272.7777777777778;1365.3333333333335
1688377898;729.5555555555557;24605.55555555556;1278.5555555555557;1378.4444444444446
1688377899;748.2222222222223;22933.333333333336;1327.6666666666667;1391.2222222222224
1688377900;748.8888888888889;24545;1409.1111111111113;894.6666666666667
1688377901;735;23755.55555555556;1431.4444444444446;1485
1688377902;735;23627.222222222223;1472.5555555555557;1497.6666666666667
1688377903;632.4444444444445;23999.111111111113;1429.6666666666667;1499.2222222222224
1688377904;625.1111111111112;23566.88888888889;1623;1558.6666666666667
1688377905;631.7777777777778;24097.88888888889;1536.2222222222224;1545.5555555555557
1688377906;624.1111111111112;23392;1092.888888888889;1463
1688377907;693.2222222222223;24092.111111111113;1617.5555555555557;1564.1111111111113
1688377908;660.5555555555557;23479.111111111113;1568.4444444444446;1551.3333333333335
1688377909;659.8888888888889;25477.55555555556;1487;1429.6666666666667
1688377910;653.2222222222223;29109.55555555556;1464.6666666666667;839.3333333333334
1688377911;673.2222222222223;29176.55555555556;1467.2222222222224;815
1688377912;619.1111111111112;27999.111111111113;1473;1404.6666666666667
1688377913;612.4444444444445;27883.444444444445;1243.888888888889;1345.2222222222224
1688377914;638.4444444444445;28130.333333333336;1249.6666666666667;1351
1688377915;639.1111111111112;29999.333333333336;1155.2222222222224;1345.2222222222224
1688377916;577.3333333333334;28144.333333333336;719.3333333333334;1244.111111111111
1688377917;584.6666666666667;29674.333333333336;1251.3333333333335;1326.6666666666667
1688377918;592;28581.77777777778;1257.111111111111;1351
1688377919;598.6666666666667;25894.88888888889;3516.2222222222226;2035.3333333333335
1688377920;578.6666666666667;26133.88888888889;3496.888888888889;2063.777777777778
1688377921;572;26150;3491.1111111111113;1478.4444444444446
1688377922;578.6666666666667;26026.55555555556;3496.888888888889;2130.3333333333335
1688377923;552.6666666666667;25007.444444444445;3491.1111111111113;2145.3333333333335
1688377924;546;24246.333333333336;3496.888888888889;2151.1111111111113
1688377925;553;25936.88888888889;3422.777777777778;2145.3333333333335
1688377926;559.6666666666667;25130.444444444445;2990.3333333333335;2083.222222222222
1688377927;552.3333333333334;24064.111111111113;2984.5555555555557;2147.222222222222
1688377928;545.6666666666667;21946.111111111113;744;1462.888888888889
1688377929;571.6666666666667;27808.000000000004;2093.777777777778;2292
1688377930;631.8888888888889;29761.666666666668;2099.5555555555557;2286.1111111111113
1688377931;1317.888888888889;30495.000000000004;2093.777777777778;1931.1111111111113
1688377932;1250793.3333333335;31590.88888888889;2099.5555555555557;2639.1111111111113
1688377933;14267326.666666668;30623.000000000004;2093.777777777778;8489357.88888889
1688377934;27174066.444444448;29435.333333333336;2079.1111111111113;21447270.555555556
1688377935;40101922.66666667;30548.77777777778;1996.4444444444446;34278172.55555556
1688377936;53128810.888888896;30117.666666666668;2002.2222222222224;47291639
1688377937;66296385.11111112;31631.88888888889;2076.888888888889;60316861.44444445
1688377938;79248330.22222222;25140;708.5555555555557;73522671.8888889
1688377939;92026755.55555557;26250.222222222223;1233.2222222222224;86484416.33333334
1688377940;104970942.55555557;29739.000000000004;1239;99169900.55555557
1688377941;116628237.77777779;27524.55555555556;1233.2222222222224;112112560.55555557
1688377942;116084431.77777779;33242.222222222226;2008.6666666666667;116625618.44444445
1688377943;116341836.22222222;32508.77777777778;2025.5555555555557;116091678.00000001
1688377944;116563169.33333334;32030.77777777778;2008.6666666666667;116453628.22222222
1688377945;116318955.55555557;31601.77777777778;2002.8888888888891;116302496.00000001
1688377946;116380057.11111112;33183.66666666667;1909.6666666666667;116373594.8888889
1688377947;116221179.55555557;32631.666666666668;1992.2222222222224;116189001.55555557
1688377948;116474178.00000001;29730.444444444445;1467.5555555555557;116166801.11111112
1688377949;116531798.66666667;25568.666666666668;1461.7777777777778;116466765.33333334
1688377950;116648694.66666667;27797.333333333336;1990.6666666666667;116537776.8888889
1688377951;117126764.66666667;22105;1215.2222222222224;116515552.22222222
1688377952;116880457.55555557;23652.666666666668;1198.3333333333335;116867411.11111112
1688377953;116795500.44444445;23067.222222222223;1192.5555555555557;116978999.11111112
1688377954;116736344.22222222;23412.444444444445;1235.4444444444446;116904966.8888889
1688377955;116326815.11111112;23491.333333333336;1250.7777777777778;116721098.66666667
1688377956;116616211.11111112;24267.333333333336;1168.2222222222224;116503435.55555557
1688377957;116644623.33333334;26261.444444444445;1250.6666666666667;116548717.55555557
1688377958;116574296.66666667;25195.333333333336;1256.4444444444446;116732050.00000001
1688377959;116504732.66666667;24166.444444444445;727.5555555555557;116523451.55555557
1688377960;116557607.33333334;24359.333333333336;1263.7777777777778;116636214.00000001
1688377961;116626229.33333334;24778.111111111113;1333.6666666666667;116765579.77777779
1688377962;104757188.66666667;24916;1339.4444444444446;110541473.77777779
1688377963;92033670.44444445;23999.666666666668;1296.5555555555557;97753157.77777779
1688377964;79214523.77777778;23039.222222222223;1281.2222222222224;84840718.66666667
1688377965;68102706.22222222;23527.666666666668;1275.4444444444446;72037169.33333334
1688377966;68343213.55555557;22715.222222222223;1193;68340556.55555557
1688377967;68364979.77777778;22884.55555555556;1282.888888888889;68155214.33333334
1688377968;68399835.33333334;23720.666666666668;1288.6666666666667;68588639.22222222
1688377969;68450997.55555557;25908.111111111113;752.4444444444445;68310035.8888889
1688377970;68137238.66666667;27749.111111111113;1250.888888888889;68252067.66666667
1688377971;79768623.11111112;27572.111111111113;1245.111111111111;74007886.77777778
1688377972;92804171.33333334;29203.111111111113;1271.3333333333335;72893123.5033125
1688377973;105638404;28442.88888888889;1265.5555555555557;73791115.71621428
1688377974;116617291.55555557;28068.666666666668;1271.3333333333335;115192777.76543759
1688377975;116311259.33333334;27666.000000000004;1265.5555555555557;116432207.77777779
1688377976;116381629.33333334;27994.333333333336;1175.6666666666667;116535939.11111112
1688377977;116643990.22222222;26845.88888888889;1169.888888888889;116452259.33333334
1688377978;114429769.33333334;25463;1271.3333333333335;115371823.77777779
1688377979;114592414.66666667;22439.77777777778;718;114374258.00000001
1688377980;114740865.55555557;23546;1280.1111111111113;114835389.11111112
1688377981;115001742.8888889;21938.88888888889;1253.888888888889;91666657.73368455
1688377982;115095688.22222222;23321.444444444445;1259.6666666666667;103563122.46787143
1688377983;108075266.00000001;23335;1268.5555555555557;110569155.18008004
1688377984;95206590.66666667;23275.666666666668;1387.888888888889;100955198.22222222
1688377985;95273593.11111112;23479.666666666668;1402.5555555555557;95167600.66666667
1688377986;94939102.66666667;22879.444444444445;1408.3333333333335;95038020.44444445
1688377987;97262100.8888889;22451.666666666668;1306.888888888889;96437696.8888889
1688377988;93108221.33333334;23559.222222222223;1506.888888888889;95594708.66666667
1688377989;93198128.44444445;21840.77777777778;963.3333333333334;92963792.22222222
1688377990;92599991.33333334;23712.222222222223;1506.888888888889;93042329.33333334
1688377991;92545436.66666667;22433.88888888889;1520.1111111111113;92612777.11111112
1688377992;99681158;23605.222222222223;1511.2222222222224;94736290.8888889
1688377993;112711570.66666667;22229.333333333336;1391.888888888889;106900474.22222222
1688377994;107602565.55555557;22309.77777777778;1377.2222222222224;112147638.22222222
1688377995;100946934.22222222;23551.666666666668;1416.7777777777778;101046292.44444445
1688377996;100881044.8888889;21988;1422.5555555555557;101057664.66666667
1688377997;103569240.44444445;22354.77777777778;1242.6666666666667;102917416.8888889
1688377998;90504306.44444445;21984.88888888889;1237.2222222222224;96431203.55555557
1688377999;77806018;22050.111111111113;774.5555555555557;83484249.11111112
1688378000;64932394.66666667;29092.000000000004;761.3333333333334;70811572.66666667
1688378001;51867562;27739.000000000004;1293.3333333333335;57738038.00000001
1688378002;38711502.66666667;28989.000000000004;1299.1111111111113;44662195.333333336
1688378003;30728585.77777778;29071.444444444445;1293.3333333333335;32114066.666666668
1688378004;24467388.444444448;28677.333333333336;1253.7777777777778;30190160.444444448
1688378005;11369666.222222224;30468.77777777778;1248;17046776.88888889
1688378006;559.3333333333334;28784.444444444445;1212.888888888889;4180344.2222222225
1688378007;552.6666666666667;29890.55555555556;1199.7777777777778;1383.6666666666667
1688378008;559.3333333333334;28922.333333333336;1124.6666666666667;1451.7777777777778
1688378009;545.3333333333334;23109.77777777778;1218.4444444444446;1357.6666666666667
1688378010;552.6666666666667;24652.666666666668;686.4444444444445;1451.7777777777778
1688378011;545.3333333333334;24386.88888888889;1211.111111111111;1446
1688378012;564;24394.111111111113;1216.888888888889;1451.7777777777778
1688378013;571;23860.77777777778;1211.111111111111;853.8888888888889
1688378014;564.3333333333334;23651.222222222223;1254;1446.3333333333335
1688378015;564.3333333333334;24019.444444444445;1248.2222222222224;1440.5555555555557
1688378016;571;23393.333333333336;1275.1111111111113;1427.7777777777778
1688378017;564.3333333333334;22327.88888888889;1269.3333333333335;1359.6666666666667
1688378018;571;21121.111111111113;1175.5555555555557;1365.4444444444446
1688378019;563.6666666666667;21172.88888888889;1258.5555555555557;1271.3333333333335
1688378020;557;23715.444444444445;733.8888888888889;1396.6666666666667
1688378021;550.8888888888889;22366.333333333336;1298.3333333333335;1390.888888888889
1688378022;529.8888888888889;23967.55555555556;1359;1377.6666666666667
1688378023;601.3333333333334;22574;1316.1111111111113;759.3333333333334
1688378024;615.3333333333334;24411.666666666668;1321.888888888889;1409.4444444444446
1688378025;616;24164.111111111113;1295;1442.888888888889
1688378026;692.4444444444445;26055.444444444445;1300.7777777777778;1448.6666666666667
1688378027;765.7777777777778;25311.77777777778;1295;1562.7777777777778
1688378028;786.26971784048;23440.111111111113;1212;1568.5555555555557
1688378029;786.4444444444445;22441.88888888889;1213.5555555555557;1443.2222222222224
1688378030;780.5555555555557;30040.000000000004;753.7777777777778;1537.4444444444446
1688378031;787.8888888888889;29262.000000000004;1251.3333333333335;1531.6666666666667
1688378032;723.1111111111112;30722.111111111113;1257.111111111111;1544.7777777777778
1688378033;709.1111111111112;28476.444444444445;1251.3333333333335;894.6666666666667
1688378034;708.4444444444445;29306.222222222223;1257.111111111111;1472.4444444444446
1688378035;632;28620.88888888889;1251.3333333333335;1466.6666666666667
1688378036;558.6666666666667;28786.55555555556;1257.111111111111;1461.2222222222224
1688378037;552.4561013558567;28933.222222222223;1251.3333333333335;1455.4444444444446
1688378038;552.3333333333334;27093.666666666668;1249.7777777777778;1498.7777777777778
1688378039;538.3333333333334;21433;1160.111111111111;1404.5555555555557
1688378040;537.6666666666667;22932;722;1521.7777777777778
1688378041;531;23093.333333333336;716.2222222222223;1516
1688378042;563.6666666666667;23264.333333333336;1259.7777777777778;1521.7777777777778
1688378043;557;23276.333333333336;1254;959.6666666666667
1688378044;563.6666666666667;23134.88888888889;1259.7777777777778;965.4444444444445
1688378045;557;24639.88888888889;1274.4444444444446;1462.1111111111113
1688378046;542.6666666666667;23530.333333333336;1280.2222222222224;1467.888888888889
1688378047;542.6666666666667;24150.77777777778;1274.4444444444446;1445
1688378048;556;22492.55555555556;1278;1450.7777777777778
1688378049;549.3333333333334;20765.55555555556;1157.888888888889;1356.2222222222224
1688378050;556;23604.88888888889;1373.6666666666667;1362
1688378051;530;24337.55555555556;830.1111111111112;1445
1688378052;530;24174;1385.3333333333335;1388.5555555555557
1688378053;530.6666666666667;23725.333333333336;1379.5555555555557;1382.7777777777778
1688378054;537.3333333333334;23389.333333333336;1364.888888888889;777.4444444444445
1688378055;537.3333333333334;24667.666666666668;1381.7777777777778;1382.7777777777778
1688378056;599.7777777777778;24103.666666666668;1387.5555555555557;1391.3333333333335
1688378057;605.1111111111112;24607.55555555556;1385.888888888889;1385.5555555555557
1688378058;611.7777777777778;24134.77777777778;1391.6666666666667;1368.6666666666667
1688378059;605.1111111111112;19911.111111111113;1175.888888888889;1362.888888888889
1688378060;605.1111111111112;28655.000000000004;1270;1279.888888888889
1688378061;611.7777777777778;28988.55555555556;714.7777777777778;1369.7777777777778
1688378062;604.4444444444445;28647.77777777778;1251;1375.5555555555557
1688378063;604.4444444444445;29086.88888888889;1374.3333333333335;1362.4444444444446
1688378064;597.7777777777778;30027.666666666668;1377.888888888889;757.1111111111112
1688378065;542;30785.666666666668;1372.1111111111113;1357.7777777777778
1688378066;523.3333333333334;30776.444444444445;1387.2222222222224;1363.5555555555557
1688378067;516.6666666666667;31231.222222222223;1381.4444444444446;1397.4444444444446
1688378068;523.3333333333334;31831.000000000004;1387.2222222222224;1424
1688378069;516.6666666666667;22189.55555555556;1293.1111111111113;1438.6666666666667
1688378070;516.6666666666667;21430.77777777778;1306.2222222222224;1356.1111111111113
1688378071;516.6666666666667;25282.111111111113;851.0000000000001;1438.6666666666667
1688378072;535.3333333333334;24453.333333333336;1250.7777777777778;1451.7777777777778
1688378073;535.3333333333334;23671.333333333336;1224.5555555555557;1483.5555555555557
1688378074;535.3333333333334;23810.55555555556;1230.3333333333335;859.6666666666667
1688378075;535.3333333333334;24921.444444444445;1229.6666666666667;1499.6666666666667
1688378076;542;23897.444444444445;1256.5555555555557;1465.7777777777778
1688378077;535.3333333333334;24632;1250.7777777777778;1439.2222222222224
1688378078;542;23823.333333333336;1256.5555555555557;1424.5555555555557
1688378079;535.3333333333334;25118.666666666668;1243.4444444444446;1418.7777777777778
1688378080;542;21757.55555555556;1168.2222222222224;1336.2222222222224
1688378081;516.6666666666667;24408.111111111113;748.4444444444445;1418.6666666666667
1688378082;523.3333333333334;24155.333333333336;1351.2222222222224;1386.888888888889
1688378083;516.6666666666667;22982.77777777778;1345.4444444444446;1381.1111111111113
1688378084;577.4444444444445;23155.77777777778;1314.1111111111113;759.6666666666667
1688378085;570.7777777777778;24152.88888888889;1287.2222222222224;1404.3333333333335
1688378086;639.8888888888889;23441.88888888889;1293;1410.1111111111113
1688378087;658.5555555555557;24189.77777777778;1287.2222222222224;1404.3333333333335
1688378088;658.5555555555557;22895;1293;1410.1111111111113
1688378089;651.8888888888889;21719.666666666668;1287.2222222222224;1404.3333333333335
1688378090;658.5555555555557;26356.444444444445;1207.111111111111;1321.888888888889
1688378091;658.5555555555557;27374.222222222223;703.7777777777778;1316.1111111111113
1688378092;658.5555555555557;29584.222222222223;730;1410.2222222222224
1688378093;597.7777777777778;27430.333333333336;1254.6666666666667;1385.888888888889
1688378094;604.4444444444445;28356.77777777778;1260.4444444444446;741.2222222222223
1688378095;542;28151.333333333336;1254.6666666666667;1346.6666666666667
1688378096;531;28839.222222222223;1260.4444444444446;1352.4444444444446
1688378097;531;29104.55555555556;1254.6666666666667;1346.6666666666667
1688378098;537.6666666666667;29513.222222222223;1260.4444444444446;1382.6666666666667
1688378099;538.3333333333334;22370.55555555556;1252.2222222222224;1376.888888888889
1688378100;538.3333333333334;22495.111111111113;1177.111111111111;1405.3333333333335
1688378101;552.3333333333334;22678.333333333336;1150.888888888889;1311.2222222222224
1688378102;571;24596.111111111113;721.8888888888889;1471.4444444444446
1688378103;564.3333333333334;23520.222222222223;1272.6666666666667;1465.6666666666667
1688378104;564.3333333333334;23525.222222222223;1278.4444444444446;975.7777777777778
1688378105;556.6666666666667;24713.55555555556;1272.6666666666667;970.0000000000001
1688378106;556.6666666666667;23634.77777777778;1278.4444444444446;1709.0000000000002
1688378107;556.6666666666667;24049.666666666668;1272.6666666666667;1693.4444444444446
1688378108;556;23762.666666666668;1276.2222222222224;1699.2222222222224
1688378109;556;22212;1251.888888888889;1693.4444444444446
1688378110;542;22643.666666666668;1257.6666666666667;1699.2222222222224
1688378111;530;22931;1279.3333333333335;1531.6666666666667
1688378112;530;24015;835.8888888888889;1633.1111111111113
1688378113;530;24807;1360.5555555555557;1511.7777777777778
1688378114;523.3333333333334;23757;1387.1111111111113;1517.5555555555557
1688378115;530;25749.88888888889;1404;778.5555555555557
1688378116;585.7777777777778;25584;1437.7777777777778;1392.3333333333335
1688378117;585.7777777777778;25542.77777777778;1436.1111111111113;1386.5555555555557
1688378118;597.7777777777778;25742;1441.888888888889;1369.6666666666667
1688378119;597.7777777777778;23042.55555555556;1436.1111111111113;1363.888888888889
1688378120;597.7777777777778;29105.77777777778;1318.7777777777778;1377
1688378121;597.7777777777778;28337.000000000004;1205.6666666666667;1275.5555555555557
1688378122;597.7777777777778;29631.55555555556;769.7777777777778;1369.6666666666667
1688378123;597.7777777777778;29280.88888888889;1280.888888888889;1363.888888888889
1688378124;597.7777777777778;29291.666666666668;1264;1369.6666666666667
1688378125;542;29422.77777777778;1230.2222222222224;754
1688378126;556.3333333333334;29561.88888888889;1233.7777777777778;1378.2222222222224
1688378127;537.6666666666667;28841.88888888889;1228;1372.4444444444446
1688378128;544.3333333333334;29781.77777777778;1233.7777777777778;1438.6666666666667
1688378129;537.6666666666667;22465.111111111113;1228;1453.3333333333335
1688378130;1196.3333333333335;23344.55555555556;1233.7777777777778;1913.888888888889
1688378131;5153497.333333334;22790.111111111113;1139.2222222222224;870649.0000000001
1688378132;15522326.444444446;24839.111111111113;696.1111111111112;10776881.444444446
1688378133;25704179.555555556;24182.77777777778;1220.7777777777778;21083620.111111112
1688378134;35836074;24465.666666666668;1226.5555555555557;31732782.77777778
1688378135;46043474.222222224;24850.333333333336;1237.4444444444446;41905847.222222224
1688378136;55897886.222222224;24856;1264.3333333333335;51535246.77777778
1688378137;65824175.55555556;24726.222222222223;1258.5555555555557;61538945.888888896
1688378138;75799778.22222222;23779.666666666668;1264.3333333333335;71212578.11111112
1688378139;85730259.22222222;23222.333333333336;1258.5555555555557;81128590.77777778
1688378140;90520022.8888889;22189.55555555556;1264.3333333333335;90018932
1688378141;89925822.66666667;21182.444444444445;1190.5555555555557;90225876.22222222
1688378142;90477533.55555557;20781.222222222223;728.1111111111112;90130400.66666667
1688378143;90407909.22222222;24302.111111111113;803.3333333333334;90426755.77777779
1688378144;80200509;23642.222222222223;1302.5555555555557;84345501
1688378145;70346097;24703.77777777778;1298.888888888889;74716087.44444445
1688378146;60419807.66666667;24099.77777777778;1304.6666666666667;64712402.333333336
1688378147;50444205;25255.333333333336;1328.4444444444446;55038770.11111111
1688378148;40512527.66666667;24404.111111111113;1334.2222222222224;45121472.77777778
1688378149;30570463.000000004;23901.88888888889;1328.4444444444446;35361922.11111111
1688378150;20795834.111111112;28722.77777777778;1313.4444444444446;25248725.666666668
1688378151;10062270.111111112;29197.000000000004;1245.4444444444446;15037482.333333334
1688378152;647.2222222222223;26804.77777777778;1190.6666666666667;4091972.777777778
1688378153;585.7777777777778;28271.55555555556;853.7777777777778;1511.1111111111113
1688378154;592.4444444444445;28808.444444444445;1366.7777777777778;1454.888888888889
1688378155;523.3333333333334;28796.88888888889;1361;826.7777777777778
1688378156;530;28583.55555555556;1337.2222222222224;780.5555555555557
1688378157;530;33318.11111111112;2124.1111111111113;1434.5555555555557
1688378158;516.6666666666667;33298.11111111112;2129.888888888889;4042.1111111111113
1688378159;535.3333333333334;27178.111111111113;2124.1111111111113;4036.3333333333335
1688378160;559.3333333333334;27702.88888888889;2148.444444444445;4042.1111111111113
1688378161;566.6666666666667;26244.444444444445;2122.222222222222;4036.3333333333335
1688378162;580.6666666666667;26432.222222222223;1928.5555555555557;3953.888888888889
1688378163;574;26199;1392.3333333333335;4003.0000000000005
1688378164;587.3333333333334;28014.333333333336;2016.8888888888891;4097.111111111111
1688378165;595;27387.333333333336;2011.1111111111113;4091.3333333333335
1688378166;595;23949.333333333336;1235.888888888889;3437.3333333333335
1688378167;601.6666666666667;24087.333333333336;1230.111111111111;810.7777777777778
1688378168;1277.2222222222224;24840.222222222223;1254.4444444444446;1901.1111111111113
1688378169;1560.4444444444446;23249.55555555556;1230.111111111111;1895.3333333333335
1688378170;11619044.222222224;24889.333333333336;1235.888888888889;5856893.444444445
1688378171;24539697.111111112;23516;1230.111111111111;18764760.111111112
1688378172;37693215.333333336;23653.444444444445;1235.888888888889;31815682.111111112
1688378173;50779622.66666667;23038.666666666668;611.3333333333334;44845630.55555556
1688378174;63899225.77777778;26064;1244.4444444444446;57915810.55555556
1688378175;76754242.44444445;25104.333333333336;1227;71040244.77777778
1688378176;89823542.8888889;25551.77777777778;1255.4444444444446;83979917
1688378177;102867066.11111112;24824;1274.5555555555557;97047755
1688378178;115523011.55555557;26009.77777777778;1280.3333333333335;110090325.22222222
1688378179;116792934.00000001;24286.444444444445;1391.6666666666667;116916677.33333334
1688378180;116902828.00000001;29634.88888888889;1397.4444444444446;116784698.66666667
1688378181;116734128.00000001;29772.666666666668;1391.6666666666667;116864801.11111112
1688378182;116850170.66666667;29409.111111111113;1397.4444444444446;116769035.77777779
1688378183;116536713.77777779;28149.000000000004;764.3333333333334;116740056.00000001
1688378184;116865025.11111112;29794.000000000004;865.7777777777778;116609415.77777779
1688378185;116507841.77777779;29974.666666666668;1372.5555555555557;116476723.55555557
1688378186;116529585.11111112;29794.88888888889;1334.888888888889;116447663.33333334
1688378187;116931040.8888889;30004.77777777778;1368.5555555555557;116636818.44444445
1688378188;117173341.33333334;33893.555555555555;2072.888888888889;116836090.22222222
1688378189;117052294.66666667;29182.222222222223;2067.1111111111113;117190069.11111112
1688378190;117023670.22222222;29551.000000000004;2072.888888888889;116797401.77777779
1688378191;116786147.77777779;28618.000000000004;2067.1111111111113;116997587.77777779
1688378192;116920036.66666667;28212.666666666668;2072.888888888889;116733015.33333334
1688378193;116796608.8888889;26817.88888888889;1971.4444444444446;116878004.8888889
1688378194;116943744.22222222;28833.666666666668;1442;117071754.22222222
1688378195;116884287.33333334;29164.77777777778;2099.444444444445;117018265.55555557
1688378196;116879578.00000001;27503.77777777778;2086.888888888889;116726435.77777779
1688378197;116606006.44444445;24800.333333333336;1265.4444444444446;116963160.00000001
1688378198;116718216.00000001;23003.222222222223;1271.2222222222224;116610396.22222222
1688378199;106763787.55555557;21725.88888888889;1265.4444444444446;112779724.66666667
1688378200;93798860;22040.444444444445;1271.2222222222224;99645355.55555557
1688378201;80858820.22222222;22771.222222222223;1286.2222222222224;86868737.11111112
1688378202;67798920;22703.77777777778;1292;73729953.55555557
1688378203;54939667.55555556;20613.55555555556;1341.1111111111113;60729219.55555556
1688378204;41932602.66666667;21990.333333333336;683.6666666666667;47742586.888888896
1688378205;28879610.222222224;24176.111111111113;1295;34802705.333333336
1688378206;16023475.111111112;23161.333333333336;1324;21684979.77777778
1688378207;3001765.3333333335;24157.333333333336;1318.2222222222224;8907868.444444446
1688378208;669.2222222222223;24018;1342.5555555555557;826.1111111111112
1688378209;661.8888888888889;23543;1355.3333333333335;1494
1688378210;661.2222222222223;28161.77777777778;1340.3333333333335;1499.7777777777778
1688378211;647.8888888888889;28204.55555555556;1394.3333333333335;1494
1688378212;640.5555555555557;28862.77777777778;1345.2222222222224;1499.7777777777778
1688378213;586.4444444444445;27197.666666666668;1339.4444444444446;1475.4444444444446
1688378214;623.1111111111112;27711.77777777778;707;1360.3333333333335
1688378215;560.6666666666667;28900.222222222223;1308.1111111111113;1431.7777777777778
1688378216;560.6666666666667;28568.77777777778;1313.888888888889;1414.888888888889
1688378217;575;28711.333333333336;1289.5555555555557;1409.1111111111113
1688378218;575;29255.000000000004;1276.7777777777778;759.7777777777778
1688378219;581.6666666666667;22922.333333333336;1271;1424
1688378220;581.6666666666667;21657.88888888889;1217;1429.7777777777778
1688378221;582.3333333333334;22779.333333333336;1229.7777777777778;1424
1688378222;581.6666666666667;22613.333333333336;1235.5555555555557;1484.6666666666667
1688378223;551.6666666666667;21567.77777777778;1229.7777777777778;1478.888888888889
1688378224;545;20880.88888888889;605.4444444444445;1396.3333333333335
1688378225;545;23254.444444444445;599.6666666666667;1478.888888888889
1688378226;550.6666666666667;26536.77777777778;3458.3333333333335;2187.888888888889
1688378227;557.3333333333334;27226.55555555556;3452.5555555555557;2163.5555555555557
1688378228;544;26851.77777777778;3458.3333333333335;1499.3333333333335
1688378229;631.3333333333334;28310.666666666668;3471.1111111111113;1493.5555555555557
1688378230;630.6666666666667;26792.444444444445;3458.3333333333335;2156.5555555555557
1688378231;631.3333333333334;27454.222222222223;3486.666666666667;2095.888888888889
1688378232;638.6666666666667;26557.000000000004;3492.444444444445;2101.666666666667
1688378233;652.6666666666667;25906.666666666668;3486.666666666667;2088.5555555555557
1688378234;652.6666666666667;24954.444444444445;3492.444444444445;2006.0000000000002
1688378235;626;30392.333333333336;1468.6666666666667;1392.6666666666667
1688378236;688.4444444444445;29950.88888888889;2113.3333333333335;2233.3333333333335
1688378237;688.4444444444445;30726.444444444445;2151;2227.5555555555557
1688378238;615.1111111111112;30051.88888888889;2138.222222222222;2233.3333333333335
1688378239;615.1111111111112;28837.55555555556;2132.444444444445;1589.3333333333335
1688378240;607.7777777777778;34624.555555555555;2104.1111111111113;2253.3333333333335
1688378241;593.7777777777778;34694.222222222226;2098.3333333333335;2247.5555555555557
1688378242;593.7777777777778;36230.77777777778;2104.1111111111113;2260.666666666667
1688378243;614.3333333333334;35274.222222222226;2206.888888888889;2254.888888888889
1688378244;647;30597.666666666668;1377.7777777777778;2179.666666666667
1688378245;591.8888888888889;30952.000000000004;733.1111111111112;1484.888888888889
1688378246;599.2222222222223;32796.333333333336;1351.1111111111113;1554.2222222222224
1688378247;591.8888888888889;31942.000000000004;1345.3333333333335;1567
1688378248;585.2222222222223;31959.666666666668;1351.1111111111113;1595.6666666666667
1688378249;591.8888888888889;26011.333333333336;1345.3333333333335;931.6666666666667
1688378250;591.8888888888889;26614.666666666668;1351.1111111111113;1623.4444444444446
1688378251;577.8888888888889;26340.444444444445;1345.3333333333335;1617.6666666666667
1688378252;578.3333333333334;25600.88888888889;1353.4444444444446;1623.4444444444446
1688378253;552.3333333333334;21040.111111111113;1368.1111111111113;1603
1688378254;538.3333333333334;20955.111111111113;1373.888888888889;1486.1111111111113
1688378255;545;21057;759.1111111111112;1435.3333333333335
1688378256;538.3333333333334;23645.77777777778;877.3333333333334;1518.3333333333335
1688378257;538.3333333333334;23818.111111111113;1399.4444444444446;1470.6666666666667
1688378258;538.3333333333334;24443.77777777778;1405.2222222222224;1591
1688378259;563.6666666666667;22875.111111111113;1399.4444444444446;899.2222222222223
1688378260;563.6666666666667;23490.55555555556;1405.2222222222224;1557.4444444444446
1688378261;542.6666666666667;23485.55555555556;1309.3333333333335;1551.6666666666667
1688378262;542.6666666666667;25057.444444444445;1349.5555555555557;1557.4444444444446
1688378263;542.6666666666667;24011;1364.5555555555557;1528.4444444444446
1688378264;596.1111111111112;23155.77777777778;1352.2222222222224;1534.2222222222224
1688378265;596.1111111111112;21472.444444444445;1234;1453.4444444444446
1688378266;665.2222222222223;24855.444444444445;739.8888888888889;1585.1111111111113
1688378267;665.8888888888889;23313.333333333336;1381;1480.1111111111113
1688378268;654.5555555555557;24597.333333333336;1386.7777777777778;1485.888888888889
1688378269;661.8888888888889;22533;1381;850.3333333333334
1688378270;675.8888888888889;31965.55555555556;1384.5555555555557;1507.1111111111113
1688378271;675.8888888888889;30813.000000000004;1323.888888888889;1501.3333333333335
1688378272;675.8888888888889;31397.222222222223;1308.888888888889;1507.1111111111113
1688378273;608.4444444444445;30930.55555555556;1274.5555555555557;1482.7777777777778
1688378274;633.7777777777778;31178.77777777778;1280.3333333333335;1467.7777777777778
1688378275;571.3333333333334;28642.77777777778;1246.5555555555557;1328.7777777777778
1688378276;564;30529.222222222223;605.4444444444445;1415
1688378277;550;31816.111111111113;1215.888888888889;1427.7777777777778
1688378278;556.6666666666667;31759.88888888889;1221.6666666666667;1745.3333333333335
1688378279;556.6666666666667;22766;1197.3333333333335;1213.111111111111
1688378280;557.3333333333334;24394.222222222223;1221.6666666666667;1218.888888888889
1688378281;571.3333333333334;25049.222222222223;1215.888888888889;2076.666666666667
1688378282;571.3333333333334;24513.333333333336;1221.6666666666667;2167.5555555555557
1688378283;553.3333333333334;24763.333333333336;1215.888888888889;2237.1111111111113
1688378284;553.3333333333334;24496.222222222223;1221.6666666666667;2250.222222222222
1688378285;560;24003.222222222223;1215.888888888889;2201.5555555555557
1688378286;567.3333333333334;24726.55555555556;617.1111111111112;2277.5555555555557
1688378287;567.3333333333334;25745.333333333336;1234.7777777777778;1993.1111111111113
1688378288;553.3333333333334;25551.55555555556;1240.5555555555557;1874.3333333333335
1688378289;571.3333333333334;23810.666666666668;1216.2222222222224;1868.5555555555557
1688378290;557.3333333333334;24074.444444444445;1240.5555555555557;1029.3333333333335
1688378291;557.3333333333334;24062;1234.7777777777778;1607.888888888889
1688378292;564;23797.444444444445;1259.5555555555557;1566.3333333333335
1688378293;564;23579.666666666668;1253.7777777777778;1560.5555555555557
1688378294;564.6666666666667;23180.333333333336;1259.5555555555557;1513.4444444444446
1688378295;564;21274.222222222223;1272.111111111111;1418.888888888889
1688378296;634.1111111111112;21989.77777777778;654.4444444444445;1368.888888888889
1688378297;634.1111111111112;23312.77777777778;1323;1457.7777777777778
1688378298;615.4444444444445;23280.77777777778;1328.7777777777778;1463.5555555555557
1688378299;622.1111111111112;21974.77777777778;1304.4444444444446;1431.888888888889
1688378300;622.1111111111112;33612.66666666667;2156.222222222222;768.2222222222223
1688378301;608.1111111111112;33460.555555555555;2131.444444444445;4236.88888888889
1688378302;608.1111111111112;33857;2137.222222222222;4235.333333333334
1688378303;614.7777777777778;33225.77777777778;2131.444444444445;4229.555555555556
1688378304;626.7777777777778;33361.66666666667;2107.222222222222;4267
1688378305;550;32457.77777777778;2101.444444444445;4253.88888888889
1688378306;564;33036.66666666667;1453.3333333333335;4192.88888888889
1688378307;571.3333333333334;34153.77777777778;1985.2222222222224;4296.222222222223
1688378308;564.6666666666667;34124.77777777778;2084.1111111111113;4309.333333333334
1688378309;571.3333333333334;22434.55555555556;1232.3333333333335;4322
1688378310;578;23762.88888888889;1238.111111111111;843.7777777777778
1688378311;578;23073.333333333336;1232.3333333333335;1541.5555555555557
1688378312;564;23986.55555555556;1238.111111111111;1547.3333333333335
1688378313;545.3333333333334;23059;1232.3333333333335;1509.888888888889
1688378314;544.6666666666667;22900;1238.111111111111;1546.2222222222224
1688378315;537.3333333333334;21577;1232.3333333333335;1512.5555555555557
1688378316;523.3333333333334;22223;719;1427.7777777777778
1688378317;537.3333333333334;24540.55555555556;641.2222222222223;1517.7777777777778
1688378318;530.6666666666667;25043.88888888889;1288.2222222222224;1505.1111111111113
1688378319;560.6666666666667;23684.88888888889;1282.4444444444446;1480.888888888889
1688378320;561.3333333333334;25318.444444444445;1396.5555555555557;790.4444444444445
1688378321;568;24888.88888888889;1390.7777777777778;1585.3333333333335
1688378322;568;25805.333333333336;1451.4444444444446;1591.1111111111113
1688378323;568;25371.77777777778;1445.6666666666667;1562.1111111111113
1688378324;622.7777777777778;25576.55555555556;1431;1588.6666666666667
1688378325;629.4444444444445;23900.88888888889;1427.4444444444446;1691.6666666666667
1688378326;677.8888888888889;24130.333333333336;1412.1111111111113;1601.6666666666667
1688378327;677.8888888888889;25029.222222222223;788.3333333333334;1699.7777777777778
1688378328;647.8888888888889;25261;1430.5555555555557;1705.5555555555557
1688378329;640.5555555555557;22761.333333333336;1316.4444444444446;1722.4444444444446
1688378330;640.5555555555557;29818.222222222223;1340.7777777777778;927.5555555555557
1688378331;647.2222222222223;29010.444444444445;1280.1111111111113;1614.4444444444446
1688378332;650.5555555555557;31182.88888888889;1285.888888888889;1620.2222222222224
1688378333;610.7777777777778;29816.333333333336;1280.1111111111113;1593.6666666666667
1688378334;629.4444444444445;31555.55555555556;1265.111111111111;1472.1111111111113
1688378335;567;28483.000000000004;1259.3333333333335;1466.3333333333335
1688378336;573.6666666666667;28319.222222222223;1241.888888888889;1386.7777777777778
1688378337;567;28329.77777777778;599.6666666666667;1469.4444444444446
1688378338;573.6666666666667;31372.111111111113;1221.6666666666667;1473.3333333333335
1688378339;567;23122.111111111113;1197.3333333333335;1467.5555555555557
1688378340;567;25196.666666666668;1221.6666666666667;780.6666666666667
1688378341;571;23027.333333333336;1215.888888888889;767.5555555555557
1688378342;556;25090.333333333336;1331.4444444444446;1444.1111111111113
1688378343;538;22670.666666666668;1325.6666666666667;1493.2222222222224
1688378344;544.6666666666667;24434.444444444445;1352.5555555555557;1499
1688378345;545.3333333333334;22600.666666666668;1367.888888888889;1487.7777777777778
1688378346;552;22833.333333333336;1373.6666666666667;1405.1111111111113
1688378347;559.3333333333334;22081;779.6666666666667;1488.3333333333335
1688378348;559.3333333333334;24679.111111111113;1409;1494.1111111111113
1688378349;571.3333333333334;22793.88888888889;1384.6666666666667;1488.3333333333335
1688378350;571.3333333333334;24033.111111111113;1409;1501.4444444444446
1688378351;571.3333333333334;22594.666666666668;1293.4444444444446;824.8888888888889
1688378352;564;24505.77777777778;1318.2222222222224;1465
1688378353;564;22424.222222222223;1291.3333333333335;1459.2222222222224
1688378354;564;24231.77777777778;1276;1451.888888888889
1688378355;570.6666666666667;22994.111111111113;1292.888888888889;1446.1111111111113
1688378356;626.4444444444445;22550.333333333336;1270.6666666666667;1342.1111111111113
1688378357;646.3333333333334;22559;664;1431.888888888889
1688378358;635;24768.666666666668;690.5555555555557;1437.6666666666667
1688378359;621;23121.55555555556;1289.6666666666667;1431.888888888889
1688378360;621;31092.333333333336;1295.4444444444446;1437.6666666666667
1688378361;627.6666666666667;28752.666666666668;1270.6666666666667;742.6666666666667
1688378362;621;30973.77777777778;1276.4444444444446;1433.888888888889
1688378363;613.6666666666667;28718.88888888889;1270.6666666666667;1428.5555555555557
1688378364;625.6666666666667;30798.333333333336;1253.7777777777778;1452.888888888889
1688378365;555.8888888888889;30179.111111111113;1248;1447.1111111111113
1688378366;550;28935.333333333336;1231.111111111111;1377.7777777777778
1688378367;556.6666666666667;27806.444444444445;1225;1392.7777777777778
1688378368;564;29448.444444444445;607.3333333333334;1498.1111111111113
1688378369;564;21461.55555555556;1242.2222222222224;1492.3333333333335
1688378370;557.3333333333334;24431.666666666668;1248;1498.1111111111113
1688378371;557.3333333333334;22656.55555555556;1242.2222222222224;825.3333333333334
1688378372;564;24841.77777777778;1248;1501.4444444444446
1688378373;545.3333333333334;22364.77777777778;1242.2222222222224;1488.7777777777778
1688378374;552.6666666666667;23686.88888888889;1248;1517.7777777777778
1688378375;538.6666666666667;23055.55555555556;1281.2222222222224;1491.5555555555557
1688378376;538.6666666666667;22790;1266.5555555555557;1495.1111111111113
1688378377;545.3333333333334;21846.333333333336;1260.7777777777778;1389.7777777777778
1688378378;538.6666666666667;23286.77777777778;625.8888888888889;1484
1688378379;571.3333333333334;21834.333333333336;1251.5555555555557;1478.2222222222224
1688378380;571.3333333333334;24002.111111111113;1257.3333333333335;1484.1111111111113
1688378381;593;22416.666666666668;1251.5555555555557;807.5555555555557
1688378382;586.3333333333334;24559.333333333336;1323.888888888889;833.5555555555557
1688378383;579;21881.222222222223;1318.1111111111113;1475.3333333333335
1688378384;639.7777777777778;23482.55555555556;1284.888888888889;1499.6666666666667
1688378385;642.4444444444445;22365.111111111113;1279.1111111111113;1551
1688378386;690.8888888888889;23023.77777777778;1305.6666666666667;1634.3333333333335
1688378387;697.5555555555557;21784.666666666668;1323.1111111111113;1540.1111111111113
1688378388;672.2222222222223;22234.111111111113;709.1111111111112;1790.888888888889
1688378389;672.2222222222223;21777.111111111113;1335.7777777777778;1789.2222222222224
1688378390;657.8888888888889;28187.333333333336;1360.1111111111113;1795.0000000000002
1688378391;657.8888888888889;28535.222222222223;1287.7777777777778;1757.3333333333335
1688378392;664.5555555555557;30233.88888888889;1293.5555555555557;1085
1688378393;603.7777777777778;28738.333333333336;1287.7777777777778;1746.1111111111113
1688378394;601.1111111111112;30512.666666666668;1312.1111111111113;1668.888888888889
1688378395;568.6666666666667;30513.111111111113;1285.5555555555557;1585.5555555555557
1688378396;568.6666666666667;30673.111111111113;1306.3333333333335;1584
1688378397;568;30156.111111111113;1288.888888888889;1333.2222222222224
1688378398;568;31058.000000000004;662.2222222222223;1430.5555555555557
1688378399;554;25948.444444444445;1257.2222222222224;1424.7777777777778
1688378400;567.3333333333334;25433.333333333336;1263;1430.5555555555557
1688378401;560.6666666666667;26287.111111111113;1384.4444444444446;1432.1111111111113
1688378402;574.6666666666667;26937.111111111113;1412.888888888889;868.0000000000001
1688378403;574.6666666666667;25356.333333333336;1411.2222222222224;1547.6666666666667
1688378404;544.6666666666667;24969.88888888889;1417;1553.4444444444446
1688378405;538;25091.55555555556;1400.888888888889;1575.4444444444446
1688378406;538;24768.222222222223;1406.6666666666667;1573.888888888889
1688378407;538;23293.444444444445;1422;1475
1688378408;544.6666666666667;23720.88888888889;808.4444444444445;1480.7777777777778
1688378409;538;24217.111111111113;902.2222222222223;1563.3333333333335
1688378410;556.6666666666667;23914.222222222223;1327.2222222222224;1569.1111111111113
1688378411;542.6666666666667;23884.666666666668;1298.7777777777778;1466.3333333333335
