Time;{instance="10.231.0.208:9100"};{instance="192.168.221.10:9100"};{instance="192.168.221.11:9100"};{instance="192.168.221.12:9100"}
1688376070;1.0277777780882076;13.83333333333212;3.666666666665847;3.7222222222175674
1688376071;0.9166666655801237;14.166666666667666;3.499999999995552;4.611111111110702
1688376072;1.5000000001034692;14.222222222224445;3.611111111119186;5.166666666668277
1688376073;6.2777777797439;13.611111111110091;3.611111111109082;9.66666666666545
1688376074;10.749999999016936;13.66666666666687;3.2777777777785815;18.222222222220807
1688376075;15.722222222636134;14.166666666667666;3.2777777777785815;26.33333333332706
1688376076;20.77777777772603;13.999999999997371;3.000000000004846;33.05555555555455
1688376077;25.50000000175916;14.277777777776151;3.1666666666650514;38.83333333333212
1688376078;30.05555555508988;14.166666666662621;2.8888888888811977;44.22222222222242
1688376079;34.55555555540032;14.000000000002416;3.055555555561611;50.11111111111353
1688376080;39.38888889064805;13.888888888888886;2.944444444448081;54.72222222221919
1688376081;43.44444444480662;14.166666666667666;2.7777777777676675;60.277777777774745
1688376082;43.08333333141895;14.388888888889696;3.055555555561611;61.22222222221959
1688376083;43.22222222367094;17.722222222225042;3.055555555561611;58.66666666666889
1688376084;43.05555555555556;19.388888888887678;2.944444444448081;58.16666666666808
1688376085;40.80555555669384;20.83333333333333;2.944444444437977;60.44444444444505
1688376086;40.08333333250549;20.16666666666727;2.999999999994742;64.77777777777192
1688376087;40.19444444501358;21.16666666666383;3.2777777777886854;67.66666666666828
1688376088;40.44444444459966;20.611111111111313;3.2777777777684776;67.33333333332767
1688376089;40.33333333209157;20.22222222221899;3.3333333333353465;67.22222222222425
1688376090;40.44444444459966;20.777777777776564;3.3333333333353465;65.77777777777858
1688376091;40.63888888857844;26.888888888889696;3.2777777777785815;66.83333333333697
1688376092;40.55555555581426;32.22222222222322;3.499999999995552;68.61111111111313
1688376093;40.80555555669383;32.77777777777575;3.4444444444387727;68.6666666666699
1688376094;42.77777777622557;31.166666666664838;3.500000000005656;65.27777777777777
1688376095;43.47222222325703;31.99999999999615;3.3888888888921116;60.888888888894144
1688376096;43.52777777757081;32.72222222222403;3.2777777777684776;59.111111111112926
1688376097;43.47222222196352;32.99999999999777;3.166666666665037;61.44444444445172
1688376098;43.61111111162851;33.00000000000283;3.111111111108272;64.16666666667273
1688376099;43.50000000041392;31.888888888887664;3.055555555561611;68.11111111111232
1688376100;43.58333333317811;25.500000000000796;2.8888888888811977;72.50000000000101
1688376101;40.33333333338507;17.333333333332718;2.944444444448081;75.22222222222202
1688376102;39.44444444237484;14.44444444444646;3.055555555561611;76.99999999999818
1688376103;39.80555555576251;14.38888888889474;3.055555555551507;76.8888888888897
1688376104;39.38888888806105;13.722222222223635;2.944444444448081;76.00000000000162
1688376105;39.277777776846456;11.722222222225454;2.8888888888913016;75.55555555555253
1688376106;39.027777778553876;17.333333333332718;2.7777777777777715;74.27777777777212
1688376107;38.777777776380795;18.055555555560602;3.055555555561611;75.83333333333131
1688376108;39.11111111002457;18.166666666664028;3.055555555551507;77.83333333333454
1688376109;39.00000000010348;18.166666666664042;2.8888888888913016;76.16666666666687
1688376110;42.24999999989652;18.444444444442823;2.7777777777777715;71.16666666666384
1688376111;42.416666666718406;24.11111111111191;2.999999999994742;68.05555555555556
1688376112;41.722222223567464;26.444444444440606;3.2222222222319203;70.50000000000283
1688376113;42.00000000031044;27.833333333334537;3.3888888888820077;75.9444444444398
1688376114;41.91666666754625;28.055555555556566;3.3333333333353465;80.72222222222081
1688376115;41.777777777881255;22.277777777773935;3.444444444448891;82.38888888889353
1688376116;41.44444444423748;27.83333333332949;3.1666666666549332;80.05555555555475
1688376117;41.08333333343681;27.94444444444808;3.444444444448891;76.77777777777615
1688376118;41.05555555627991;28.055555555556566;3.500000000005656;75.55555555555758
1688376119;40.86111110971413;27.22222222222524;3.3333333333252426;77.77777777778283
1688376120;41.19444444723841;22.61111111111454;3.111111111108272;77.72222222222607
1688376121;41.30555555457248;22.444444444444244;2.8333333333244326;76.33333333333212
1688376122;40.58333333426466;24.333333333338985;3.000000000004846;74.6666666666695
1688376123;37.472222221549586;30.833333333329293;3.055555555551507;72.22222222222727
1688376124;33.194444444961846;39.44444444445151;3.055555555551507;69.3333333333309
1688376125;28.99999999984479;34.8333333333307;3.3888888889022297;67.66666666666322
1688376126;28.944444444237476;34.611111111108684;3.055555555541403;68.61111111111313
1688376127;28.472222222222214;34.5000000000002;3.3333333333353465;71.2222222222206
1688376128;28.222222222636134;34.49999999999514;3.3333333333353465;73.99999999999838
1688376129;27.611111108368874;33.5555555555503;3.3333333333353465;78.11111111110827
1688376130;27.111111110490228;32.50000000000202;3.3888888888921116;82.27777777778
1688376131;27.277777777312124;33.88888888888586;3.1666666666650514;84.22222222222142
1688376132;29.66666666713232;27.72222222222605;3.555555555552317;86.61111111111192
1688376133;33.41666666609753;19.66666666666646;3.555555555562421;91.88888888889375
1688376134;37.58333333405769;23.00000000000182;3.111111111108272;97.05555555556202
1688376135;37.250000000413905;25.94444444444484;3.4444444444488767;99.33333333333394
1688376136;37.25000000041392;26.83333333333293;3.9444444444395828;99.55555555555596
1688376137;37.30555555602121;29.2777777777802;4.222222222223422;99.55555555555596
1688376138;37.5555555569008;32.22222222222828;4.000000000006466;99.333333333339
1688376139;38.00000000175916;31.944444444444443;4.166666666656553;99.3888888888907
1688376140;38.138888887543644;29.666666666662422;4.166666666666657;99.50000000000425
1688376141;38.666666667753205;29.499999999997172;3.7777777777894954;99.49999999999919
1688376142;39.194444444082265;29.333333333331908;3.999999999996362;99.49999999999919
1688376143;38.750000000517396;24.44444444444747;4.277777777770098;99.49999999999919
1688376144;39.000000001396984;21.6666666666697;4.055555555563231;99.55555555555596
1688376145;38.361111109972825;20.555555555559593;3.3333333333353465;99.61111111111273
1688376146;38.36111111126633;18.222222222220807;3.055555555551507;99.61111111111273
1688376147;38.388888889716725;15.555555555551507;3.3888888888921116;99.94444444444323
1688376148;38.111111110386744;14.944444444442212;3.055555555561611;99.94444444444323
1688376149;38.19444444444443;12.888888888892325;2.944444444448081;99.94444444444323
1688376150;37.72222221984216;13.888888888888886;2.999999999994742;100
1688376151;37.4444444443927;13.666666666666856;2.6666666666743453;100
1688376152;37.55555555560729;13.499999999996561;2.6666666666642413;100
1688376153;37.3055555534342;13.666666666666856;2.6666666666642413;99.7222222222212
1688376154;37.5;16.444444444439583;2.7777777777777715;99.38888888888566
1688376155;34.694444445065315;18.888888888891913;3.055555555551507;99.33333333333394
1688376156;30.499999998654744;23.00000000000182;2.8333333333244326;99.27777777777717
1688376157;26.388888890182386;22.94444444444504;2.944444444448081;99.27777777777717
1688376158;22.11111111230113;24.61111111111272;4.999999999987864;99.22222222222041
1688376159;18.16666666935714;30.388888888890293;4.999999999997968;99.22222222222041
1688376160;14.22222222253265;33.16666666666808;5.055555555544629;99.22222222222041
1688376161;10.305555555452074;33.77777777778242;4.944444444451307;99.22222222222041
1688376162;6.138888890078903;33.72222222222565;5.055555555554747;99.49999999999919
1688376163;2.3611111126633233;31.444444444443633;5.222222222225042;99.83333333333475
1688376164;0.9722222211874083;28.888888888887877;5.000000000008072;99.88888888888647
1688376165;1.0277777780882076;26.27777777777534;5.111111111121616;99.94444444444323
1688376166;0.9722222211874083;27.27777777777696;5.111111111101408;99.77777777777798
1688376167;0.9722222211874083;27.83333333332949;3.1666666666751553;99.61111111111273
1688376168;0.9444444440305091;22.555555555552715;3.055555555561611;99.55555555555596
1688376169;0.8888888897167249;20.611111111106254;3.055555555561611;99.55555555555596
1688376170;0.8888888897167391;24.444444444442425;3.111111111108272;99.44444444444747
1688376171;1.0277777793817222;24.83333333332969;3.111111111108272;99.11111111111192
1688376172;0.9999999996378222;24.33333333333394;2.999999999994742;98.7222222222196
1688376173;1.0277777780882076;24.44444444444747;3.2222222222319203;98.33333333333232
1688376174;0.8611111112663394;23.555555555559394;3.1666666666549332;98.16666666666707
1688376175;0.8611111112663252;24.055555555555145;3.2222222222319203;98.27777777777555
1688376176;0.8888888897167249;21.61111111111292;3.2777777777785815;98.49999999999757
1688376177;0.9722222211874083;19.888888888888474;3.3888888888921116;98.1111111111103
1688376178;1.0277777767947072;18.611111111113132;3.4444444444387727;97.83333333333151
1688376179;0.9444444440305091;17.611111111106453;3.3333333333353465;97.55555555554767
1688376180;0.9722222198939079;20.555555555554534;3.166666666665037;97.83333333333151
1688376181;0.999999999637808;20.88888888888505;3.000000000004846;98.00000000000182
1688376182;1.0277777780882076;20.66666666666808;2.7777777777676675;98.27777777778061
1688376183;1.0555555565386072;19.555555555552928;2.8333333333345365;98.05555555555354
1688376184;1.0277777780882076;20.555555555554534;2.8888888888913016;97.83333333333657
1688376185;1.1666666651661899;23.44444444444585;2.944444444448081;97.72222222222302
1688376186;1.1388888880093049;23.722222222224644;2.944444444437977;98.00000000000182
1688376187;1.0555555552451068;24.16666666666869;2.944444444448081;98.27777777778061
1688376188;1.083333332402006;20.833333333338388;3.055555555561611;98.66666666667294
1688376189;0.9999999996378222;18.055555555555557;3.055555555551507;98.16666666666707
1688376190;0.9166666668736241;23.388888888894144;3.166666666665037;98.33333333333232
1688376191;0.8888888884232244;24.944444444438176;3.2777777777785815;98.4444444444408
1688376192;0.8888888884232244;25.222222222222015;3.2222222222218164;98.33333333333232
1688376193;0.9444444440305233;22.61111111111454;3.2777777777684776;98.33333333332727
1688376194;0.833333334109426;21.611111111107874;3.055555555551507;98.11111111110525
1688376195;0.8333333354029264;24.27777777777716;3.055555555561611;98.2777777777705
1688376196;0.7777777785021414;28.500000000000597;2.999999999994742;98.2777777777705
1688376197;0.9722222224809087;29.333333333331908;2.999999999994742;98.2777777777705
1688376198;0.8611111112663394;28.555555555552317;3.055555555561611;98.50000000000263
1688376199;0.9444444440305233;27.055555555554946;2.9444444444379627;97.94444444444505
1688376200;0.9166666655801095;26.222222222223635;3.000000000004846;97.94444444444505
1688376201;1.0555555539516064;27.388888888890506;3.1666666666751553;98.44444444444586
1688376202;1.1111111108524057;27.999999999999787;3.1666666666751553;98.72222222222464
1688376203;0.999999999637808;26.722222222219386;3.444444444448891;98.5555555555594
1688376204;1.0555555552451068;27.999999999999787;3.2222222222117125;97.88888888889333
1688376205;1.1666666664597045;27.944444444443022;3.3333333333454505;97.72222222222808
1688376206;1.083333332402006;29.722222222224232;3.2777777777684776;97.66666666667132
1688376207;1.0833333336955064;30.000000000003027;3.2777777777785815;97.83333333332646
1688376208;1.1944444436166037;26.11111111111009;3.3333333333353465;97.88888888888829
1688376209;1.166666667753205;25.99999999999656;3.111111111108272;97.277777777779
1688376210;1.0555555565386214;28.499999999995552;2.944444444437977;97.22222222222223
1688376211;1.0277777767947072;32.77777777777575;2.8333333333244326;97.11111111111374
1688376212;1.166666667753205;37.3333333333398;2.7222222222210064;97.55555555555777
1688376213;1.0555555552451068;34.16666666666465;3.111111111118376;97.88888888889333
1688376214;1.0833333336955064;34.111111111107874;2.8888888888811977;93.83333333333515
1688376215;1.1666666664597045;36.33333333333313;3.000000000004846;93.88888888889193
1688376216;1.7222222225326647;39.388888888889696;3.055555555551507;94.05555555556222
1688376217;1.7222222225326504;41.27777777777939;3.000000000004846;94.44444444444444
1688376218;2.2500000014487114;43.38888888889111;3.3888888888820077;95.05555555555374
1688376219;6.944444444444443;39.94444444444727;3.2777777777785815;94.33333333333091
1688376220;11.44444444604838;35.222222222223024;3.2777777777886854;92.77777777777676
1688376221;15.861111111007617;30.055555555554747;3.2222222222116983;91.22222222221757
1688376222;20.305555555710768;28.88888888889292;3.2777777777785815;89.83333333332868
1688376223;24.722222220670005;24.61111111111272;3.499999999995552;92.27777777777091
1688376224;29.083333333902473;21.33333333333414;3.3888888888921116;90.33333333332949
1688376225;32.88888888718145;18.722222222221617;3.2777777777886854;89.49999999999818
1688376226;37.30555555731472;20.444444444441004;3.3333333333252426;89.66666666666849
1688376227;39.58333333074632;22.388888888887465;3.111111111118376;89.66666666666849
1688376228;37.722222221135674;22.888888888893334;3.3888888888921116;90.44444444444808
1688376229;37.63888888837148;23.055555555553525;3.3333333333252426;91.72222222222344
1688376230;37.83333333364377;25.16666666666525;3.2777777777886854;92.61111111111657
1688376231;37.88888888795756;25.722222222222825;3.3333333333353465;93.88888888889193
1688376232;38.27777777850214;25.66666666666606;3.1666666666751553;95.66666666667314
1688376233;38.30555555695254;23.99999999999838;3.2777777777785815;97.16666666666545
1688376234;38.33333333410942;26.166666666666856;3.2222222222117125;96.38888888888586
1688376235;38.194444443150935;26.166666666666856;3.3888888888921116;95.77777777777656
1688376236;39.77777777860562;24.16666666666869;3.3888888888921116;95.77777777777656
1688376237;41.47222222268788;24.722222222216146;3.1666666666650514;95.77777777777656
1688376238;40.33333333338508;25.388888888892325;3.3888888888820077;96.16666666666384
1688376239;38.111111110386744;24.44444444444241;3.3333333333252426;96.88888888888667
1688376240;37.91666666511446;26.611111111105856;3.055555555541403;97.3333333333307
1688376241;37.66666666682188;31.500000000000398;3.055555555551507;97.3333333333307
1688376242;37.4722222215496;36.555555555555145;3.055555555561611;96.55555555555617
1688376243;37.5833333353512;35.111111111109494;4.888888888894542;97.277777777779
1688376244;37.63888888837149;33.27777777778161;4.611111111110702;97.44444444444424
1688376245;37.4444444443927;36.61111111111192;4.722222222224232;96.44444444444262
1688376246;37.16666666635622;41.833333333331915;4.777777777770908;95.27777777777575
1688376247;38.47222222248091;40.77777777777353;4.555555555564041;94.05555555555718
1688376248;40.66666666702885;40.055555555555756;4.7777777777911155;92.22222222221919
1688376249;39.33333333633426;38.50000000000161;4.722222222224232;90.222222222221
1688376250;35.000000000258694;34.277777777778184;4.7777777777810115;89.27777777778121
1688376251;30.63888888702624;36.77777777777717;4.722222222214128;89.50000000000324
1688376252;26.13888888671579;40.222222222226065;3.000000000004846;89.16666666666768
1688376253;21.80555555581425;42.44444444444121;3.2777777777785815;88.11111111111434
1688376254;17.58333333224678;38.555555555553326;2.8888888888811977;84.1666666666697
1688376255;13.333333334109426;32.88888888889434;3.111111111118376;80.00000000000304
1688376256;8.694444444133993;32.888888888889284;3.111111111118376;78.83333333333111
1688376257;4.083333332608973;32.50000000000202;2.944444444427859;80.05555555555475
1688376258;1.1666666651661899;31.8333333333309;3.111111111118376;81.72222222222243
1688376259;0.8611111099728248;31.111111111108073;2.999999999994742;82.22222222221818
1688376260;1.000000002224823;24.33333333333394;3.055555555551507;82.72222222222405
1688376261;1.0000000009313226;25.888888888888076;3.055555555551507;83.61111111111212
1688376262;0.8888888884232244;24.722222222221205;3.000000000004846;84.77777777777393
1688376263;1.0000000009313226;24.94444444444322;3.3333333333353465;89.3888888888897
1688376264;0.9444444440305233;25.666666666661;3.055555555551507;94.6111111111097
1688376265;0.999999999637808;25.77777777777959;3.1666666666549332;96.72222222222142
1688376266;0.8611111112663252;30.333333333333528;3.3333333333353465;96.83333333333495
1688376267;0.9722222224809229;29.888888888889497;3.055555555551507;96.77777777777818
1688376268;1.0277777780882076;31.277777777778383;3.2777777777886854;97.0000000000002
1688376269;0.9166666655801237;30.277777777776762;3.111111111118376;97.05555555555192
1688376270;0.8611111112663252;28.3333333333303;3.111111111108272;96.8333333333299
1688376271;0.9444444453240237;26.2777777777804;3.055555555551507;96.94444444444343
1688376272;0.8888888897167391;25.55555555556262;2.944444444437977;97.05555555555192
1688376273;0.9722222211874083;25.44444444444403;3.166666666675141;97.16666666666545
1688376274;0.9722222237744234;25.3333333333305;3.055555555561611;97.33333333333576
1688376275;1.1388888893028053;20.555555555554534;3.000000000004846;97.72222222222302
1688376276;0.9444444453240237;23.2777777777806;3.000000000004846;97.94444444444
1688376277;0.8888888897167249;23.44444444444585;2.8888888888811977;98.16666666666202
1688376278;0.9166666681671245;27.000000000003226;3.055555555551507;98.38888888888404
1688376279;1.0000000009313084;23.500000000002615;3.000000000004846;98.94444444444161
1688376280;0.9444444440305091;22.50000000000101;2.8888888888913016;99.11111111111192
1688376281;0.9444444453240237;20.99999999999352;2.8333333333345365;99.27777777778222
1688376282;0.8611111125598256;20.111111111115548;2.7222222222210064;99.11111111111192
1688376283;0.8333333328159256;21.722222222226463;2.8333333333345365;99.0555555555501
1688376284;0.9166666681671245;21.722222222221404;2.7222222222210064;99.16666666666363
1688376285;1.1111111108524057;19.222222222222413;2.8333333333345365;99.16666666667373
1688376286;1.1388888893028053;18.499999999999588;2.8333333333345365;98.44444444444586
1688376287;1.1388888893028053;19.99999999999696;2.611111111117566;98.50000000000263
1688376288;1.166666667753205;23.444444444440805;2.666666666654123;98.05555555555858
1688376289;1.1388888905963057;28.166666666665037;2.888888888891316;97.7777777777798
1688376290;1.1111111108524057;29.333333333336967;2.8888888888913016;97.27777777777393
1688376291;1.1111111108524057;31.333333333335148;3.2777777777785815;94.6111111111097
1688376292;1.1111111108524057;29.777777777775952;3.499999999995552;91.88888888889375
1688376293;0.9444444427370087;30.222222222225042;3.499999999995552;91.66666666667172
1688376294;0.8611111099728248;30.055555555559792;3.7222222222226264;91.72222222221838
1688376295;0.7777777759151263;29.166666666666657;3.611111111109082;91.66666666666667
1688376296;0.8333333315224252;24.94444444444322;3.8888888888828177;91.44444444444464
1688376297;0.7777777759151405;21.77777777778323;3.7777777777894954;91.61111111110989
1688376298;0.916666664286609;22.888888888893334;3.555555555552317;91.88888888888869
1688376299;0.8611111099728248;26.388888888888886;3.666666666665847;92.3888888888895
1688376300;0.999999999637808;24.99999999999494;3.2222222222218164;94.94444444444525
1688376301;1.0555555552451068;25.16666666666525;3.000000000004846;97.38888888888748
1688376302;1.0833333336955064;24.83333333333475;3.055555555561611;97.277777777779
1688376303;1.0277777780882218;25.111111111103426;3.499999999995552;97.11111111111374
1688376304;1.0833333349890069;25.222222222222015;3.666666666665847;97.44444444444929
1688376305;1.1944444436165895;25.50000000000081;3.555555555552317;96.72222222222646
1688376306;1.111111112145906;24.33333333332888;3.7222222222125083;96.9444444444485
1688376307;0.9722222224809087;21.16666666666383;3.666666666665847;96.33333333333414
1688376308;0.9722222211874083;19.277777777779193;5.777777777782617;96.22222222222565
1688376309;0.9722222224809229;19.388888888892723;5.999999999999588;96.50000000000445
1688376310;0.8888888884232244;20.722222222224843;5.888888888886058;96.83333333333495
1688376311;0.999999999637808;21.722222222221404;6.055555555556353;96.88888888888667
1688376312;0.9444444453240237;22.77777777778485;5.444444444452117;96.88888888888667
1688376313;0.9722222224809087;22.77777777777979;5.166666666668277;97.27777777777393
1688376314;0.9444444453240237;22.055555555551905;5.166666666668277;97.99999999999676
1688376315;0.9722222198939079;21.83333333333495;5.166666666678381;97.66666666666626
1688376316;0.9444444453240237;18.944444444443633;5.333333333328483;97.88888888888829
1688376317;1.2222222233604896;18.444444444442823;3.2222222222218164;97.66666666666626
1688376318;1.1111111108524057;21.277777777777374;2.8888888888811977;97.277777777779
1688376319;0.999999999637808;19.99999999999696;3.2777777777785815;97.11111111111374
1688376320;0.9722222224809229;19.66666666666646;2.944444444448081;96.88888888889171
1688376321;1.0555555552451068;18.055555555550498;3.111111111098168;96.88888888889171
1688376322;1.0277777767947072;22.222222222222214;3.444444444448891;96.55555555556121
1688376323;0.9722222224809229;22.722222222228083;3.3888888888921116;96.61111111111293
1688376324;1.1388888893028195;23.6111111111111;3.3888888888820077;96.83333333333495
1688376325;1.0555555552451068;23.388888888889085;3.2222222222218164;97.05555555555696
1688376326;0.8611111099728248;25.83333333333131;3.2777777777785815;96.99999999999515
1688376327;0.8611111099728248;23.33333333333232;3.500000000005656;93.6666666666598
1688376328;1.0277777780882076;23.555555555559394;3.111111111108272;93.77777777777334
1688376329;1.0555555552451068;23.444444444440805;3.611111111109082;94.27777777777413
1688376330;0.9722222211874083;24.055555555555145;3.2777777777785815;94.16666666666566
1688376331;1.0000000009313226;19.72222222221818;3.3333333333353465;94.22222222221737
1688376332;0.9722222224809229;19.166666666665648;3.2777777777785815;94.27777777777413
1688376333;0.9444444453240237;18.388888888891103;3.166666666665037;94.05555555555212
1688376334;1.0833333336955064;19.111111111113928;3.444444444458995;93.72222222221656
1688376335;1.0000000009313084;19.944444444445253;3.166666666665037;93.94444444444363
1688376336;1.111111112145906;22.888888888888275;3.2222222222218164;97.66666666666626
1688376337;1.111111112145906;25.777777777774546;3.1666666666650514;97.83333333333151
1688376338;0.9444444453240237;25.333333333335545;2.8333333333345365;97.38888888889252
1688376339;1.0000000009313226;25.055555555556765;3.111111111118376;97.05555555555192
1688376340;0.9444444440305091;26.333333333337166;2.8333333333244326;97.22222222222223
1688376341;0.9444444440305091;27.555555555555756;3.055555555551507;97.50000000000101
1688376342;0.9722222224809229;27.722222222221006;3.2777777777785815;97.50000000000101
1688376343;0.9444444440305233;27.111111111106652;2.999999999984638;97.66666666667132
1688376344;1.1388888893028053;22.222222222222214;3.2222222222218164;97.38888888889252
1688376345;0.8888888884232244;19.222222222222413;3.000000000004846;96.88888888889171
1688376346;0.8611111112663252;18.888888888891913;3.2777777777785815;96.61111111111293
1688376347;1.0555555552451068;20.722222222219784;3.166666666665037;97.05555555555192
1688376348;0.9722222224809087;21.277777777777374;3.055555555551507;97.72222222222302
1688376349;1.1111111108524057;21.555555555556154;3.2777777777785815;97.66666666666626
1688376350;1.1111111108524057;23.888888888889895;3.1666666666751553;97.6111111111095
1688376351;0.8333333328159256;28.66666666666586;3.2777777777785815;97.83333333333151
1688376352;0.9444444440304949;34.16666666666464;3.50000000001576;98.05555555555354
1688376353;0.8888888884232244;34.555555555556964;3.3888888888820077;98.55555555555435
1688376354;1.0833333349890069;32.94444444444605;3.555555555552317;98.83333333333313
1688376355;0.9722222211874083;33.944444444442624;3.3888888888921116;98.94444444444161
1688376356;0.9444444440305233;35.055555555557774;3.555555555552317;98.94444444444161
1688376357;0.8888888884232244;34.611111111108684;3.444444444448891;98.55555555555435
1688376358;0.8333333328159256;33.33333333333333;3.2777777777785815;98.33333333333738
1688376359;0.833333334109426;30.444444444442013;3.4444444444387727;98.00000000000182
1688376360;1.083333332402006;28.11111111111333;3.000000000004846;98.00000000000182
1688376361;0.9444444440305091;29.833333333337777;2.999999999984638;98.16666666666707
1688376362;0.8611111099728248;36.83333333333394;3.2222222222319203;98.16666666666707
1688376363;0.8888888897167249;37.555555555556765;3.111111111108272;98.33333333333232
1688376364;0.9444444453240237;36.055555555559394;3.111111111108272;97.55555555555777
1688376365;0.8611111112663252;33.61111111111212;2.944444444448081;97.05555555555696
1688376366;1.0000000009313084;35.61111111111535;3.166666666665037;97.50000000000101
1688376367;0.9722222224809087;35.888888888889085;3.3888888888921116;97.94444444444
1688376368;4.36111111323244;36.61111111111192;3.1666666666751553;98.1111111111103
1688376369;9.611111112301131;39.61111111111171;3.3333333333252426;96.11111111110706
1688376370;14.222222222532665;33.777777777772314;3.1666666666751553;93.4999999999996
1688376371;19.166666667701463;26.722222222224445;3.111111111108272;90.4999999999998
1688376372;24.11111111028326;26.27777777777534;3.111111111108272;85.16666666667132
1688376373;29.222222220980456;23.722222222219585;3.055555555561611;80.72222222222587
1688376374;34.08333333338507;23.33333333333232;3.2222222222218164;76.2777777777804
1688376375;38.83333333328159;21.277777777777374;2.999999999994742;70.33333333333758
1688376376;44.02777777932998;24.16666666666363;2.7777777777777715;64.3888888888897
1688376377;45.361111108731066;32.11111111110969;2.7777777777676675;63.44444444444485
1688376378;45.000000000517396;28.722222222222626;2.7222222222311103;65.61111111111333
1688376379;45.22222222165308;27.61111111111252;2.944444444437977;66.16666666666586
1688376380;45.305555555710775;27.49999999999899;2.6666666666642413;67.27777777777595
1688376381;45.27777777855388;27.16666666666343;2.6666666666743453;69.88888888888343
1688376382;44.861111110852406;27.77777777777777;3.055555555551507;72.3333333333307
1688376383;44.69444444403052;27.722222222221006;3.000000000004846;73.5555555555594
1688376384;44.888888888009305;27.72222222222605;3.2777777777785815;73.61111111110606
1688376385;44.24999999787864;24.11111111111697;3.2777777777785815;73.66666666666788
1688376386;44.47222222289484;16.888888888888687;3.3888888888921116;68.83333333333515
1688376387;44.58333333281593;14.999999999998977;3.3888888888820077;67.83333333333354
1688376388;44.55555555824604;17.888888888890293;3.111111111108272;69.88888888888847
1688376389;44.47222222289483;17.388888888884438;3.444444444448891;71.33333333333414
1688376390;44.77777777550121;17.722222222225042;3.4444444444387727;67.8888888888903
1688376391;45.222222222946584;18.555555555556353;3.000000000004846;65.5555555555515
1688376392;45.277777778553876;19.000000000000398;4.999999999987864;66.61111111110485
1688376393;45.27777777726036;22.222222222222214;4.944444444441203;71.49999999999939
1688376394;45.77777777772602;23.99999999999838;5.166666666668277;76.05555555555333
1688376395;45.63888888935455;23.00000000000182;4.944444444441203;79.4444444444404
1688376396;45.50000000098306;23.722222222219585;4.999999999997968;76.22222222222364
1688376397;46.08333333162591;24.222222222225454;5.055555555564851;73.44444444444585
1688376398;45.86111111049023;26.888888888889696;4.777777777780997;70.94444444444687
1688376399;45.527777778139956;27.499999999998977;4.888888888884438;73.94444444444161
1688376400;45.305555555710775;26.16666666666687;4.944444444441203;73.38888888889414
1688376401;45.194444443202684;27.27777777777696;3.055555555561611;70.61111111111131
1688376402;45.19444444578969;25.3333333333305;2.8333333333345365;68.6666666666699
1688376403;45.222222222946584;26.83333333332787;2.6666666666642413;67.05555555555898
1688376404;45.083333333281594;25.555555555557575;2.944444444448081;65.11111111111252
1688376405;44.861111110852406;24.44444444444747;2.8333333333345365;63.61111111111515
1688376406;44.66666666687363;22.611111111109494;2.944444444448081;60.83333333333232
1688376407;45.138888888888886;24.27777777778222;3.111111111108272;60.777777777775555
1688376408;45.333333334161175;28.16666666666505;3.000000000004846;60.77777777778061
1688376409;45.49999999968956;29.999999999997968;3.2777777777684776;63.6111111111101
1688376410;45.583333333747255;28.833333333336157;3.055555555551507;64.44444444444646
1688376411;45.666666665217946;27.49999999999899;3.444444444448891;61.444444444441615
1688376412;45.444444445375765;28.22222222222686;3.3888888888921116;61.33333333332808
1688376413;45.361111108731066;32.611111111105444;3.4444444444387727;62.44444444444323
1688376414;45.66666666651143;33.777777777777374;3.7222222222327304;65.22222222221595
1688376415;45.58333333374725;33.722222222220594;3.555555555552317;65.44444444444304
1688376416;45.58333333245375;30.333333333328483;3.555555555552317;62.555555555556765
1688376417;45.44444444278876;25.722222222222825;3.499999999995552;62.88888888888727
1688376418;45.80555555617644;23.722222222219585;3.1666666666751553;62.77777777777879
1688376419;46.05555555576251;23.6111111111111;3.2777777777886854;62.94444444444404
1688376420;46.11111111136981;23.66666666666282;2.888888888891316;62.61111111111859
1688376421;46.555555553641156;21.111111111112123;2.944444444437977;59.444444444448486
1688376422;46.88888888857844;20.333333333337578;2.7777777777878754;59.944444444449296
1688376423;46.83333333167764;19.111111111108883;2.611111111107462;59.55555555555697
1688376424;46.74999999891346;21.16666666666889;2.7777777777676675;62.94444444444909
1688376425;46.72222222305006;20.444444444446063;2.7777777777777715;66.44444444444464
1688376426;46.13888889111371;24.11111111111697;3.000000000004846;68.3888888888911
1688376427;40.86111111100763;26.055555555558385;3.111111111118376;71.49999999999939
1688376428;35.94444444558273;27.722222222221006;3.055555555541403;71.27777777777737
1688376429;34.77777777653601;28.000000000004846;3.166666666665037;73.94444444443656
1688376430;33.94444444630709;26.99999999999818;3.2777777777785815;79.8888888888895
1688376431;33.50000000144871;23.44444444444585;3.2777777777785815;82.83333333333252
1688376432;33.38888889023413;23.50000000000263;3.3888888888820077;86.05555555555435
1688376433;33.000000000983064;20.111111111110503;3.555555555562421;87.88888888888222
1688376434;32.111111111266325;23.94444444444666;3.3888888888921116;90.05555555555576
1688376435;32.22222221989391;27.44444444444221;3.444444444448891;91.00000000000061
1688376436;36.138888888268006;31.833333333335958;3.555555555542213;91.00000000000061
1688376437;36.91666666677014;32.55555555555374;3.611111111119186;95.66666666666808
1688376438;34.50000000108653;34.111111111107874;3.555555555562421;99.27777777778222
1688376439;34.44444444289225;35.055555555552715;3.4444444444387727;99.22222222222041
1688376440;34.666666666614915;36.94444444444242;3.555555555552317;99.16666666666363
1688376441;34.388888889871936;38.277777777774546;3.500000000005656;99.27777777777717
1688376442;34.416666665735335;39.611111111106666;3.2222222222218164;99.3888888888907
1688376443;34.38888888987195;36.27777777777636;3.3888888888921116;99.61111111110768
1688376444;34.33333333555815;29.166666666666657;3.111111111098168;99.44444444444242
1688376445;34.944444444651396;23.888888888889895;3.111111111118376;99.44444444444242
1688376446;38.55555555395161;21.44444444444767;3.2222222222218164;99.33333333333394
1688376447;40.38888888899237;23.2777777777806;5.722222222215748;99.33333333333394
1688376448;36.72222222279136;23.555555555559394;5.888888888886058;99.6666666666695
1688376449;35.86111111152502;22.444444444439185;5.666666666658983;99.55555555555596
1688376450;35.94444444299572;24.666666666669485;5.722222222225852;99.55555555555596
1688376451;36.08333333266071;23.833333333338174;5.833333333339382;99.49999999999919
1688376452;33.499999998861725;24.444444444442425;5.7777777777725134;99.44444444444747
1688376453;32.88888888718145;24.11111111111191;5.833333333339397;99.55555555556101
1688376454;32.55555555612469;25.500000000000796;5.722222222225852;99.44444444444747
1688376455;32.86111111261157;29.388888888883628;5.888888888886058;99.3888888888907
1688376456;33.30555555617643;27.83333333332949;3.555555555552317;99.3888888888907
1688376457;33.08333333374725;26.444444444440606;3.3888888889022297;99.3888888888907
1688376458;30.94444444351312;25.388888888892325;3.444444444448891;99.55555555556101
1688376459;30.97222222325702;21.83333333333495;3.2777777777684776;99.44444444444747
1688376460;30.638888890906742;25.66666666666606;3.3333333333252426;99.44444444445253
1688376461;33.47222222299831;29.000000000001407;3.4444444444387727;99.33333333333394
1688376462;33.000000000983064;33.66666666666383;3.3888888888820077;99.33333333332888
1688376463;29.305555555038154;31.055555555551308;3.499999999995552;99.44444444444242
1688376464;28.333333331263717;35.11111111111454;3.111111111118376;99.49999999999415
1688376465;29.055555555452074;34.500000000005244;3.111111111108272;99.49999999999415
1688376466;33.444444444547926;35.055555555557774;3.1666666666650514;99.49999999999415
1688376467;36.50000000036218;35.7777777777806;3.1666666666650514;99.49999999999415
1688376468;36.44444444346138;36.7222222222204;3.111111111118376;99.61111111110768
1688376469;36.277777776639496;32.11111111110969;3.3333333333353465;99.6666666666594
1688376470;35.94444444299572;30.999999999999588;3.166666666665037;99.83333333332969
1688376471;36.91666666677014;33.00000000000283;3.61111111112929;99.88888888888647
1688376472;40.61111111142155;39.66666666666848;3.499999999995552;99.83333333333475
1688376473;41.33333333431639;33.44444444444687;3.8333333333260526;99.94444444444828
1688376474;40.66666666702885;33.49999999999858;3.555555555562421;99.94444444444828
1688376475;38.02777777632905;35.94444444444585;3.499999999995552;99.94444444444828
1688376476;33.16666666780495;39.111111111110894;3.666666666675951;99.94444444444828
1688376477;28.58333333214331;43.16666666666909;3.8333333333260526;99.94444444444828
1688376478;24.305555555555557;47.555555555557774;3.444444444448891;99.94444444444828
1688376479;20.27777777855387;46.277777777777374;3.444444444448891;99.94444444444828
1688376480;15.805555555400332;40.99999999999555;3.111111111108272;99.77777777777798
1688376481;11.555555555969477;36.16666666666788;3.2777777777785815;99.44444444444242
1688376482;7.027777778502127;34.55555555555192;3.000000000004846;99.16666666666363
1688376483;3.166666667028835;32.72222222221899;3.1666666666650514;99.16666666666363
1688376484;2.1944444458414125;29.777777777775952;3.055555555551507;99.05555555555515
1688376485;5.305555554675962;27.666666666669286;3.055555555551507;98.77777777777636
1688376486;8.166666667804947;22.88888888888323;3.111111111108272;98.16666666666707
1688376487;11.194444445168799;18.555555555556353;3.166666666665037;97.66666666666626
1688376488;14.24999999968955;16.166666666670906;3.055555555561611;97.44444444444424
1688376489;17.4166666654249;16.000000000000597;2.999999999984638;97.38888888889252
1688376490;20.52777777684645;17.611111111106453;3.000000000004846;97.7777777777798
1688376491;22.94444444382357;22.166666666670494;3.111111111108272;98.05555555555858
1688376492;22.888888888216258;30.777777777777573;3.111111111118376;98.05555555555858
1688376493;24.111111111576776;30.499999999998778;3.2222222222218164;98.16666666666707
1688376494;24.305555556849043;30.055555555549688;3.055555555551507;98.38888888888908
1688376495;24.333333332712442;30.333333333333528;2.944444444448081;98.99999999999838
1688376496;24.333333332712442;30.499999999998778;3.055555555551507;99.38888888888566
1688376497;23.5833333339542;31.277777777778383;3.055555555551507;99.05555555555515
1688376498;20.58333333504075;31.777777777779193;3.00000000001495;99.27777777777717
1688376499;17.3611111111111;29.22222222222848;2.8888888888811977;99.11111111111192
1688376500;14.999999998447791;25.16666666666525;2.944444444448081;98.94444444444161
1688376501;15.08333333250549;21.500000000004434;3.055555555551507;98.77777777777636
1688376502;12.611111111214584;25.333333333335545;3.000000000004846;98.4444444444408
1688376503;9.36111111142155;26.888888888889696;2.999999999994742;98.1111111111103
1688376504;6.416666668115383;29.888888888889497;2.888888888891316;98.05555555555354
1688376505;3.3888888894580163;29.999999999997968;2.999999999994742;96.9444444444485
1688376506;0.9722222224809229;31.944444444439384;3.2777777777785815;97.38888888888748
1688376507;0.9166666668736241;30.388888888890293;3.3888888888921116;97.05555555555192
1688376508;0.8888888897167249;29.833333333332718;3.2222222222218164;96.94444444444343
1688376509;0.9166666668736241;28.611111111109082;3.055555555551507;96.77777777778323
1688376510;0.8888888897167249;25.444444444438986;3.055555555551507;96.49999999999939
1688376511;0.8333333315224252;27.61111111111252;3.111111111108272;96.55555555555617
1688376512;0.9444444440305233;26.388888888893945;3.2777777777886854;96.83333333333495
1688376513;0.8611111099728248;23.16666666666707;3.3333333333353465;96.44444444444768
1688376514;1.0277777767947072;22.9444444444501;3.111111111118376;96.8333333333299
1688376515;0.9166666668736241;20.000000000002018;3.1666666666650514;96.55555555555617
1688376516;0.9166666668736241;24.055555555555145;3.111111111098168;96.88888888889171
1688376517;0.8888888884232244;23.777777777776365;3.2777777777886854;97.16666666666545
1688376518;0.8333333354029264;24.055555555555145;3.1666666666650514;97.27777777777393
1688376519;0.9722222211874083;22.44444444444929;2.9444444444379627;97.22222222222223
1688376520;0.8611111125598256;19.444444444444443;3.055555555561611;97.38888888889252
1688376521;0.7777777759151405;18.88888888888181;2.999999999984638;97.3333333333307
1688376522;0.8888888897167391;23.44444444444585;2.944444444437977;97.72222222222302
1688376523;0.7222222228948425;26.11111111111009;3.111111111118376;98.5555555555594
1688376524;0.8333333315224252;26.9444444444414;2.7222222222210064;98.94444444444667
1688376525;0.8888888897167249;27.66666666666424;2.944444444448081;98.44444444444586
1688376526;0.805555554365526;31.722222222222413;3.111111111108272;95.22222222222405
1688376527;1.0277777755012067;31.888888888887678;3.1666666666751553;91.44444444444464
1688376528;0.8611111112663252;31.72222222221737;3.2222222222218164;91.50000000000142
1688376529;0.8611111112663252;28.83333333333111;3.1666666666650514;91.22222222222263
1688376530;0.833333334109426;29.555555555558982;3.055555555561611;91.1111111111091
1688376531;0.9722222211874083;29.722222222219187;5.499999999998778;90.94444444443879
1688376532;0.9444444453240237;30.999999999999588;5.277777777771703;90.44444444443798
1688376533;0.9722222237744234;29.888888888889483;5.722222222215748;90.27777777777273
1688376534;0.9722222198939079;24.94444444444322;5.388888888885248;90.222222222221
1688376535;1.111111112145906;20.944444444441814;5.277777777771703;93.27777777777757
1688376536;0.8888888897167249;23.44444444444585;5.444444444442013;96.94444444444343
1688376537;0.9722222224809087;23.555555555559394;5.500000000008882;97.11111111110868
1688376538;1.0555555539516206;23.6111111111111;5.277777777771703;97.16666666666545
1688376539;1.0277777767947072;21.888888888886655;5.222222222225042;96.61111111111293
1688376540;0.9722222224809087;17.888888888890293;3.111111111118376;96.38888888889596
1688376541;1.1666666651661899;13.833333333327062;3.111111111118376;96.44444444444768
1688376542;1.0555555539516064;14.111111111110901;2.8888888888913016;96.3888888888909
1688376543;0.9722222224809087;14.500000000003226;3.2777777777785815;96.33333333333414
1688376544;0.999999999637808;14.77777777778202;3.055555555561611;96.33333333333414
1688376545;1.1111111108524057;12.833333333335545;3.166666666665037;96.33333333333414
1688376546;1.0277777780882218;14.388888888884637;3.2222222222218164;96.61111111111293
1688376547;0.9722222224809087;15.055555555555756;3.3888888888921116;96.05555555555536
1688376548;1.1944444462036046;15.388888888891302;3.3888888888921116;95.61111111111131
1688376549;1.0833333336955064;14.055555555554136;3.1666666666650514;92.88888888888525
1688376550;0.8333333328159256;14.888888888890506;3.2777777777684776;93.16666666666909
1688376551;1.000000002224823;16.55555555556323;3.1666666666751553;92.94444444444707
1688376552;1.0000000009313084;16.111111111109082;4.666666666667467;93.4999999999996
1688376553;1.0277777780882218;16.388888888887877;4.833333333337777;93.33333333332929
1688376554;1.0555555565386072;15.555555555551507;4.555555555553937;93.27777777777757
1688376555;1.0277777780882218;17.722222222225042;4.555555555553937;92.27777777778101
1688376556;1.0833333336955064;17.722222222219997;4.666666666667467;93.00000000000384
1688376557;0.8888888884232244;17.388888888889483;4.777777777770893;94.11111111111394
1688376558;0.8888888897167391;17.88888888889535;4.666666666667467;96.88888888888667
1688376559;1.000000002224823;17.000000000007276;4.666666666667467;96.38888888888586
1688376560;0.9166666668736241;18.444444444442823;4.611111111100598;96.66666666666464
1688376561;0.8888888897167391;25.77777777778465;3.111111111118376;96.61111111110787
1688376562;0.9444444453240237;30.999999999994543;2.999999999994742;96.88888888888667
1688376563;0.8055555556590406;32.16666666667152;3.2777777777785815;97.0000000000002
1688376564;0.9166666655801095;29.277777777785246;3.111111111108272;97.66666666666121
1688376565;0.9166666655801095;32.94444444444606;2.888888888891316;95.66666666666303
1688376566;0.8611111099728248;34.444444444443434;3.1666666666751553;90.55555555555657
1688376567;0.9444444440305233;34.166666666659594;3.2222222222218164;88.50000000000162
1688376568;1.1388888880093049;34.33333333332989;3.111111111108272;88.72222222222364
1688376569;1.1388888880093049;31.055555555551308;3.111111111118376;88.33333333333637
1688376570;1.1944444449101042;24.49999999999413;2.8333333333244326;88.16666666667112
1688376571;1.0833333336955064;18.777777777783427;3.2222222222218164;87.83333333333556
1688376572;1.0833333349890069;19.111111111108883;2.8888888888811977;87.94444444444909
1688376573;1.1388888893028053;22.777777777774745;3.2777777777886854;87.94444444444909
1688376574;1.2222222246540042;23.50000000000263;3.2222222222218164;90.11111111111252
1688376575;1.2500000005173888;24.00000000000344;2.8888888888811977;95.22222222222405
1688376576;1.2222222220669892;24.2222222222305;3.111111111108272;97.277777777779
1688376577;1.0555555552451068;26.66666666666262;3.111111111108272;97.50000000000101
1688376578;1.0000000009313226;29.2777777777802;3.2222222222218164;97.94444444444
1688376579;0.9444444440305091;32.05555555556303;3.1666666666751553;97.94444444444
1688376580;0.9444444440305091;34.333333333324845;2.8333333333345365;98.16666666666707
1688376581;0.9999999970508071;34.8333333333307;3.055555555561611;98.16666666666202
1688376582;0.9166666655801237;34.5000000000002;2.7222222222109025;98.22222222221879
1688376583;0.8055555543655402;30.277777777771703;2.8888888888913016;98.16666666666202
1688376584;0.8888888884232244;28.444444444443832;2.8888888888913016;98.22222222221879
1688376585;0.9166666655801237;28.555555555547258;2.611111111117566;98.00000000000182
1688376586;0.8055555556590264;27.666666666669286;2.944444444448081;97.6111111111095
1688376587;0.9444444427370087;25.055555555551706;2.8888888888913016;97.44444444444424
1688376588;0.916666664286609;23.16666666666201;2.944444444437977;97.33333333333576
1688376589;0.8888888871297098;23.38888888889919;2.8888888888913016;97.277777777779
1688376590;0.9166666668736241;22.9444444444501;2.7222222222210064;97.22222222222223
1688376591;0.9166666681671245;19.111111111108883;3.1666666666751553;97.16666666666545
1688376592;0.9166666668736241;18.444444444442823;3.2222222222218164;97.11111111111374
1688376593;0.9166666655801237;18.666666666664838;3.2222222222218164;96.8333333333299
1688376594;0.8333333328159256;21.055555555555344;3.2777777777684776;97.27777777777393
1688376595;0.9444444453240237;25.000000000005045;3.000000000004846;97.55555555555273
1688376596;0.8333333328159256;32.16666666667152;3.2777777777785815;97.83333333333151
1688376597;0.8888888884232244;32.11111111110969;3.3333333333353465;98.22222222221879
1688376598;0.9444444440305233;29.277777777770098;3.3888888888820077;97.6111111111095
1688376599;0.7777777785021414;28.77777777777939;3.3888888888921116;97.77777777777474
1688376600;0.9722222224809229;31.055555555551308;4.499999999997172;98.05555555555858
1688376601;0.9722222224809229;35.94444444445091;4.444444444450497;98.05555555555858
1688376602;0.9444444466175241;36.77777777778222;4.666666666667467;97.16666666667051
1688376603;3.2992668313521847;34.277777777778184;4.7777777777911155;92.66666666666828
1688376604;7.527777777674288;30.38888888888019;4.722222222214128;92.22222222222929
1688376605;12.027777777984724;23.22222222221373;4.444444444440393;91.27777777778445
1688376606;16.638888890803273;22.722222222223024;4.555555555553937;90.50000000000485
1688376607;21.00000000144871;23.000000000006864;4.722222222224232;90.50000000000485
1688376608;25.361111112094164;24.33333333332888;4.666666666667467;89.83333333333879
1688376609;29.63888888868192;21.444444444442624;3.111111111108272;88.7777777777804
1688376610;33.97222222217047;18.33333333332928;2.999999999994742;88.05555555555253
1688376611;38.27777777850214;17.611111111111512;2.999999999994742;88.33333333333131
1688376612;40.37563903099927;19.666666666661413;2.944444444437977;92.00000000000222
1688376613;40.36111111054197;19.277777777779193;3.055555555561611;91.77777777777516
1688376614;40.75000000108654;19.166666666675752;3.055555555561611;92.44444444444122
1688376615;40.50000000020696;18.88888888888181;2.944444444448081;92.8888888888903
1688376616;40.72222222134263;19.88888888888343;2.8888888888811977;92.49999999999798
1688376617;40.58333333167765;17.944444444447072;3.111111111108272;92.16666666666748
1688376618;40.72222222263614;18.388888888891103;3.111111111108272;93.27777777777757
1688376619;40.83333333385073;16.333333333336157;3.166666666665037;92.8888888888903
1688376620;40.80555555281333;17.555555555554747;2.9444444444581848;92.33333333333778
1688376621;40.88888888816452;15.777777777788685;2.999999999994742;92.49999999999798
1688376622;41.250000000258694;15.11111111111758;3.166666666665037;92.49999999999798
1688376623;39.36111111090415;15.666666666665037;3.499999999995552;91.7777777777802
1688376624;39.13888888976847;15.000000000009095;3.499999999995552;91.99999999999717
1688376625;37.36111111292201;15.333333333339596;3.3333333333454505;92.49999999999798
1688376626;37.94444444615187;16.833333333331908;3.3333333333353465;93.55555555555131
1688376627;37.69444444397878;17.222222222224232;3.500000000005656;93.55555555555131
1688376628;37.74999999829257;17.444444444441203;3.499999999995552;93.94444444443859
1688376629;37.986003112799416;15.555555555546462;3.499999999995552;95.49999999999272
1688376630;38.27777777850214;15.944444444443832;3.3888888888921116;95.61111111111131
1688376631;37.91666666770147;23.277777777775555;3.2222222222218164;94.94444444444525
1688376632;39.444444443668345;24.777777777772926;3.000000000004846;94.66666666666646
1688376633;38.055555553485945;26.166666666666856;3.111111111108272;93.44444444444282
1688376634;35.83333333178112;26.22222222221353;3.055555555551507;92.61111111111151
1688376635;31.1944444443927;28.277777777773522;2.8333333333244326;91.66666666666667
1688376636;26.694444444082265;30.555555555550498;3.000000000004846;90.11111111111252
1688376637;22.277777780416514;32.6111111111105;3.055555555551507;88.94444444445071
1688376638;17.870637918088633;34.66666666667051;3.166666666665037;87.1666666666695
1688376639;12.916666665114448;33.722222222220594;3.032322559151794;87.8333333333305
1688376640;8.777777774311176;28.444444444443832;2.8888888888811977;88.7777777777804
1688376641;8.30555555746993;27.166666666668476;3.055555555551507;88.05555555555253
1688376642;9.527777778243433;26.000000000001606;3.1666666666751553;89.3888888888897
1688376643;12.972222223308762;24.611111111107675;3.3888888888921116;90.83333333333536
1688376644;17.222222221446117;20.611111111116358;3.555555555562421;91.61111111110989
1688376645;21.80555555581425;17.611111111116557;3.3333333333252426;92.83333333332848
1688376646;26.05555555395162;19.833333333336768;3.3333333333454505;94.77777777777494
1688376647;30.50000000124176;21.72222222221636;3.3333333333353465;96.55555555555617
1688376648;35.194444444237476;21.888888888886655;3.3566744470310255;96.66215625000179
1688376649;38.22222222418835;20.722222222219784;3.6666666666759653;97.34114285714024
1688376650;34.44444444289225;20.777777777776564;3.3333333333353465;99.3549080744012
1688376651;32.55555555612469;23.388888888889085;3.2777777777684776;99.33333333333394
1688376652;34.166666664855754;25.22222222222706;3.2222222222218164;99.33333333333394
1688376653;34.33333333297115;26.888888888884637;3.3333333333353465;99.50000000000425
1688376654;33.80555555664209;29.38888888889373;3.111111111108272;99.8333333333398
1688376655;33.91666666526967;25.61111111111434;3.2222222222218164;99.83333333333475
1688376656;33.41666666609751;26.944444444456565;3.1666666666549332;99.83333333333475
1688376657;33.05555555659035;28.05555555556161;3.3888888888921116;99.82260412001942
1688376658;34.166666666149254;32.888888888889284;3.000000000004846;99.82611012794017
1688376659;38.250000000051735;33.777777777777374;3.1666666666549332;99.8275663869425
1688376660;40.41666666485576;32.833333333322415;2.944444444448081;99.77777777777798
1688376661;36.75000000124176;32.83333333333252;3.055555555551507;99.88888888888647
1688376662;34.50000000108653;33.2222222222198;2.8333333333345365;99.88888888888647
1688376663;30.638888888319755;33.33333333333333;3.2222222222218164;99.49999999999919
1688376664;26.333333334575087;32.66666666666221;3.055555555551507;99.55555555555596
1688376665;22.333333333436812;28.555555555542213;3.055555555561611;99.55555555555596
1688376666;18.166666666770155;27.611111111107462;3.111111111118376;99.55555555555596
1688376667;13.916666667339285;23.500000000007674;3.3333333333252426;99.33333333333394
1688376668;9.555555555400332;24.222222222225454;3.2777777777785815;99.27777777777717
1688376669;5.388888890027161;25.611111111124444;3.166666666665037;99.16666666666363
1688376670;3.2777777769499323;24.388888888885646;3.111111111118376;99.11111111111192
1688376671;1.1388888893028053;25.27777777778384;3.2777777777684776;99.05555555555515
1688376672;1.1111111108524057;24.277777777772116;3.055555555561611;99.44444444444242
1688376673;0.9722222224809229;27.27777777777696;3.3333333333252426;98.99999999999838
1688376674;1.166666667753205;29.500000000007276;3.2222222222218164;98.33333333333232
1688376675;1.1944444449101042;29.333333333336967;3.055555555551507;97.88888888888829
1688376676;1.1944444436165895;27.166666666653327;3.1666666666751553;97.66666666666626
1688376677;1.19444444491009;25;3.2222222222319203;97.22222222222223
1688376678;1.1388888905963057;24.33333333332888;3.2777777777886854;97.11111111111374
1688376679;1.2777777802612889;29.111111111119996;3.2222222222116983;96.72222222222142
1688376680;1.1666666664597045;33.49999999999352;3.111111111118376;96.6666666666697
1688376681;1.1388888893028053;34.94444444444929;3.166666666665037;96.27777777777737
1688376682;1.361111110438486;31.8333333333309;2.8888888889014197;96.61111111111293
1688376683;1.0555555539516064;33.50000000000364;3.111111111108272;96.66666666666464
1688376684;1.166666665166204;41.27777777776929;3.111111111108272;96.55555555555617
1688376685;1.111111112145906;45.94444444445697;2.8333333333244326;96.94444444444343
1688376686;1.083333332402006;48.666666666657775;2.944444444448081;97.44444444444424
1688376687;1.0833333311085056;46.3888888888808;3.111111111098168;94.83333333333172
1688376688;1.1388888867157902;41.11111111110909;2.944444444448081;94.6111111111097
1688376689;1.1388888880093049;38.72222222222869;4.444444444440393;94.49999999999616
1688376690;1.1944444449101042;37.22222222221616;5.444444444452117;94.55555555555293
1688376691;1.0277777793817222;37.500000000010104;5.666666666658983;94.55555555555293
1688376692;1.0833333349890069;32.77777777777575;5.611111111122426;94.77777777778
1688376693;0.9722222237744234;25.16666666666019;5.666666666658983;94.77777777777494
1688376694;1.1666666651661899;20.722222222219784;5.666666666669087;94.44444444444444
1688376695;1.0833333349890069;17.777777777791925;5.611111111112322;94.16666666666566
1688376696;1.1111111108524057;19.000000000000398;5.388888888895352;97.0000000000002
1688376697;1.0555555552451068;19.666666666671517;5.8333333333292785;97.66666666666626
1688376698;1.1666666664597045;16.500000000006466;4.222222222223422;97.55555555555777
1688376699;1.055555555245121;14.94444444444727;2.999999999994742;97.7777777777798
1688376700;1.0277777767947214;15.111111111107462;2.7222222222210064;97.44444444444424
1688376701;0.9999999996378222;15.388888888891302;2.6666666666642413;97.44444444444424
1688376702;0.999999999637808;15.388888888891302;2.888888888891316;97.61111111111455
1688376703;0.9166666681671245;16.333333333326053;3.000000000004846;97.55555555555273
1688376704;0.9722222211874083;20.833333333323225;2.8333333333244326;97.6111111111095
1688376705;0.8888888884232102;23.166666666677173;2.944444444437977;97.6111111111095
1688376706;0.9444444453240237;28.777777777769288;2.500000000004036;97.6111111111095
1688376707;0.833333334109426;27.333333333333727;2.999999999994742;97.88888888888829
1688376708;0.8333333328159256;29.833333333337777;3.055555555551507;97.72222222222302
1688376709;0.999999999637808;32.61111111111555;3.2222222222218164;98.1111111111103
1688376710;1.111111109558891;32.944444444435945;3.055555555551507;98.49999999999757
1688376711;0.9444444440305233;32.83333333334262;3.1666666666751553;98.88888888888485
1688376712;0.9166666668736241;31.8333333333309;3.2777777777785815;98.8888888888899
1688376713;1.0833333336955064;28.222222222221816;3.555555555552317;98.66666666666788
1688376714;1.0277777793817222;25.3333333333305;3.555555555562421;98.61111111111616
1688376715;0.9444444453240237;23.888888888894954;3.666666666665847;98.61111111111616
1688376716;1.1388888880093049;24.833333333319587;3.1666666666751553;98.66666666666788
1688376717;1.1111111108524057;22.833333333336554;3.611111111109082;98.61111111111111
1688376718;0.9722222211874083;19.944444444435135;3.500000000005656;98.11111111111535
1688376719;0.9444444440305233;22.222222222222214;3.666666666665847;97.83333333333657
1688376720;0.999999999637808;27.611111111107476;3.2777777777785815;97.83333333333657
1688376721;0.9722222211874083;35.66666666666707;3.055555555551507;98.27777777778061
1688376722;0.8333333328159256;35.16666666666626;3.2222222222218164;98.66666666666788
1688376723;1.2777777776743022;35.222222222223024;3.500000000005656;96.94444444444343
1688376724;1.6388888884749662;31.722222222227472;3.4444444444488767;94.99999999999697
1688376725;1.9166666678049467;34.111111111107874;3.611111111109082;94.49999999999616
1688376726;5.277777777519077;34.611111111108684;3.2222222222218164;93.72222222222666
1688376727;8.611111112663309;34.611111111108684;3.4444444444488767;92.22222222222425
1688376728;12.00000000082784;31.944444444454547;3.4444444444488767;90.33333333333455
1688376729;15.444444444599654;26.388888888888886;3.3888888888820077;88.22222222222283
1688376730;18.888888889664983;19.88888888889859;3.3888888888921116;85.83333333333232
1688376731;22.36111111188721;22.222222222222214;2.944444444448081;84.16666666666464
1688376732;25.416666666407963;24.666666666669485;2.944444444437977;85.49999999999676
1688376733;28.527777776536013;23.38888888887392;3.2222222222218164;87.44444444444323
1688376734;27.333333331625894;19.777777777785047;3.111111111108272;87.94444444444404
1688376735;31.75000000175916;18.611111111113132;3.055555555561611;89.05555555554909
1688376736;31.444444445272282;21.111111111117168;2.7222222222109025;90.88888888888202
1688376737;29.277777777881255;26.16666666666181;2.944444444437977;93.0555555555505
1688376738;25.833333334109426;27.11111111111677;3.3888888888921116;95.11111111110546
1688376739;22.416666666200996;26.44444444444565;3.555555555552317;96.66666666666464
1688376740;19.055555555193365;24.500000000009294;3.7222222222226264;97.11111111111374
1688376741;15.555555555814252;20.88888888887999;3.444444444448891;97.05555555555696
1688376742;12.166666666356221;21.166666666673933;3.3888888888820077;96.83333333333495
1688376743;12.888888889251064;21.33333333333414;3.611111111119186;96.49999999999939
1688376744;5.222222220618278;26.611111111105856;3.555555555552317;96.11111111111212
1688376745;2.2499999988617247;28.944444444439583;3.7222222222327304;96.16666666666889
1688376746;0.9166666668736241;24.83333333332969;3.444444444448891;95.83333333333333
1688376747;0.999999999637808;24.33333333332888;3.1666666666650514;95.44444444445111
1688376748;0.9722222224809229;23.222222222223834;2.999999999994742;95.77777777777656
1688376749;0.8888888884232102;30.72222222221575;-0.33333333333051485;96.6666666666697
1688376750;0.9999999983443075;31.611111111113942;2.8888888888811977;97.05555555555696
1688376751;0.8888888884232244;35.94444444445091;2.7222222222311103;97.22222222222727
1688376752;1.0555555539516064;42.72222222222505;2.7777777777676675;97.05555555556202
1688376753;0.9722222224809087;38.22222222221776;3.055555555561611;97.22222222222727
1688376754;0.8888888884232244;35.22222222223313;2.8888888888811977;96.94444444444343
1688376755;0.9444444453240095;39.333333333343035;2.888888888891316;96.77777777777818
1688376756;0.9166666668736241;39.50000000000323;2.7777777777777715;96.77777777777312
1688376757;0.9444444440305091;40.2222222222109;3.000000000004846;96.9444444444485
1688376758;0.9722222224809087;35.49999999999676;6.222222222226662;96.72222222221636
1688376759;0.9444444466175241;36.38888888888485;3.055555555561611;96.88888888888667
1688376760;0.9722222250679238;34.88888888888242;3.055555555551507;96.77777777777312
1688376761;0.9444444466175241;30.88888888889616;2.6666666666642413;97.27777777777393
1688376762;1.0277777767947072;32.55555555555878;2.7777777777777715;97.49999999999596
1688376763;1.166666667753205;30.777777777772513;2.999999999994742;97.22222222222727
1688376764;1.0277777767947072;25.277777777773736;2.999999999994742;97.05555555555696
1688376765;1.1388888893028053;26.83333333333293;3.000000000004846;97.05555555555696
1688376766;0.999999999637808;25.888888888888076;2.8888888888913016;96.55555555555111
1688376767;1.0277777780882076;22.666666666676363;3.1666666666549332;96.77777777777818
1688376768;1.1111111108524057;21.33333333333414;3.055555555551507;96.50000000000445
1688376769;1.0277777767947072;19.22222222221737;3.166666666665037;96.27777777777737
1688376770;0.8611111099728248;20.88888888887999;3.3333333333454505;95.94444444444687
1688376771;0.999999999637808;19.22222222221737;3.1666666666549332;95.88888888889011
1688376772;0.8055555556590264;22.16666666666545;3.2777777777886854;96.44444444444262
1688376773;0.9444444453240237;25.499999999990692;3.444444444448891;96.94444444444343
1688376774;0.833333334109426;23.555555555554335;3.444444444438787;97.16666666666545
1688376775;1.0277777780882076;25.555555555557575;3.3333333333252426;97.50000000000607
1688376776;0.9166666668736241;30.388888888885248;3.111111111118376;97.88888888889333
1688376777;1.0555555539516064;34.500000000005244;5.055555555554733;98.16666666666707
1688376778;1.0555555552451068;33.888888888890904;4.888888888894542;97.94444444444505
1688376779;1.1111111134394065;31.33333333333009;4.7777777777810115;96.88888888888667
1688376780;0.9166666681671245;31.444444444443633;4.555555555564041;96.27777777777737
1688376781;1.0555555552451068;32.22222222222828;4.444444444440393;95.27777777777575
1688376782;1.1944444436165895;29.666666666667467;4.611111111110702;94.50000000000121
1688376783;1.194444442323089;29.999999999997968;4.722222222224232;92.00000000000222
1688376784;1.0555555565386072;28.111111111118376;4.722222222234336;89.94444444444223
1688376785;1.111111112145906;23.83333333332807;4.722222222214128;86.88888888888566
1688376786;0.9722222237744234;22.611111111109494;2.7777777777777715;84.27777777777312
1688376787;1.1388888893028053;22.444444444439185;3.055555555551507;82.88888888888928
1688376788;1.0555555539516064;20.44444444444605;3.1666666666549332;81.55555555555716
1688376789;1.0833333336955064;22.055555555562023;3.2777777777785815;79.49999999999717
1688376790;0.9444444440305233;20.55555555554949;3.2222222222218164;75.88888888888808
1688376791;0.8611111099728248;19.722222222228282;2.8888888888913016;72.83333333333657
1688376792;0.9722222224809087;20.66666666666302;2.8888888888811977;72.94444444444504
1688376793;0.888888887129724;22.88888888888323;3.166666666665037;73.33333333333738
1688376794;0.9999999983443075;22.055555555562023;3.055555555561611;74.11111111111191
1688376795;0.8888888884232244;19.3333333333309;3.1666666666751553;73.8888888888899
1688376796;0.8055555556590264;20.777777777786667;2.8888888888811977;74.16666666666869
1688376797;0.8888888884232244;21.33333333333414;3.2222222222319203;74.55555555555596
1688376798;0.9166666655801095;19.3333333333309;3.2222222222218164;74.7222222222212
1688376799;1.0000000009313226;17.055555555553937;3.2777777777785815;76.83333333333798
1688376800;0.9166666681671245;17.77777777778182;3.166666666665037;77.722222222221
1688376801;0.7500000000517275;16.500000000006466;3.166666666665037;78.11111111110827
1688376802;0.9722222237744091;14.666666666663431;3.166666666665037;77.66666666666424
1688376803;0.8611111125598256;19.22222222221737;3.3333333333353465;79.66666666666748
1688376804;0.9444444453240237;22.99999999999676;3.499999999995552;82.50000000000202
1688376805;0.9444444440305233;21.16666666666383;3.3333333333353465;83.11111111110625
1688376806;0.9722222224809229;20.611111111106254;3.111111111108272;83.16666666666302
1688376807;0.8888888897167249;23.722222222224644;3.4444444444387727;82.94444444445111
1688376808;0.9722222211874083;26.722222222219386;3.1666666666751553;83.94444444444262
1688376809;1.0555555552451068;28.833333333326053;3.3333333333252426;86.3888888888899
1688376810;1.0555555565386072;28.888888888882818;3.111111111118376;88.55555555555839
1688376811;1.0277777767947072;28.33333333334545;2.944444444437977;88.27777777777959
1688376812;1.0555555552451068;24.77777777778303;3.055555555561611;86.05555555555435
1688376813;1.1388888893028053;23.500000000007674;2.999999999994742;84.55555555555696
1688376814;1.0833333336955064;28.166666666675155;3.1666666666751553;80.44444444444707
1688376815;1.1053099314884918;30.88888888889616;3.055555555551507;78.11111111111333
1688376816;1.1111111108524057;28.499999999995552;2.8333333333345365;75.72222222222283
1688376817;1.111111112145906;25.77777777778465;3.3333333333252426;67.16666666666748
1688376818;0.9444444453240237;23.83333333332807;3.3333333333353465;57.05555555555293
1688376819;1.0555555552451068;23.833333333338174;3.444444444448891;46.611111111107874
1688376820;0.9444444453240237;24.277777777772116;3.3333333333353465;39.055555555549084
1688376821;0.9722222224809087;23.444444444440805;3.111111111108272;30.722222222225852
1688376822;0.9166666655801095;20.944444444436755;3.3333333333353465;21.38888888888586
1688376823;0.9722222224809229;16.555555555553127;3.611111111109082;15.833333333335347
1688376824;0.8390753515268585;14.000000000002416;3.555555555562421;9.8333333333307
1688376825;0.9444444440305233;13.11111111111434;3.500000000005656;4.388888888888687
1688376826;0.8333333315224252;12.8333333333305;3.3333333333252426;3.9444444444395828
1688376827;1.0000000009313226;12.72222222222706;3.611111111119186;4.055555555553127
1688376828;0.8611111099728248;12.8333333333305;3.555555555552317;3.7777777777793915
1688376829;1.0000000009313084;12.888888888887266;3.8888888888929216;3.555555555557362
1688376830;0.9444444440305233;13.222222222217766;3.9444444444395828;3.7777777777793915
1688376831;0.8055555556590264;13.055555555557575;3.7222222222226122;4.055555555558172
1688376832;0.9166666655801237;13.44444444444484;3.8888888888929216;3.999999999996362
1688376833;0.9166666655801237;13.388888888888076;4.055555555553127;3.944444444444642
1688376834;0.9444444453240237;13.83333333333212;3.9444444444395828;4.2777777777751425
1688376835;1.0277777780882076;13.83333333333212;3.8333333333361566;4.3333333333319075
1688376836;0.9444444427370229;13.33333333333131;3.611111111109082;4.611111111115747
1688376837;0.9444444453240237;13.777777777785445;3.7222222222226264;4.7777777777759525
1688376838;0.8611111112663394;13.666666666661811;3.611111111109082;4.7777777777759525
1688376839;0.8888888884232244;13.61111111111515;3.666666666665847;4.611111111105643
1688376840;0.9444444440304949;13.61111111111515;3.499999999995552;4.722222222219187
1688376841;0.8611111112663252;13.277777777774546;3.055555555551507;4.722222222224232
1688376842;0.8888888884232244;13.44444444444484;2.999999999994742;4.500000000002217
1688376843;0.8611111112663252;13.44444444444484;3.444444444448891;4.111111111114951
1688376844;0.8055555569525268;13.72222222222868;3.3888888888921116;4.000000000001407
1688376845;0.7777777785021271;13.83333333333212;3.2777777777684776;3.944444444444642
1688376846;0.9166666668736241;13.166666666661001;3.2777777777785815;3.9444444444496867
1688376847;0.9444444427370229;13.500000000001606;3.3888888888820077;3.9444444444496867
1688376848;1.0277777780882218;13.44444444444484;3.500000000005656;3.8888888888878768
1688376849;0.9444444453240237;13.44444444444484;3.3888888888921116;3.555555555557376
1688376850;1.0000000009313226;13.833333333322003;3.611111111109082;3.8888888888878768
1688376851;1.0833333336955064;13.499999999991502;3.666666666665847;4.166666666666657
1688376852;1.1111111108524057;13.277777777774546;3.3888888888820077;4.055555555553127
1688376853;0.999999999637808;13.055555555547471;3.666666666665847;4.000000000006466
1688376854;1.0277777767947072;13.333333333341415;3.7222222222327304;3.7222222222226264
1688376855;1.0277777780882218;13.388888888888076;3.7777777777793915;3.8888888888878768
1688376856;0.9999999996378222;12.94444444444403;3.555555555552317;3.999999999996362
1688376857;0.9166666668736241;13.222222222217766;3.555555555552317;4.555555555558982
1688376858;1.0000000009313226;13.277777777774546;3.8333333333361566;4.500000000002217
1688376859;1.0277777780882076;12.88888888889737;3.7777777777793915;4.222222222223422
1688376860;0.9166666668736241;13.388888888888076;3.666666666665847;4.3333333333319075
1688376861;0.9166666668736241;13.333333333341415;3.611111111109082;4.499999999997158
1688376862;0.999999999637808;13.61111111111515;3.555555555562421;4.388888888888687
1688376863;0.999999999637808;13.33333333333131;3.8333333333260526;4.388888888888687
1688376864;1.0277777780882076;13.61111111111515;3.8333333333361566;4.111111111109892
1688376865;1.0555555565386072;13.722222222218576;3.8333333333462605;4.2222222222234365
1688376866;0.8888888884232244;13.22222222222787;3.611111111109082;3.8888888888828177
1688376867;0.9444444427370087;13.38888888889818;3.7222222222226264;3.9444444444395828
1688376868;0.8611111099728248;13.33333333333131;3.7777777777793915;4.000000000001407
1688376869;0.9166666655801237;13.000000000010914;3.8333333333361566;3.8888888888929216
1688376870;0.805555554365526;13.277777777774546;3.7777777777793915;3.944444444449701
1688376871;0.9166666655800952;12.94444444444403;3.6666666666557433;4.111111111109892
1688376872;0.8611111112663252;13.166666666661001;3.3888888888921116;4.222222222223422
1688376873;0.8611111099728248;12.8333333333305;3.555555555552317;4.111111111109892
1688376874;0.8611111112663252;13.166666666671105;3.7777777777692876;3.8333333333311117
1688376875;0.9444444427370087;13.277777777774531;3.7777777777793915;3.944444444449701
1688376876;0.9444444453240237;12.722222222216956;3.666666666665847;4.333333333336967
1688376877;0.9444444453240237;12.88888888889737;3.7222222222226264;4.222222222218377
1688376878;0.8888888897167391;13.166666666661001;3.8333333333361566;4.055555555553127
1688376879;0.9444444440305233;12.888888888887266;3.8888888889030255;3.8888888888828177
1688376880;0.9166666694606249;13.111111111104236;3.666666666665847;4.222222222218377
1688376881;1.0555555552451068;13.111111111124444;3.666666666665847;4.111111111104847
1688376882;0.9166666668736241;13.33333333333131;3.499999999995552;4.111111111109892
1688376883;0.8888888897167391;13.000000000000796;3.500000000005656;4.055555555558172
1688376884;0.9166666681671387;13.166666666661001;3.666666666665847;3.7222222222175674
1688376885;0.8611111112663252;13.166666666661001;3.499999999995552;3.7222222222175674
1688376886;0.8888888884232244;13.111111111104236;3.111111111108272;3.944444444444642
1688376887;0.9722222237744234;12.94444444444403;3.2777777777684776;4.222222222223422
1688376888;0.9166666694606249;13.22222222222787;3.3888888888820077;4.111111111114951
1688376889;0.8611111099728248;13.11111111111434;3.7222222222327304;3.666666666665847
1688376890;0.7777777785021271;13.33333333333131;3.666666666665847;3.944444444444642
1688376891;0.8055555556590406;13.44444444444484;3.7222222222226264;4.166666666671716
1688376892;0.8611111099728248;13.83333333333212;3.7222222222226264;4.111111111114951
1688376893;0.9166666655801237;13.72222222222868;3.944444444449701;4.222222222228481
1688376894;0.9166666655801237;14.055555555559181;4.000000000006466;3.8888888888929216
1688376895;0.9722222224809229;14.000000000002416;4.333333333336967;4.222222222223422
1688376896;0.888888887129724;13.833333333342225;4.000000000006466;4.3333333333319075
1688376897;0.999999999637808;13.499999999991502;3.9444444444496867;4.388888888883628
1688376898;0.9166666668736241;13.777777777775341;3.9444444444395828;4.444444444445452
1688376899;0.9444444440305233;13.277777777774546;4.055555555563231;4.111111111114951
1688376900;0.8888888897167391;13.444444444454945;3.8333333333260526;4.2777777777751425
1688376901;0.9722222224809229;12.888888888887266;3.555555555552317;4.388888888883628
1688376902;0.9444444466175241;12.8333333333305;3.2777777777785815;4.499999999997158
1688376903;0.9722222224809087;12.72222222222706;3.611111111109082;4.666666666662422
1688376904;0.8888888884232244;12.888888888887266;3.555555555552317;4.166666666666657
1688376905;1.0555555565386072;13.666666666661811;3.611111111109082;4.111111111114951
1688376906;0.8888888884232244;13.555555555558385;3.555555555542213;4.388888888893732
1688376907;0.9722222211874225;13.333333333341415;3.500000000005656;4.444444444445452
1688376908;0.999999999637808;13.666666666661811;3.6666666666557433;4.499999999997158
1688376909;1.0555555552451068;13.222222222207662;3.8888888889030255;4.111111111109892
1688376910;0.999999999637808;14.00000000001252;3.7777777777793915;4.3333333333319075
1688376911;0.916666664286609;13.88888888889899;3.666666666665847;4.166666666666657
1688376912;0.8888888871297098;13.722222222208472;3.3333333333252426;4.055555555558172
1688376913;0.8611111099728248;13.72222222222868;3.555555555562421;4.000000000001407
1688376914;0.7777777759151405;13.11111111111434;3.666666666665847;3.555555555552317
1688376915;0.9722222224809087;13.166666666661001;3.555555555562421;3.7222222222226122
1688376916;0.8888888897167249;13.055555555547471;3.444444444438787;3.8888888888878768
1688376917;0.8888888897167391;12.88888888889737;3.2222222222319203;3.8888888888878768
1688376918;0.9722222224809087;13.166666666671105;3.3888888888820077;3.8888888888878768
1688376919;0.8611111112663252;12.777777777763617;3.666666666665847;3.6666666666709062
1688376920;0.9722222237744091;13.666666666661811;3.6666666666557433;3.944444444444642
1688376921;0.8888888897167249;13.72222222222868;3.7222222222327304;4.000000000001407
1688376922;1.0833333349890069;13.666666666661811;3.3888888888820077;4.000000000001407
1688376923;4.194444445117057;13.611111111105046;3.611111111109082;4.222222222223422
1688376924;6.111111110335003;13.777777777785445;3.7777777777793915;3.8888888888878768
1688376925;6.194444444392701;13.72222222222868;3.8333333333361566;3.944444444444642
1688376926;6.333333332764184;13.555555555548281;3.9444444444395828;4.222222222228481
1688376927;6.1944444418057;13.500000000001606;3.7222222222226122;4.222222222223422
1688376928;6.305555555607299;13.61111111111515;3.8888888888929216;4.166666666666657
1688376929;6.222222221549586;12.999999999990692;3.8888888888929216;3.944444444444642
1688376930;6.388888889664983;13.27777777778465;3.7777777777793915;4.055555555553127
1688376931;6.305555554313784;13.166666666661001;3.8333333333361566;4.055555555553127
1688376932;3.166666667028835;13.222222222217766;3.444444444448891;3.8333333333310975
1688376933;1.2500000005173888;13.000000000000796;3.7777777777793915;3.9444444444395828
1688376934;1.1666666664596903;13.166666666661001;3.7222222222226264;3.666666666665847
1688376935;0.999999999637808;13.11111111111434;3.611111111109082;3.555555555552317
1688376936;1.1388888918898203;12.77777777778384;3.611111111109082;4.000000000001407
1688376937;0.999999999637808;12.61111111111353;3.3888888888820077;3.999999999996362
1688376938;1.1388888893028053;12.555555555566869;3.7222222222226122;3.944444444444642
1688376939;0.9722222224809229;12.499999999989896;3.7222222222125083;3.611111111114141
1688376940;0.9722222224809087;12.61111111111353;3.555555555552317;3.8888888888878768
1688376941;0.8888888884232244;12.722222222227074;3.611111111119186;4.166666666666657
1688376942;0.8888888884232244;12.8333333333305;3.2222222222218164;3.944444444449701
1688376943;0.8888888884232244;12.888888888887266;3.555555555552317;4.000000000006466
1688376944;0.8888888884232244;12.8333333333305;3.611111111109082;3.7777777777793915
1688376945;0.8611111099728248;12.94444444444403;3.499999999995552;3.666666666665847
1688376946;0.9999999996378222;12.722222222216956;3.444444444448891;3.8333333333361566
1688376947;0.833333334109426;12.777777777773736;3.1666666666751553;3.9444444444395828
1688376948;0.9722222224809229;12.5;3.555555555562421;4.000000000001407
1688376949;0.8333333354029406;12.500000000010104;3.7777777777692876;3.6666666666709062
1688376950;0.9722222237744234;12.833333333340605;3.7777777777692876;3.7777777777793915
1688376951;0.833333334109426;13.333333333341415;3.999999999996362;4.000000000001407
1688376952;1.0277777780882076;13.22222222222787;3.7777777777793915;3.8333333333260526
1688376953;0.9722222237744234;13.38888888889818;4.000000000006466;3.9444444444395828
1688376954;1.000000002224823;13.444444444434737;4.055555555563231;3.7777777777793915
1688376955;0.8333333341094402;13.333333333341415;4.055555555553127;4.2777777777751425
1688376956;0.9722222211874083;13.277777777774531;4.055555555553127;4.333333333336967
1688376957;0.8888888884232244;13.77777777778546;3.7777777777692876;4.3333333333319075
1688376958;1.0555555539516064;13.944444444435547;3.8888888888929216;4.499999999997158
1688376959;0.8888888871297098;13.333333333321207;3.944444444449701;4.2777777777802015
1688376960;0.9722222211874083;12.999999999990692;3.555555555562421;4.3333333333319075
1688376961;0.8888888884232244;12.8333333333305;3.499999999995552;4.388888888888687
1688376962;1.0277777767947072;12.8333333333305;3.2777777777785815;4.222222222223422
1688376963;0.8611111099728248;13.166666666671105;3.555555555562421;4.3333333333319075
1688376964;0.9722222211874083;13.555555555548267;3.7777777777793915;3.611111111114141
1688376965;1.0555555565386072;13.166666666671105;3.7777777777692876;3.8888888888929216
1688376966;0.9166666668736241;12.61111111111353;3.6666666666759653;4.055555555553127
1688376967;0.9166666681671387;12.44444444444322;3.444444444448891;4.000000000001407
1688376968;1.027777779381708;13.055555555557575;3.611111111109082;3.9444444444395828
1688376969;0.999999999637808;12.94444444444403;3.8333333333260526;3.7222222222226264
1688376970;0.9444444453240237;13.388888888888076;3.6666666666759653;4.222222222223422
1688376971;0.8611111125598256;13.499999999991502;3.611111111098978;4.2777777777802015
1688376972;0.9722222224809229;13.33333333333131;3.3333333333252426;4.111111111109892
1688376973;0.9722222237744234;13.27777777778465;3.4444444444387727;4.222222222218377
1688376974;0.8611111112663252;13.611111111105046;3.500000000005656;3.8333333333260526
1688376975;1.0277777793817222;13.444444444434737;3.499999999995552;3.944444444444642
1688376976;0.8611111099728248;13.22222222222787;3.666666666675951;4.222222222218377
1688376977;0.999999999637808;12.88888888889737;3.4444444444387727;4.333333333336967
1688376978;1.0277777780882076;13.27777777778465;3.666666666665847;4.222222222218377
1688376979;1.0833333336955064;12.888888888887266;3.8333333333260526;3.8333333333361566
1688376980;1.0277777767947072;13.27777777778465;3.7222222222327304;4.111111111114951
1688376981;1.1111111108524057;13.277777777774531;3.7777777777793915;4.111111111114951
1688376982;0.9722222211874083;13.277777777774546;3.500000000005656;4.111111111114951
1688376983;1.0833333324020202;13.555555555568489;3.611111111109082;3.944444444444642
1688376984;1.0277777767947072;14.166666666672725;3.944444444449701;3.7777777777793915
1688376985;1.1388888893028053;13.999999999992312;3.6666666666557433;3.7777777777793915
1688376986;0.8611111099728248;13.611111111105046;3.666666666665847;4.166666666661612
1688376987;0.8611111099728248;13.388888888888076;3.3888888888921116;4.3333333333319075
1688376988;0.9444444427370087;13.555555555568489;3.3333333333353465;4.222222222223422
1688376989;0.9166666668736241;13.222222222217766;3.7777777777793915;3.9444444444395828
1688376990;0.8333333315224252;13.11111111111434;3.555555555552317;3.9444444444395828
1688376991;0.8888888884232244;13.055555555557575;3.4444444444488767;4.055555555553127
1688376992;0.833333334109426;12.5;3.2777777777785815;4.166666666671716
1688376993;0.8611111099728248;12.388888888886456;3.1666666666650514;4.111111111109892
1688376994;0.9444444440305233;12.722222222227074;3.444444444448891;3.8333333333310975
1688376995;1.1388888893028053;12.777777777773736;3.500000000005656;3.444444444448891
1688376996;1.0277777793817222;12.499999999999986;3.444444444438787;3.7777777777844364
1688376997;0.9722222224809229;12.277777777762822;3.444444444448891;3.999999999996348
1688376998;0.9444444453240237;12.611111111103426;3.166666666665037;3.944444444444642
1688376999;1.0277777780882076;12.5;3.4444444444488767;3.8888888888878768
1688377000;1.0277777780882076;12.5;3.499999999995552;3.7777777777793915
1688377001;0.9999999983443075;12.888888888887266;3.444444444448891;4.055555555553127
1688377002;1.0555555552451068;12.666666666660191;3.2777777777684776;3.944444444444642
1688377003;0.8611111099728248;12.88888888889737;3.2222222222218164;3.8888888888929216
1688377004;0.8888888884232244;13.11111111111434;3.444444444448891;3.8333333333310975
1688377005;1.0277777767947072;13.111111111104236;3.499999999995552;3.611111111109082
1688377006;0.8611111099728248;13.22222222222787;3.499999999995552;3.611111111114141
1688377007;1.083333332402006;12.722222222237178;3.3888888888820077;3.8333333333311117
1688377008;0.8888888884232244;13.27777777778465;3.3333333333353465;3.7222222222276713
1688377009;0.9444444453240237;13.055555555557575;3.666666666665847;3.611111111109082
1688377010;0.9166666668736241;13.388888888877972;3.666666666665847;3.500000000005656
1688377011;1.0000000009313226;13.666666666671915;4.055555555563231;3.944444444444642
1688377012;1.0000000009313226;13.388888888888076;3.999999999996362;3.8888888888878768
1688377013;0.9166666668736241;13.44444444444484;3.9444444444395828;3.8888888888929216
1688377014;0.9444444453240237;13.83333333333212;4.22222222223354;3.7777777777793915
1688377015;1.000000002224823;13.666666666671915;4.111111111109892;3.8888888888828177
1688377016;0.8055555556590406;13.500000000001606;4.111111111119996;4.166666666671716
1688377017;0.9444444440305233;13.166666666661001;4.055555555543023;4.444444444445452
1688377018;0.9722222224809229;13.722222222218576;3.666666666665847;4.555555555553937
1688377019;0.9444444453240237;12.94444444444403;3.9444444444395828;4.388888888883628
1688377020;0.8888888871297098;12.88888888889737;3.611111111119186;4.000000000001407
1688377021;1.0277777767947072;12.833333333320397;3.499999999995552;4.2777777777751425
1688377022;1.111111112145906;12.555555555556765;3.3888888888921116;4.222222222218377
1688377023;0.9999999996378222;12.388888888886456;3.111111111108272;4.111111111109892
1688377024;1.0277777780882076;12.94444444444403;3.611111111109082;3.9444444444496867
1688377025;1.1666666664597045;13.777777777765237;3.7222222222226264;3.555555555552317
1688377026;1.111111112145906;13.44444444444484;3.555555555572525;3.8333333333310975
1688377027;1.1388888893028195;13.11111111111434;3.611111111109082;4.000000000001407
1688377028;1.0555555565386072;13.50000000001171;3.3888888888921116;3.8333333333310975
1688377029;1.0555555578321218;13.555555555548267;3.499999999995552;3.7777777777743324
1688377030;0.9166666668736241;13.833333333342225;3.500000000005656;3.555555555557362
1688377031;0.9166666655801237;13.888888888888886;3.3888888888820077;4.111111111109892
1688377032;0.9722222224809229;13.888888888888886;3.3333333333353465;3.944444444444642
1688377033;1.0277777755012067;13.388888888888076;3.111111111118376;3.944444444444642
1688377034;0.8611111112663252;13.11111111111434;3.499999999995552;3.944444444444642
1688377035;0.9722222211874083;13.222222222217766;3.6666666666557433;3.499999999995552
1688377036;0.8611111086793244;12.94444444444403;3.7222222222226264;3.611111111114141
1688377037;0.9999999983443075;12.888888888877162;3.7222222222226264;4.000000000006466
1688377038;0.9444444427370087;12.722222222216956;3.555555555552317;4.111111111114951
1688377039;0.9166666681671387;12.888888888877162;3.9444444444395828;4.222222222223422
1688377040;0.9166666655801095;13.500000000001606;3.944444444449701;3.555555555557376
1688377041;0.9166666668736241;13.277777777784635;3.999999999996362;4.166666666666657
1688377042;0.8333333341094402;13.777777777775341;3.8888888888828177;4.166666666666657
1688377043;0.8888888884232102;13.444444444454945;3.611111111119186;4.111111111109892
1688377044;0.9444444453240237;13.83333333333212;3.8333333333361566;4.166666666671716
1688377045;1.0277777793817222;13.888888888888886;3.7777777777894954;3.8333333333311117
1688377046;1.0555555552451068;13.66666666668202;3.7222222222125083;3.9444444444395828
1688377047;1.0555555552451068;13.500000000001606;3.666666666665847;4.111111111109892
1688377048;1.083333332402006;13.38888888889818;3.444444444448891;4.055555555558172
1688377049;1.0833333336955064;12.888888888887266;3.666666666665847;4.166666666666657
1688377050;1.1666666664597045;13.277777777774546;3.666666666665847;3.611111111109082
1688377051;1.1944444449101042;12.88888888889737;3.500000000005656;3.8333333333311117
1688377052;1.277777777674288;12.777777777763617;3.3888888888820077;3.7222222222226264
1688377053;1.0555555552451068;12.722222222227074;3.2222222222218164;3.7777777777743324
1688377054;0.9999999996378222;13.222222222217766;3.499999999995552;3.7222222222226264
1688377055;1.0277777780882076;13.166666666661001;3.555555555562421;3.611111111114141
1688377056;1.0555555565386072;13.22222222222787;3.555555555562421;3.666666666665847
1688377057;1.1111111108524057;12.722222222216956;3.500000000005656;4.111111111109892
1688377058;0.8888888897167249;12.888888888887266;3.2777777777684776;3.944444444444642
1688377059;0.805555554365526;12.77777777778384;3.555555555562421;4.111111111109892
1688377060;0.833333334109426;12.888888888877162;3.7777777777793915;3.666666666665847
1688377061;0.833333334109426;13.000000000000796;3.7777777777793915;4.111111111114951
1688377062;1.0000000009313226;12.77777777778384;3.7222222222226264;4.000000000001407
1688377063;0.8888888884232244;12.33333333332969;3.611111111109082;4.055555555553127
1688377064;0.8333333354029264;12.777777777773736;3.9444444444395828;3.7222222222175674
1688377065;0.8055555569525268;12.666666666670295;3.999999999996362;3.666666666665847
1688377066;0.8333333328159398;12.88888888889737;3.9444444444395828;3.555555555552317
1688377067;0.9722222211874083;12.611111111103426;3.8333333333361566;3.8888888888878768
1688377068;1.027777779381708;12.555555555556765;3.555555555552317;3.7777777777793915
1688377069;0.9444444440305233;12.666666666670295;3.6666666666557433;3.8888888888878768
1688377070;0.8888888884232244;12.944444444454135;3.499999999995552;3.555555555552317
1688377071;0.8055555556590264;13.111111111104236;3.7222222222226264;3.944444444444642
1688377072;0.9722222224809229;13.500000000001606;3.7222222222226264;3.8333333333361566
1688377073;0.9722222211874083;13.33333333333131;3.3888888888921116;4.000000000001407
1688377074;0.9166666668736241;13.999999999992312;3.8333333333260526;3.8888888888929216
1688377075;0.833333334109426;13.722222222218576;3.7777777777793915;3.6666666666709062
1688377076;0.9166666681671245;13.88888888889899;3.8333333333361566;3.8888888888878768
1688377077;0.7499999987582413;13.555555555548281;3.8333333333260526;4.166666666666657
1688377078;0.8888888897167249;13.722222222218576;3.611111111119186;4.222222222228481
1688377079;0.805555556952541;13.444444444434737;3.9444444444395828;4.166666666666657
1688377080;1.0000000009313226;13.666666666661811;3.7222222222226122;3.7222222222226122
1688377081;0.833333334109426;13.333333333341415;3.555555555552317;4.222222222223422
1688377082;0.8333333341094402;13.33333333333131;3.666666666665847;4.111111111109892
1688377083;0.8611111112663252;13.388888888888076;3.3333333333353465;4.111111111109892
1688377084;0.9166666668736099;13.999999999992312;3.7222222222226264;3.999999999996362
1688377085;0.9722222211874083;13.666666666661811;3.7222222222327304;3.6666666666709062
1688377086;0.9166666655801237;13.83333333333212;3.7222222222226264;3.8888888888878768
1688377087;0.8333333328159398;13.22222222222787;3.7222222222226264;3.9444444444395828
1688377088;1.1388888880093049;13.333333333341415;3.555555555562421;4.111111111109892
1688377089;0.8611111099728106;13.055555555557575;3.7777777777793915;4.111111111109892
1688377090;1.0277777780882076;13.166666666671105;3.7222222222226264;3.666666666665847
1688377091;0.9444444440305233;13.000000000000796;3.555555555562421;4.111111111109892
1688377092;1.083333332402006;12.38888888889656;3.3888888888921116;3.944444444444642
1688377093;0.9722222224809229;12.22222222222625;3.2222222222218164;3.8888888888878768
1688377094;0.8611111125598256;12.666666666670295;3.611111111109082;3.9444444444395828
1688377095;1.0555555565386072;12.61111111111353;3.500000000005656;3.555555555552317
1688377096;0.9722222224809229;12.722222222216956;3.611111111109082;3.7777777777793915
1688377097;0.8055555556590264;12.555555555556765;3.666666666665847;3.944444444444642
1688377098;0.9444444440305233;12.44444444444322;3.3888888888921116;4.166666666666657
1688377099;0.8888888884232244;12.444444444433117;3.7222222222226264;4.111111111114951
1688377100;0.9166666655801237;12.77777777778384;3.7777777777793915;3.611111111114141
1688377101;0.8611111099728248;12.8333333333305;3.7777777777793915;4.111111111109892
1688377102;0.9999999996378222;12.722222222216956;3.7777777777793915;4.166666666666657
1688377103;0.9444444440305091;12.666666666670295;3.555555555552317;4.055555555553127
1688377104;0.8888888897167249;13.000000000000796;3.9444444444395828;4.055555555558172
1688377105;0.999999999637808;13.33333333333131;3.7777777777793915;3.7777777777743324
1688377106;0.9444444453240237;13.277777777774531;3.8333333333361566;3.8333333333361566
1688377107;0.9166666681671245;13.388888888888076;3.9444444444395828;4.000000000001407
1688377108;0.9444444440305233;13.55555555555837;3.666666666665847;4.166666666661612
1688377109;1.0555555565386072;13.44444444444484;3.888888888872714;4.166666666666657
1688377110;0.8611111112663252;13.777777777775341;3.8888888888828177;3.8333333333311117
1688377111;0.8611111112663252;13.61111111111515;3.7222222222226264;4.2222222222234365
1688377112;0.9444444453240237;13.555555555548267;3.611111111109082;4.277777777785246
1688377113;0.9722222211874083;13.61111111111515;3.500000000005656;4.111111111109892
1688377114;0.9444444440305233;13.72222222222868;3.7777777777793915;4.111111111114951
1688377115;0.999999999637808;13.94444444444565;3.611111111109082;3.944444444444642
1688377116;0.9166666668736241;13.777777777785445;3.499999999995552;3.8888888888878768
1688377117;1.0277777780882076;13.388888888888076;3.500000000005656;4.2777777777802015
1688377118;0.8611111099728248;13.388888888888076;3.2777777777886854;4.2222222222234365
1688377119;1.0555555565386072;13.055555555557575;3.611111111109082;4.166666666666657
1688377120;0.9444444453240237;13.388888888888076;3.499999999995552;3.7777777777793915
1688377121;1.0277777767947072;13.33333333333131;3.444444444448891;4.222222222218377
1688377122;0.9166666681671245;13.166666666661001;3.3333333333252426;4.222222222223422
1688377123;1.0000000009313226;13.166666666671105;3.2777777777785815;4.111111111109892
1688377124;0.9722222211874083;13.222222222217766;3.499999999995552;3.999999999996348
1688377125;0.9722222198939079;13.499999999991502;3.611111111119186;3.8888888888878768
1688377126;0.9166666681671245;13.44444444444484;3.555555555542213;3.7222222222175674
1688377127;1.0277777780882076;13.499999999991502;3.555555555552317;4.111111111109892
1688377128;0.9166666681671245;13.61111111111515;3.2777777777886854;4.000000000001407
1688377129;0.9722222224809229;13.500000000001606;3.500000000005656;4.000000000001407
1688377130;0.833333334109426;14.000000000002416;3.611111111098978;3.444444444443832
1688377131;0.8888888897167249;14.277777777776151;3.7777777777894954;3.7777777777793915
1688377132;0.999999999637808;13.94444444444565;3.7777777777692876;3.944444444444642
1688377133;0.9166666668736241;13.888888888888886;3.7777777777793915;3.9444444444496867
1688377134;1.0555555552451068;13.83333333333212;3.8333333333260526;3.8333333333310975
1688377135;0.9999999970508213;14.222222222219386;3.944444444459805;3.7222222222276713
1688377136;0.8333333328159256;14.000000000002416;3.8888888888828177;3.611111111114141
1688377137;0.8888888858362094;13.83333333333212;3.9444444444395828;4.166666666666657
1688377138;0.9722222198939079;13.83333333333212;3.7222222222226264;4.2777777777751425
1688377139;0.9722222211874225;13.333333333341415;3.7222222222226264;4.388888888888687
1688377140;1.0555555526580918;13.11111111111434;3.611111111109082;4.055555555553127
1688377141;0.8055555543655402;13.222222222217766;3.444444444448891;4.000000000001407
1688377142;0.9722222211874225;13.00000000000081;3.111111111108272;4.222222222218377
1688377143;0.8888888897167249;12.833333333340605;3.1666666666751553;4.111111111114951
1688377144;0.8611111125598256;12.722222222216956;3.2777777777684776;4.000000000001407
1688377145;0.9722222224809229;13.500000000001606;3.50000000001576;3.8888888888878768
1688377146;1.0555555565386072;13.83333333333212;3.4444444444387727;3.555555555552317
1688377147;1.027777779381708;13.666666666671915;3.555555555552317;3.8333333333361566
1688377148;0.9444444440305233;13.555555555548267;3.444444444448891;3.8333333333361566
1688377149;0.9444444440305233;13.555555555558385;3.3888888888820077;4.000000000001407
1688377150;0.999999999637808;13.500000000001606;3.499999999995552;3.8333333333311117
