Time;{instance="10.231.0.208:9100"};{instance="192.168.221.10:9100"};{instance="192.168.221.11:9100"};{instance="192.168.221.12:9100"}
1688376070;0;188698.4827586207;32061.793103448275;167794.75862068965
1688376071;0;189969.6551724138;32061.793103448275;168783.44827586206
1688376072;0;192794.4827586207;32061.793103448275;195901.79310344826
1688376073;0;204235.0344827586;32061.793103448275;262991.4482758621
1688376074;0;202681.3793103448;32061.793103448275;1386566.6206896552
1688376075;0;210873.3793103448;32061.793103448275;1539672.2758620689
1688376076;0;209460.96551724136;32061.793103448275;7799348.9655172415
1688376077;0;215110.62068965516;32061.793103448275;20274211.310344826
1688376078;1553.655172413793;212992;32061.793103448275;20689602.20689655
1688376079;1553.655172413793;210025.93103448275;32061.793103448275;20699771.586206898
1688376080;1553.655172413793;190817.10344827586;31920.55172413793;25731636.96551724
1688376081;1553.655172413793;177681.6551724138;31920.55172413793;25742653.79310345
1688376082;1553.655172413793;177681.6551724138;32203.03448275862;31817163.03448276
1688376083;1836.1379310344828;162145.10344827586;32203.03448275862;39734731.034482755
1688376084;2401.103448275862;170195.8620689655;32203.03448275862;39734731.034482755
1688376085;2401.103448275862;173585.6551724138;28107.03448275862;42823821.24137931
1688376086;2401.103448275862;165958.62068965516;28107.03448275862;46527735.17241379
1688376087;2401.103448275862;165817.3793103448;28813.241379310344;48215710.89655172
1688376088;2401.103448275862;162427.58620689655;28813.241379310344;54290220.137931034
1688376089;2683.5862068965516;155083.0344827586;28813.241379310344;64125139.862068966
1688376090;2683.5862068965516;147314.75862068965;5367.172413793103;64483610.48275862
1688376091;2683.5862068965516;148303.44827586206;5367.172413793103;64495333.51724138
1688376092;2683.5862068965516;148020.9655172414;5367.172413793103;64511293.79310345
1688376093;2683.5862068965516;148868.41379310345;5367.172413793103;64511293.79310345
1688376094;2683.5862068965516;146043.58620689655;5367.172413793103;76675001.37931034
1688376095;2683.5862068965516;147032.27586206896;1836.1379310344828;89330228.96551724
1688376096;2683.5862068965516;146467.3103448276;988.6896551724137;89334466.20689654
1688376097;2683.5862068965516;114123.03448275862;988.6896551724137;89334466.20689654
1688376098;2683.5862068965516;112004.41379310345;988.6896551724137;93256880.55172414
1688376099;2683.5862068965516;108190.89655172413;988.6896551724137;93256880.55172414
1688376100;2683.5862068965516;107202.20689655172;988.6896551724137;101382638.34482758
1688376101;2683.5862068965516;104518.62068965517;988.6896551724137;101355520
1688376102;2683.5862068965516;93925.5172413793;1977.3793103448274;104654071.1724138
1688376103;2683.5862068965516;95479.1724137931;1977.3793103448274;112027718.62068966
1688376104;2683.5862068965516;85874.75862068965;1977.3793103448274;111874612.96551724
1688376105;2683.5862068965516;85592.27586206897;1977.3793103448274;114403681.10344827
1688376106;2683.5862068965516;79518.89655172413;1977.3793103448274;101931643.5862069
1688376107;1129.9310344827586;81072.55172413793;1977.3793103448274;101462863.44827586
1688376108;1129.9310344827586;76976.55172413793;1977.3793103448274;103857187.31034483
1688376109;1129.9310344827586;75140.41379310345;1977.3793103448274;107521412.4137931
1688376110;1129.9310344827586;73021.79310344828;1977.3793103448274;119333993.93103448
1688376111;1129.9310344827586;67372.13793103448;1694.896551724138;113262168.27586207
1688376112;847.448275862069;67937.10344827586;1694.896551724138;105341775.44827586
1688376113;282.48275862068965;54660.41379310345;1694.896551724138;109066875.5862069
1688376114;282.48275862068965;52541.793103448275;1694.896551724138;105977785.37931034
1688376115;282.48275862068965;49858.206896551725;1694.896551724138;110590305.10344827
1688376116;282.48275862068965;48728.275862068964;988.6896551724137;118739932.68965517
1688376117;282.48275862068965;48869.51724137931;988.6896551724137;112665423.44827586
1688376118;0;52118.06896551724;988.6896551724137;106727353.37931034
1688376119;0;51129.379310344826;988.6896551724137;110054011.5862069
1688376120;0;50988.137931034486;988.6896551724137;117319044.4137931
1688376121;0;51129.379310344826;988.6896551724137;117342208
1688376122;0;53106.75862068965;988.6896551724137;122664041.93103448
1688376123;706.2068965517242;55507.862068965514;988.6896551724137;119564641.10344827
1688376124;706.2068965517242;54801.65517241379;988.6896551724137;106911673.37931034
1688376125;706.2068965517242;55225.379310344826;988.6896551724137;108897527.1724138
1688376126;1129.9310344827586;53812.96551724138;988.6896551724137;110334375.72413793
1688376127;1129.9310344827586;56779.03448275862;988.6896551724137;106411961.37931034
1688376128;2118.6206896551726;56779.03448275862;1694.896551724138;112229693.79310344
1688376129;2118.6206896551726;57061.51724137931;1694.896551724138;112812032
1688376130;2118.6206896551726;56496.55172413793;1694.896551724138;122076760.27586207
1688376131;2118.6206896551726;57626.48275862069;706.2068965517242;121441174.06896551
1688376132;2118.6206896551726;56920.275862068964;706.2068965517242;112943951.44827586
1688376133;2118.6206896551726;59038.89655172414;706.2068965517242;126661455.44827586
1688376134;2683.5862068965516;59038.89655172414;706.2068965517242;133185677.2413793
1688376135;2683.5862068965516;58756.41379310345;706.2068965517242;133182993.65517241
1688376136;2683.5862068965516;58473.93103448276;1412.4137931034484;138589996.13793102
1688376137;2683.5862068965516;60168.8275862069;1412.4137931034484;145301786.4827586
1688376138;2683.5862068965516;60027.58620689655;1412.4137931034484;144307164.68965518
1688376139;2683.5862068965516;60310.06896551724;1412.4137931034484;141618352.55172414
1688376140;2683.5862068965516;67937.10344827586;1412.4137931034484;145113935.44827586
1688376141;2683.5862068965516;67937.10344827586;1412.4137931034484;149655975.72413793
1688376142;2683.5862068965516;66100.96551724138;1412.4137931034484;146174940.68965518
1688376143;2683.5862068965516;63134.89655172414;1412.4137931034484;153686157.24137932
1688376144;2683.5862068965516;63558.620689655174;1412.4137931034484;152457216
1688376145;2683.5862068965516;64264.8275862069;1412.4137931034484;143279916.13793102
1688376146;2683.5862068965516;63699.862068965514;1412.4137931034484;162263887.44827586
1688376147;2683.5862068965516;60451.31034482759;1412.4137931034484;161783949.24137932
1688376148;2683.5862068965516;61581.24137931034;1412.4137931034484;169575953.6551724
1688376149;2683.5862068965516;61722.48275862069;1412.4137931034484;165336452.4137931
1688376150;2683.5862068965516;63417.379310344826;1412.4137931034484;174409092.4137931
1688376151;2683.5862068965516;61298.75862068965;1412.4137931034484;175161767.72413793
1688376152;1977.3793103448274;59038.89655172414;1412.4137931034484;172063496.8275862
1688376153;1977.3793103448274;58897.65517241379;5932.137931034483;183061256.8275862
1688376154;1977.3793103448274;61157.51724137931;5932.137931034483;183620290.20689654
1688376155;1553.655172413793;60592.55172413793;5932.137931034483;191029106.75862068
1688376156;1553.655172413793;59180.137931034486;5932.137931034483;191117382.62068966
1688376157;564.9655172413793;58332.68965517241;5225.931034482758;187230702.3448276
1688376158;564.9655172413793;57061.51724137931;5367.172413793103;181240090.4827586
1688376159;564.9655172413793;57061.51724137931;5367.172413793103;171975362.20689654
1688376160;1129.9310344827586;56779.03448275862;5367.172413793103;169245307.58620688
1688376161;1129.9310344827586;56920.275862068964;5367.172413793103;169245307.58620688
1688376162;1129.9310344827586;54660.41379310345;5367.172413793103;155527803.58620688
1688376163;564.9655172413793;56355.31034482759;5790.896551724138;140214836.96551725
1688376164;564.9655172413793;56214.06896551724;5790.896551724138;140214695.72413793
1688376165;564.9655172413793;55649.10344827586;5084.689655172414;139859049.93103448
1688376166;706.2068965517242;56355.31034482759;5084.689655172414;141488269.24137932
1688376167;706.2068965517242;53248;5084.689655172414;137665853.79310346
1688376168;706.2068965517242;53248;5084.689655172414;132002356.96551724
1688376169;706.2068965517242;44914.75862068965;5084.689655172414;133799653.51724137
1688376170;706.2068965517242;46327.1724137931;5084.689655172414;133287653.51724137
1688376171;706.2068965517242;47457.10344827586;5084.689655172414;141472450.20689654
1688376172;706.2068965517242;46609.65517241379;5084.689655172414;139805378.20689654
1688376173;706.2068965517242;47457.10344827586;5084.689655172414;132717885.79310344
1688376174;706.2068965517242;44208.55172413793;5084.689655172414;133850500.4137931
1688376175;706.2068965517242;44632.275862068964;5084.689655172414;117128086.06896551
1688376176;706.2068965517242;46185.93103448276;5084.689655172414;113711315.86206897
1688376177;706.2068965517242;47598.3448275862;5084.689655172414;113576854.06896551
1688376178;706.2068965517242;46044.68965517241;5084.689655172414;110539599.44827586
1688376179;706.2068965517242;43361.10344827586;5084.689655172414;101431225.37931034
1688376180;706.2068965517242;44067.31034482759;5084.689655172414;97320253.79310344
1688376181;706.2068965517242;45197.24137931035;5084.689655172414;98070669.2413793
1688376182;706.2068965517242;45903.448275862065;564.9655172413793;91409584.55172414
1688376183;706.2068965517242;43643.58620689655;564.9655172413793;101642804.96551724
1688376184;706.2068965517242;43784.8275862069;564.9655172413793;92798834.7586207
1688376185;706.2068965517242;42372.41379310345;564.9655172413793;92710558.89655173
1688376186;706.2068965517242;49010.75862068965;564.9655172413793;92561549.2413793
1688376187;706.2068965517242;48869.51724137931;423.7241379310345;89843076.4137931
1688376188;706.2068965517242;49152;423.7241379310345;94001363.86206897
1688376189;141.24137931034483;48869.51724137931;423.7241379310345;102380932.4137931
1688376190;141.24137931034483;49716.96551724138;423.7241379310345;104263256.27586207
1688376191;141.24137931034483;50140.68965517241;423.7241379310345;113851992.27586207
1688376192;141.24137931034483;50705.65517241379;0;117278931.86206897
1688376193;141.24137931034483;50705.65517241379;0;117278931.86206897
1688376194;141.24137931034483;49858.206896551725;0;117616640
1688376195;0;48304.55172413793;0;108852471.1724138
1688376196;0;50423.1724137931;0;104973417.93103448
1688376197;0;50564.41379310345;0;101502128.55172414
1688376198;0;49716.96551724138;0;111728710.62068966
1688376199;0;48022.06896551724;0;110590870.06896551
1688376200;0;47315.862068965514;0;102272317.79310344
1688376201;0;49152;0;98067985.65517241
1688376202;0;48304.55172413793;0;106720008.8275862
1688376203;0;52824.275862068964;0;109422662.62068966
1688376204;0;51694.3448275862;0;110101186.20689654
1688376205;0;51270.620689655174;0;110101044.96551724
1688376206;0;52541.793103448275;0;109224359.72413793
1688376207;0;55225.379310344826;0;114082074.48275863
1688376208;0;55084.137931034486;0;114078684.68965517
1688376209;0;54236.68965517241;0;112116983.1724138
1688376210;0;53954.206896551725;0;107233280
1688376211;0;52965.51724137931;0;102894344.8275862
1688376212;0;53530.48275862069;0;90112000
1688376213;0;55084.137931034486;706.2068965517242;104911271.72413793
1688376214;0;55649.10344827586;706.2068965517242;104913955.31034483
1688376215;0;49999.448275862065;706.2068965517242;103131912.8275862
1688376216;0;53248;706.2068965517242;103131912.8275862
1688376217;0;60733.793103448275;706.2068965517242;109354866.7586207
1688376218;0;60875.03448275862;706.2068965517242;102497597.79310344
1688376219;0;58897.65517241379;706.2068965517242;104868616.8275862
1688376220;0;61581.24137931034;706.2068965517242;95283694.34482758
1688376221;1271.1724137931035;57626.48275862069;706.2068965517242;97391156.96551724
1688376222;1271.1724137931035;61581.24137931034;706.2068965517242;103202392.27586207
1688376223;1271.1724137931035;60733.793103448275;706.2068965517242;104762403.31034483
1688376224;1271.1724137931035;64264.8275862069;1412.4137931034484;108566316.13793103
1688376225;1271.1724137931035;61298.75862068965;1412.4137931034484;110633242.48275863
1688376226;1977.3793103448274;61722.48275862069;1412.4137931034484;110633242.48275863
1688376227;2118.6206896551726;64264.8275862069;1412.4137931034484;95111097.37931034
1688376228;2118.6206896551726;63841.10344827586;1412.4137931034484;101922604.13793103
1688376229;2118.6206896551726;63417.379310344826;1412.4137931034484;119090917.51724137
1688376230;2118.6206896551726;62711.1724137931;1412.4137931034484;117453929.93103448
1688376231;2118.6206896551726;62569.93103448276;1412.4137931034484;110615587.31034483
1688376232;2401.103448275862;60451.31034482759;1412.4137931034484;106120015.44827586
1688376233;2401.103448275862;60592.55172413793;1412.4137931034484;118729057.10344827
1688376234;2401.103448275862;59462.620689655174;1412.4137931034484;131649677.2413793
1688376235;2401.103448275862;57344;1412.4137931034484;121185527.1724138
1688376236;2401.103448275862;56355.31034482759;1412.4137931034484;118253214.89655173
1688376237;2401.103448275862;58050.206896551725;1412.4137931034484;118253214.89655173
1688376238;2401.103448275862;58191.448275862065;5932.137931034483;118251378.7586207
1688376239;2401.103448275862;57344;5932.137931034483;122994970.48275863
1688376240;2401.103448275862;58191.448275862065;5932.137931034483;142027387.58620688
1688376241;2401.103448275862;56779.03448275862;5932.137931034483;142027387.58620688
1688376242;2401.103448275862;55931.58620689655;5225.931034482758;128935582.89655173
1688376243;2401.103448275862;55084.137931034486;5367.172413793103;128932899.31034483
1688376244;2401.103448275862;56072.8275862069;5367.172413793103;145448253.79310346
1688376245;2401.103448275862;54660.41379310345;5367.172413793103;147326199.1724138
1688376246;2401.103448275862;48163.31034482759;5367.172413793103;136944957.79310346
1688376247;2401.103448275862;49858.206896551725;5367.172413793103;151062033.6551724
1688376248;2401.103448275862;55649.10344827586;5790.896551724138;154142366.89655173
1688376249;2401.103448275862;52683.03448275862;5790.896551724138;157865772.13793102
1688376250;1129.9310344827586;52965.51724137931;5790.896551724138;154114542.3448276
1688376251;1129.9310344827586;50281.93103448276;5790.896551724138;148303307.03448275
1688376252;1129.9310344827586;51976.8275862069;5790.896551724138;141245757.79310346
1688376253;1129.9310344827586;49575.724137931036;5084.689655172414;135460510.89655173
1688376254;2259.862068965517;49858.206896551725;5084.689655172414;145420711.72413793
1688376255;1553.655172413793;51976.8275862069;5084.689655172414;145420711.72413793
1688376256;1412.4137931034484;50705.65517241379;5084.689655172414;155593622.06896552
1688376257;1412.4137931034484;50564.41379310345;5084.689655172414;145889915.58620688
1688376258;1412.4137931034484;56355.31034482759;5084.689655172414;128611292.68965517
1688376259;1694.896551724138;55225.379310344826;5084.689655172414;131647982.34482758
1688376260;2259.862068965517;54519.1724137931;5084.689655172414;138946065.6551724
1688376261;1977.3793103448274;52541.793103448275;5084.689655172414;138950867.86206895
1688376262;1977.3793103448274;52683.03448275862;5084.689655172414;124558795.03448276
1688376263;1977.3793103448274;53530.48275862069;5084.689655172414;111638174.89655173
1688376264;1977.3793103448274;54660.41379310345;5084.689655172414;119008715.03448276
1688376265;2259.862068965517;53106.75862068965;5084.689655172414;126340555.03448276
1688376266;2259.862068965517;54801.65517241379;5084.689655172414;127916808.8275862
1688376267;2259.862068965517;53954.206896551725;564.9655172413793;127916808.8275862
1688376268;2259.862068965517;57626.48275862069;564.9655172413793;121340468.96551724
1688376269;2259.862068965517;56072.8275862069;564.9655172413793;120552907.03448276
1688376270;2259.862068965517;57908.96551724138;564.9655172413793;125346074.48275863
1688376271;2259.862068965517;57344;564.9655172413793;123638607.44827586
1688376272;2259.862068965517;58756.41379310345;423.7241379310345;125406808.27586207
1688376273;2259.862068965517;58473.93103448276;423.7241379310345;108891453.79310344
1688376274;2259.862068965517;56637.793103448275;423.7241379310345;117394467.31034483
1688376275;2259.862068965517;55084.137931034486;423.7241379310345;126953683.86206897
1688376276;2259.862068965517;54660.41379310345;423.7241379310345;114180519.72413793
1688376277;2259.862068965517;50423.1724137931;0;106846984.8275862
1688376278;2259.862068965517;60168.8275862069;0;104495880.8275862
1688376279;2259.862068965517;61722.48275862069;0;104867910.62068966
1688376280;2259.862068965517;60733.793103448275;0;110961204.96551724
1688376281;2259.862068965517;59886.3448275862;0;115695757.2413793
1688376282;2259.862068965517;58756.41379310345;0;126454254.34482758
1688376283;1129.9310344827586;60027.58620689655;0;114427127.1724138
1688376284;1129.9310344827586;57485.24137931034;0;114427127.1724138
1688376285;1129.9310344827586;57767.724137931036;0;110336211.86206897
1688376286;1129.9310344827586;59180.137931034486;0;113424878.34482758
1688376287;1129.9310344827586;53954.206896551725;0;123008670.89655173
1688376288;847.448275862069;55931.58620689655;0;119969156.4137931
1688376289;282.48275862068965;56779.03448275862;0;111246795.03448276
1688376290;282.48275862068965;58473.93103448276;0;116927240.8275862
1688376291;282.48275862068965;58615.1724137931;0;117801666.20689654
1688376292;282.48275862068965;60027.58620689655;0;118833152
1688376293;282.48275862068965;57908.96551724138;5932.137931034483;120394857.93103448
1688376294;0;64547.31034482759;5932.137931034483;111137615.44827586
1688376295;0;60310.06896551724;5932.137931034483;115635870.89655173
1688376296;0;63417.379310344826;5932.137931034483;121710380.13793103
1688376297;0;58897.65517241379;5932.137931034483;121712357.51724137
1688376298;0;60875.03448275862;5932.137931034483;104322577.65517241
1688376299;0;59180.137931034486;5932.137931034483;99529410.20689654
1688376300;0;60168.8275862069;5932.137931034483;101132923.5862069
1688376301;0;60310.06896551724;5932.137931034483;113021210.48275863
1688376302;0;58615.1724137931;5932.137931034483;116368348.68965517
1688376303;0;58756.41379310345;7203.310344827586;105987389.79310344
1688376304;0;58897.65517241379;7203.310344827586;96428173.2413793
1688376305;0;58756.41379310345;7203.310344827586;105903492.4137931
1688376306;0;58615.1724137931;7203.310344827586;110121807.44827586
1688376307;0;48869.51724137931;7203.310344827586;120978467.31034483
1688376308;0;48022.06896551724;8615.724137931034;118823265.10344827
1688376309;0;49434.48275862069;8615.724137931034;112729970.7586207
1688376310;0;52683.03448275862;8615.724137931034;111413742.34482758
1688376311;0;52683.03448275862;8615.724137931034;109387069.79310344
1688376312;0;52118.06896551724;8615.724137931034;109388340.96551724
1688376313;0;52118.06896551724;8615.724137931034;110998068.96551724
1688376314;0;53389.24137931034;8615.724137931034;118084290.20689654
1688376315;0;51553.10344827586;8615.724137931034;114995623.72413793
1688376316;0;53530.48275862069;8615.724137931034;111240156.68965517
1688376317;0;51694.3448275862;8615.724137931034;111488317.79310344
1688376318;0;52400.55172413793;8615.724137931034;112753275.5862069
1688376319;0;59180.137931034486;8615.724137931034;107068027.5862069
1688376320;0;66242.20689655172;8615.724137931034;118134713.37931034
1688376321;0;63134.89655172414;14265.379310344828;117103227.5862069
1688376322;0;64264.8275862069;8333.241379310344;113146209.10344827
1688376323;0;57485.24137931034;8333.241379310344;113146209.10344827
1688376324;0;60875.03448275862;8333.241379310344;110397369.37931034
1688376325;0;57767.724137931036;8333.241379310344;119161961.93103448
1688376326;0;59038.89655172414;9604.413793103447;123949620.96551724
1688376327;0;59745.10344827586;9745.655172413793;123094545.65517241
1688376328;0;59603.862068965514;9745.655172413793;123096381.79310344
1688376329;0;59603.862068965514;9745.655172413793;121491173.51724137
1688376330;0;61440;9745.655172413793;107850928.55172414
1688376331;0;62993.65517241379;9745.655172413793;104503790.34482758
1688376332;0;62852.41379310345;8474.48275862069;108825776.55172414
1688376333;0;62711.1724137931;8474.48275862069;114900285.79310344
1688376334;0;60027.58620689655;8474.48275862069;106218884.4137931
1688376335;0;61863.724137931036;8474.48275862069;105041355.03448276
1688376336;0;62428.68965517241;8898.206896551725;93744587.03448276
1688376337;0;63841.10344827586;7485.793103448275;96093431.1724138
1688376338;0;62146.206896551725;7485.793103448275;107561101.2413793
1688376339;0;60310.06896551724;7485.793103448275;104142777.37931034
1688376340;0;60875.03448275862;7485.793103448275;100012032
1688376341;0;62711.1724137931;7485.793103448275;100010760.8275862
1688376342;0;63417.379310344826;8333.241379310344;98401032.8275862
1688376343;0;61298.75862068965;8333.241379310344;99084076.13793103
1688376344;0;61722.48275862069;8333.241379310344;108403606.06896551
1688376345;0;62428.68965517241;8333.241379310344;102576834.20689654
1688376346;0;63699.862068965514;8333.241379310344;102328673.10344827
1688376347;0;63699.862068965514;8333.241379310344;102270622.89655173
1688376348;0;54801.65517241379;8333.241379310344;102334746.48275863
1688376349;0;49010.75862068965;8333.241379310344;101521761.10344827
1688376350;0;49858.206896551725;2683.5862068965516;112183084.13793103
1688376351;0;49716.96551724138;2683.5862068965516;107202913.10344827
1688376352;0;51976.8275862069;2683.5862068965516;107202913.10344827
1688376353;0;50423.1724137931;2683.5862068965516;105781318.62068966
1688376354;0;50423.1724137931;2683.5862068965516;101187301.51724137
1688376355;0;50705.65517241379;1412.4137931034484;96398936.27586207
1688376356;0;52541.793103448275;1271.1724137931035;98014455.1724138
1688376357;0;54942.89655172414;1271.1724137931035;111150327.1724138
1688376358;0;55649.10344827586;1977.3793103448274;111150327.1724138
1688376359;0;53389.24137931034;1977.3793103448274;114171339.03448276
1688376360;0;53954.206896551725;1977.3793103448274;119044590.34482758
1688376361;0;53954.206896551725;1977.3793103448274;114722604.13793103
1688376362;0;54942.89655172414;1977.3793103448274;108648094.89655173
1688376363;0;55649.10344827586;1977.3793103448274;125006671.44827586
1688376364;0;55366.620689655174;1977.3793103448274;121966874.48275863
1688376365;0;57061.51724137931;1553.655172413793;121032704
1688376366;0;57061.51724137931;1553.655172413793;118683859.86206897
1688376367;0;58473.93103448276;1553.655172413793;107216189.79310344
1688376368;0;61440;1553.655172413793;107275934.89655173
1688376369;0;62852.41379310345;1553.655172413793;110375335.72413793
1688376370;0;66807.1724137931;1553.655172413793;116343207.72413793
1688376371;0;67654.62068965517;706.2068965517242;116347868.68965517
1688376372;0;70479.44827586207;706.2068965517242;102500281.37931034
1688376373;1553.655172413793;73445.5172413793;1694.896551724138;99182803.86206897
1688376374;1553.655172413793;71044.41379310345;1694.896551724138;106267612.68965517
1688376375;1553.655172413793;70196.96551724138;1694.896551724138;106267612.68965517
1688376376;1553.655172413793;70479.44827586207;1694.896551724138;104680483.31034483
1688376377;1553.655172413793;70903.1724137931;1694.896551724138;107810674.7586207
1688376378;1836.1379310344828;70338.20689655172;1694.896551724138;95525499.5862069
1688376379;2401.103448275862;69490.75862068965;1694.896551724138;96123798.06896551
1688376380;2401.103448275862;71891.86206896552;1694.896551724138;104485570.20689654
1688376381;2401.103448275862;71185.6551724138;1694.896551724138;104488395.03448276
1688376382;2401.103448275862;71044.41379310345;2401.103448275862;107357289.93103448
1688376383;2401.103448275862;74857.93103448275;6920.827586206897;99064726.06896551
1688376384;2683.5862068965516;74857.93103448275;6920.827586206897;104487123.86206897
1688376385;2683.5862068965516;70338.20689655172;6920.827586206897;109243568.55172414
1688376386;2683.5862068965516;69490.75862068965;6920.827586206897;96108544
1688376387;2683.5862068965516;67513.37931034483;6214.620689655172;99958360.27586207
1688376388;2683.5862068965516;67513.37931034483;6214.620689655172;96921105.65517241
1688376389;2683.5862068965516;66383.44827586207;6355.862068965517;101785882.48275863
1688376390;2683.5862068965516;67513.37931034483;6355.862068965517;103095190.06896551
1688376391;2683.5862068965516;67372.13793103448;6355.862068965517;111884499.86206897
1688376392;2683.5862068965516;67372.13793103448;6355.862068965517;91865794.20689654
1688376393;2683.5862068965516;67089.6551724138;6355.862068965517;95480161.10344827
1688376394;2683.5862068965516;64829.793103448275;6355.862068965517;99692261.51724137
1688376395;2683.5862068965516;64123.58620689655;6355.862068965517;106145721.37931034
1688376396;2683.5862068965516;62993.65517241379;6355.862068965517;113235614.89655173
1688376397;2683.5862068965516;58897.65517241379;6355.862068965517;113175869.79310344
1688376398;2683.5862068965516;57061.51724137931;6355.862068965517;109799918.34482758
1688376399;2683.5862068965516;55366.620689655174;6355.862068965517;106608286.89655173
1688376400;2683.5862068965516;54095.448275862065;6355.862068965517;111181965.2413793
1688376401;2683.5862068965516;55366.620689655174;6355.862068965517;117257321.93103448
1688376402;1129.9310344827586;51694.3448275862;5367.172413793103;111599757.2413793
1688376403;1129.9310344827586;54236.68965517241;5367.172413793103;107736099.31034483
1688376404;1129.9310344827586;53671.724137931036;5367.172413793103;112376867.31034483
1688376405;1129.9310344827586;54377.93103448276;5367.172413793103;118442195.86206897
1688376406;1129.9310344827586;58615.1724137931;5367.172413793103;121144425.93103448
1688376407;847.448275862069;57767.724137931036;5367.172413793103;121144425.93103448
1688376408;282.48275862068965;59462.620689655174;5367.172413793103;113314286.34482758
1688376409;282.48275862068965;58615.1724137931;5367.172413793103;108857273.37931034
1688376410;282.48275862068965;60875.03448275862;5367.172413793103;119506449.65517241
1688376411;282.48275862068965;59462.620689655174;4660.9655172413795;116951110.62068966
1688376412;282.48275862068965;58332.68965517241;141.24137931034483;114998589.79310344
1688376413;0;57626.48275862069;141.24137931034483;111201597.79310344
1688376414;0;60168.8275862069;564.9655172413793;110565022.89655173
1688376415;0;58615.1724137931;564.9655172413793;120568867.31034483
1688376416;0;60592.55172413793;564.9655172413793;116721875.86206897
1688376417;0;60592.55172413793;564.9655172413793;121766452.96551724
1688376418;0;60592.55172413793;423.7241379310345;112028424.8275862
1688376419;0;61157.51724137931;423.7241379310345;124224194.20689654
1688376420;0;62146.206896551725;423.7241379310345;115434884.4137931
1688376421;0;61440;423.7241379310345;115736011.03448276
1688376422;0;60451.31034482759;423.7241379310345;118331321.37931034
1688376423;0;59603.862068965514;423.7241379310345;114117384.8275862
1688376424;0;61440;423.7241379310345;118693464.27586207
1688376425;0;60168.8275862069;423.7241379310345;111603570.7586207
1688376426;0;60592.55172413793;423.7241379310345;117351388.68965517
1688376427;0;60451.31034482759;423.7241379310345;115221044.96551724
1688376428;0;56214.06896551724;423.7241379310345;119184278.06896551
1688376429;0;58473.93103448276;423.7241379310345;116241231.44827586
1688376430;0;55507.862068965514;423.7241379310345;110162202.48275863
1688376431;1271.1724137931035;56214.06896551724;423.7241379310345;115316241.65517241
1688376432;1271.1724137931035;55084.137931034486;423.7241379310345;120564488.8275862
1688376433;1271.1724137931035;56920.275862068964;423.7241379310345;123471660.13793103
1688376434;1271.1724137931035;55931.58620689655;423.7241379310345;122826328.27586207
1688376435;1271.1724137931035;51553.10344827586;423.7241379310345;118702503.72413793
1688376436;1553.655172413793;52541.793103448275;423.7241379310345;118702503.72413793
1688376437;2118.6206896551726;56214.06896551724;423.7241379310345;115273021.79310344
1688376438;2118.6206896551726;56637.793103448275;423.7241379310345;112002577.65517241
1688376439;2118.6206896551726;55366.620689655174;1129.9310344827586;125160907.03448276
1688376440;2118.6206896551726;56779.03448275862;1129.9310344827586;125810052.4137931
1688376441;2118.6206896551726;57626.48275862069;1129.9310344827586;127573874.7586207
1688376442;2401.103448275862;58756.41379310345;1129.9310344827586;126905379.31034483
1688376443;2401.103448275862;58050.206896551725;706.2068965517242;124751872
1688376444;2401.103448275862;57202.75862068965;706.2068965517242;134651762.75862068
1688376445;2401.103448275862;56920.275862068964;706.2068965517242;136251321.37931034
1688376446;2401.103448275862;56496.55172413793;706.2068965517242;131206744.27586207
1688376447;2401.103448275862;57767.724137931036;1412.4137931034484;134709812.96551725
1688376448;2401.103448275862;56072.8275862069;1412.4137931034484;121445411.31034483
1688376449;2401.103448275862;55084.137931034486;1412.4137931034484;141056070.62068966
1688376450;2401.103448275862;59462.620689655174;1412.4137931034484;142380349.79310346
1688376451;2401.103448275862;58615.1724137931;1412.4137931034484;136169542.62068966
1688376452;2401.103448275862;61298.75862068965;1412.4137931034484;136169542.62068966
1688376453;2401.103448275862;57767.724137931036;1412.4137931034484;140073171.86206895
1688376454;2401.103448275862;60592.55172413793;1412.4137931034484;148736494.3448276
1688376455;2401.103448275862;60027.58620689655;1412.4137931034484;144922553.37931034
1688376456;2401.103448275862;65536;1412.4137931034484;142728368.55172414
1688376457;2401.103448275862;64688.55172413793;1412.4137931034484;135988894.89655173
1688376458;2401.103448275862;62852.41379310345;1412.4137931034484;136126464
1688376459;2401.103448275862;60875.03448275862;1412.4137931034484;161091584
1688376460;1129.9310344827586;61863.724137931036;1412.4137931034484;155596588.13793102
1688376461;1129.9310344827586;59886.3448275862;1412.4137931034484;148698782.89655173
1688376462;1129.9310344827586;58897.65517241379;1412.4137931034484;141150843.58620688
1688376463;1129.9310344827586;57202.75862068965;1412.4137931034484;135721666.20689654
1688376464;1129.9310344827586;58050.206896551725;6073.379310344828;155457465.37931034
1688376465;847.448275862069;56920.275862068964;6073.379310344828;159627334.62068966
1688376466;282.48275862068965;53248;6073.379310344828;161075058.75862068
1688376467;282.48275862068965;50423.1724137931;6073.379310344828;161932252.68965518
1688376468;282.48275862068965;58191.448275862065;5367.172413793103;140119781.5172414
1688376469;282.48275862068965;57485.24137931034;5790.896551724138;143753498.4827586
1688376470;282.48275862068965;55790.3448275862;5790.896551724138;158538646.06896552
1688376471;0;56355.31034482759;5790.896551724138;166476976.55172414
1688376472;0;55931.58620689655;5790.896551724138;164830243.31034482
1688376473;0;56637.793103448275;5790.896551724138;144923824.55172414
1688376474;0;54942.89655172414;6355.862068965517;158455172.4137931
1688376475;0;54377.93103448276;6355.862068965517;168713675.03448275
1688376476;0;53954.206896551725;5649.6551724137935;165210606.3448276
1688376477;0;54377.93103448276;5649.6551724137935;166860446.89655173
1688376478;0;55084.137931034486;5649.6551724137935;147249787.58620688
1688376479;0;51411.862068965514;5649.6551724137935;147468146.75862068
1688376480;1129.9310344827586;53530.48275862069;5649.6551724137935;160570685.79310346
1688376481;1129.9310344827586;54236.68965517241;5649.6551724137935;162206684.68965518
1688376482;1129.9310344827586;56355.31034482759;5649.6551724137935;152763144.8275862
1688376483;1129.9310344827586;54519.1724137931;5649.6551724137935;154687134.89655173
1688376484;1129.9310344827586;54377.93103448276;5649.6551724137935;152753257.93103448
1688376485;1412.4137931034484;48869.51724137931;5649.6551724137935;157533713.6551724
1688376486;1977.3793103448274;56214.06896551724;5649.6551724137935;164766825.93103448
1688376487;1977.3793103448274;57061.51724137931;5649.6551724137935;172569282.20689654
1688376488;1977.3793103448274;60451.31034482759;5649.6551724137935;147604162.20689654
1688376489;2118.6206896551726;59321.379310344826;5649.6551724137935;153675140.4137931
1688376490;2118.6206896551726;59180.137931034486;5649.6551724137935;153869206.06896552
1688376491;2401.103448275862;59180.137931034486;5649.6551724137935;153869206.06896552
1688376492;2401.103448275862;61016.275862068964;5649.6551724137935;153869206.06896552
1688376493;2401.103448275862;60027.58620689655;988.6896551724137;148038761.93103448
1688376494;2401.103448275862;59321.379310344826;988.6896551724137;154716230.62068966
1688376495;2401.103448275862;60592.55172413793;988.6896551724137;153273449.93103448
1688376496;2401.103448275862;60027.58620689655;988.6896551724137;156474120.8275862
1688376497;2401.103448275862;52259.31034482759;988.6896551724137;157432019.86206895
1688376498;2401.103448275862;53954.206896551725;564.9655172413793;150931526.62068966
1688376499;2401.103448275862;54519.1724137931;564.9655172413793;149882244.4137931
1688376500;2401.103448275862;51976.8275862069;564.9655172413793;143256752.55172414
1688376501;2401.103448275862;52118.06896551724;564.9655172413793;142973704.8275862
1688376502;2966.0689655172414;52259.31034482759;564.9655172413793;142973704.8275862
1688376503;2966.0689655172414;59886.3448275862;0;140941665.10344827
1688376504;2966.0689655172414;60592.55172413793;0;132382720
1688376505;2966.0689655172414;58897.65517241379;0;135330851.31034482
1688376506;2966.0689655172414;58897.65517241379;0;141630640.55172414
1688376507;2966.0689655172414;59462.620689655174;0;149628433.6551724
1688376508;3107.310344827586;60027.58620689655;0;147784668.68965518
1688376509;1977.3793103448274;58191.448275862065;0;134682129.6551724
1688376510;1977.3793103448274;57908.96551724138;0;136085221.5172414
1688376511;1977.3793103448274;57061.51724137931;0;135434098.75862068
1688376512;1977.3793103448274;57908.96551724138;0;129648004.4137931
1688376513;1977.3793103448274;60168.8275862069;0;137871642.4827586
1688376514;1694.896551724138;61157.51724137931;0;133091186.7586207
1688376515;1129.9310344827586;54660.41379310345;0;125859486.89655173
1688376516;1129.9310344827586;55084.137931034486;0;119077217.10344827
1688376517;1129.9310344827586;52541.793103448275;0;119077217.10344827
1688376518;988.6896551724137;53671.724137931036;0;122360514.20689654
1688376519;988.6896551724137;55507.862068965514;0;133202484.96551724
1688376520;706.2068965517242;55649.10344827586;0;133204179.86206897
1688376521;706.2068965517242;55084.137931034486;706.2068965517242;133204179.86206897
1688376522;706.2068965517242;56355.31034482759;706.2068965517242;121226769.65517241
1688376523;706.2068965517242;61157.51724137931;706.2068965517242;113804252.68965517
1688376524;706.2068965517242;59603.862068965514;706.2068965517242;126800578.20689654
1688376525;706.2068965517242;61016.275862068964;706.2068965517242;122111788.13793103
1688376526;706.2068965517242;59886.3448275862;706.2068965517242;119156029.79310344
1688376527;706.2068965517242;61298.75862068965;706.2068965517242;119172555.03448276
1688376528;706.2068965517242;58897.65517241379;706.2068965517242;108865041.65517241
1688376529;706.2068965517242;61298.75862068965;706.2068965517242;106594021.51724137
1688376530;706.2068965517242;60451.31034482759;706.2068965517242;117584860.68965517
1688376531;141.24137931034483;60875.03448275862;1412.4137931034484;117584860.68965517
1688376532;141.24137931034483;54236.68965517241;1412.4137931034484;104483169.10344827
1688376533;141.24137931034483;53812.96551724138;1412.4137931034484;105821007.44827586
1688376534;141.24137931034483;58473.93103448276;1412.4137931034484;105910130.7586207
1688376535;141.24137931034483;57202.75862068965;1412.4137931034484;110592423.72413793
1688376536;141.24137931034483;56072.8275862069;1412.4137931034484;102594630.62068966
1688376537;0;54942.89655172414;1412.4137931034484;102594630.62068966
1688376538;0;57626.48275862069;1412.4137931034484;105634992.55172414
1688376539;0;55366.620689655174;1412.4137931034484;105805470.89655173
1688376540;0;56496.55172413793;1412.4137931034484;106870430.89655173
1688376541;0;54801.65517241379;1412.4137931034484;102069212.68965517
1688376542;0;53389.24137931034;1412.4137931034484;107943300.4137931
1688376543;0;53954.206896551725;1412.4137931034484;107943300.4137931
1688376544;0;59321.379310344826;1412.4137931034484;107941888
1688376545;0;57202.75862068965;1412.4137931034484;111225326.34482758
1688376546;0;57202.75862068965;5932.137931034483;111225326.34482758
1688376547;0;57626.48275862069;5932.137931034483;103553800.8275862
1688376548;0;55649.10344827586;5932.137931034483;92627226.48275863
1688376549;0;54942.89655172414;5932.137931034483;95331292.68965517
1688376550;0;54660.41379310345;5225.931034482758;108231291.5862069
1688376551;0;54801.65517241379;5649.6551724137935;104530626.20689654
1688376552;0;49858.206896551725;5790.896551724138;101105805.2413793
1688376553;0;50423.1724137931;5790.896551724138;91142638.34482759
1688376554;0;50423.1724137931;5790.896551724138;100251012.4137931
1688376555;0;49999.448275862065;5790.896551724138;100252283.5862069
1688376556;0;47174.620689655174;5790.896551724138;101177697.10344827
1688376557;0;48022.06896551724;5790.896551724138;106837521.65517241
1688376558;0;48587.03448275862;5790.896551724138;109831838.89655173
1688376559;0;48728.275862068964;5790.896551724138;97188899.31034483
1688376560;0;50705.65517241379;5084.689655172414;103265385.93103448
1688376561;0;51411.862068965514;5084.689655172414;105150958.34482758
1688376562;0;51976.8275862069;5084.689655172414;102113562.48275863
1688376563;0;47315.862068965514;5084.689655172414;100067257.37931034
1688376564;0;50281.93103448276;5084.689655172414;99070658.20689654
1688376565;0;49293.24137931034;5084.689655172414;100909197.2413793
1688376566;0;50140.68965517241;5084.689655172414;100909197.2413793
1688376567;0;47174.620689655174;5084.689655172414;99086759.72413793
1688376568;0;47174.620689655174;5084.689655172414;105233443.31034483
1688376569;0;46609.65517241379;5084.689655172414;99329977.37931034
1688376570;0;51553.10344827586;5084.689655172414;105405616.55172414
1688376571;0;51694.3448275862;5084.689655172414;91307890.7586207
1688376572;0;50988.137931034486;5084.689655172414;97386213.51724137
1688376573;0;46327.1724137931;5084.689655172414;98809220.4137931
1688376574;0;46750.89655172414;5084.689655172414;92732733.79310344
1688376575;0;50140.68965517241;564.9655172413793;95107990.06896551
1688376576;0;48445.793103448275;564.9655172413793;104375966.89655173
1688376577;0;48445.793103448275;564.9655172413793;105732307.86206897
1688376578;0;48304.55172413793;564.9655172413793;104653082.48275863
1688376579;0;49010.75862068965;564.9655172413793;91753083.5862069
1688376580;0;49434.48275862069;141.24137931034483;102278814.89655173
1688376581;0;50705.65517241379;0;114932912.55172414
1688376582;0;50281.93103448276;0;111896505.37931034
1688376583;0;48728.275862068964;0;102784741.51724137
1688376584;0;50281.93103448276;0;105820866.20689654
1688376585;0;50705.65517241379;0;113992244.96551724
1688376586;0;53106.75862068965;0;103140246.06896551
1688376587;0;49999.448275862065;0;107596694.06896551
1688376588;0;50140.68965517241;0;107596694.06896551
1688376589;0;48587.03448275862;0;101520207.44827586
1688376590;0;50705.65517241379;0;109192015.44827586
1688376591;0;53954.206896551725;0;116051544.27586207
1688376592;0;55507.862068965514;706.2068965517242;115060594.7586207
1688376593;0;54660.41379310345;706.2068965517242;115998296.27586207
1688376594;0;56779.03448275862;706.2068965517242;114159757.2413793
1688376595;0;57626.48275862069;706.2068965517242;114161593.37931034
1688376596;0;59038.89655172414;706.2068965517242;114531363.31034483
1688376597;0;61722.48275862069;706.2068965517242;105310702.34482758
1688376598;0;59886.3448275862;706.2068965517242;108712359.72413793
1688376599;0;56496.55172413793;706.2068965517242;122691584
1688376600;0;56072.8275862069;1412.4137931034484;122693278.89655173
1688376601;0;56214.06896551724;1412.4137931034484;116614956.13793103
1688376602;0;56637.793103448275;1412.4137931034484;116884303.44827586
1688376603;0;57202.75862068965;6355.862068965517;118272564.96551724
1688376604;0;55225.379310344826;6355.862068965517;127038004.96551724
1688376605;0;55507.862068965514;6355.862068965517;117819321.37931034
1688376606;0;61440;6355.862068965517;123898915.31034483
1688376607;0;60451.31034482759;6355.862068965517;122272379.5862069
1688376608;1271.1724137931035;60592.55172413793;6355.862068965517;135429720.27586207
1688376609;1271.1724137931035;57767.724137931036;6355.862068965517;124903988.96551724
1688376610;1271.1724137931035;61016.275862068964;6355.862068965517;121146968.27586207
1688376611;1271.1724137931035;60451.31034482759;6355.862068965517;121145273.37931034
1688376612;1271.1724137931035;63417.379310344826;6355.862068965517;129645320.8275862
1688376613;1553.655172413793;61722.48275862069;6355.862068965517;128078106.48275863
1688376614;2118.6206896551726;60875.03448275862;6355.862068965517;123580274.7586207
1688376615;2118.6206896551726;59462.620689655174;6355.862068965517;142788113.6551724
1688376616;2118.6206896551726;63417.379310344826;6355.862068965517;135337348.4137931
1688376617;2118.6206896551726;63417.379310344826;6497.103448275862;137208514.20689654
1688376618;2118.6206896551726;62569.93103448276;6497.103448275862;137362326.06896552
1688376619;2401.103448275862;59745.10344827586;6497.103448275862;141866231.1724138
1688376620;2401.103448275862;64829.793103448275;6497.103448275862;142213543.72413793
1688376621;2401.103448275862;64123.58620689655;5790.896551724138;143422428.68965518
1688376622;2401.103448275862;63699.862068965514;5790.896551724138;130608728.27586207
1688376623;2401.103448275862;62287.448275862065;5932.137931034483;130608728.27586207
1688376624;2401.103448275862;61157.51724137931;5932.137931034483;149577869.24137932
1688376625;2401.103448275862;59745.10344827586;5932.137931034483;149678150.62068966
1688376626;2401.103448275862;63276.13793103448;5932.137931034483;150247635.86206895
1688376627;2401.103448275862;67795.86206896552;6355.862068965517;149156969.93103448
1688376628;2401.103448275862;66948.41379310345;6355.862068965517;136036069.5172414
1688376629;2400.9378663540447;66524.6896551724;5649.6551724137935;138463302.62068966
1688376630;2401.103448275862;65959.72413793103;5649.6551724137935;154593633.10344827
1688376631;2401.103448275862;66665.93103448275;5649.6551724137935;155710569.93103448
1688376632;2401.2690530381406;65677.24137931035;706.2068965517242;154322308.4137931
1688376633;2401.103448275862;63558.620689655174;706.2068965517242;143181612.13793102
1688376634;2401.103448275862;64829.793103448275;706.2068965517242;156655898.4827586
1688376635;2401.103448275862;59038.89655172414;706.2068965517242;149878572.13793102
1688376636;2401.103448275862;61440;706.2068965517242;151574457.37931034
1688376637;1129.9310344827586;61863.724137931036;706.2068965517242;143117206.06896552
1688376638;1129.9310344827586;64829.793103448275;706.2068965517242;145362237.79310346
1688376639;2259.862068965517;60310.06896551724;706.1338482225977;144622415.44827586
1688376640;2259.862068965517;62287.448275862065;706.2068965517242;149052451.31034482
1688376641;2259.862068965517;62428.68965517241;706.2068965517242;140579098.4827586
1688376642;1977.3793103448274;65112.275862068964;706.2068965517242;146124800
1688376643;1412.4137931034484;64264.8275862069;706.2068965517242;151338725.5172414
1688376644;1694.896551724138;64123.58620689655;706.2068965517242;132130886.62068966
1688376645;2259.862068965517;60168.8275862069;706.2068965517242;138205395.86206895
1688376646;2401.103448275862;61016.275862068964;564.9655172413793;142411422.89655173
1688376647;2401.103448275862;63699.862068965514;564.9655172413793;142257611.03448275
1688376648;2118.6206896551726;61863.724137931036;564.9655172413793;127264612.93714285
1688376649;2118.6206896551726;53671.724137931036;564.9655172413793;120226951.64839506
1688376650;2401.103448275862;53812.96551724138;564.9655172413793;123046210.84604618
1688376651;2401.103448275862;54236.68965517241;564.9655172413793;135372235.03448275
1688376652;2401.103448275862;54236.68965517241;423.7241379310345;146595698.75862068
1688376653;2401.103448275862;54519.1724137931;423.7241379310345;130537825.10344827
1688376654;2401.103448275862;54377.93103448276;423.7241379310345;135771665.6551724
1688376655;2401.103448275862;47457.10344827586;423.7241379310345;142245323.03448275
1688376656;2401.103448275862;45056;0;149982949.5172414
1688376657;2401.103448275862;45197.24137931035;0;150525881.37931034
1688376658;2401.2690530381406;47033.379310344826;0;153520622.3448276
1688376659;2401.103448275862;46468.41379310345;0;139315129.37931034
1688376660;2401.103448275862;45056;0;138250169.37931034
1688376661;2401.103448275862;45762.206896551725;0;138250169.37931034
1688376662;2401.103448275862;50705.65517241379;0;154581345.10344827
1688376663;2401.103448275862;53671.724137931036;0;144542472.8275862
1688376664;2401.103448275862;54519.1724137931;706.2068965517242;143231046.62068966
1688376665;2401.103448275862;53389.24137931034;706.2068965517242;141535161.37931034
1688376666;2401.103448275862;51694.3448275862;706.2068965517242;136835072
1688376667;3531.0344827586205;51411.862068965514;706.2068965517242;143185143.1724138
1688376668;2401.103448275862;53248;706.2799599958616;138324744.8275862
1688376669;2401.103448275862;52118.06896551724;706.2068965517242;144121714.75862068
1688376670;2401.103448275862;49152;1271.1724137931035;147197104.55172414
1688376671;2401.103448275862;48022.06896551724;1271.1724137931035;145801780.96551725
1688376672;3248.551724137931;54942.89655172414;1271.1724137931035;142741362.75862068
1688376673;2966.0689655172414;54942.89655172414;1271.1724137931035;149628574.89655173
1688376674;3107.310344827586;55931.58620689655;1271.1724137931035;143560280.27586207
1688376675;2966.0689655172414;54942.89655172414;1271.1724137931035;138312880.55172414
1688376676;2966.0689655172414;53812.96551724138;1271.1724137931035;143268475.58620688
1688376677;2966.0689655172414;53954.206896551725;1271.1724137931035;146183984.97303504
1688376678;3248.551724137931;54660.41379310345;1271.1724137931035;151793545.06198782
1688376679;8898.206896551725;57202.75862068965;1271.1724137931035;151879263.24959058
1688376680;9886.896551724138;56214.06896551724;1271.1724137931035;140869914.4827586
1688376681;9886.896551724138;56920.275862068964;1271.1724137931035;129646592
1688376682;9886.896551724138;58191.448275862065;1271.1724137931035;135255852.13793102
1688376683;9886.896551724138;61298.75862068965;1271.1724137931035;142504783.44827586
1688376684;9886.896551724138;62146.206896551725;1271.1724137931035;135329438.89655173
1688376685;10593.103448275862;61581.24137931034;1271.1724137931035;125280820.96551724
1688376686;10593.103448275862;62146.206896551725;1271.1724137931035;119601928.8275862
1688376687;10593.103448275862;61157.51724137931;1271.1724137931035;118472421.51724137
1688376688;10593.103448275862;60451.31034482759;1271.1724137931035;125108224
1688376689;10593.103448275862;61298.75862068965;1836.1379310344828;123367847.72413793
1688376690;10593.103448275862;64123.58620689655;1977.3793103448274;126406797.2413793
1688376691;10593.103448275862;59038.89655172414;1977.3793103448274;115912139.03448276
1688376692;10593.103448275862;55790.3448275862;1977.3793103448274;114021058.20689654
1688376693;10593.103448275862;53954.206896551725;1271.1724137931035;125654404.4137931
1688376694;10593.103448275862;55366.620689655174;1271.1724137931035;125655816.8275862
1688376695;10593.103448275862;54801.65517241379;6355.862068965517;125655816.8275862
1688376696;9463.172413793103;53530.48275862069;6355.862068965517;118260700.68965517
1688376697;9463.172413793103;51835.58620689655;6355.862068965517;119838508.13793103
1688376698;9463.172413793103;51835.58620689655;6355.862068965517;115686011.5862069
1688376699;9463.172413793103;51553.10344827586;5790.896551724138;117795734.06896551
1688376700;9463.172413793103;54236.68965517241;5790.896551724138;120926631.72413793
1688376701;8615.724137931034;47315.862068965514;6638.3448275862065;114157638.62068966
1688376702;8615.724137931034;48304.55172413793;6638.3448275862065;109499639.1724138
1688376703;7909.51724137931;49716.96551724138;6638.3448275862065;113339709.79310344
1688376704;7909.51724137931;52118.06896551724;6638.3448275862065;114615543.1724138
1688376705;7909.51724137931;51270.620689655174;6638.3448275862065;112266699.03448276
1688376706;7909.51724137931;52541.793103448275;6638.3448275862065;109516023.1724138
1688376707;7627.0344827586205;50705.65517241379;6638.3448275862065;113770072.27586207
1688376708;1694.896551724138;47880.8275862069;6638.3448275862065;116805773.2413793
1688376709;706.2068965517242;47739.58620689655;6638.3448275862065;116855490.20689654
1688376710;706.2068965517242;50140.68965517241;6638.3448275862065;116855348.96551724
1688376711;706.2068965517242;48728.275862068964;6638.3448275862065;124154562.20689654
1688376712;706.2068965517242;47739.58620689655;6638.3448275862065;114098882.20689654
1688376713;706.2068965517242;55225.379310344826;6638.3448275862065;114095492.4137931
1688376714;0;53812.96551724138;6638.3448275862065;115472595.86206897
1688376715;0;53671.724137931036;6638.3448275862065;113674593.10344827
1688376716;0;53248;6638.3448275862065;116667356.68965517
1688376717;0;56637.793103448275;6638.3448275862065;121375638.06896551
1688376718;0;54519.1724137931;6073.379310344828;121371683.31034483
1688376719;0;50988.137931034486;5932.137931034483;118334428.68965517
1688376720;0;53530.48275862069;5932.137931034483;113925579.03448276
1688376721;0;53954.206896551725;5932.137931034483;110645671.72413793
1688376722;0;54801.65517241379;5932.137931034483;101473456.55172414
1688376723;0;55649.10344827586;5932.137931034483;108706710.06896551
1688376724;0;57908.96551724138;847.448275862069;114491533.2413793
1688376725;0;57485.24137931034;847.448275862069;117023143.72413793
1688376726;0;59321.379310344826;847.448275862069;114365404.68965517
1688376727;0;57485.24137931034;847.448275862069;108796539.5862069
1688376728;0;60875.03448275862;847.448275862069;111281964.13793103
1688376729;1129.9310344827586;55790.3448275862;847.448275862069;102530507.03448276
1688376730;1129.9310344827586;57767.724137931036;0;108605016.27586207
1688376731;1129.9310344827586;57202.75862068965;0;112458222.34482758
1688376732;1129.9310344827586;57626.48275862069;564.9655172413793;110192851.86206897
1688376733;1129.9310344827586;55225.379310344826;564.9655172413793;108087225.37931034
1688376734;1977.3793103448274;56355.31034482759;564.9655172413793;110141581.2413793
1688376735;1977.3793103448274;54942.89655172414;564.9655172413793;111852014.34482758
1688376736;1977.3793103448274;56072.8275862069;564.9655172413793;118676656.55172414
1688376737;1977.3793103448274;56496.55172413793;564.9655172413793;115639401.93103448
1688376738;1977.3793103448274;57344;1271.1724137931035;118501234.7586207
1688376739;1977.3793103448274;54801.65517241379;1271.1724137931035;123981400.27586207
1688376740;2118.6206896551726;57202.75862068965;1271.1724137931035;110937900.13793103
1688376741;2118.6206896551726;56496.55172413793;1271.1724137931035;112197208.27586207
1688376742;2259.862068965517;50564.41379310345;1271.1724137931035;115992787.86206897
1688376743;2683.5862068965516;50564.41379310345;1271.1724137931035;120605448.8275862
1688376744;2683.5862068965516;50988.137931034486;1271.1724137931035;120612510.89655173
1688376745;2683.5862068965516;51835.58620689655;1271.1724137931035;114994070.06896551
1688376746;2683.5862068965516;49716.96551724138;1271.1724137931035;101725148.68965517
1688376747;2683.5862068965516;50846.89655172414;1271.1724137931035;112205824
1688376748;2824.8275862068967;50846.89655172414;1271.1724137931035;124872068.4137931
1688376749;2824.8275862068967;52824.275862068964;1271.1724137931035;123446519.1724138
1688376750;2824.8275862068967;51553.10344827586;1271.1724137931035;123446519.1724138
1688376751;2824.8275862068967;51976.8275862069;1271.1724137931035;121487501.2413793
1688376752;2824.8275862068967;52118.06896551724;1271.1724137931035;114252835.31034483
1688376753;2824.8275862068967;50988.137931034486;1271.1724137931035;119090917.51724137
1688376754;2824.8275862068967;51694.3448275862;1271.1724137931035;119964071.72413793
1688376755;2824.8275862068967;51270.620689655174;1271.1724137931035;117747147.03448276
1688376756;2824.8275862068967;53812.96551724138;1271.1724137931035;122859096.27586207
1688376757;2824.8275862068967;53106.75862068965;1271.1724137931035;122730566.62068966
1688376758;1694.896551724138;56214.06896551724;1271.1724137931035;124128715.03448276
1688376759;1694.896551724138;60733.793103448275;1271.1724137931035;118054205.79310344
1688376760;1694.896551724138;60451.31034482759;1271.1724137931035;114983476.96551724
1688376761;1694.896551724138;59603.862068965514;706.2068965517242;120463501.2413793
1688376762;1694.896551724138;62004.96551724138;706.2068965517242;126349170.7586207
1688376763;847.448275862069;61157.51724137931;5084.689655172414;122178171.5862069
1688376764;847.448275862069;62004.96551724138;5084.689655172414;117428082.7586207
1688376765;847.448275862069;62569.93103448276;5084.689655172414;106642608.55172414
1688376766;847.448275862069;62711.1724137931;5084.689655172414;119170718.89655173
1688376767;847.448275862069;62711.1724137931;4378.482758620689;114643226.48275863
1688376768;847.448275862069;61440;4519.724137931034;109163060.96551724
1688376769;706.2068965517242;58897.65517241379;4519.724137931034;112462318.34482758
1688376770;706.2068965517242;60168.8275862069;4519.724137931034;107089778.7586207
1688376771;564.9655172413793;60027.58620689655;4519.724137931034;104916356.4137931
1688376772;141.24137931034483;61581.24137931034;4519.724137931034;102278814.89655173
1688376773;141.24137931034483;61863.724137931036;4519.724137931034;109446532.4137931
1688376774;141.24137931034483;60451.31034482759;4519.724137931034;120449377.10344827
1688376775;141.24137931034483;60168.8275862069;4519.724137931034;120453190.62068966
1688376776;141.24137931034483;61016.275862068964;4519.724137931034;109972515.31034483
1688376777;0;62004.96551724138;5225.931034482758;97304576
1688376778;0;60451.31034482759;5225.931034482758;102003959.1724138
1688376779;0;61440;5225.931034482758;110008673.10344827
1688376780;0;65818.4827586207;5225.931034482758;113226857.93103448
1688376781;0;64547.31034482759;5225.931034482758;115638272
1688376782;0;64264.8275862069;5225.931034482758;108813912.27586207
1688376783;0;66383.44827586207;5225.931034482758;104211420.68965517
1688376784;0;65677.24137931035;5225.931034482758;104211420.68965517
1688376785;0;63982.3448275862;5225.931034482758;99802712.27586207
1688376786;0;63417.379310344826;5225.931034482758;94616752.55172414
1688376787;0;62146.206896551725;5225.931034482758;97309095.72413793
1688376788;0;57344;5225.931034482758;100337734.62068966
1688376789;0;58615.1724137931;5225.931034482758;101469078.06896551
1688376790;0;59038.89655172414;5225.931034482758;94783134.89655173
1688376791;0;56920.275862068964;5225.931034482758;88905092.4137931
1688376792;0;55790.3448275862;847.448275862069;97915444.96551724
1688376793;0;58473.93103448276;847.448275862069;97915444.96551724
1688376794;0;56920.275862068964;847.448275862069;91837122.20689654
1688376795;0;56355.31034482759;847.448275862069;82348950.06896551
1688376796;0;55931.58620689655;847.448275862069;85388323.31034483
1688376797;0;57626.48275862069;706.2068965517242;88435041.10344827
1688376798;0;57626.48275862069;706.2068965517242;94777908.96551724
1688376799;0;57767.724137931036;706.2068965517242;94776072.8275862
1688376800;0;58050.206896551725;706.2068965517242;93153915.5862069
1688376801;0;58191.448275862065;706.2068965517242;89801692.68965517
1688376802;0;56072.8275862069;706.2068965517242;85668122.48275863
1688376803;0;62287.448275862065;706.2068965517242;75688147.86206897
1688376804;0;63841.10344827586;5225.931034482758;75684334.34482759
1688376805;0;62852.41379310345;5932.137931034483;82104884.96551724
1688376806;0;65112.275862068964;5225.931034482758;94492460.13793103
1688376807;0;63699.862068965514;5225.931034482758;89792370.7586207
1688376808;0;62711.1724137931;5225.931034482758;81787656.8275862
1688376809;0;58897.65517241379;5649.6551724137935;78499416.27586207
1688376810;0;59886.3448275862;5649.6551724137935;79893751.1724138
1688376811;0;66242.20689655172;5649.6551724137935;83546535.72413793
1688376812;0;63134.89655172414;5649.6551724137935;89451131.5862069
1688376813;0;63134.89655172414;5649.6551724137935;89452261.51724137
1688376814;0;65677.24137931035;5649.6551724137935;88243376.55172414
1688376815;0;66524.6896551724;5649.6551724137935;91733027.31034483
1688376816;0;67230.89655172413;5649.6551724137935;87670501.51724137
1688376817;0;66242.20689655172;5649.6551724137935;84641862.62068966
1688376818;0;68219.58620689655;5649.6551724137935;80498829.2413793
1688376819;0;67372.13793103448;5649.6551724137935;80123833.37931034
1688376820;0;69632;5649.6551724137935;80116206.34482759
1688376821;0;68925.79310344828;5649.6551724137935;70615746.20689654
1688376822;0;66383.44827586207;5649.6551724137935;70615746.20689654
1688376823;0;67230.89655172413;5649.6551724137935;70619983.44827586
1688376824;0;68360.8275862069;5649.6551724137935;67580045.2413793
1688376825;0;69773.24137931035;5649.6551724137935;64540672
1688376826;0;69208.27586206897;5649.6551724137935;61493954.20689655
1688376827;0;69208.27586206897;5649.6551724137935;49073752.27586207
1688376828;0;67372.13793103448;5649.6551724137935;49073752.27586207
1688376829;0;66524.6896551724;5649.6551724137935;49073752.27586207
1688376830;0;67372.13793103448;5649.6551724137935;49073752.27586207
1688376831;0;68219.58620689655;5649.6551724137935;46032542.89655172
1688376832;0;62004.96551724138;5649.6551724137935;43341188.4137931
1688376833;0;61581.24137931034;1129.9310344827586;43341188.4137931
1688376834;0;62146.206896551725;423.7241379310345;36920637.79310345
1688376835;0;60168.8275862069;423.7241379310345;24533062.620689657
1688376836;0;61722.48275862069;423.7241379310345;24531650.20689655
1688376837;0;62287.448275862065;423.7241379310345;24533062.620689657
1688376838;0;62146.206896551725;0;23071214.344827585
1688376839;0;60592.55172413793;0;19265465.379310343
1688376840;0;56355.31034482759;0;11816112.551724138
1688376841;0;62569.93103448276;0;5909256.827586207
1688376842;0;63417.379310344826;0;5909539.310344827
1688376843;0;62004.96551724138;0;5909539.310344827
1688376844;0;59886.3448275862;0;37146.48275862069
1688376845;0;60168.8275862069;0;9180.689655172413
1688376846;0;60733.793103448275;0;9180.689655172413
1688376847;0;58473.93103448276;0;35734.06896551724
1688376848;0;58756.41379310345;0;35734.06896551724
1688376849;0;58191.448275862065;0;37287.724137931036
1688376850;0;64829.793103448275;0;37287.724137931036
1688376851;0;64829.793103448275;0;37287.724137931036
1688376852;0;64406.06896551724;0;32909.24137931035
1688376853;0;63276.13793103448;0;32909.24137931035
1688376854;0;61298.75862068965;0;32909.24137931035
1688376855;0;61863.724137931036;5084.689655172414;32909.24137931035
1688376856;0;62993.65517241379;5084.689655172414;32909.24137931035
1688376857;0;62146.206896551725;5084.689655172414;37428.96551724138
1688376858;0;61157.51724137931;5084.689655172414;37428.96551724138
1688376859;0;60875.03448275862;5084.689655172414;37428.96551724138
1688376860;0;62993.65517241379;5084.689655172414;37428.96551724138
1688376861;0;64829.793103448275;5084.689655172414;37428.96551724138
1688376862;0;63699.862068965514;5084.689655172414;37428.96551724138
1688376863;0;62993.65517241379;5084.689655172414;41948.68965517241
1688376864;0;61722.48275862069;5084.689655172414;41948.68965517241
1688376865;0;61440;5084.689655172414;41948.68965517241
1688376866;0;62146.206896551725;5084.689655172414;40536.275862068964
1688376867;0;63134.89655172414;5084.689655172414;40536.275862068964
1688376868;0;62993.65517241379;5084.689655172414;40536.275862068964
1688376869;0;61722.48275862069;5084.689655172414;38558.89655172414
1688376870;0;57202.75862068965;5084.689655172414;38558.89655172414
1688376871;0;57908.96551724138;5084.689655172414;37146.48275862069
1688376872;0;56779.03448275862;5084.689655172414;37146.48275862069
1688376873;0;56779.03448275862;5790.896551724138;43926.06896551724
1688376874;0;55649.10344827586;5790.896551724138;43926.06896551724
1688376875;0;56637.793103448275;5790.896551724138;43926.06896551724
1688376876;0;56496.55172413793;5790.896551724138;17372.689655172413
1688376877;0;55649.10344827586;5790.896551724138;17372.689655172413
1688376878;0;54801.65517241379;5790.896551724138;15819.03448275862
1688376879;0;49858.206896551725;5790.896551724138;15819.03448275862
1688376880;0;51835.58620689655;5790.896551724138;15819.03448275862
1688376881;0;52400.55172413793;5790.896551724138;15819.03448275862
1688376882;0;57202.75862068965;5790.896551724138;15819.03448275862
1688376883;0;57202.75862068965;5790.896551724138;15819.03448275862
1688376884;0;55649.10344827586;706.2068965517242;15819.03448275862
1688376885;0;54519.1724137931;706.2068965517242;15819.03448275862
1688376886;0;58473.93103448276;1129.9310344827586;11299.310344827587
1688376887;0;58473.93103448276;1129.9310344827586;13841.655172413793
1688376888;0;57908.96551724138;1129.9310344827586;22033.655172413793
1688376889;0;56637.793103448275;1129.9310344827586;22033.655172413793
1688376890;0;56920.275862068964;1129.9310344827586;22033.655172413793
1688376891;0;57626.48275862069;1129.9310344827586;22033.655172413793
1688376892;0;58473.93103448276;1129.9310344827586;17513.931034482757
1688376893;0;58615.1724137931;1129.9310344827586;19773.793103448275
1688376894;0;56637.793103448275;1129.9310344827586;19773.793103448275
1688376895;0;57626.48275862069;1129.9310344827586;19773.793103448275
1688376896;0;58897.65517241379;1129.9310344827586;19773.793103448275
1688376897;0;58897.65517241379;1129.9310344827586;19773.793103448275
1688376898;0;58050.206896551725;1129.9310344827586;19773.793103448275
1688376899;0;56496.55172413793;1129.9310344827586;19773.793103448275
1688376900;0;57908.96551724138;1129.9310344827586;19773.793103448275
1688376901;0;57908.96551724138;5649.6551724137935;20480
1688376902;0;57908.96551724138;4943.448275862069;13700.413793103447
1688376903;0;57061.51724137931;4943.448275862069;13700.413793103447
1688376904;0;55649.10344827586;4943.448275862069;24999.724137931033
1688376905;0;55790.3448275862;4943.448275862069;24999.724137931033
1688376906;0;57061.51724137931;4943.448275862069;24999.724137931033
1688376907;0;56779.03448275862;6497.103448275862;24999.724137931033
1688376908;0;56779.03448275862;6497.103448275862;24999.724137931033
1688376909;0;54660.41379310345;6497.103448275862;24999.724137931033
1688376910;0;55790.3448275862;6497.103448275862;24999.724137931033
1688376911;0;51835.58620689655;6497.103448275862;24999.724137931033
1688376912;0;51835.58620689655;6497.103448275862;24999.724137931033
1688376913;0;51835.58620689655;6497.103448275862;24999.724137931033
1688376914;0;52541.793103448275;6497.103448275862;24999.724137931033
1688376915;0;49858.206896551725;6073.379310344828;24999.724137931033
1688376916;0;51411.862068965514;6073.379310344828;22457.379310344826
1688376917;0;51270.620689655174;6073.379310344828;14265.379310344828
1688376918;0;59745.10344827586;6073.379310344828;14265.379310344828
1688376919;0;58050.206896551725;6073.379310344828;14265.379310344828
1688376920;0;64406.06896551724;6073.379310344828;14265.379310344828
1688376921;0;63558.620689655174;6073.379310344828;15112.827586206897
1688376922;0;63417.379310344826;6073.379310344828;12852.965517241379
1688376923;0;63417.379310344826;6073.379310344828;12852.965517241379
1688376924;564.9655172413793;61016.275862068964;6073.379310344828;15395.310344827585
1688376925;564.9655172413793;58615.1724137931;6073.379310344828;15395.310344827585
1688376926;564.9655172413793;58473.93103448276;6073.379310344828;15395.310344827585
1688376927;564.9655172413793;60168.8275862069;6073.379310344828;15960.275862068966
1688376928;4660.9655172413795;62569.93103448276;6073.379310344828;15960.275862068966
1688376929;4660.9655172413795;60310.06896551724;6073.379310344828;20480
1688376930;4660.9655172413795;63134.89655172414;1553.655172413793;19773.793103448275
1688376931;4660.9655172413795;64829.793103448275;1553.655172413793;19773.793103448275
1688376932;4660.9655172413795;64829.793103448275;1553.655172413793;19773.793103448275
1688376933;4660.9655172413795;66807.1724137931;10593.103448275862;8474.48275862069
1688376934;8333.241379310344;64406.06896551724;10593.103448275862;8898.206896551725
1688376935;8333.241379310344;63699.862068965514;10593.103448275862;8898.206896551725
1688376936;8333.241379310344;62569.93103448276;9039.448275862069;8898.206896551725
1688376937;8333.241379310344;63558.620689655174;9039.448275862069;8898.206896551725
1688376938;8333.241379310344;64264.8275862069;9039.448275862069;8898.206896551725
1688376939;8333.241379310344;64971.03448275862;10451.862068965516;9180.689655172413
1688376940;8333.241379310344;65253.51724137931;10451.862068965516;9180.689655172413
1688376941;8333.241379310344;67654.62068965517;10451.862068965516;9180.689655172413
1688376942;8333.241379310344;66665.93103448275;10451.862068965516;9180.689655172413
1688376943;8333.241379310344;66948.41379310345;10451.862068965516;9180.689655172413
1688376944;8333.241379310344;64829.793103448275;10451.862068965516;9180.689655172413
1688376945;8333.241379310344;64829.793103448275;10451.862068965516;9180.689655172413
1688376946;8333.241379310344;63699.862068965514;10451.862068965516;9180.689655172413
1688376947;8333.241379310344;56214.06896551724;10451.862068965516;9180.689655172413
1688376948;8333.241379310344;55790.3448275862;10451.862068965516;9180.689655172413
1688376949;8333.241379310344;49434.48275862069;10451.862068965516;9180.689655172413
1688376950;8333.241379310344;51411.862068965514;10451.862068965516;8333.241379310344
1688376951;8333.241379310344;52400.55172413793;10451.862068965516;8333.241379310344
1688376952;8333.241379310344;52259.31034482759;10451.862068965516;8333.241379310344
1688376953;15395.310344827585;52965.51724137931;10451.862068965516;5790.896551724138
1688376954;15395.310344827585;52541.793103448275;10451.862068965516;5790.896551724138
1688376955;15395.310344827585;51835.58620689655;10451.862068965516;5790.896551724138
1688376956;15395.310344827585;53248;10451.862068965516;5225.931034482758
1688376957;11299.310344827587;51694.3448275862;10451.862068965516;5225.931034482758
1688376958;11299.310344827587;52683.03448275862;10451.862068965516;706.2068965517242
1688376959;11864.275862068966;54519.1724137931;10451.862068965516;706.2068965517242
1688376960;11864.275862068966;54095.448275862065;10451.862068965516;706.2068965517242
1688376961;11864.275862068966;55790.3448275862;10451.862068965516;706.2068965517242
1688376962;11864.275862068966;54519.1724137931;2118.6206896551726;706.2068965517242
1688376963;8192;55790.3448275862;2118.6206896551726;282.48275862068965
1688376964;8474.48275862069;55225.379310344826;7485.793103448275;282.48275862068965
1688376965;8474.48275862069;55649.10344827586;7485.793103448275;282.48275862068965
1688376966;8474.48275862069;55225.379310344826;7485.793103448275;282.48275862068965
1688376967;8474.48275862069;55366.620689655174;7485.793103448275;282.48275862068965
1688376968;8474.48275862069;55225.379310344826;6073.379310344828;0
1688376969;8474.48275862069;56355.31034482759;6073.379310344828;0
1688376970;8474.48275862069;58191.448275862065;6073.379310344828;0
1688376971;8474.48275862069;61157.51724137931;6073.379310344828;0
1688376972;8474.48275862069;62146.206896551725;6073.379310344828;0
1688376973;8474.48275862069;63841.10344827586;6073.379310344828;0
1688376974;9039.448275862069;62287.448275862065;6073.379310344828;5508.413793103448
1688376975;9039.448275862069;63841.10344827586;6073.379310344828;5508.413793103448
1688376976;9039.448275862069;62569.93103448276;6073.379310344828;5508.413793103448
1688376977;9039.448275862069;63558.620689655174;6073.379310344828;5508.413793103448
1688376978;9039.448275862069;64264.8275862069;6073.379310344828;5508.413793103448
1688376979;9039.448275862069;62287.448275862065;6073.379310344828;5508.413793103448
1688376980;9180.689655172413;62428.68965517241;6073.379310344828;5508.413793103448
1688376981;9180.689655172413;65112.275862068964;6073.379310344828;5508.413793103448
1688376982;1553.655172413793;64547.31034482759;6073.379310344828;5508.413793103448
1688376983;1553.655172413793;65112.275862068964;6073.379310344828;5508.413793103448
1688376984;1553.655172413793;65112.275862068964;6073.379310344828;5508.413793103448
1688376985;1553.655172413793;62004.96551724138;6073.379310344828;5508.413793103448
1688376986;1553.655172413793;62569.93103448276;6073.379310344828;5508.413793103448
1688376987;1553.655172413793;61863.724137931036;6214.620689655172;5508.413793103448
1688376988;988.6896551724137;57202.75862068965;6214.620689655172;5508.413793103448
1688376989;988.6896551724137;57485.24137931034;6214.620689655172;5508.413793103448
1688376990;988.6896551724137;56072.8275862069;6214.620689655172;5508.413793103448
1688376991;988.6896551724137;58050.206896551725;5508.413793103448;5508.413793103448
1688376992;988.6896551724137;57908.96551724138;5649.6551724137935;5508.413793103448
1688376993;706.2068965517242;57767.724137931036;282.48275862068965;5508.413793103448
1688376994;706.2068965517242;57626.48275862069;282.48275862068965;5508.413793103448
1688376995;706.2068965517242;61440;282.48275862068965;5508.413793103448
1688376996;706.2068965517242;61157.51724137931;282.48275862068965;5508.413793103448
1688376997;706.2068965517242;60027.58620689655;847.448275862069;5508.413793103448
1688376998;706.2068965517242;58473.93103448276;847.448275862069;5508.413793103448
1688376999;706.2068965517242;54519.1724137931;847.448275862069;5508.413793103448
1688377000;706.2068965517242;55366.620689655174;847.448275862069;5508.413793103448
1688377001;706.2068965517242;54236.68965517241;847.448275862069;5508.413793103448
1688377002;706.2068965517242;55225.379310344826;1553.655172413793;5508.413793103448
1688377003;141.24137931034483;55931.58620689655;1553.655172413793;0
1688377004;141.24137931034483;54660.41379310345;1553.655172413793;0
1688377005;141.24137931034483;55084.137931034486;1553.655172413793;564.9655172413793
1688377006;141.24137931034483;54801.65517241379;1553.655172413793;564.9655172413793
1688377007;141.24137931034483;55225.379310344826;1553.655172413793;564.9655172413793
1688377008;141.24137931034483;56072.8275862069;2118.6206896551726;564.9655172413793
1688377009;0;55931.58620689655;2118.6206896551726;564.9655172413793
1688377010;0;55366.620689655174;2118.6206896551726;564.9655172413793
1688377011;0;56214.06896551724;2118.6206896551726;564.9655172413793
1688377012;0;56920.275862068964;2118.6206896551726;564.9655172413793
1688377013;0;56920.275862068964;2118.6206896551726;564.9655172413793
1688377014;0;57061.51724137931;2118.6206896551726;564.9655172413793
1688377015;0;55649.10344827586;2118.6206896551726;564.9655172413793
1688377016;0;55225.379310344826;1977.3793103448274;1271.1724137931035
1688377017;0;57344;1977.3793103448274;1271.1724137931035
1688377018;0;56779.03448275862;1977.3793103448274;1271.1724137931035
1688377019;0;56496.55172413793;1977.3793103448274;1271.1724137931035
1688377020;0;56920.275862068964;1977.3793103448274;1271.1724137931035
1688377021;0;57061.51724137931;1836.1379310344828;1271.1724137931035
1688377022;0;58615.1724137931;1836.1379310344828;1271.1724137931035
1688377023;0;59603.862068965514;1836.1379310344828;1271.1724137931035
1688377024;0;54377.93103448276;1836.1379310344828;1271.1724137931035
1688377025;0;53812.96551724138;1836.1379310344828;1271.1724137931035
1688377026;0;52824.275862068964;1271.1724137931035;1271.1724137931035
1688377027;0;53389.24137931034;1271.1724137931035;1271.1724137931035
1688377028;0;53954.206896551725;1271.1724137931035;1271.1724137931035
1688377029;0;50988.137931034486;1977.3793103448274;1271.1724137931035
1688377030;0;52965.51724137931;1977.3793103448274;1271.1724137931035
1688377031;0;51976.8275862069;1271.1724137931035;1271.1724137931035
1688377032;0;54236.68965517241;1271.1724137931035;1271.1724137931035
1688377033;0;54236.68965517241;6355.862068965517;1271.1724137931035
1688377034;0;53812.96551724138;6355.862068965517;706.2068965517242
1688377035;0;54095.448275862065;6355.862068965517;706.2068965517242
1688377036;0;53812.96551724138;6355.862068965517;706.2068965517242
1688377037;0;53812.96551724138;5790.896551724138;706.2068965517242
1688377038;0;52965.51724137931;5790.896551724138;706.2068965517242
1688377039;0;52965.51724137931;5932.137931034483;706.2068965517242
1688377040;0;54942.89655172414;5932.137931034483;706.2068965517242
1688377041;0;60027.58620689655;5932.137931034483;706.2068965517242
1688377042;0;61863.724137931036;5932.137931034483;5508.413793103448
1688377043;0;62569.93103448276;5932.137931034483;5508.413793103448
1688377044;0;63699.862068965514;5932.137931034483;5508.413793103448
1688377045;0;63417.379310344826;5932.137931034483;4802.206896551724
1688377046;0;61863.724137931036;5932.137931034483;4802.206896551724
1688377047;0;60875.03448275862;5932.137931034483;5790.896551724138
1688377048;0;60875.03448275862;5932.137931034483;5790.896551724138
1688377049;0;59462.620689655174;5932.137931034483;5790.896551724138
1688377050;0;60168.8275862069;5932.137931034483;5790.896551724138
1688377051;0;59321.379310344826;5932.137931034483;5790.896551724138
1688377052;0;60027.58620689655;5932.137931034483;5790.896551724138
1688377053;0;60875.03448275862;5932.137931034483;5790.896551724138
1688377054;0;61722.48275862069;5932.137931034483;5790.896551724138
1688377055;0;61298.75862068965;5932.137931034483;5790.896551724138
1688377056;0;60592.55172413793;5932.137931034483;5790.896551724138
1688377057;0;59745.10344827586;5932.137931034483;5790.896551724138
1688377058;0;59745.10344827586;5225.931034482758;5790.896551724138
1688377059;0;58615.1724137931;5225.931034482758;5790.896551724138
1688377060;0;58050.206896551725;5225.931034482758;6497.103448275862
1688377061;0;56072.8275862069;5225.931034482758;6497.103448275862
1688377062;0;58473.93103448276;141.24137931034483;6497.103448275862
1688377063;0;57908.96551724138;141.24137931034483;6497.103448275862
1688377064;0;57767.724137931036;141.24137931034483;6497.103448275862
1688377065;0;55366.620689655174;141.24137931034483;6497.103448275862
1688377066;0;57061.51724137931;141.24137931034483;6497.103448275862
1688377067;0;56072.8275862069;141.24137931034483;6497.103448275862
1688377068;0;54942.89655172414;0;6497.103448275862
1688377069;0;52118.06896551724;0;6497.103448275862
1688377070;0;47739.58620689655;0;6497.103448275862
1688377071;0;45903.448275862065;0;1694.896551724138
1688377072;0;51411.862068965514;0;1694.896551724138
1688377073;0;52259.31034482759;0;1694.896551724138
1688377074;0;52824.275862068964;0;1694.896551724138
1688377075;0;51411.862068965514;0;1694.896551724138
1688377076;0;52965.51724137931;0;706.2068965517242
1688377077;0;52118.06896551724;0;706.2068965517242
1688377078;0;53389.24137931034;0;1412.4137931034484
1688377079;0;51976.8275862069;0;1412.4137931034484
1688377080;0;53530.48275862069;0;1412.4137931034484
1688377081;0;52824.275862068964;0;1412.4137931034484
1688377082;0;52824.275862068964;0;1412.4137931034484
1688377083;0;52683.03448275862;0;1412.4137931034484
1688377084;0;52824.275862068964;0;1412.4137931034484
1688377085;0;52259.31034482759;5084.689655172414;1412.4137931034484
1688377086;0;53106.75862068965;5225.931034482758;1412.4137931034484
1688377087;0;53530.48275862069;5225.931034482758;1412.4137931034484
1688377088;0;51835.58620689655;5225.931034482758;6073.379310344828
1688377089;0;52541.793103448275;5225.931034482758;5367.172413793103
1688377090;0;52683.03448275862;5225.931034482758;5367.172413793103
1688377091;0;51835.58620689655;5225.931034482758;5367.172413793103
1688377092;0;51835.58620689655;5225.931034482758;5367.172413793103
1688377093;0;51976.8275862069;5225.931034482758;5508.413793103448
1688377094;0;54236.68965517241;5225.931034482758;5508.413793103448
1688377095;0;52683.03448275862;5225.931034482758;5508.413793103448
1688377096;0;56496.55172413793;5225.931034482758;5508.413793103448
1688377097;0;55649.10344827586;5225.931034482758;5508.413793103448
1688377098;0;55649.10344827586;5225.931034482758;5508.413793103448
1688377099;0;53389.24137931034;5225.931034482758;5508.413793103448
1688377100;0;56355.31034482759;5225.931034482758;5508.413793103448
1688377101;0;50988.137931034486;5225.931034482758;10734.344827586207
1688377102;0;49010.75862068965;5225.931034482758;10734.344827586207
1688377103;0;49716.96551724138;5225.931034482758;10734.344827586207
1688377104;0;51411.862068965514;5225.931034482758;10734.344827586207
1688377105;0;50846.89655172414;5225.931034482758;10734.344827586207
1688377106;0;53954.206896551725;5225.931034482758;10734.344827586207
1688377107;0;57344;5225.931034482758;10169.379310344828
1688377108;0;59462.620689655174;5225.931034482758;10169.379310344828
1688377109;0;59038.89655172414;5225.931034482758;10169.379310344828
1688377110;0;60027.58620689655;5225.931034482758;10169.379310344828
1688377111;0;62146.206896551725;5225.931034482758;10169.379310344828
1688377112;0;61440;5932.137931034483;10169.379310344828
1688377113;0;61440;5932.137931034483;10169.379310344828
1688377114;0;64123.58620689655;847.448275862069;10169.379310344828
1688377115;0;63276.13793103448;706.2068965517242;10169.379310344828
1688377116;0;63417.379310344826;1129.9310344827586;10169.379310344828
1688377117;0;63417.379310344826;1129.9310344827586;5508.413793103448
1688377118;0;62569.93103448276;1129.9310344827586;5508.413793103448
1688377119;0;62428.68965517241;1129.9310344827586;5508.413793103448
1688377120;0;62852.41379310345;1129.9310344827586;5508.413793103448
1688377121;0;64547.31034482759;1129.9310344827586;5508.413793103448
1688377122;0;63558.620689655174;1129.9310344827586;5367.172413793103
1688377123;0;62004.96551724138;1129.9310344827586;5367.172413793103
1688377124;0;62004.96551724138;1129.9310344827586;5367.172413793103
1688377125;0;61722.48275862069;1129.9310344827586;5367.172413793103
1688377126;0;62287.448275862065;1129.9310344827586;5367.172413793103
1688377127;0;63134.89655172414;1129.9310344827586;5367.172413793103
1688377128;0;64123.58620689655;1129.9310344827586;5367.172413793103
1688377129;0;61157.51724137931;1129.9310344827586;5367.172413793103
1688377130;0;64123.58620689655;1129.9310344827586;141.24137931034483
1688377131;0;64123.58620689655;1129.9310344827586;141.24137931034483
1688377132;0;63417.379310344826;1129.9310344827586;4660.9655172413795
1688377133;0;62711.1724137931;1129.9310344827586;5367.172413793103
1688377134;0;62852.41379310345;1129.9310344827586;5367.172413793103
1688377135;0;61440;1129.9310344827586;5367.172413793103
1688377136;0;55790.3448275862;1129.9310344827586;5225.931034482758
1688377137;0;53530.48275862069;5649.6551724137935;5225.931034482758
1688377138;0;52400.55172413793;5649.6551724137935;5225.931034482758
1688377139;0;50423.1724137931;5649.6551724137935;5225.931034482758
1688377140;0;49152;5649.6551724137935;5225.931034482758
1688377141;0;51129.379310344826;4943.448275862069;5225.931034482758
1688377142;0;51835.58620689655;5084.689655172414;5225.931034482758
1688377143;0;54942.89655172414;5084.689655172414;5225.931034482758
1688377144;0;56637.793103448275;5084.689655172414;5225.931034482758
1688377145;0;57061.51724137931;4660.9655172413795;5225.931034482758
1688377146;0;57626.48275862069;4660.9655172413795;5225.931034482758
1688377147;0;57485.24137931034;4660.9655172413795;5225.931034482758
1688377148;0;56496.55172413793;4660.9655172413795;5225.931034482758
1688377149;0;55225.379310344826;4660.9655172413795;5225.931034482758
1688377150;0;53954.206896551725;4660.9655172413795;5225.931034482758
