Time;{instance="10.231.0.208:9100"};{instance="192.168.221.10:9100"};{instance="192.168.221.11:9100"};{instance="192.168.221.12:9100"}
1688376070;141.24137931034483;8192;14265.379310344828;2896578.206896552
1688376071;141.24137931034483;8192;14265.379310344828;2907312.5517241377
1688376072;564.9655172413793;8192;14265.379310344828;2917623.172413793
1688376073;3884844.1379310344;8192;14265.379310344828;2987820.1379310344
1688376074;7898500.413793104;8192;14265.379310344828;2992339.8620689656
1688376075;12418224.551724138;8192;14265.379310344828;2997565.793103448
1688376076;16440779.034482758;8192;14265.379310344828;3003356.689655172
1688376077;20372939.03448276;8192;14265.379310344828;3003356.689655172
1688376078;24567243.03448276;8192;14265.379310344828;3003497.9310344825
1688376079;28616915.862068966;0;14265.379310344828;3007735.172413793
1688376080;32666588.689655174;0;0;3007876.4137931033
1688376081;36345644.137931034;0;0;3010418.7586206896
1688376082;40477378.20689655;0;0;2819319.172413793
1688376083;44671682.20689655;0;0;1157473.103448276
1688376084;48721355.034482755;0;0;126834.75862068965
1688376085;50746191.448275864;0;0;120478.89655172413
1688376086;54361970.75862069;0;0;123021.24137931035
1688376087;58267012.4137931;0;0;125422.3448275862
1688376088;62416119.17241379;0;0;125422.3448275862
1688376089;66348561.655172415;0;0;125422.3448275862
1688376090;70398234.48275863;0;0;125422.3448275862
1688376091;74123475.86206897;0;0;123444.96551724138
1688376092;78317779.86206897;0;0;123444.96551724138
1688376093;82367452.68965517;0;0;123444.96551724138
1688376094;86290573.2413793;0;0;123444.96551724138
1688376095;90466798.34482759;0;0;123444.96551724138
1688376096;94281445.51724137;0;0;123444.96551724138
1688376097;98421512.8275862;0;0;123444.96551724138
1688376098;102615816.8275862;0;0;123444.96551724138
1688376099;106520858.48275863;0;0;123444.96551724138
1688376100;110570531.31034483;0;0;112710.62068965517
1688376101;111582525.79310344;0;0;102541.24137931035
1688376102;111314025.93103448;0;0;32344.275862068964
1688376103;111350042.48275863;0;0;27965.793103448275
1688376104;110735360;0;0;47880.8275862069
1688376105;111051740.68965517;0;0;42089.93103448276
1688376106;110925188.4137931;0;0;42089.93103448276
1688376107;110879991.1724138;0;0;41948.68965517241
1688376108;110970385.65517241;0;0;37711.448275862065
1688376109;110735360;0;0;37570.206896551725
1688376110;111105977.37931034;0;0;35027.862068965514
1688376111;111023916.13793103;0;0;35027.862068965514
1688376112;110924482.20689654;0;0;34886.620689655174
1688376113;110680417.10344827;0;0;31496.827586206895
1688376114;112904121.37931034;0;0;31496.827586206895
1688376115;113193383.72413793;0;0;29801.931034482757
1688376116;113338014.89655173;0;0;27400.827586206895
1688376117;113383212.13793103;0;0;27400.827586206895
1688376118;113355811.31034483;0;0;27400.827586206895
1688376119;113355811.31034483;0;0;35734.06896551724
1688376120;113490273.10344827;0;0;35734.06896551724
1688376121;112960759.1724138;0;0;35734.06896551724
1688376122;112457516.13793103;0;0;37570.206896551725
1688376123;109594553.37931034;0;0;37570.206896551725
1688376124;105418328.27586207;0;0;37570.206896551725
1688376125;101603681.10344827;0;0;37570.206896551725
1688376126;101940118.06896551;0;0;981627.5862068966
1688376127;101741250.20689654;0;0;2640366.3448275863
1688376128;101940118.06896551;0;0;4262947.310344827
1688376129;101795486.89655173;0;0;5876488.827586207
1688376130;104977372.68965517;0;0;7517289.931034483
1688376131;105266635.03448276;0;0;9240999.72413793
1688376132;105122851.31034483;0;0;10967816.827586208
1688376133;105271860.96551724;0;0;12347321.379310345
1688376134;104693336.27586207;0;0;13904790.068965517
1688376135;105036835.31034483;0;0;15595449.379310345
1688376136;104982598.62068966;0;0;16883147.03448276
1688376137;104804493.2413793;0;0;18500219.586206898
1688376138;104985282.20689654;0;0;19828594.75862069
1688376139;104840651.03448276;0;0;21511344.551724136
1688376140;104696019.86206897;0;0;23207512.275862068
1688376141;104668901.51724137;0;0;24653400.275862068
1688376142;105039518.89655173;0;0;26412844.137931034
1688376143;104551388.68965517;0;0;28056893.79310345
1688376144;104885848.27586207;0;0;29622978.20689655
1688376145;104262126.34482758;0;0;31297677.24137931
1688376146;104117495.1724138;0;0;31965748.96551724
1688376147;104262126.34482758;0;0;33639600.551724136
1688376148;104135574.06896551;0;0;35149188.4137931
1688376149;104262126.34482758;0;0;36942953.93103448
1688376150;104692206.34482758;0;0;38704092.68965517
1688376151;105195449.37931034;0;0;40138963.862068966
1688376152;108040333.2413793;0;0;41874537.93103448
1688376153;112090006.06896551;0;0;43432006.62068965
1688376154;115995047.72413793;0;0;44964758.06896552
1688376155;112466979.31034483;0;0;45687490.20689655
1688376156;108471543.1724138;0;0;46445673.93103448
1688376157;104367633.65517241;0;0;45935086.344827585
1688376158;100462592;0;0;46770105.37931035
1688376159;96268288;0;0;47438742.06896552
1688376160;92363246.34482759;0;0;48033650.75862069
1688376161;88457357.2413793;0;0;47258941.79310345
1688376162;84403305.93103448;0;0;45854296.27586207
1688376163;80642895.44827586;0;0;44296827.5862069
1688376164;76493788.68965517;0;0;42608710.62068965
1688376165;72398918.62068966;0;0;41367622.62068965
1688376166;68436956.68965517;0;0;41567902.89655172
1688376167;64441520.551724136;0;0;42457158.62068965
1688376168;60536478.89655172;0;0;43088648.827586204
1688376169;56631437.24137931;0;0;43504745.93103448
1688376170;52563685.51724138;0;0;44395696.551724136
1688376171;48387460.4137931;0;0;44657981.79310345
1688376172;44627049.93103448;0;0;45251336.827586204
1688376173;40387548.68965517;0;0;46069689.37931035
1688376174;36961597.79310345;0;0;46812760.27586207
1688376175;32911924.96551724;0;0;47804274.75862069
1688376176;28862252.137931034;0;0;46289178.48275862
1688376177;24939131.586206894;0;0;45888194.20689655
1688376178;20952734.896551725;0;0;46556972.137931034
1688376179;16857864.827586208;0;0;47186767.448275864
1688376180;12808192;0;0;48132096
1688376181;8903150.344827587;0;0;48536187.5862069
1688376182;4853477.517241379;0;0;49333636.4137931
1688376183;948435.8620689654;0;0;49886313.93103448
1688376184;0;0;0;50515544.27586207
1688376185;0;0;0;50421760
1688376186;0;0;0;51601266.75862069
1688376187;0;0;0;51525561.37931035
1688376188;0;0;0;51138418.75862069
1688376189;0;0;0;50906217.93103448
1688376190;0;0;0;52308886.06896552
1688376191;0;0;0;54076380.68965517
1688376192;0;0;0;56354321.655172415
1688376193;0;0;0;58706979.31034483
1688376194;0;0;0;60937039.448275864
1688376195;0;0;0;61458785.10344827
1688376196;0;0;0;61555252.96551724
1688376197;0;0;0;61582230.06896552
1688376198;0;0;0;61599179.034482755
1688376199;0;0;0;61416130.20689655
1688376200;0;0;0;60218403.31034483
1688376201;0;0;0;59440163.31034483
1688376202;0;0;0;58762487.17241379
1688376203;0;0;0;58552602.48275862
1688376204;0;0;0;59281549.24137931
1688376205;0;0;0;61436327.72413793
1688376206;0;0;0;62154398.89655172
1688376207;0;0;0;61681664
1688376208;0;0;0;61598755.31034483
1688376209;0;0;0;61483219.862068966
1688376210;0;0;0;61675731.862068966
1688376211;0;0;0;61619941.51724138
1688376212;0;0;0;61916407.17241379
1688376213;0;0;0;61093817.37931035
1688376214;0;0;0;59000620.137931034
1688376215;0;0;0;56712086.06896552
1688376216;423.7241379310345;0;0;54339230.89655172
1688376217;423.7241379310345;0;0;53793332.96551724
1688376218;190393.3793103448;0;0;53093623.17241379
1688376219;4619723.0344827585;0;0;52101261.24137931
1688376220;8723632.551724138;0;0;51815812.4137931
1688376221;12475003.586206896;0;0;50663282.75862069
1688376222;16624110.344827587;0;0;49341545.93103448
1688376223;20673783.172413792;0;0;48257659.5862069
1688376224;24813850.48275862;0;0;46956120.27586207
1688376225;28773128.827586208;0;0;45659383.172413796
1688376226;32696249.379310343;0;0;44339623.72413793
1688376227;35281531.5862069;0;0;43249805.24137931
1688376228;37595630.344827585;0;0;41194178.20689655
1688376229;41645303.172413796;0;0;40839097.37931035
1688376230;45550344.827586204;0;0;40464666.48275862
1688376231;49509623.17241379;0;0;39760436.96551724
1688376232;53794321.655172415;0;0;38596043.034482755
1688376233;57699363.31034483;0;0;37210606.344827585
1688376234;61622483.862068966;0;0;35995083.034482755
1688376235;65699275.034482755;0;0;35370654.89655172
1688376236;69767026.7586207;0;0;34473913.37931035
1688376237;73653989.51724137;0;0;33173786.48275862
1688376238;76501415.72413793;0;0;31974788.413793102
1688376239;78526252.13793103;0;0;29645011.862068966
1688376240;82431293.79310344;0;0;28186412.137931034
1688376241;86535203.31034483;0;0;26853093.517241377
1688376242;90675270.62068966;0;0;26438832.551724136
1688376243;94580312.27586207;0;0;27226676.96551724
1688376244;98774616.27586207;0;0;28193474.20689655
1688376245;102679234.20689654;0;0;29183293.79310345
1688376246;106584275.86206897;0;0;28892619.03448276
1688376247;110588610.20689654;0;0;28677649.655172415
1688376248;110064322.20689654;0;0;28373698.20689655
1688376249;108205444.4137931;0;0;27904070.620689657
1688376250;104454073.37931034;0;0;28491634.75862069
1688376251;100304966.62068966;0;0;29478488.275862068
1688376252;96255293.79310344;0;0;29940206.344827585
1688376253;92115226.48275863;0;0;30687938.20689655
1688376254;88155948.13793103;0;0;29810546.75862069
1688376255;84232827.5862069;0;0;28789089.103448275
1688376256;81647545.37931034;0;0;28979200
1688376257;79333446.62068966;0;0;31127198.896551725
1688376258;75283773.79310344;0;0;33034522.48275862
1688376259;71378732.13793103;0;0;34196091.5862069
1688376260;67419453.79310344;0;0;35328564.96551724
1688376261;63134755.31034483;0;0;36621771.034482755
1688376262;59229713.655172415;0;0;37887576.27586207
1688376263;55306593.10344827;0;0;39166940.68965517
1688376264;51229801.93103448;0;0;40193624.27586207
1688376265;47162050.20689655;0;0;41401096.827586204
1688376266;43275087.448275864;0;0;42701506.20689655
1688376267;40427661.24137931;0;0;43966181.51724138
1688376268;38402824.827586204;0;0;46317991.72413793
1688376269;34497783.172413796;0;0;46905697.10344827
1688376270;30393873.655172415;0;0;48124186.48275862
1688376271;26253806.344827585;0;0;49442392.27586207
1688376272;22348764.689655174;0;0;50747745.10344827
1688376273;18154460.689655174;0;0;52003804.68965517
1688376274;14249419.034482758;0;0;53121730.20689655
1688376275;10344377.379310345;0;0;54397563.5862069
1688376276;6150073.379310344;0;0;55554189.24137931
1688376277;2245031.724137931;0;0;56938778.48275862
1688376278;0;0;0;58404440.27586207
1688376279;0;0;0;59086918.62068965
1688376280;0;0;0;59330983.72413793
1688376281;0;0;0;59417564.68965517
1688376282;3531.0344827586205;0;0;59187058.75862069
1688376283;3531.0344827586205;0;0;61403418.48275862
1688376284;3531.0344827586205;0;0;63637009.655172415
1688376285;3531.0344827586205;0;0;64581490.75862069
1688376286;3531.0344827586205;0;0;64527395.31034483
1688376287;3531.0344827586205;0;0;64348866.20689655
1688376288;3531.0344827586205;0;0;64424995.31034483
1688376289;3531.0344827586205;0;0;64621320.827586204
1688376290;3531.0344827586205;0;0;64553666.20689655
1688376291;3531.0344827586205;0;0;63473452.137931034
1688376292;3531.0344827586205;0;0;62198042.48275862
1688376293;3531.0344827586205;0;0;62216121.37931035
1688376294;3531.0344827586205;0;0;62352984.27586207
1688376295;3531.0344827586205;0;0;62267815.72413793
1688376296;3531.0344827586205;0;0;62242816
1688376297;3531.0344827586205;0;0;62209906.75862069
1688376298;3531.0344827586205;0;0;63311872
1688376299;3531.0344827586205;0;0;63449299.862068966
1688376300;3531.0344827586205;0;0;63128964.4137931
1688376301;3531.0344827586205;0;0;62866820.4137931
1688376302;3531.0344827586205;0;0;62941537.10344827
1688376303;3531.0344827586205;0;0;63336165.51724138
1688376304;3531.0344827586205;0;0;63293086.89655172
1688376305;3531.0344827586205;0;0;62614563.31034483
1688376306;3531.0344827586205;0;0;62535185.655172415
1688376307;3531.0344827586205;0;0;62085190.62068965
1688376308;3531.0344827586205;0;0;62118241.10344827
1688376309;3531.0344827586205;0;0;62217675.034482755
1688376310;3531.0344827586205;0;0;62817809.655172415
1688376311;0;0;0;63554524.68965517
1688376312;0;0;0;63513988.4137931
1688376313;0;0;0;63246477.24137931
1688376314;0;0;0;63250996.96551724
1688376315;0;0;0;63427266.20689655
1688376316;0;0;0;63551558.62068965
1688376317;0;0;0;63488988.68965517
1688376318;0;0;0;63495909.51724138
1688376319;0;0;0;63486728.827586204
1688376320;0;0;0;64281494.06896552
1688376321;0;0;0;65617072.551724136
1688376322;0;0;0;65601536
1688376323;0;0;0;65546028.137931034
1688376324;0;0;0;65667778.20689655
1688376325;0;0;0;65310437.51724138
1688376326;0;0;0;65149704.827586204
1688376327;0;0;0;63341815.17241379
1688376328;0;0;0;61012462.344827585
1688376329;0;0;0;58955422.89655172
1688376330;0;0;0;58137776.551724136
1688376331;0;0;0;58265176.27586207
1688376332;0;0;0;58098370.20689655
1688376333;0;0;0;58059105.10344827
1688376334;0;0;0;58660228.4137931
1688376335;0;0;0;58569833.93103448
1688376336;0;0;0;58806130.75862069
1688376337;0;0;0;58735933.79310345
1688376338;0;0;0;57904304.551724136
1688376339;0;0;0;57836508.68965517
1688376340;0;0;0;57820548.4137931
1688376341;0;0;0;57844841.93103448
1688376342;0;0;0;58168708.4137931
1688376343;0;0;0;57936225.10344827
1688376344;0;0;0;57767300.4137931
1688376345;0;0;0;57563912.827586204
1688376346;0;0;0;57652188.68965517
1688376347;0;0;0;57612076.137931034
1688376348;0;0;0;57895265.10344827
1688376349;0;0;0;58194273.10344827
1688376350;0;0;0;57944275.862068966
1688376351;0;0;0;58031421.79310345
1688376352;0;0;0;57968286.89655172
1688376353;0;0;0;57923089.655172415
1688376354;0;0;0;58046110.89655172
1688376355;0;0;0;58405005.24137931
1688376356;0;0;0;60045523.862068966
1688376357;0;0;0;61911604.96551724
1688376358;0;0;0;64256776.827586204
1688376359;0;0;0;65572581.51724138
1688376360;0;0;0;65462554.48275862
1688376361;0;0;0;65472582.62068965
1688376362;0;0;0;65502808.27586207
1688376363;0;0;0;65118490.48275862
1688376364;0;0;0;64764822.06896552
1688376365;0;0;0;63901696
1688376366;0;0;0;61543388.68965517
1688376367;0;0;0;60011343.448275864
1688376368;1718060.1379310344;0;0;58022664.827586204
1688376369;6201626.482758621;0;0;56019720.827586204
1688376370;9962036.965517242;0;0;53725819.5862069
1688376371;14065946.48275862;0;0;51631351.17241379
1688376372;18206013.79310345;0;0;49862444.137931034
1688376373;22111055.44827586;0;0;47671931.5862069
1688376374;26160728.275862068;0;0;45554723.31034483
1688376375;30156164.413793102;0;0;43229042.75862069
1688376376;34261345.10344827;0;0;40930621.79310345
1688376377;38166386.75862069;0;0;38390678.06896552
1688376378;42071428.4137931;0;0;36108217.37931035
1688376379;46030706.75862069;0;0;33920670.89655172
1688376380;50026142.89655172;0;0;31593719.172413792
1688376381;54075815.72413793;0;0;29274959.44827586
1688376382;58270119.72413793;0;0;26975267.310344826
1688376383;62265555.862068966;0;0;24902408.827586208
1688376384;66224834.20689655;0;0;22382945.103448275
1688376385;70274507.03448276;0;0;20020118.068965517
1688376386;74468811.03448276;0;0;18078896.551724136
1688376387;78373852.68965517;0;0;15733724.689655172
1688376388;82468722.7586207;0;0;13184741.51724138
1688376389;86373764.4137931;0;0;10866829.24137931
1688376390;90522871.1724138;0;0;8521233.655172413
1688376391;94572544;0;0;6211937.1034482755
1688376392;98423348.96551724;0;0;4345291.0344827585
1688376393;102527258.48275863;0;2259.862068965517;2429634.206896552
1688376394;106434842.48275863;0;2259.862068965517;1059451.5862068965
1688376395;110343697.65517241;0;2259.862068965517;1059451.5862068965
1688376396;114538001.65517241;0;2259.862068965517;1059310.344827586
1688376397;116779219.86206897;0;2259.862068965517;774567.724137931
1688376398;116291089.65517241;0;2259.862068965517;501971.8620689655
1688376399;116381484.13793103;0;2259.862068965517;455785.9310344827
1688376400;116236852.96551724;0;2259.862068965517;521180.6896551724
1688376401;116200695.1724138;0;2259.862068965517;344064
1688376402;116381484.13793103;0;2259.862068965517;335165.7931034483
1688376403;116291089.65517241;0;2259.862068965517;332623.4482758621
1688376404;116363405.2413793;0;2259.862068965517;319205.5172413793
1688376405;116145187.31034483;0;2259.862068965517;318640.5517241379
1688376406;116434449.65517241;0;2259.862068965517;315533.2413793103
1688376407;116669475.31034483;0;2259.862068965517;315533.2413793103
1688376408;116524844.13793103;0;2259.862068965517;315533.2413793103
1688376409;116723712;0;2259.862068965517;315533.2413793103
1688376410;116434449.65517241;0;2259.862068965517;315533.2413793103
1688376411;116434449.65517241;0;2259.862068965517;318640.5517241379
1688376412;116488686.34482758;0;2259.862068965517;318640.5517241379
1688376413;116289818.48275863;0;2259.862068965517;329798.6206896552
1688376414;116434449.65517241;0;2259.862068965517;337425.6551724138
1688376415;116434449.65517241;0;2259.862068965517;345900.1379310345
1688376416;116289818.48275863;0;2259.862068965517;351408.5517241379
1688376417;116389252.4137931;0;2259.862068965517;345758.8965517241
1688376418;116570041.37931034;0;2259.862068965517;346747.5862068965
1688376419;116289818.48275863;0;2259.862068965517;347453.7931034483
1688376420;116434449.65517241;0;2259.862068965517;356493.2413793103
1688376421;116407331.31034483;0;2259.862068965517;356493.2413793103
1688376422;116289818.48275863;0;0;359318.0689655172
1688376423;116486144;0;0;328244.9655172414
1688376424;116428093.79310344;0;0;368357.5172413793
1688376425;116283462.62068966;0;0;368640
1688376426;115361297.65517241;0;0;368640
1688376427;111371228.68965517;0;0;372877.2413793103
1688376428;107520423.72413793;0;0;423441.6551724138
1688376429;107068451.31034483;0;0;753522.7586206896
1688376430;106869583.44827586;0;0;2426526.896551724
1688376431;106833425.65517241;0;0;4122129.6551724137
1688376432;107068451.31034483;0;0;5672395.0344827585
1688376433;106959977.93103448;0;0;7250908.689655173
1688376434;107069440;0;0;8809224.827586208
1688376435;106924808.8275862;0;0;10498612.965517242
1688376436;106255889.65517241;0;0;12274864.551724138
1688376437;102585873.65517241;0;0;12559607.172413792
1688376438;99982512.55172414;0;0;12559607.172413792
1688376439;100000591.44827586;0;0;13269203.862068966
1688376440;99837881.37931034;0;0;14667211.034482758
1688376441;99693250.20689654;0;0;16316062.896551725
1688376442;99982512.55172414;0;0;17817458.75862069
1688376443;99403987.86206897;0;0;19256143.44827586
1688376444;99114725.51724137;0;0;20032829.79310345
1688376445;99403987.86206897;0;0;21766708.96551724
1688376446;99259356.68965517;0;0;23249178.48275862
1688376447;98210780.68965517;0;0;24925007.44827586
1688376448;94631159.1724138;0;0;25014695.724137932
1688376449;93908003.31034483;0;0;25479944.827586208
1688376450;94088792.27586207;0;0;27188400.551724136
1688376451;94052634.48275863;0;0;28858297.379310343
1688376452;91250405.51724137;0;0;29793880.275862068
1688376453;90583463.72413793;0;0;30296134.620689657
1688376454;90493069.2413793;0;0;31863631.44827586
1688376455;91596023.1724138;0;0;33489743.44827586
1688376456;95061804.13793103;0;0;35193961.93103448
1688376457;95495697.65517241;0;0;35395795.862068966
1688376458;93633571.31034483;0;0;34809361.655172415
1688376459;93769163.03448276;0;0;34099058.75862069
1688376460;93868596.96551724;0;0;34166148.4137931
1688376461;93452782.34482758;0;0;34229424.551724136
1688376462;92512679.72413793;0;0;34297785.37931035
1688376463;89094779.5862069;0;0;32930568.827586208
1688376464;88226992.55172414;0;0;31551064.275862068
1688376465;88660886.06896551;0;0;31383834.48275862
1688376466;92469883.5862069;0;0;32509245.79310345
1688376467;95028047.44827586;0;0;34190159.448275864
1688376468;95154599.72413793;0;0;34226317.24137931
1688376469;95028047.44827586;0;0;34389027.31034483
1688376470;94883416.27586207;0;0;33635080.827586204
1688376471;94883416.27586207;0;0;33736068.4137931
1688376472;95308270.34482758;0;0;34247362.20689655
1688376473;95335388.68965517;0;0;35224893.79310345
1688376474;94503759.44827586;0;0;34399055.448275864
1688376475;91654920.8275862;0;0;34637188.4137931
1688376476;88617666.20689654;0;0;35372914.75862069
1688376477;88328403.86206897;0;0;37664273.655172415
1688376478;84857255.72413793;0;0;39589111.172413796
1688376479;80852780.13793103;0;0;39819617.10344827
1688376480;76902541.2413793;0;0;40054501.51724138
1688376481;75600860.68965517;0;0;41410418.75862069
1688376482;72416997.51724137;0;0;43114354.75862069
1688376483;68457719.1724138;0;0;43757709.24137931
1688376484;65521028.4137931;0;0;44460385.10344827
1688376485;65186568.827586204;0;0;44330019.31034483
1688376486;67979758.34482759;0;0;45351759.448275864
1688376487;69371833.37931034;0;0;46992419.31034483
1688376488;68657716.96551724;0;0;47850884.4137931
1688376489;67835127.1724138;0;0;47921222.62068965
1688376490;67672417.10344827;0;0;48120090.48275862
1688376491;67111971.31034483;0;0;48226868.96551724
1688376492;66533446.62068965;0;0;48248196.4137931
1688376493;66099553.10344827;0;0;48541554.75862069
1688376494;65810290.75862069;0;0;48527995.5862069
1688376495;65327810.20689655;0;0;48709067.034482755
1688376496;64360589.24137931;0;0;48619096.27586207
1688376497;63082919.72413793;0;0;49324173.24137931
1688376498;59177878.06896552;0;0;49988572.68965517
1688376499;55417467.5862069;0;0;50399867.5862069
1688376500;51367794.75862069;0;0;51068786.75862069
1688376501;47327161.37931035;0;0;51428528.551724136
1688376502;43395001.37931035;0;0;51951121.655172415
1688376503;40176957.79310345;0;0;53108877.24137931
1688376504;38976123.5862069;0;0;53789236.96551724
1688376505;38976123.5862069;0;0;53107041.10344827
1688376506;38976123.5862069;0;0;52936139.034482755
1688376507;38976123.5862069;0;0;52672158.89655172
1688376508;38976123.5862069;0;0;53082606.344827585
1688376509;38976123.5862069;0;0;53534720
1688376510;38976123.5862069;0;0;53403648
1688376511;38976123.5862069;0;0;53435286.06896552
1688376512;38976123.5862069;0;0;53520172.137931034
1688376513;37772747.034482755;0;0;52063691.034482755
1688376514;34636058.48275862;0;0;52695746.20689655
1688376515;31408975.44827586;0;0;53662402.20689655
1688376516;28371720.827586208;0;0;54155052.137931034
1688376517;25045203.862068966;0;0;54670583.17241379
1688376518;21718686.896551725;0;0;54997980.68965517
1688376519;18102907.586206898;0;0;55314361.37931035
1688376520;15644177.655172413;0;0;55996839.72413793
1688376521;15644177.655172413;0;0;58583251.862068966
1688376522;12896185.379310345;0;0;60059083.034482755
1688376523;9280406.068965517;0;0;60216708.4137931
1688376524;5809257.931034483;0;0;60835628.137931034
1688376525;2627372.1379310344;0;0;61399887.448275864
1688376526;0;0;0;60852577.10344827
1688376527;0;0;0;59307255.17241379
1688376528;0;0;0;60139025.655172415
1688376529;0;0;0;60371367.72413793
1688376530;0;0;0;60250606.344827585
1688376531;0;0;0;60340577.10344827
1688376532;0;0;0;60612043.034482755
1688376533;0;0;0;59443129.37931035
1688376534;0;0;0;59936485.51724138
1688376535;0;0;0;60041710.344827585
1688376536;0;0;0;60335774.89655172
1688376537;0;0;0;60293402.48275862
1688376538;0;0;0;59816430.344827585
1688376539;0;0;0;59703437.24137931
1688376540;0;0;0;59592139.034482755
1688376541;0;0;0;58178171.5862069
1688376542;0;0;0;59217708.137931034
1688376543;0;0;0;59235787.034482755
1688376544;0;0;0;59367847.72413793
1688376545;0;0;0;59453016.27586207
1688376546;0;0;0;59489174.06896552
1688376547;0;0;0;59227030.06896552
1688376548;0;0;0;58226193.655172415
1688376549;0;0;0;56427767.17241379
1688376550;0;0;0;55730599.72413793
1688376551;0;0;0;55774384.551724136
1688376552;0;0;0;56636804.4137931
1688376553;0;0;0;56616748.137931034
1688376554;0;0;0;56704035.31034483
1688376555;0;0;0;57906705.655172415
1688376556;0;0;0;59158245.51724138
1688376557;0;0;0;58751329.10344827
1688376558;0;0;0;58551613.79310345
1688376559;0;0;0;58684945.655172415
1688376560;0;0;0;58533393.655172415
1688376561;0;0;0;58522800.551724136
1688376562;0;0;0;59672646.62068965
1688376563;0;0;0;59711488
1688376564;0;0;0;59550190.344827585
1688376565;0;0;0;58448225.10344827
1688376566;0;0;0;56147968
1688376567;0;0;0;54403354.48275862
1688376568;0;0;0;54561544.827586204
1688376569;0;0;0;54681882.48275862
1688376570;0;0;0;56084409.37931035
1688376571;0;0;0;56595138.20689655
1688376572;0;0;0;56735249.655172415
1688376573;0;0;0;56590759.72413793
1688376574;0;0;0;56695419.5862069
1688376575;0;0;0;56630589.79310345
1688376576;0;0;0;56843016.827586204
1688376577;0;0;0;57974925.24137931
1688376578;0;0;0;59629426.75862069
1688376579;0;0;0;59878011.5862069
1688376580;0;0;0;59546800.551724136
1688376581;0;0;0;59051043.31034483
1688376582;0;0;0;59156974.344827585
1688376583;0;0;0;59228583.72413793
1688376584;0;0;0;59386774.06896552
1688376585;0;0;0;59630274.20689655
1688376586;0;0;0;60276594.75862069
1688376587;0;0;0;60139166.89655172
1688376588;0;0;0;60112754.75862069
1688376589;0;0;0;60261199.448275864
1688376590;0;0;0;60018970.48275862
1688376591;0;0;0;59908802.20689655
1688376592;0;0;0;60050184.827586204
1688376593;0;0;0;60286905.37931035
1688376594;0;0;0;61358503.72413793
1688376595;0;0;0;63683901.79310345
1688376596;0;0;0;65979215.448275864
1688376597;0;0;0;66189665.10344827
1688376598;0;0;0;65970176
1688376599;0;0;0;65300550.62068965
1688376600;0;0;0;65339674.48275862
1688376601;0;0;0;65420323.31034483
1688376602;0;0;0;64832335.448275864
1688376603;1293964.2783256327;0;0;62976000
1688376604;5343726.344827586;0;0;62013581.24137931
1688376605;9348201.931034483;0;0;61023902.89655172
1688376606;13443072;0;0;60001597.79310345
1688376607;17492744.827586208;0;0;58795255.17241379
1688376608;21442983.724137932;0;0;57374366.89655172
1688376609;25736721.655172415;0;0;56670278.62068965
1688376610;29587526.620689657;0;0;55566336
1688376611;33546804.96551724;0;0;54328920.27586207
1688376612;37596477.79310345;0;4519.724137931034;53125967.448275864
1688376613;41646150.62068965;0;4519.724137931034;51929229.24137931
1688376614;45551192.27586207;0;4519.724137931034;50774016
1688376615;49600865.10344827;0;4519.724137931034;49329116.68965517
1688376616;53795169.10344827;0;4519.724137931034;48217405.79310345
1688376617;57700210.75862069;0;4519.724137931034;46953436.68965517
1688376618;61894514.75862069;0;4519.724137931034;45635654.62068965
1688376619;65799556.4137931;0;4519.724137931034;44687360
1688376620;69849229.2413793;0;4519.724137931034;43419294.89655172
1688376621;73654836.96551724;0;4519.724137931034;42154337.10344827
1688376622;77713549.2413793;0;4519.724137931034;40779776
1688376623;80551936;0;4519.724137931034;39447304.827586204
1688376624;83733821.79310344;0;4519.724137931034;37443795.862068966
1688376625;86192551.72413793;0;4519.724137931034;35912880.551724136
1688376626;90242224.55172414;0;4519.724137931034;34109793.10344827
1688376627;94291897.37931034;0;4519.724137931034;33059239.724137932
1688376628;98341570.20689654;0;4519.724137931034;32416026.48275862
1688376629;102239560.85787188;0;4519.724137931034;30989347.310344826
1688376630;106396283.5862069;0;4519.724137931034;29498544.551724136
1688376631;110249630.89655173;0;4519.724137931034;28902223.44827586
1688376632;113112484.99896544;0;4519.724137931034;29461398.068965517
1688376633;111249196.13793103;0;4519.724137931034;29102362.48275862
1688376634;107582852.4137931;0;4519.724137931034;28219745.103448275
1688376635;103487982.34482758;0;4519.724137931034;28701660.689655174
1688376636;99438309.51724137;0;4519.724137931034;29634842.48275862
1688376637;95488070.62068966;0;4519.724137931034;30406585.379310343
1688376638;91194332.68965517;0;4519.724137931034;30930873.379310343
1688376639;87343527.72413793;0;4519.256628624626;31397534.896551725
1688376640;83384249.37931034;0;4519.724137931034;31080165.517241377
1688376641;83185381.51724137;0;0;31271971.310344826
1688376642;83040750.34482759;0;0;31886936.275862068
1688376643;83239618.20689654;0;0;32539330.20689655
1688376644;83185381.51724137;0;0;33333106.75862069
1688376645;82941316.4137931;0;0;33785644.137931034
1688376646;83131144.8275862;0;0;33596521.93103448
1688376647;82896119.1724138;0;0;32542155.03448276
1688376648;83040750.34482759;0;0;31172286.610285714
1688376649;81739069.79310344;0;0;30200773.34123457
1688376650;77933462.06896551;0;0;29196353.98109279
1688376651;78358316.13793103;0;0;29030470.620689657
1688376652;78557184;0;0;29514081.103448275
1688376653;79424971.03448276;0;0;30523250.75862069
1688376654;80889361.65517241;0;0;31095137.103448275
1688376655;80889361.65517241;0;0;32181424.551724136
1688376656;80889361.65517241;0;0;32869270.068965517
1688376657;80871282.7586207;0;0;33334801.655172415
1688376658;81021501.62080143;0;0;33741576.827586204
1688376659;80771283.86206897;0;0;34528008.827586204
1688376660;81058003.86206897;0;0;35260204.137931034
1688376661;78554076.68965517;0;0;35589861.51724138
1688376662;78290802.7586207;0;0;34851875.31034483
1688376663;77952670.89655173;0;0;36749453.24137931
1688376664;77952670.89655173;0;0;37313995.034482755
1688376665;77952670.89655173;0;0;37475292.68965517
1688376666;77952670.89655173;0;0;38140539.5862069
1688376667;77952670.89655173;0;0;38697878.06896552
1688376668;77952670.89655173;0;0;39486146.20689655
1688376669;77952670.89655173;0;0;40900254.89655172
1688376670;74101865.93103448;0;0;41632026.48275862
1688376671;70196824.27586207;0;0;42299674.48275862
1688376672;66092914.75862069;0;0;42859555.31034483
1688376673;62097478.62068965;0;0;43343307.034482755
1688376674;58154301.79310345;0;0;44098242.20689655
1688376675;54059431.72413793;0;0;45604016.551724136
1688376676;50100153.37931035;0;0;47819952.551724136
1688376677;46050480.551724136;0;0;50372350.81234375
1688376678;43302488.27586207;0;0;52638223.36733216
1688376679;43302488.27586207;0;0;54951824.10536952
1688376680;38818921.93103448;0;0;56141047.17241379
1688376681;35781667.31034483;0;0;56936518.62068965
1688376682;31731994.48275862;0;0;57718430.89655172
1688376683;27808873.931034483;0;0;58400344.27586207
1688376684;23759201.103448275;0;0;58968275.862068966
1688376685;19709528.275862068;0;0;59690019.31034483
1688376686;15677934.344827587;0;0;60253431.17241379
1688376687;11628261.51724138;0;0;60108658.75862069
1688376688;7723219.862068965;0;0;60524473.37931035
1688376689;3583152.5517241377;0;0;61093958.62068965
1688376690;1937972.9655172413;0;0;61943949.24137931
1688376691;7062.068965517241;0;0;63982344.827586204
1688376692;7062.068965517241;0;0;64173020.68965517
1688376693;7062.068965517241;0;0;64059180.137931034
1688376694;7062.068965517241;0;0;64218924.137931034
1688376695;7062.068965517241;0;0;64146467.31034483
1688376696;7062.068965517241;0;0;64115111.72413793
1688376697;7062.068965517241;0;0;64135874.20689655
1688376698;7062.068965517241;0;0;64213556.96551724
1688376699;7062.068965517241;0;0;64353527.17241379
1688376700;7062.068965517241;0;0;64189687.17241379
1688376701;7062.068965517241;0;0;64309459.862068966
1688376702;7062.068965517241;0;0;64422452.96551724
1688376703;0;0;0;64473158.62068965
1688376704;0;0;0;64415249.655172415
1688376705;0;0;0;64513977.37931035
1688376706;0;0;0;64622450.75862069
1688376707;0;0;0;64294770.75862069
1688376708;0;0;0;64416097.10344827
1688376709;0;0;0;64458752
1688376710;0;0;0;64428667.5862069
1688376711;0;0;0;64279516.68965517
1688376712;0;0;0;64451266.20689655
1688376713;0;0;0;64735020.137931034
1688376714;0;0;0;64710726.62068965
1688376715;0;0;0;65097163.034482755
1688376716;0;0;0;66011277.241379306
1688376717;0;0;0;66015796.96551724
1688376718;0;0;0;66115230.89655172
1688376719;0;0;0;66222009.37931035
1688376720;0;0;0;66295031.17241379
1688376721;0;0;0;65974130.75862069
1688376722;0;0;0;64024011.034482755
1688376723;282.48275862068965;0;0;61694093.24137931
1688376724;423.7241379310345;0;0;60922491.5862069
1688376725;334883.3103448276;0;0;59548071.72413793
1688376726;3561966.3448275863;0;0;58021534.89655172
1688376727;6987917.24137931;0;0;57120838.62068965
1688376728;10260197.51724138;0;0;56026641.655172415
1688376729;13785582.344827587;0;0;55061539.31034483
1688376730;17202493.79310345;0;0;53778078.89655172
1688376731;20456695.172413792;0;0;52575973.51724138
1688376732;23909764.413793102;0;0;51458189.24137931
1688376733;27326675.862068966;0;0;50305942.06896552
1688376734;33021528.275862068;0;0;49076012.137931034
1688376735;34757102.344827585;0;0;47706676.96551724
1688376736;37938988.137931034;0;0;46748212.96551724
1688376737;38975558.62068965;0;0;45613620.96551724
1688376738;38975558.62068965;0;0;44959955.862068966
1688376739;38975558.62068965;0;0;44092875.034482755
1688376740;38975558.62068965;0;0;43831860.96551724
1688376741;38975558.62068965;0;0;42552637.79310345
1688376742;38975558.62068965;0;0;41137116.68965517
1688376743;38975558.62068965;0;0;39956903.72413793
1688376744;38975558.62068965;0;0;38771888.551724136
1688376745;38975558.62068965;0;0;37806080
1688376746;38975558.62068965;0;0;36880242.75862069
1688376747;38975558.62068965;0;0;35666979.31034483
1688376748;38975558.62068965;0;0;35469806.344827585
1688376749;38975558.62068965;0;0;35396784.551724136
1688376750;38975558.62068965;0;0;35718673.655172415
1688376751;38975558.62068965;0;0;37808198.62068965
1688376752;38975276.137931034;0;0;40051817.93103448
1688376753;38975134.89655172;0;0;40710708.96551724
1688376754;38640675.31034483;0;0;42143602.75862069
1688376755;35413592.27586207;0;0;43719856.551724136
1688376756;31987641.379310343;0;0;44676484.4137931
1688376757;28715361.103448275;0;0;45792573.79310345
1688376758;25189976.275862068;0;0;46519119.448275864
1688376759;21773064.827586208;0;0;46264884.96551724
1688376760;18518863.44827586;0;0;45962063.448275864
1688376761;15065794.206896551;0;0;46418979.31034483
1688376762;11648882.758620689;0;0;46921092.4137931
1688376763;5954030.344827586;0;0;47955826.75862069
1688376764;4218456.275862069;0;0;49506092.137931034
1688376765;1036570.4827586206;0;0;50742519.17241379
1688376766;0;0;0;51484177.655172415
1688376767;0;0;0;52128803.31034483
1688376768;0;0;0;52967777.10344827
1688376769;0;0;0;53507742.89655172
1688376770;0;0;0;54840355.31034483
1688376771;0;0;0;55546420.96551724
1688376772;0;0;0;56606861.24137931
1688376773;0;0;0;57717583.448275864
1688376774;0;0;0;58525342.89655172
1688376775;0;0;0;59322650.48275862
1688376776;0;0;0;60040156.68965517
1688376777;0;0;0;59750894.344827585
1688376778;0;0;0;59068416
1688376779;0;0;0;58633392.551724136
1688376780;0;0;0;57748515.31034483
1688376781;0;0;0;57234820.4137931
1688376782;0;0;0;56804316.68965517
1688376783;0;0;0;56394151.72413793
1688376784;0;0;0;55876219.5862069
1688376785;0;0;0;55298683.5862069
1688376786;0;0;0;54787954.75862069
1688376787;0;0;0;54553070.344827585
1688376788;0;0;0;55476930.20689655
1688376789;0;0;0;56396835.31034483
1688376790;0;0;0;55053629.79310345
1688376791;0;0;0;54257593.37931035
1688376792;0;0;0;53726808.27586207
1688376793;0;0;0;52854360.27586207
1688376794;0;0;0;52479223.17241379
1688376795;0;0;0;52234734.344827585
1688376796;0;0;0;51675842.20689655
1688376797;0;0;0;51163559.72413793
1688376798;0;0;0;50463991.17241379
1688376799;0;0;0;49863715.31034483
1688376800;0;0;0;49744225.10344827
1688376801;0;0;0;49427844.4137931
1688376802;0;0;0;48827992.27586207
1688376803;0;0;0;48447205.51724138
1688376804;0;0;0;48146361.37931035
1688376805;0;0;0;47898624
1688376806;0;0;0;47679558.62068965
1688376807;0;0;0;47862607.448275864
1688376808;0;0;0;47786902.06896552
1688376809;0;0;0;48278563.31034483
1688376810;0;0;0;48296783.448275864
1688376811;0;0;0;48192688.551724136
1688376812;0;0;0;48155683.31034483
1688376813;0;0;0;47978425.37931035
1688376814;0;0;0;46274771.862068966
1688376815;0;0;0;44786652.68965517
1688376816;0;0;0;43118874.48275862
1688376817;0;0;0;41412961.10344827
1688376818;0;0;0;39674985.93103448
1688376819;0;0;0;39354932.96551724
1688376820;0;0;0;38507202.20689655
1688376821;0;0;0;36918519.172413796
1688376822;0;0;0;35277859.31034483
1688376823;0;0;0;33379575.172413792
1688376824;0;0;0;31639481.379310343
1688376825;0;0;0;29857156.413793102
1688376826;0;0;0;28091639.172413792
1688376827;0;0;0;26549565.79310345
1688376828;0;0;0;24764274.75862069
1688376829;0;0;0;23042259.862068966
1688376830;0;0;0;21085784.275862068
1688376831;0;0;0;19372808.827586208
1688376832;0;0;0;17700510.896551725
1688376833;0;0;0;15964936.827586208
1688376834;0;0;0;14417920
1688376835;0;0;0;12806497.103448275
1688376836;0;0;0;11022194.758620689
1688376837;0;0;0;9205265.655172413
1688376838;0;0;0;7288902.620689655
1688376839;0;0;0;5521549.24137931
1688376840;0;0;0;3874957.2413793104
1688376841;0;0;0;2125824
1688376842;1553.655172413793;0;0;479796.9655172414
1688376843;1553.655172413793;0;0;475136
1688376844;1553.7623284364438;0;0;277398.0689655172
1688376845;1553.655172413793;0;0;232200.8275862069
1688376846;1553.655172413793;0;0;197172.96551724136
1688376847;1553.655172413793;0;0;197314.2068965517
1688376848;1553.655172413793;0;0;197314.2068965517
1688376849;1553.655172413793;0;0;192935.72413793104
1688376850;1553.655172413793;0;0;192935.72413793104
1688376851;1553.655172413793;0;0;195619.3103448276
1688376852;1553.655172413793;0;0;195619.3103448276
1688376853;1553.655172413793;0;0;191099.58620689655
1688376854;1553.655172413793;0;0;191099.58620689655
1688376855;1553.655172413793;0;0;181353.93103448275
1688376856;1553.655172413793;0;0;173444.41379310345
1688376857;1553.655172413793;0;0;277256.8275862069
1688376858;1553.655172413793;0;0;277256.8275862069
1688376859;1553.655172413793;0;0;267652.4137931034
1688376860;1553.655172413793;0;0;267652.4137931034
1688376861;1553.655172413793;0;0;267652.4137931034
1688376862;1553.655172413793;0;0;268358.6206896552
1688376863;1553.655172413793;0;0;113699.31034482758
1688376864;1553.655172413793;0;0;123021.24137931035
1688376865;1553.655172413793;0;0;119772.6896551724
1688376866;1553.655172413793;0;0;120196.41379310345
1688376867;1553.655172413793;0;0;120196.41379310345
1688376868;1553.655172413793;0;0;120196.41379310345
1688376869;1553.655172413793;0;0;120196.41379310345
1688376870;1553.655172413793;0;0;141241.3793103448
1688376871;0;0;0;141241.3793103448
1688376872;0;0;0;141241.3793103448
1688376873;0;0;0;141241.3793103448
1688376874;0;0;0;141241.3793103448
1688376875;0;0;0;141241.3793103448
1688376876;0;0;0;148868.41379310345
1688376877;0;0;0;148868.41379310345
1688376878;0;0;0;148868.41379310345
1688376879;0;0;0;148868.41379310345
1688376880;0;0;0;146184.8275862069
1688376881;0;0;0;146184.8275862069
1688376882;0;0;0;146184.8275862069
1688376883;0;0;0;146184.8275862069
1688376884;0;0;0;146184.8275862069
1688376885;0;0;0;151693.24137931035
1688376886;0;0;0;47880.8275862069
1688376887;0;0;0;50423.1724137931
1688376888;0;0;0;50423.1724137931
1688376889;0;0;0;54801.65517241379
1688376890;0;0;0;54801.65517241379
1688376891;0;0;0;54095.448275862065
1688376892;0;0;0;54095.448275862065
1688376893;0;0;0;44773.51724137931
1688376894;0;0;0;44773.51724137931
1688376895;0;0;0;44632.275862068964
1688376896;0;0;0;44632.275862068964
1688376897;0;0;0;44632.275862068964
1688376898;0;0;0;44632.275862068964
1688376899;0;0;0;34886.620689655174
1688376900;0;0;0;34886.620689655174
1688376901;0;0;0;39830.06896551724
1688376902;0;0;0;39830.06896551724
1688376903;0;0;0;123868.6896551724
1688376904;0;0;0;123868.6896551724
1688376905;0;0;0;116100.41379310345
1688376906;0;0;0;116100.41379310345
1688376907;0;0;0;116100.41379310345
1688376908;0;0;0;116100.41379310345
1688376909;0;0;0;116100.41379310345
1688376910;0;0;0;116100.41379310345
1688376911;0;0;0;116100.41379310345
1688376912;0;0;0;116100.41379310345
1688376913;0;0;0;116100.41379310345
1688376914;0;0;0;110592
1688376915;0;0;0;110592
1688376916;0;0;0;108049.6551724138
1688376917;0;0;0;110592
1688376918;0;0;0;106213.5172413793
1688376919;0;0;0;107484.6896551724
1688376920;0;0;0;107484.6896551724
1688376921;0;0;0;107484.6896551724
1688376922;141.24137931034483;0;0;109885.79310344828
1688376923;86016;0;0;109885.79310344828
1688376924;166523.58620689655;0;0;109603.31034482758
1688376925;166523.58620689655;0;0;109603.31034482758
1688376926;166523.58620689655;0;0;323442.7586206896
1688376927;166523.58620689655;0;0;323442.7586206896
1688376928;166523.58620689655;0;0;312143.4482758621
1688376929;166523.58620689655;0;0;312143.4482758621
1688376930;166523.58620689655;0;0;304092.6896551724
1688376931;166523.58620689655;0;0;304092.6896551724
1688376932;166523.58620689655;0;0;220054.06896551725
1688376933;166523.58620689655;0;0;221607.72413793104
1688376934;166523.58620689655;0;0;221607.72413793104
1688376935;166523.58620689655;0;0;221607.72413793104
1688376936;166523.58620689655;0;0;221607.72413793104
1688376937;166523.58620689655;0;0;222737.6551724138
1688376938;166523.58620689655;0;0;222737.6551724138
1688376939;166523.58620689655;0;0;223443.8620689655
1688376940;166523.58620689655;0;0;225703.72413793104
1688376941;166523.58620689655;0;0;225703.72413793104
1688376942;166523.58620689655;0;0;225703.72413793104
1688376943;166523.58620689655;0;0;239262.89655172414
1688376944;166523.58620689655;0;0;239262.89655172414
1688376945;166523.58620689655;0;0;246607.44827586206
1688376946;166523.58620689655;0;0;244065.10344827586
1688376947;166523.58620689655;0;0;248019.8620689655
1688376948;166523.58620689655;0;0;246748.6896551724
1688376949;166523.58620689655;0;0;246748.6896551724
1688376950;166523.58620689655;0;0;246748.6896551724
1688376951;166382.3448275862;0;0;257059.3103448276
1688376952;80507.58620689655;0;0;257059.3103448276
1688376953;0;0;0;257059.3103448276
1688376954;0;0;0;257059.3103448276
1688376955;0;0;0;64123.58620689655
1688376956;0;0;0;64123.58620689655
1688376957;0;0;0;64123.58620689655
1688376958;0;0;0;67372.13793103448
1688376959;0;0;0;67372.13793103448
1688376960;0;0;0;67372.13793103448
1688376961;0;0;0;67372.13793103448
1688376962;0;0;0;65818.4827586207
1688376963;0;0;0;65818.4827586207
1688376964;0;0;0;65818.4827586207
1688376965;0;0;0;65818.4827586207
1688376966;0;0;0;64688.55172413793
1688376967;0;0;0;64688.55172413793
1688376968;0;0;0;63982.3448275862
1688376969;0;0;0;76129.10344827586
1688376970;0;0;0;80366.3448275862
1688376971;0;0;0;80366.3448275862
1688376972;0;0;0;66807.1724137931
1688376973;0;0;0;66807.1724137931
1688376974;0;0;0;59462.620689655174
1688376975;0;0;0;59462.620689655174
1688376976;0;0;0;55507.862068965514
1688376977;0;0;0;60027.58620689655
1688376978;0;0;0;60027.58620689655
1688376979;0;0;0;60027.58620689655
1688376980;0;0;0;47315.862068965514
1688376981;0;0;0;47315.862068965514
1688376982;0;0;0;47315.862068965514
1688376983;0;0;0;47315.862068965514
1688376984;0;0;0;26412.137931034482
1688376985;0;0;0;26412.137931034482
1688376986;0;0;0;26412.137931034482
1688376987;0;0;0;23163.58620689655
1688376988;0;0;0;23163.58620689655
1688376989;0;0;0;23163.58620689655
1688376990;0;0;0;23163.58620689655
1688376991;0;0;0;29519.44827586207
1688376992;0;0;0;29519.44827586207
1688376993;0;0;0;29519.44827586207
1688376994;0;0;0;29519.44827586207
1688376995;0;0;0;29519.44827586207
1688376996;0;0;0;30508.137931034482
1688376997;0;0;0;30508.137931034482
1688376998;0;0;0;16101.51724137931
1688376999;0;0;0;11864.275862068966
1688377000;0;0;0;11864.275862068966
1688377001;0;0;0;11864.275862068966
1688377002;3531.0344827586205;0;0;11864.275862068966
1688377003;3531.0344827586205;0;0;11864.275862068966
1688377004;3531.0344827586205;0;0;11864.275862068966
1688377005;3531.0344827586205;0;0;11864.275862068966
1688377006;3531.0344827586205;0;0;7344.551724137931
1688377007;3531.0344827586205;0;0;11723.034482758621
1688377008;3531.0344827586205;0;0;11723.034482758621
1688377009;3531.0344827586205;0;0;11723.034482758621
1688377010;3531.0344827586205;0;0;11723.034482758621
1688377011;3531.0344827586205;0;0;11723.034482758621
1688377012;3531.0344827586205;0;0;11723.034482758621
1688377013;3531.0344827586205;0;0;11723.034482758621
1688377014;3531.0344827586205;0;0;11723.034482758621
1688377015;3531.0344827586205;0;0;11723.034482758621
1688377016;3531.0344827586205;0;0;11723.034482758621
1688377017;3531.0344827586205;0;0;11723.034482758621
1688377018;3531.0344827586205;0;0;11723.034482758621
1688377019;3531.0344827586205;0;0;11723.034482758621
1688377020;3531.0344827586205;0;0;5367.172413793103
1688377021;3531.0344827586205;0;0;5367.172413793103
1688377022;3531.0344827586205;0;0;5367.172413793103
1688377023;3531.0344827586205;0;0;5367.172413793103
1688377024;3531.0344827586205;0;0;5367.172413793103
1688377025;3531.0344827586205;0;0;4378.482758620689
1688377026;3531.0344827586205;0;0;4378.482758620689
1688377027;3531.0344827586205;0;0;4378.482758620689
1688377028;3531.0344827586205;0;0;13276.689655172413
1688377029;3531.0344827586205;0;0;13276.689655172413
1688377030;3531.0344827586205;0;0;13276.689655172413
1688377031;0;0;0;13276.689655172413
1688377032;0;0;0;13276.689655172413
1688377033;0;0;0;16242.758620689656
1688377034;0;0;0;16242.758620689656
1688377035;0;0;0;16242.758620689656
1688377036;0;0;0;11864.275862068966
1688377037;0;0;0;11864.275862068966
1688377038;0;0;0;11864.275862068966
1688377039;0;0;0;11864.275862068966
1688377040;0;0;0;11864.275862068966
1688377041;0;0;0;11864.275862068966
1688377042;0;0;0;22174.896551724138
1688377043;0;0;0;22174.896551724138
1688377044;0;0;0;22174.896551724138
1688377045;0;0;0;22174.896551724138
1688377046;0;0;0;25423.44827586207
1688377047;0;0;0;25423.44827586207
1688377048;0;0;0;25423.44827586207
1688377049;0;0;0;25423.44827586207
1688377050;0;0;0;25423.44827586207
1688377051;0;0;0;25423.44827586207
1688377052;0;0;0;28954.48275862069
1688377053;0;0;0;28954.48275862069
1688377054;0;0;0;32344.275862068964
1688377055;0;0;0;35310.3448275862
1688377056;0;0;0;35310.3448275862
1688377057;0;0;0;26412.137931034482
1688377058;0;0;0;26412.137931034482
1688377059;0;0;0;26412.137931034482
1688377060;0;0;0;26412.137931034482
1688377061;0;0;0;26412.137931034482
1688377062;0;0;1694.896551724138;23446.068965517243
1688377063;0;0;1694.896551724138;23446.068965517243
1688377064;0;0;1694.896551724138;25282.206896551725
1688377065;0;0;1694.896551724138;25282.206896551725
1688377066;0;0;1694.896551724138;25282.206896551725
1688377067;0;0;1694.896551724138;31073.103448275862
1688377068;0;0;1694.896551724138;31073.103448275862
1688377069;0;0;1694.896551724138;31073.103448275862
1688377070;0;0;1694.896551724138;31073.103448275862
1688377071;0;0;1694.896551724138;20762.48275862069
1688377072;0;0;1694.896551724138;20762.48275862069
1688377073;0;0;1694.896551724138;20762.48275862069
1688377074;0;0;1694.896551724138;20762.48275862069
1688377075;0;0;1694.896551724138;17513.931034482757
1688377076;0;0;1694.896551724138;17513.931034482757
1688377077;0;0;1694.896551724138;17513.931034482757
1688377078;0;0;1694.896551724138;17513.931034482757
1688377079;0;0;1694.896551724138;17513.931034482757
1688377080;0;0;1694.896551724138;17513.931034482757
1688377081;0;0;1694.896551724138;13982.896551724138
1688377082;0;0;1694.896551724138;16242.758620689656
1688377083;0;0;1694.896551724138;12852.965517241379
1688377084;0;0;1694.896551724138;9886.896551724138
1688377085;0;0;1694.896551724138;9886.896551724138
1688377086;0;0;1694.896551724138;9886.896551724138
1688377087;0;0;1694.896551724138;155648
1688377088;0;0;1694.896551724138;155648
1688377089;0;0;1694.896551724138;155648
1688377090;0;0;1694.896551724138;155648
1688377091;0;0;0;155648
1688377092;0;0;0;155648
1688377093;0;0;0;153811.8620689655
1688377094;0;0;0;153811.8620689655
1688377095;0;0;0;153811.8620689655
1688377096;0;0;0;149433.3793103448
1688377097;0;0;0;150704.55172413794
1688377098;0;0;0;150704.55172413794
1688377099;0;0;0;150704.55172413794
1688377100;0;0;0;150704.55172413794
1688377101;0;0;0;150704.55172413794
1688377102;0;0;0;155224.27586206896
1688377103;0;0;0;155224.27586206896
1688377104;0;0;0;155224.27586206896
1688377105;0;0;0;155224.27586206896
1688377106;0;0;0;159320.27586206896
1688377107;0;0;0;162992.55172413794
1688377108;0;0;0;162992.55172413794
1688377109;0;0;0;162992.55172413794
1688377110;0;0;0;162992.55172413794
1688377111;0;0;0;160732.6896551724
1688377112;0;0;0;163557.5172413793
1688377113;0;0;0;163557.5172413793
1688377114;0;0;0;163557.5172413793
1688377115;0;0;0;163557.5172413793
1688377116;0;0;0;17796.41379310345
1688377117;0;0;0;17796.41379310345
1688377118;0;0;0;17796.41379310345
1688377119;0;0;0;17796.41379310345
1688377120;0;0;0;17796.41379310345
1688377121;0;0;0;17796.41379310345
1688377122;0;0;0;17796.41379310345
1688377123;0;0;0;17796.41379310345
1688377124;0;0;0;17796.41379310345
1688377125;0;0;0;16384
1688377126;0;0;0;15112.827586206897
1688377127;0;0;0;15112.827586206897
1688377128;0;0;0;15112.827586206897
1688377129;0;0;0;15112.827586206897
1688377130;0;0;0;15112.827586206897
1688377131;0;0;0;10593.103448275862
1688377132;0;0;0;10593.103448275862
1688377133;0;0;0;10593.103448275862
1688377134;0;0;0;10593.103448275862
1688377135;0;0;0;6497.103448275862
1688377136;0;0;0;2824.8275862068967
1688377137;0;0;0;2824.8275862068967
1688377138;0;0;0;2824.8275862068967
1688377139;0;0;0;2824.8275862068967
1688377140;0;0;0;2824.8275862068967
1688377141;0;0;0;0
1688377142;0;0;0;0
1688377143;0;0;0;0
1688377144;0;0;0;0
1688377145;0;0;0;0
1688377146;0;0;0;0
1688377147;0;0;0;9039.448275862069
1688377148;0;0;0;9039.448275862069
1688377149;0;0;0;9039.448275862069
1688377150;0;0;0;9039.448275862069
