Time;{instance="10.231.0.208:9100"};{instance="192.168.221.10:9100"};{instance="192.168.221.11:9100"};{instance="192.168.221.12:9100"}
1688376070;15.164478433832718;24.63110519413424;13.493151637625955;15.853765158695621
1688376071;15.164478433832718;24.655148432221917;13.493151637625955;15.893009364959198
1688376072;15.170751865848132;24.654254262210383;13.498616020776577;15.901851730421113
1688376073;15.34292272227118;24.666176529030714;13.499410840143945;16.36284696349196
1688376074;15.43762167221816;24.666176529030714;13.498616020776577;16.581819699200608
1688376075;15.523657311286698;24.669455152406307;13.498616020776577;16.873419054602103
1688376076;15.697919311714891;24.67005126574733;13.498616020776577;17.012711148732564
1688376077;15.62711915039806;24.676310455828;13.498616020776577;17.046490971845508
1688376078;15.698715938002561;24.675118229145966;13.49782120140921;17.11961435364295
1688376079;15.846490114365663;24.693597742717476;13.497026382041854;17.237645029696434
1688376080;15.615468490940865;24.696975718316573;13.498616020776577;17.30898006791731
1688376081;15.748405502696084;24.715753288558595;13.498616020776577;17.41727420672059
1688376082;15.74900297241184;24.713070778524028;13.5040804039272;17.45930028076994
1688376083;15.8641154709804;24.712574017406506;13.5040804039272;17.50400887018414
1688376084;15.688459374548792;24.718137741922664;13.5040804039272;17.07629669812164
1688376085;15.993168929583213;24.71803838969916;13.504875223294565;17.316530851907263
1688376086;15.430352457343155;24.716846163017124;13.505670042661933;17.72467059704844
1688376087;15.638172340139512;24.715355879664592;13.506862271712972;17.965500865359584
1688376088;15.86152643554547;24.720522195286733;13.505471337820085;17.823724960706123
1688376089;15.948159544329766;24.72211183086277;13.50467651845273;17.870321246117804
1688376090;15.697222263713172;24.73482891547113;13.517194923488695;17.908373223330333
1688376091;15.906436242512957;24.76602551365099;13.523454126006683;17.563123560631798
1688376092;15.920078467689336;24.777550371577316;13.53617123588451;17.60842826457152
1688376093;15.9119130482407;24.782915391646466;13.535177711675306;17.636644352112928
1688376094;15.852863124667039;24.77625879267178;13.535177711675306;17.694070051404942
1688376095;15.698715938002561;24.77546397488376;13.54223173356065;17.79570757800656
1688376096;15.689355579122422;24.776954258236294;13.54223173356065;17.80296030473375
1688376097;15.797895910817683;24.77784842824783;13.548689640920475;17.848066303831622
1688376098;15.664062694488845;24.77784842824783;13.542331085981573;17.90737969912113
1688376099;15.67999522024227;24.78331280054048;13.541536266614207;17.87350052358726
1688376100;15.744920262687522;24.78331280054048;13.541536266614207;17.824817837336237
1688376101;15.999143626740754;24.79553312403131;13.547795469132195;18.361718319990306
1688376102;15.687364013403238;24.801792314111992;13.554948843438464;17.84051551984167
1688376103;16.019059283932545;24.81530421650836;13.55335920470374;17.818359929976413
1688376104;15.877160226441022;24.81530421650836;13.547100002185752;17.82044633081574
1688376105;15.680791846529951;24.81341652426181;13.547100002185752;17.842701273101923
1688376106;15.712955632894687;24.80149425744148;13.549484460287841;17.850550114354636
1688376107;15.880047996733836;24.80685927751063;13.549484460287841;17.87260635179897
1688376108;15.683380881964881;24.80685927751063;13.549484460287841;17.874891457480146
1688376109;15.562293686238782;24.831597981162822;13.544417486820903;17.879064259158806
1688376110;15.545265799339791;24.825338791082142;13.536966055251865;17.89356971261319
1688376111;15.644744507012797;24.826332313317167;13.536568645568181;17.917811703317778
1688376112;15.870687637853687;24.82017247546;13.543026552928017;17.880554545472606
1688376113;15.807256269697834;24.825338791082142;13.543622667453537;17.89356971261319
1688376114;15.6780036545231;24.81987441878949;13.543622667453537;17.89148331177386
1688376115;15.715843403187503;24.81907960100147;13.542033028718814;17.889893673039126
1688376116;15.668145404213153;24.818980248777965;13.542033028718814;17.88154806968182
1688376117;15.797398019387888;24.826531017764175;13.549087050604157;17.900723086919456
1688376118;15.92645147799071;24.826531017764175;13.549087050604157;17.892278131141225
1688376119;15.679397750526524;24.824842029964632;13.549087050604157;17.893072950508582
1688376120;15.697222263713172;24.824643325517627;13.554551433754792;17.957254614423192
1688376121;15.537199958177117;24.826133608870173;13.554551433754792;17.918010408159613
1688376122;15.513102012975056;24.831597981162822;13.554551433754792;17.93708607297634
1688376123;15.713254367752572;24.830505106704294;13.555346253122147;17.89744445702909
1688376124;15.715445090043668;24.830107697810277;13.555346253122147;17.898636686080128
1688376125;15.715445090043668;24.830604458927795;13.556141072489513;17.903902364388912
1688376126;15.660079563050477;24.829809641139768;13.555346253122147;17.978814089762928
1688376127;15.626322524110392;24.829511584469255;13.554551433754792;17.94851160138219
1688376128;15.376679761211264;24.830306402257285;13.554551433754792;17.988053864908526
1688376129;15.332168267387614;24.830107697810277;13.555346253122147;17.980006318813967
1688376130;15.597345242896331;24.82911417557525;13.560611931430932;17.991531199640743
1688376131;15.346706697137623;24.834578547867903;13.560611931430932;17.978814089762928
1688376132;15.562293686238782;24.840738385725068;13.560611931430932;17.945729733596416
1688376133;15.366323619471533;24.841433851289597;13.560611931430932;17.953081812744532
1688376134;15.576832115988793;24.840340976831065;13.5614067507983;17.948412248961265
1688376135;15.338242542831114;24.848189802487774;13.567665953316288;17.82243337923415
1688376136;15.513201591261005;24.847295632476254;13.56746724847444;17.888900148829922
1688376137;15.614671864653197;24.854945753685964;13.566672429107085;17.85005335225004
1688376138;15.380165001219837;24.854150935897945;13.566672429107085;17.893470360192264
1688376139;15.710366597459757;24.853952231450936;13.566672429107085;17.85124558130108
1688376140;15.403665476706152;24.85375352700393;13.566672429107085;17.880256488209845
1688376141;15.27301876552799;24.861204943766644;13.566672429107085;17.86267110970693
1688376142;15.27212256095436;24.849282676946306;13.565877609739719;17.866843911385587
1688376143;15.43423601049555;24.84699757580575;13.565877609739719;17.89933215302657
1688376144;15.390521142959567;24.85325676588642;13.565877609739719;17.885720871360476
1688376145;15.403267163562317;24.8524619480984;13.566672429107085;17.87290440906174
1688376146;15.391915238962994;24.852958709215912;13.568262067841808;17.881746774523656
1688376147;15.369310968050309;24.86567579382427;13.568262067841808;17.921587095312752
1688376148;15.39500216582772;24.864682271589235;13.568262067841808;17.927150830884298
1688376149;15.303888034175273;24.864682271589235;13.56746724847444;17.956857204739507
1688376150;15.347901636569128;24.864384214918733;13.56746724847444;17.940563407708552
1688376151;15.346706697137623;24.864384214918733;13.57372645099243;17.935695139083453
1688376152;15.62801535497169;24.865179032706752;13.57372645099243;17.923176734047473
1688376153;15.297714180445809;24.870643404999406;13.574521270359796;17.981496605127777
1688376154;15.520570384421973;24.87024599610539;13.57372645099243;17.944835561808137
1688376155;15.520072492992176;24.878094821762108;13.57372645099243;17.968481437987204
1688376156;15.520072492992176;24.877200651750584;13.572931631625062;17.922580619521955
1688376157;15.520072492992176;24.877200651750584;13.57372645099243;17.93480096729517
1688376158;14.888049112010638;24.876902595080075;13.579786948668582;17.921885152575513
1688376159;14.894621278883925;24.87600842506855;13.578992129301215;17.92128903804999
1688376160;14.900894710899337;24.877399356197593;13.578992129301215;17.911155091116104
1688376161;14.900894710899337;24.883459841831257;13.578992129301215;17.907975813646647
1688376162;14.90716814291475;24.889122918570916;13.578992129301215;17.90886998543494
1688376163;14.912744526928456;24.888824861900403;13.578992129301215;17.915129187952928
1688376164;14.912744526928456;24.888824861900403;13.579786948668582;17.912943434692675
1688376165;14.91901795894387;24.895084051981087;13.580581768035938;17.93480096729517
1688376166;14.918818802371959;24.893991177522558;13.579786948668582;17.906882937016523
1688376167;14.918818802371959;24.889321623017924;13.579786948668582;17.865353625071776
1688376168;14.918818802371959;24.889321623017924;13.586840970553926;17.88194547936549
1688376169;14.918818802371959;24.888526805229905;13.586840970553926;17.859591184658395
1688376170;14.918818802371959;24.893494416405037;13.580979177719621;17.85790219350275
1688376171;14.918818802371959;24.893494416405037;13.579786948668582;17.857206726556306
1688376172;14.918818802371959;24.88385725072527;13.579786948668582;17.809815621777258
1688376173;14.918818802371959;24.881770854031714;13.578992129301215;17.80743116367517
1688376174;14.918818802371959;24.880976036243695;13.580581768035938;17.80892144998897
1688376175;14.918818802371959;24.887731987441875;13.580581768035938;17.80057584663165
1688376176;14.918818802371959;24.881174740690692;13.579786948668582;17.7915347763279
1688376177;14.918818802371959;24.882267615149225;13.579786948668582;17.833362145535403
1688376178;14.918818802371959;24.882068910702227;13.58604615118657;17.807530516096083
1688376179;14.918818802371959;24.882068910702227;13.585251331819205;17.84677472235966
1688376180;14.925092234387371;24.881770854031714;13.579786948668582;17.830381572907783
1688376181;14.931365666402785;24.880181218455665;13.579786948668582;17.804351238626637
1688376182;14.937639098418199;24.88763263521837;13.579786948668582;17.82928869627767
1688376183;14.937639098418199;24.893196359734524;13.58604615118657;17.816074824295246
1688376184;14.937639098418199;24.886341056312844;13.58604615118657;17.830182868065947
1688376185;14.937639098418199;24.885546238524814;13.58604615118657;17.80902080240989
1688376186;14.937639098418199;24.88653976075984;13.586840970553926;17.837634299634974
1688376187;14.937639098418199;24.89240154194651;13.58604615118657;17.819949568711134
1688376188;14.937639098418199;24.885546238524814;13.58604615118657;17.846675369938737
1688376189;14.989220650544944;24.88544688630131;13.58604615118657;17.86147888065589
1688376190;14.989220650544944;24.88514882963081;13.585251331819205;17.87201023727345
1688376191;14.989320228830906;24.8922028374995;13.585251331819205;17.88462799473035
1688376192;14.989320228830906;24.89736915312165;13.58604615118657;17.895358056189757
1688376193;14.989320228830906;24.89677303978063;13.58604615118657;17.89247683598306
1688376194;14.989320228830906;24.899157493144696;13.58604615118657;17.884926051993112
1688376195;14.989320228830906;24.905317331001864;13.585251331819205;17.90201466839142
1688376196;14.989320228830906;24.904224456543332;13.585251331819205;17.921984504996434
1688376197;14.989320228830906;24.904224456543332;13.58604615118657;17.886913100411515
1688376198;14.989320228830906;24.899554902038712;13.585251331819205;17.855716440242496
1688376199;14.989320228830906;24.904919922107858;13.585251331819205;17.88661504314876
1688376200;14.989320228830906;24.898859436474186;13.585251331819205;17.909267395118622
1688376201;14.989320228830906;24.89836267535668;13.585251331819205;17.866148444439144
1688376202;14.989320228830906;24.891507371934985;13.584456512451837;17.871612827589768
1688376203;14.989320228830906;24.890712554146965;13.585251331819205;17.85005335225004
1688376204;14.989320228830906;24.896375630886624;13.586840970553926;17.908075166067572
1688376205;14.989320228830906;24.896673687557126;13.581773997086987;17.895755465873442
1688376206;14.989320228830906;24.90223741207328;13.579786948668582;17.918407817843296
1688376207;14.989320228830906;24.901840003179277;13.579786948668582;17.90439912649352
1688376208;14.989320228830906;24.901840003179277;13.580581768035938;17.878468144633274
1688376209;14.989320228830906;24.902634820967297;13.579786948668582;17.91592400732028
1688376210;14.995593660846318;24.896077574216115;13.579786948668582;17.86207499518141
1688376211;15.001867092861731;24.89488534753408;13.579786948668582;17.914433721006485
1688376212;15.001867092861731;24.89518340420459;13.579786948668582;17.917612998475928
1688376213;15.001867092861731;24.89468664308707;13.579886301089495;17.91165185322071
1688376214;15.001867092861731;24.89627627866312;13.578892776880291;17.905790060386405
1688376215;15.001867092861731;24.90144259428526;13.579687596247659;17.909962862065065
1688376216;15.001867092861731;24.900548424273737;13.579687596247659;17.90857192817218
1688376217;15.008140524877145;24.906410205460393;13.578892776880291;18.38049592754427
1688376218;15.147749281791612;24.904820569884357;13.58515197939828;18.36728205556185
1688376219;15.281682076406423;24.906410205460393;13.58515197939828;18.405532737616216
1688376220;15.413224992158215;24.90601279656639;13.585946798765647;18.307670603009583
1688376221;15.46918798886715;24.911477168859044;13.585946798765647;18.35774422315348
1688376222;15.226814440843029;24.911477168859044;13.585946798765647;18.38049592754427
1688376223;15.369808859480106;24.917835711163217;13.586741618133013;17.952982460323607
1688376224;15.202915652212878;24.918332472280724;13.585946798765647;17.987159693120248
1688376225;15.113394773135768;24.918332472280724;13.586542913291167;17.9509954119052
1688376226;15.293631470721492;24.917537654492705;13.586542913291167;18.003354137730277
1688376227;15.44279974308802;24.918034415610222;13.586542913291167;18.037630722947828
1688376228;15.299207854735197;24.93641457695823;13.584953274556444;18.316413616050585
1688376229;15.42238619446643;24.93581846361722;13.584953274556444;18.003850899834873
1688376230;15.397690779548611;24.92955927353654;13.584953274556444;18.03296115916456
1688376231;15.210284445373844;24.935619759170212;13.584953274556444;17.9947104771102
1688376232;15.212076854521106;24.92906251241903;13.5857480939238;18.054719339346136
1688376233;15.425273964759246;24.935122998052694;13.5857480939238;18.072006660586304
1688376234;15.435530528213015;24.934526884711683;13.584953274556444;18.08303477930847
1688376235;15.170552709276219;24.924790366808413;13.5857480939238;18.104594254648198
1688376236;15.256588348344756;24.923200731232363;13.5857480939238;18.08989009635198
1688376237;15.199131677346433;24.922405913444344;13.584953274556444;18.123073804939406
1688376238;15.451463053966453;24.911477168859044;13.584953274556444;18.132313580085004
1688376239;15.21924649111015;24.911477168859044;13.584953274556444;18.307471898167737
1688376240;15.329579231952684;24.910284942177007;13.584953274556444;18.190037336639787
1688376241;15.26276220207422;24.910284942177007;13.58336363582171;18.157946504682478
1688376242;15.278296414683812;24.828518062234227;13.584953274556444;18.177022169499203
1688376243;15.43075077048699;24.83646624011445;13.586443560870244;18.155860103843146
1688376244;15.411333004724991;24.828319357787233;13.586443560870244;18.161523191835617
1688376245;15.417008967024648;24.82802130111672;13.585648741502887;18.11303921042644
1688376246;15.024371785488455;24.820867941024517;13.585648741502887;18.134996095449864
1688376247;15.138687657769346;24.820768588801013;13.585648741502887;18.161721896677452
1688376248;15.175730780146079;24.82047053213051;13.585648741502887;18.187851583379533
1688376249;15.179614333298485;24.82126534991853;13.585648741502887;18.203151856201284
1688376250;15.546958630201102;24.821364702142034;13.585648741502887;18.23464657363306
1688376251;15.534710501028147;24.8272264833287;13.58485392213552;18.21110004987492
1688376252;15.534710501028147;24.827127131105197;13.584059102768153;18.18447360106824
1688376253;15.534710501028147;24.839546159043035;13.585648741502887;18.159933553100892
1688376254;15.540983933043561;24.839546159043035;13.585648741502887;18.15327694089922
1688376255;15.540983933043561;24.83944680681953;13.58485392213552;18.153376293320143
1688376256;15.540983933043561;24.838453284584507;13.58485392213552;18.21179551682136
1688376257;15.540983933043561;24.837658466796487;13.58485392213552;18.1682791564582
1688376258;15.540983933043561;24.84560664467671;13.592901468230078;18.144434575437295
1688376259;15.540983933043561;24.845308588006198;13.591907944020875;18.140857888284167
1688376260;15.540983933043561;24.83904939792553;13.591907944020875;18.117112659684175
1688376261;15.540585619899726;24.85077296029885;13.591907944020875;18.11065475232435
1688376262;15.540585619899726;24.85047490362834;13.591113124653509;18.082538017203863
1688376263;15.540585619899726;24.84481182688869;13.591907944020875;18.121583518625595
1688376264;15.540585619899726;24.843917656877156;13.591907944020875;18.05422257724154
1688376265;15.540585619899726;24.85017684695784;13.598167146538865;18.06564810564739
1688376266;15.540585619899726;24.848984620275804;13.597372327171497;18.089293981826458
1688376267;15.540585619899726;24.850574255851843;13.597372327171497;18.09167843992855
1688376268;15.540585619899726;24.850673608075347;13.597372327171497;18.042896401256613
1688376269;15.540585619899726;24.8488852680523;13.597372327171497;18.068529325854087
1688376270;15.540585619899726;24.85504510590947;13.598167146538865;18.047367260198033
1688376271;15.540585619899726;24.85504510590947;13.598167146538865;18.03743201810598
1688376272;15.540585619899726;24.856634741485518;13.598167146538865;18.066939687119355
1688376273;15.540585619899726;24.855541867026986;13.598167146538865;18.055414806292582
1688376274;15.540585619899726;24.857131502603025;13.597372327171497;18.07379500416286
1688376275;15.540585619899726;24.857131502603025;13.603830234531323;18.083730246254916
1688376276;15.540585619899726;24.85703215037952;13.604426349056853;18.063064942703456
1688376277;15.540585619899726;24.856734093709022;13.603631529689487;18.11035669506159
1688376278;15.540585619899726;24.854349640344953;13.60283671032212;18.072602775111825
1688376279;15.540585619899726;24.854150935897945;13.60283671032212;18.065747458068316
1688376280;15.540585619899726;24.854945753685964;13.602041890954752;18.080849026048217
1688376281;15.540585619899726;24.854945753685964;13.603631529689487;18.12804142598543
1688376282;15.53909194561034;24.85405158367444;13.603631529689487;18.131816817980408
1688376283;15.53909194561034;24.86180105710766;13.605221168424208;18.124663443674127
1688376284;15.571753623404883;24.859317251520086;13.611480370942196;18.121881575888356
1688376285;15.570956997117214;24.872630449469458;13.61068555157483;18.104196844964527
1688376286;15.570956997117214;24.878094821762108;13.61068555157483;18.11880165083982
1688376287;15.570956997117214;24.88306243293725;13.611480370942196;18.1259550251461
1688376288;15.570956997117214;24.89548146087509;13.61068555157483;18.093566135926032
1688376289;15.570956997117214;24.890116440805944;13.604426349056853;18.119497117786267
1688376290;15.577230429132626;24.883459841831257;13.604426349056853;18.11641719273773
1688376291;15.576234646273035;24.87680324285657;13.596577507804131;18.10399814012268
1688376292;15.576234646273035;24.87730000397409;13.598167146538865;18.119795175049024
1688376293;15.576234646273035;24.880181218455665;13.596974917487813;18.15844326678708
1688376294;15.576234646273035;24.8777967650916;13.603234120005803;18.114926906423932
1688376295;15.576234646273035;24.870742757222907;13.603234120005803;18.134399980924332
1688376296;15.576234646273035;24.870742757222907;13.605618578107892;18.120788699258238
1688376297;15.576234646273035;24.871537575010926;13.604823758740526;18.13042588408752
1688376298;15.576234646273035;24.872729801692962;13.604823758740526;18.155562046580386
1688376299;15.576234646273035;24.883360489607753;13.598564556222536;18.14691838596031
1688376300;15.576234646273035;24.872332392798945;13.598564556222536;18.14065918344232
1688376301;15.582508078288448;24.869749234987882;13.59776973685518;18.136585734184585
1688376302;15.582508078288448;24.87600842506855;13.598564556222536;18.15476722721302
1688376303;15.582508078288448;24.876902595080075;13.61783892588111;18.140063068916803
1688376304;15.582508078288448;24.876902595080075;13.61783892588111;18.180797561494177
1688376305;15.582508078288448;24.6080554782816;13.617044106513742;18.142844936702573
1688376306;15.582508078288448;24.60586972936454;13.617143458934667;18.15019701585069
1688376307;15.582508078288448;24.606565194929065;13.617143458934667;18.16798109919544
1688376308;15.582508078288448;24.6078567738346;13.617739573460186;18.17483641623896
1688376309;15.582508078288448;24.599511187060365;13.617739573460186;18.150395720692526
1688376310;15.582508078288448;24.599213130389863;13.617739573460186;18.182089142966152
1688376311;15.582508078288448;24.600007948177883;13.617739573460186;18.194607548002118
1688376312;15.582508078288448;24.599213130389863;13.616944754092819;18.191527622953586
1688376313;15.582508078288448;24.60646584270556;13.616944754092819;18.17155778634858
1688376314;15.582508078288448;24.599809243730874;13.616944754092819;18.204344085252323
1688376315;15.582508078288448;24.599809243730874;13.616944754092819;18.21179551682136
1688376316;15.58678994458469;24.598716369272346;13.616944754092819;18.190236041481622
1688376317;15.583304704576118;24.598716369272346;13.616149934725463;18.193216614109232
1688376318;15.583304704576118;24.597822199260822;13.616149934725463;18.22530744606654
1688376319;15.583304704576118;24.60348527600048;13.616149934725463;18.22679773238034
1688376320;15.583304704576118;24.603982037117987;13.615355115358096;18.20484084735693
1688376321;15.583304704576118;24.603982037117987;13.616944754092819;18.175233825922632
1688376322;15.583304704576118;24.603982037117987;13.617739573460186;18.157648447419717
1688376323;15.583304704576118;24.603187219329968;13.616944754092819;18.179804037284974
1688376324;15.583304704576118;24.602293049318448;13.616249287146376;18.20225768441299
1688376325;15.583304704576118;24.603087867106467;13.616249287146376;18.219147595969474
1688376326;15.583304704576118;24.602293049318448;13.617044106513742;18.190236041481622
1688376327;15.583304704576118;24.602193697094943;13.616149934725463;18.036239789054942
1688376328;15.583304704576118;24.602988514882963;13.616149934725463;17.999777450577138
1688376329;15.583304704576118;24.602789810435954;13.616149934725463;18.007626291829848
1688376330;15.583304704576118;24.602789810435954;13.616149934725463;18.009613340248265
1688376331;15.58957813659153;24.601696935977422;13.615355115358096;18.056805740185467
1688376332;15.58957813659153;24.602491753765456;13.616149934725463;18.00434766193948
1688376333;15.58957813659153;24.602491753765456;13.616149934725463;18.003552842572113
1688376334;15.58957813659153;24.609545761634145;13.616149934725463;18.040015181049917
1688376335;15.58957813659153;24.60835353495211;13.615355115358096;18.033954683373764
1688376336;15.58957813659153;24.614513372809288;13.615355115358096;18.023721384018966
1688376337;15.58957813659153;24.607161308270076;13.615355115358096;18.011898445929432
1688376338;15.58957813659153;24.608750943846125;13.616149934725463;18.007427586988012
1688376339;15.58957813659153;24.6078567738346;13.616149934725463;18.026503251804737
1688376340;15.58957813659153;24.6078567738346;13.622409137243451;18.058792788603885
1688376341;15.58957813659153;24.613917259468266;13.621614317876086;18.019846639603067
1688376342;15.538494475894582;24.620673210666453;13.622409137243451;18.058296026499278
1688376343;15.532221043879169;24.620673210666453;13.622210432401605;18.023721384018966
1688376344;15.532221043879169;24.619878392878437;13.623104604189894;18.02690066148842
1688376345;15.532221043879169;24.619878392878437;13.623104604189894;18.011103626562065
1688376346;15.532221043879169;24.618984222866914;13.622309784822528;18.04786402230263
1688376347;15.532221043879169;24.61948098398442;13.622309784822528;18.061276599126895
1688376348;15.532221043879169;24.6186861661964;13.622309784822528;18.050149127983804
1688376349;15.532519778737052;24.624945356277074;13.622508489664364;18.068429973433165
1688376350;15.532519778737052;24.618388109525892;13.623303309031732;18.041505467363727
1688376351;15.532519778737052;24.619083575090407;13.623303309031732;18.037630722947828
1688376352;15.53232062216513;24.612228271668723;13.617044106513742;18.010010749931947
1688376353;15.53232062216513;24.612029567221715;13.61545446777902;18.01915117265662
1688376354;15.53232062216513;24.612824385009734;13.616249287146376;18.03445144547837
1688376355;15.53490965760006;24.61193021499821;13.616249287146376;18.022529154967913
1688376356;15.53490965760006;24.60507491157652;13.61545446777902;18.032166339797207
1688376357;15.53232062216513;24.603982037117987;13.61545446777902;18.016269952449925
1688376358;15.53232062216513;24.610737988316178;13.61545446777902;18.00077097478634
1688376359;15.53232062216513;24.610837340539682;13.615355115358096;18.017064771817292
1688376360;15.53232062216513;24.609744466081153;13.622409137243451;18.03584237937126
1688376361;15.519773758134303;24.597126733696296;13.623203956610809;18.032066987376282
1688376362;15.519773758134303;24.597722847037318;13.623203956610809;18.062369475757013
1688376363;15.519773758134303;24.596928029249298;13.623303309031732;18.022628507388838
1688376364;15.519773758134303;24.596530620355285;13.622508489664364;18.048460136828158
1688376365;15.519773758134303;24.596530620355285;13.621713670297009;18.016568009712696
1688376366;15.519773758134303;24.5973254381433;13.622508489664364;18.016468657291774
1688376367;15.519773758134303;24.597027381472802;13.621713670297009;18.01636930487085
1688376368;15.417307701882532;24.594444223661725;13.621713670297009;18.189639926956104
1688376369;15.850572824089982;24.60030600484839;13.615653172620856;18.61218577313073
1688376370;15.67561377566008;24.60567102491754;13.615653172620856;18.60642333271735
1688376371;15.7702131473211;24.608750943846125;13.615653172620856;18.565192078035363
1688376372;15.800484946252624;24.6080554782816;13.616447991988224;18.413083521606165
1688376373;15.72759364093066;24.607956126058106;13.616447991988224;18.413778988552608
1688376374;15.79500814052488;24.606863251599577;13.616447991988224;18.376124421023764
1688376375;15.82149596458996;24.607658069387593;13.616447991988224;18.400267059307428
1688376376;15.875865708723557;24.606863251599577;13.615653172620856;17.982291424495145
1688376377;15.571952779976794;24.60646584270556;13.615653172620856;17.954274041795582
1688376378;15.750496646701217;24.606962603823067;13.614858353253489;17.95397598453281
1688376379;15.71833286033647;24.60706195604657;13.614858353253489;17.98785516006669
1688376380;15.740837552963205;24.606763899376073;13.614858353253489;17.980006318813967
1688376381;15.692143771129263;24.605174263800023;13.616447991988224;17.937582835080946
1688376382;15.654901492180617;24.586396693558;13.615653172620856;17.996200763423996
1688376383;15.543772125050415;24.586297341334497;13.617044106513742;17.943245923073402
1688376384;15.819006507440992;24.579839446806815;13.617044106513742;17.91910328478974
1688376385;15.856149208103677;24.579839446806815;13.617044106513742;17.959241662841595
1688376386;15.847983788655052;24.579839446806815;13.616249287146376;17.922580619521955
1688376387;15.57742958570454;24.580534912371345;13.616249287146376;17.928541764777183
1688376388;15.718133703764558;24.574077017843653;13.61783892588111;17.96977301945917
1688376389;15.620049092094979;24.579442037912813;13.617044106513742;17.911552500799786
1688376390;15.71833286033647;24.580236855700832;13.616944754092819;17.92903852688178
1688376391;15.726199544927233;24.579143981242304;13.616149934725463;17.92089162836631
1688376392;15.75398188670979;24.57993879903032;13.616149934725463;17.937582835080946
1688376393;15.811637714280025;24.57993879903032;13.61456029599073;17.956559147476746
1688376394;15.686169073971733;24.579243333465804;13.613765476623374;17.960731949155406
1688376395;15.936309728300646;24.57805110678377;13.61456029599073;17.93986794076211
1688376396;15.608199276065859;24.57964074235981;13.61456029599073;17.969077552512726
1688376397;15.955827072348605;24.57884592457179;13.613765476623374;17.98368235838803
1688376398;15.685073712826181;24.572586734491118;13.613765476623374;17.952883107902696
1688376399;15.714847620327909;24.578647220124783;13.613864829044287;17.961228711260002
1688376400;15.610788311500789;24.58510511465246;13.614659648411653;17.916222064583042
1688376401;16.06466613890175;24.58391288797044;13.61545446777902;17.97563481229347
1688376402;15.914800818533514;24.58500576242897;13.61545446777902;17.96172547336461
1688376403;15.714548885470037;24.58431029686444;13.613864829044287;17.954472746637418
1688376404;15.626820415540188;24.590072725827604;13.620322736404123;17.960334539471724
1688376405;15.887615946466715;24.590072725827604;13.620124031562275;17.951889583693482
1688376406;15.726299123213195;24.589774669157094;13.608400445893665;17.982887539020666
1688376407;15.952839723769829;24.589774669157094;13.607605626526297;17.95755267168595
1688376408;15.783457059353633;24.589575964710086;13.607605626526297;17.944438152124455
1688376409;15.54765567820281;24.588383738028053;13.607605626526297;17.981595957548702
1688376410;15.596648194894625;24.5829193657354;13.601743833691993;17.980304376076727
1688376411;15.850971137233817;24.58371418352343;13.602141243375677;17.957950081369635
1688376412;15.827570240033461;24.571195803362077;13.602141243375677;17.981695309969613
1688376413;15.639765592714848;24.570897746691568;13.601346424008309;17.99331954321731
1688376414;15.883533236742398;24.577951754560267;13.59627945054137;17.99868457394701
1688376415;15.66446100763268;24.57695823232524;13.594292402122965;17.99719428763321
1688376416;15.920078467689336;24.57695823232524;13.59508722149032;17.979012794604763
1688376417;15.719428221482023;24.57695823232524;13.59508722149032;18.031570225271675
1688376418;15.635085413274785;24.57666017565473;13.59508722149032;18.003354137730277
1688376419;15.7719059781824;24.57606406231372;13.59508722149032;17.968382085566283
1688376420;15.78992964794097;24.5826213090649;13.594292402122965;17.969176904933647
1688376421;15.990878629006156;24.58888049914557;13.596676860225054;17.96232158789013
1688376422;15.689056844264538;24.56930811111553;13.596676860225054;18.00176449899554
1688376423;15.808451209129338;24.56930811111553;13.596676860225054;18.027894185697622
1688376424;15.742928696968338;24.570202281127052;13.595882040857688;18.011103626562065
1688376425;15.840913730351957;24.570202281127052;13.602141243375677;18.011202978982986
1688376426;15.740737974677243;24.576362118984218;13.602141243375677;18.11363532495196
1688376427;15.872579625286908;24.576362118984218;13.602936062743042;18.00166514657463
1688376428;15.872579625286908;24.576262766760713;13.602141243375677;18.000870327207263
1688376429;15.487809128341478;24.582223900170884;13.602141243375677;18.075881405002193
1688376430;15.672925161939188;24.58232325239439;13.601346424008309;18.10379943528084
1688376431;15.546958630201102;24.587986329134047;13.601346424008309;18.085915999515155
1688376432;15.79500814052488;24.58828438580456;13.601346424008309;18.104097492543602
1688376433;15.760354897011153;24.58828438580456;13.602141243375677;18.04518150693778
1688376434;15.924858225415361;24.5934507014267;13.601346424008309;18.075483995318507
1688376435;15.732074663798812;24.594444223661725;13.601346424008309;18.077471043736924
1688376436;15.866007458413623;24.600107300401387;13.601346424008309;18.07041702185157
1688376437;16.199793872948064;24.599213130389863;13.600551604640954;18.658583353700575
1688376438;15.72938605007792;24.60507491157652;13.602141243375677;18.655006666547447
1688376439;15.655299805324452;24.60567102491754;13.597074269908738;18.029682529274194
1688376440;15.494978764930522;24.599610539283866;13.596478155383206;18.14244752701889
1688376441;15.73964261353169;24.598517664825337;13.60194253853384;18.069125440379608
1688376442;15.782760011351925;24.59285458808568;13.596478155383206;18.05988566523401
1688376443;15.629409450975118;24.584409649087945;13.59568333601585;18.163907649937705
1688376444;15.611485359502508;24.584807057981962;13.59568333601585;18.07379500416286
1688376445;15.775988687906716;24.584807057981962;13.589424133497863;18.05690509260639
1688376446;15.787241034220079;24.584012240193932;13.589424133497863;18.069224792800533
1688376447;16.441370794684506;24.585502523546477;13.588629314130497;18.07379500416286
1688376448;16.04146439827331;24.585502523546477;13.590020248023382;18.651330626973383
1688376449;15.615568069226827;24.58431029686444;13.590020248023382;18.040810000417284
1688376450;15.518180505558954;24.585701227993482;13.595484631174005;18.059289550708478
1688376451;15.641956315005945;24.579243333465804;13.595484631174005;18.07667622436956
1688376452;15.929339248283513;24.591761713627147;13.595484631174005;18.52396082335338
1688376453;15.791921213660153;24.591761713627147;13.59468981180665;18.02203239286332
1688376454;15.656196009898082;24.590668839168618;13.59627945054137;18.091281030244865
1688376455;15.637774026995677;24.590668839168618;13.595484631174005;18.06048177975953
1688376456;15.77887645819952;24.590370782498116;13.595484631174005;18.06892673553776
1688376457;15.750994538131014;24.589575964710086;13.595484631174005;18.644773367192634
1688376458;15.872878360144782;24.589575964710086;13.59468981180665;18.277666171891617
1688376459;15.594158737745644;24.589575964710086;13.595484631174005;18.088797219721855
1688376460;15.665855103636106;24.590271430274612;13.59627945054137;18.07518593805575
1688376461;15.531026104447665;24.5898740213806;13.595484631174005;18.0904862108775
1688376462;15.855153425244096;24.588781146922067;13.595484631174005;18.093864193188793
1688376463;15.896876727060894;24.588781146922067;13.595484631174005;18.68908454692315
1688376464;15.758064596434107;24.589476612486582;13.595484631174005;18.105786483699248
1688376465;15.458632690555497;24.60100147041291;13.59468981180665;18.0982356997093
1688376466;15.743227431826213;24.60726066049358;13.595484631174005;18.040810000417284
1688376467;15.8403162606362;24.60726066049358;13.601743833691993;18.029781881695108
1688376468;15.63130143840834;24.6078567738346;13.601743833691993;18.12714725419714
1688376469;15.783656215925557;24.60706195604657;13.600949014324637;18.07011896458881
1688376470;15.751691586132733;24.60129952708342;13.614063533886133;18.09267196413775
1688376471;15.82567825260024;24.602193697094943;13.608996560419184;18.04210158188925
1688376472;15.821396386303999;24.600802765965902;13.60700951200078;18.034550797899296
1688376473;15.720921895771411;24.587986329134047;13.60700951200078;18.081345788152824
1688376474;15.910518952237274;24.587191511346028;13.60700951200078;18.047367260198033
1688376475;15.826176144030036;24.59504033700274;13.60700951200078;18.071211841218936
1688376476;15.826176144030036;24.594940984779235;13.606214692633412;18.067436449223962
1688376477;15.832449576045448;24.600107300401387;13.607804331368145;18.017660886342814
1688376478;15.832449576045448;24.593848110320703;13.607804331368145;18.01477966613613
1688376479;15.832449576045448;24.594344871438224;13.606214692633412;17.993816305321907
1688376480;15.832449576045448;24.589277908039588;13.601545128850157;18.037233313264146
1688376481;15.838324694917027;24.587092159122527;13.601545128850157;18.028192242960383
1688376482;15.838324694917027;24.577057584548744;13.602339948217523;18.04279704883569
1688376483;15.838125538345105;24.574176370067157;13.602339948217523;17.991928609324425
1688376484;16.01417994792056;24.57964074235981;13.602339948217523;17.9995787457353
1688376485;15.298411228447527;24.58103167348885;13.602339948217523;18.010010749931947
1688376486;15.371402112055444;24.579442037912813;13.602339948217523;17.987457750383008
1688376487;15.697421420285096;24.580137503477328;13.601545128850157;17.989146741538654
1688376488;15.544867486195956;24.57993879903032;13.602339948217523;18.014382256452443
1688376489;15.3736924126325;24.58073361681834;13.601545128850157;17.973548411454143
1688376490;15.425273964759246;24.592556531415177;13.607804331368145;18.00315543288843
1688376491;15.604714036057299;24.599014425942855;13.60700951200078;18.00176449899554
1688376492;15.604714036057299;24.603982037117987;13.60700951200078;18.12555761546242
1688376493;15.375982713209558;24.603087867106467;13.60700951200078;17.97523740260979
1688376494;15.481635274612016;24.603882684894486;13.607804331368145;17.970766543668372
1688376495;15.321712547361921;24.609843818304654;13.607804331368145;17.966792446831548
1688376496;15.269234790661546;24.603584628223985;13.607804331368145;17.98904738911773
1688376497;15.898967871066038;24.602789810435954;13.607804331368145;18.060680484601367
1688376498;15.994961338730473;24.602789810435954;13.60700951200078;17.969474962196408
1688376499;15.99725163930753;24.602491753765456;13.607804331368145;17.994015010163757
1688376500;15.995957121590065;24.596232563684772;13.607804331368145;17.991233142377983
1688376501;15.995957121590065;24.59533839367325;13.607804331368145;17.970269781563765
1688376502;15.995957121590065;24.577852402336763;13.60700951200078;17.98010567123489
1688376503;16.002031397033566;24.57695823232524;13.60700951200078;17.97404517355874
1688376504;16.002031397033566;24.57695823232524;13.606214692633412;17.986563578594716
1688376505;16.002031397033566;24.588979851369075;13.607804331368145;17.977522508290956
1688376506;16.002031397033566;24.588979851369075;13.607804331368145;17.995803353740325
1688376507;16.002031397033566;24.582521956841397;13.620322736404123;17.989146741538654
1688376508;16.002031397033566;24.570003576680044;13.620322736404123;18.000274212681745
1688376509;16.002031397033566;24.569804872233036;13.619527917036756;17.97911214702569
1688376510;16.002031397033566;24.577554345666254;13.620322736404123;17.998187811842413
1688376511;16.014578261064393;24.57745499344275;13.619527917036756;17.984477177755387
1688376512;16.014578261064393;24.5826213090649;13.619527917036756;17.976330279239917
1688376513;16.01328374334693;24.58232325239439;13.619527917036756;18.021535630758713
1688376514;16.01328374334693;24.583118070182408;13.619527917036756;17.948909011065872
1688376515;16.01328374334693;24.583118070182408;13.619130507353072;17.9728529445077
1688376516;16.01328374334693;24.582820013511906;13.617938278302022;18.0175615339219
1688376517;16.01328374334693;24.58202519572388;13.619527917036756;17.85462356361237
1688376518;16.01328374334693;24.58202519572388;13.619527917036756;17.834057612481846
1688376519;16.01328374334693;24.581925843500375;13.620322736404123;17.838826528686024
1688376520;16.01328374334693;24.580932321265347;13.620322736404123;17.841310339209038
1688376521;16.01328374334693;24.580932321265347;13.620124031562275;17.83922393836971
1688376522;16.01328374334693;24.5934507014267;13.620918850929641;17.842105158576405
1688376523;16.01328374334693;24.59364940587371;13.620918850929641;17.843396740048366
1688376524;16.01328374334693;24.5934507014267;13.620918850929641;17.83415696490276
1688376525;16.01328374334693;24.592556531415177;13.620720146087795;17.85154363856384
1688376526;16.01328374334693;24.593251996979692;13.620124031562275;17.844787673941255
1688376527;15.066792135306972;24.585999284663995;13.620124031562275;17.812398784721182
1688376528;15.066792135306972;24.585800580216986;13.620124031562275;17.837634299634974
1688376529;15.05723261985491;24.593053292532684;13.61932921219491;17.832865383430796
1688376530;15.06908243588403;24.587787624687042;13.61932921219491;17.83634271816301
1688376531;15.13998217548681;24.581131025712356;13.619130507353072;17.82273143649691
1688376532;15.13998217548681;24.579839446806815;13.619130507353072;17.815975471874324
1688376533;15.13998217548681;24.57993879903032;13.61992532672044;17.812696841983943
1688376534;15.13998217548681;24.58589993244049;13.61992532672044;17.832169916484354
1688376535;15.146255607502223;24.59146365695665;13.61992532672044;17.830282220486872
1688376536;15.158105423531342;24.59146365695665;13.61992532672044;17.84627796025505
1688376537;15.07077526674533;24.592159122521164;13.619130507353072;17.791435423906975
1688376538;15.072268941034716;24.585800580216986;13.61992532672044;17.808822097568054
1688376539;15.084118757063836;24.584807057981962;13.61366612420245;17.804947353152155
1688376540;15.084118757063836;24.584807057981962;13.614063533886133;17.82014827355298
1688376541;15.084118757063836;24.58560187576998;13.612871304835084;17.812597489563032
1688376542;15.084118757063836;24.585502523546477;13.606612102317095;17.834256317323682
1688376543;15.084118757063836;24.596232563684772;13.605817282949728;17.81468389040236
1688376544;15.084118757063836;24.596232563684772;13.607406921684461;17.828891286593983
1688376545;15.084118757063836;24.54069467074673;13.607406921684461;17.841409691629963
1688376546;15.084118757063836;24.53980050073521;13.607406921684461;17.81468389040236
1688376547;15.084118757063836;24.539601796288203;13.607406921684461;17.816670938820767
1688376548;15.084118757063836;24.5286730517029;13.606612102317095;17.800079084527056
1688376549;15.084118757063836;24.52946786949092;13.606612102317095;17.832467973747114
1688376550;15.09039218907925;24.53493224178357;13.614659648411653;17.800675199052574
1688376551;15.09039218907925;24.535329650677586;13.61366612420245;17.843396740048366
1688376552;15.096665621094662;24.534534832889566;13.613566771781526;17.8246191324944
1688376553;15.102939053110076;24.540794022970235;13.61277195241416;17.78159953423585
1688376554;15.102939053110076;24.539899852958712;13.606910159579854;17.800476494210738
1688376555;15.102939053110076;24.541290784087742;13.605717930528815;17.821340502604023
1688376556;15.102939053110076;24.540396614076222;13.61277195241416;17.770174005829997
1688376557;15.102939053110076;24.540396614076222;13.61277195241416;17.792329595695257
1688376558;15.102939053110076;24.53930373961769;13.613566771781526;17.812597489563032
1688376559;15.102939053110076;24.53930373961769;13.6022405957966;17.79163412874881
1688376560;15.102939053110076;24.54009855740571;13.60104836674555;17.807927925779765
1688376561;15.102939053110076;24.53980050073521;13.608102388630904;17.79848944579232
1688376562;15.102939053110076;24.526984063903345;13.608102388630904;17.763616746049248
1688376563;15.102939053110076;24.526884711679852;13.608102388630904;17.769478538883554
1688376564;15.119767783437144;24.52608989389182;13.607307569263538;17.79391923442999
1688376565;15.119767783437144;24.525791837221323;13.606512749896172;17.785672983493583
1688376566;15.119767783437144;24.525791837221323;13.606612102317095;17.785076868968062
1688376567;15.119767783437144;24.526586655009343;13.607406921684461;17.79193218601157
1688376568;15.119767783437144;24.528176290585378;13.606612102317095;17.76510703236306
1688376569;15.119767783437144;24.52738147279736;13.606612102317095;17.791435423906975
1688376570;15.119767783437144;24.532746492866508;13.606612102317095;17.786269098019115
1688376571;15.106125558260764;24.545860986368872;13.59955808043175;17.793521824746307
1688376572;15.106125558260764;24.545761634145368;13.601147719166473;17.79272700537894
1688376573;15.106125558260764;24.557187139848192;13.601147719166473;17.781102772131252
1688376574;15.106125558260764;24.563446329928862;13.601147719166473;17.79193218601157
1688376575;15.106125558260764;24.557286492071697;13.601147719166473;17.799482970001534
1688376576;15.106125558260764;24.557385844295197;13.600352899799105;17.805543467677676
1688376577;15.106125558260764;24.557385844295197;13.60194253853384;17.773353283299453
1688376578;15.106125558260764;24.557385844295197;13.601147719166473;17.782593058445052
1688376579;15.106125558260764;24.556591026507167;13.601147719166473;17.775539036559707
1688376580;15.106125558260764;24.550828597544015;13.59568333601585;17.779711838238367
1688376581;15.106125558260764;24.550033779755985;13.59568333601585;17.774644864771417
1688376582;15.106125558260764;24.549139609744465;13.594888516648485;17.755966609638374
1688376583;15.106125558260764;24.554603982037115;13.594888516648485;17.778420256766392
1688376584;15.106125558260764;24.555895560942652;13.59568333601585;17.789050965804886
1688376585;15.106125558260764;24.561558637682314;13.59568333601585;17.795210815901953
1688376586;15.106125558260764;24.567221714421972;13.594888516648485;17.760139411317034
1688376587;15.106125558260764;24.56801653220999;13.594888516648485;17.796800454636674
1688376588;15.106125558260764;24.567917179986487;13.594888516648485;17.785474278651748
1688376589;15.106125558260764;24.568612645551003;13.590616362548902;17.785275573809912
1688376590;15.106125558260764;24.5612605810118;13.589424133497863;17.796303692532078
1688376591;15.106125558260764;24.5612605810118;13.594888516648485;17.797992683687724
1688376592;15.106125558260764;24.55500139093113;13.593894992439282;17.746428777230015
1688376593;15.106125558260764;24.553809164249095;13.593894992439282;17.779413780975606
1688376594;15.106125558260764;24.546457099709894;13.59468981180665;17.742554032814116
1688376595;15.106125558260764;24.547251917497913;13.59468981180665;17.789050965804886
1688376596;15.134405791473116;24.553312403131578;13.60015419495727;17.772856521194857
1688376597;15.134405791473116;24.553511107578586;13.600949014324637;17.81468389040236
1688376598;15.134405791473116;24.545860986368872;13.600949014324637;17.773154578457618
1688376599;15.134405791473116;24.54665580415689;13.600949014324637;17.768882424358033
1688376600;15.134405791473116;24.545860986368872;13.60015419495727;17.795310168322874
1688376601;15.130721394892632;24.545960338592376;13.607804331368145;17.757854305635867
1688376602;15.130721394892632;24.53850892182967;13.60700951200078;17.740368279553863
1688376603;15.143965306925168;24.53910503517068;13.606015987791576;17.805841524940437
1688376604;15.37438946063422;24.539204387394186;13.606015987791576;18.289389757560226
1688376605;15.246232206605026;24.539005682947177;13.606015987791576;18.266538700748526
1688376606;15.34630838399379;24.53850892182967;13.606810807158942;18.27806358157529
1688376607;15.249717446613587;24.53652187735962;13.606015987791576;18.303497801330927
1688376608;15.091885863368637;24.53930373961769;13.606015987791576;18.252828066661497
1688376609;15.067887496452526;24.538906330723687;13.606015987791576;18.249450084350205
1688376610;15.392014817248956;24.537813456265155;13.606015987791576;18.250940370664015
1688376611;15.113195616563857;24.546159043039385;13.605221168424208;17.859789889500234
1688376612;15.23896299173002;24.545066168580853;13.616348639567299;17.787163269807394
1688376613;15.362639222891062;24.54447005523983;13.622607842085287;17.771266882460125
1688376614;15.421589568178762;24.543973294122324;13.621813022717921;17.808722745147133
1688376615;14.9820510139559;24.544569407463335;13.608301093472742;17.782791763286898
1688376616;15.113693507993641;24.549934427532484;13.608301093472742;17.743150147339637
1688376617;15.108615015409743;24.54953701863848;13.609890732207475;17.757456895952185
1688376618;15.162785602971418;24.55072924532051;13.604426349056853;17.762126459735438
1688376619;15.326591883373908;24.550431188650002;13.599359375589904;17.766497966255944
1688376620;15.327388509661589;24.548543496403454;13.598167146538865;17.767789547727908
1688376621;15.49388340378497;24.554802686484123;13.598167146538865;17.76311998394465
1688376622;15.273118343813952;24.529964630608436;13.597372327171497;17.72039844294886
1688376623;15.410735535009234;24.529666573937924;13.598067794117942;17.807331811254244
1688376624;15.253202686622158;24.52847434725589;13.598067794117942;17.732022676196546
1688376625;15.509915507824367;24.530461391725943;13.597272974750574;17.838826528686024
1688376626;15.319422246784864;24.53632317291261;13.603532177268562;17.759642649212438
1688376627;15.191862462471429;24.53542900290109;13.603532177268562;17.76242451699821
1688376628;15.215263359671793;24.529765926161428;13.602737357901196;17.7609342306844
1688376629;15.066194665591226;24.530560743949447;13.60194253853384;17.775638388980617
1688376630;15.201123243065616;24.530560743949447;13.603532177268562;17.765305737204894
1688376631;15.244240640885852;24.53681993403012;13.60979137978655;17.738579935977295
1688376632;15.183995777880677;24.535627707348095;13.608996560419184;17.74712424417646
1688376633;15.399184453838;24.535627707348095;13.608996560419184;17.960632596734484
1688376634;15.401176019557173;24.534435480666062;13.60979137978655;17.793223767483546
1688376635;15.399981080125668;24.535627707348095;13.60979137978655;17.81647223397893
1688376636;15.399981080125668;24.53413742399555;13.608996560419184;17.78646780286095
1688376637;15.399981080125668;24.540992727417244;13.60979137978655;17.812398784721182
1688376638;15.406254512141082;24.539899852958712;13.60979137978655;17.7750422744551
1688376639;15.40525872928149;24.541290784087742;13.60979137978655;17.772558463932086
1688376640;15.40525872928149;24.539899852958712;13.610586199153918;17.83147444953791
1688376641;15.360149765742081;24.547848030838924;13.60979137978655;17.804649295889398
1688376642;15.067290026736767;24.547848030838924;13.608996560419184;17.80117196115718
1688376643;15.081031830199109;24.559969002106264;13.608996560419184;17.815975471874324
1688376644;14.966417223060336;24.558776775424228;13.60979137978655;17.802264837787305
1688376645;15.141276693204276;24.558776775424228;13.60979137978655;17.856511259609864
1688376646;15.275806957534844;24.56632754441045;13.608996560419184;17.80743116367517
1688376647;14.903384168048317;24.55907483209474;13.608996560419184;17.847569541727026
1688376648;15.0742605067539;24.56046576322378;13.608996560419184;
1688376649;15.154719761808744;24.559472240988754;13.608996560419184;
1688376650;15.204210169930343;24.553213050908084;13.608201741051829;18.074689175951153
1688376651;15.063406473584372;24.547450621944922;13.614659648411653;17.804053181363866
1688376652;14.955961503034654;24.534038071772045;13.60979137978655;17.844191559415723
1688376653;15.057630932998755;24.527977586138384;13.608201741051829;17.77077012035553
1688376654;14.963529452767531;24.527778881691376;13.608201741051829;17.801768075682702
1688376655;15.05205454898505;24.528772403926403;13.60979137978655;17.80206613294546
1688376656;15.052353283842923;24.53473353733656;13.616249287146376;17.804649295889398
1688376657;15.193953606476573;24.533541310654527;13.616845401671906;17.801370665999016
1688376658;15.03582328837374;24.514167627071494;13.616845401671906;17.82034697839482
1688376659;14.974881377366856;24.513174104836466;13.616845401671906;17.830977687433315
1688376660;15.081330565056984;24.51406827484799;13.616845401671906;17.827500352701097
1688376661;15.15282777437552;24.513174104836466;13.623203956610809;18.105091016752805
1688376662;15.120166096580977;24.519930056034656;13.622409137243451;17.822334026813238
1688376663;15.120166096580977;24.518539124905615;13.621614317876086;17.812398784721182
1688376664;15.12882940745941;24.518241068235103;13.623203956610809;17.822632084075995
1688376665;15.12803278117174;24.518042363788105;13.62211107998068;17.788454851279354
1688376666;15.12803278117174;24.51923459047013;13.621216908192402;17.7978933312668
1688376667;15.12803278117174;24.519631999364144;13.620422088825034;17.798886855476002
1688376668;15.12803278117174;24.518539124905615;13.620422088825034;17.796502397373914
1688376669;15.134306213187154;24.517744307117596;13.620422088825034;17.832269268905275
1688376670;15.134306213187154;24.51873782935262;13.621216908192402;17.812895546825793
1688376671;15.134306213187154;24.516949489329576;13.620223383983198;17.82541395186177
1688376672;15.134306213187154;24.51714819377657;13.620223383983198;17.830778982591468
1688376673;15.139085970913179;24.524400906092282;13.620223383983198;17.79183283359066
1688376674;15.133509586899486;24.524400906092282;13.619428564615832;17.839521995632467
1688376675;15.133509586899486;24.524301553868778;13.621813022717921;17.833660202798164
1688376676;15.13311127375564;24.523208679410246;13.621813022717921;17.810908498407386
1688376677;15.13311127375564;24.52946786949092;13.621813022717921;17.795111463481028
1688376678;15.13311127375564;24.53652187735962;13.620223383983198;17.857504783819067
1688376679;15.13311127375564;24.53523029845408;13.608400445893665;17.842999330364684
1688376680;15.13311127375564;24.54119143186424;13.607704978947222;17.834951784270125
1688376681;15.13311127375564;24.539403091841194;13.607704978947222;17.769180481620793
1688376682;15.13311127375564;24.529666573937924;13.608499798314588;17.82700359059649
1688376683;15.437721250504111;24.52708341612685;13.608499798314588;17.843694797311127
1688376684;15.437721250504111;24.526984063903345;13.608499798314588;17.858697012870117
1688376685;15.437721250504111;24.528573699479395;13.607704978947222;17.856213202347103
1688376686;15.437721250504111;24.535727059571588;13.607704978947222;17.83892588110695
1688376687;15.437721250504111;24.53473353733656;13.608499798314588;17.823625608285198
1688376688;15.443994682519534;24.52847434725589;13.608499798314588;17.783983992337937
1688376689;15.443994682519534;24.52897110837341;13.607704978947222;17.839919405316152
1688376690;15.443994682519534;24.52847434725589;13.606711454738019;17.807232458833322
1688376691;15.443994682519534;24.53364066287803;13.606711454738019;17.800476494210738
1688376692;15.443994682519534;24.54009855740571;13.606711454738019;17.804947353152155
1688376693;15.443994682519534;24.54009855740571;13.606711454738019;17.80782857335884
1688376694;15.443994682519534;24.54009855740571;13.607506274105386;17.812994899246714
1688376695;15.443994682519534;24.539005682947177;13.609095912840107;17.82312884618059
1688376696;15.443994682519534;24.533541310654527;13.609095912840107;17.796502397373914
1688376697;15.443994682519534;24.532845845090012;13.608301093472742;17.79997973210613
1688376698;15.443994682519534;24.532845845090012;13.608301093472742;17.796204340111153
1688376699;15.443994682519534;24.526586655009343;13.608301093472742;17.797595274004042
1688376700;15.443994682519534;24.525295076103802;13.609095912840107;17.80057584663165
1688376701;15.443994682519534;24.526884711679852;13.608301093472742;17.816571586399842
1688376702;15.443994682519534;24.526586655009343;13.608102388630904;17.783288525391495
1688376703;15.443994682519534;24.532845845090012;13.607307569263538;17.678869131004117
1688376704;15.443994682519534;24.53195167507849;13.606512749896172;17.66486043965433
1688376705;15.443994682519534;24.53165361840798;13.608102388630904;17.659594761345552
1688376706;15.443994682519534;24.538608274053175;13.608102388630904;17.654428435457692
1688376707;15.443994682519534;24.544867464133844;13.608102388630904;17.658501884715427
1688376708;15.443994682519534;24.545562929698363;13.613566771781526;17.660290228292
1688376709;15.443994682519534;24.545662281921864;13.613566771781526;17.69873961518821
1688376710;15.443994682519534;24.544569407463335;13.613566771781526;17.68145229394804
1688376711;15.443994682519534;24.550828597544015;13.614361591148894;17.658104475031745
1688376712;15.443994682519534;24.538111512935657;13.613566771781526;17.63425989401084
1688376713;15.443994682519534;24.534534832889566;13.613566771781526;17.672808633327964
1688376714;15.443994682519534;24.5325477884195;13.613566771781526;17.697944795820842
1688376715;15.492788042639427;24.5325477884195;13.614361591148894;17.64836793778154
1688376716;15.492788042639427;24.53711799070063;13.613566771781526;17.65979346618739
1688376717;15.492788042639427;24.543973294122324;13.61515641051626;17.667841012281947
1688376718;15.499061474654841;24.53066009617295;13.61515641051626;17.706389751599072
1688376719;15.499061474654841;24.529865278384932;13.614361591148894;17.693871346563107
1688376720;15.499061474654841;24.529666573937924;13.608102388630904;17.71413924043087
1688376721;15.499061474654841;24.530262687278935;13.608102388630904;17.63883010537318
1688376722;15.499061474654841;24.536223820689106;13.608102388630904;17.64449319336564
1688376723;15.505334906670253;24.534832889560064;13.608897207998272;17.629987739911257
1688376724;15.270130995235176;24.541787545205263;13.608897207998272;18.204443437673245
1688376725;14.662803029171457;24.54148948853475;13.608897207998272;18.197488768208814
1688376726;14.802013472942088;24.540595318523227;13.608102388630904;18.08690952372436
1688376727;14.992008842551796;24.542184954099277;13.613566771781526;18.018952467814785
1688376728;14.942020543000389;24.541290784087742;13.614361591148894;18.071509898481697
1688376729;14.931564822974696;24.541290784087742;13.614361591148894;18.052831643348654
1688376730;14.806494495810242;24.541092079640748;13.613566771781526;17.565905428417572
1688376731;15.038910215238467;24.541092079640748;13.613566771781526;17.646182184521287
1688376732;14.683913625794764;24.546159043039385;13.61366612420245;17.62978903506942
1688376733;14.736690117353014;24.552418233120054;13.619130507353072;17.65532260724597
1688376734;15.003858658580915;24.55152406310853;13.621514965455162;17.594419573221742
1688376735;15.006248537443923;24.552914994237575;13.621514965455162;17.632868960117953
1688376736;14.572983415236473;24.558379366530225;13.621514965455162;17.619655088135534
1688376737;14.692776093245108;24.564638556610895;13.627078701026708;17.628199396334686
1688376738;14.692776093245108;24.565433374398914;13.62687999618487;17.631974788329664
1688376739;14.693373562960865;24.56523466995192;13.627674815552226;17.628199396334686
1688376740;14.692576936673184;24.564936613281407;13.619825974299516;17.6268084624418
1688376741;14.692576936673184;24.564141795493388;13.619825974299516;17.598691727321324
1688376742;14.699447838404357;24.54605969081588;13.61992532672044;17.620648612344738
1688376743;14.699447838404357;24.552914994237575;13.61992532672044;17.596903383744756
1688376744;14.699447838404357;24.55231888089655;13.61992532672044;17.630782559278625
1688376745;14.708708618998545;24.551822119779043;13.620720146087795;17.62770263423009
1688376746;14.714982051013958;24.54447005523983;13.620720146087795;17.65075239588363
1688376747;14.721255483029372;24.54605969081588;13.61992532672044;17.63644564727108
1688376748;14.721255483029372;24.54526487302786;13.61992532672044;17.632570902855193
1688376749;14.721255483029372;24.538906330723687;13.61992532672044;17.639525572319627
1688376750;14.721255483029372;24.53850892182967;13.61992532672044;17.606540568574037
1688376751;14.721056326457449;24.545562929698363;13.620720146087795;17.623231775288673
1688376752;14.721056326457449;24.55062989309701;13.620720146087795;17.627007167283647
1688376753;14.721056326457449;24.543774589675316;13.61992532672044;17.664463029970655
1688376754;14.721056326457449;24.543178476334305;13.621514965455162;17.655521312087807
1688376755;14.721056326457449;24.54466875968684;13.620720146087795;17.61717127761252
1688376756;14.721056326457449;24.538310217382666;13.620720146087795;17.649659519253504
1688376757;14.721056326457449;24.536422525136114;13.621514965455162;17.627007167283647
1688376758;14.727329758472862;24.53681993403012;13.616447991988224;17.601175537844327
1688376759;14.727329758472862;24.53681993403012;13.614460943569817;17.607136683099554
1688376760;14.727329758472862;24.5360251162421;13.614460943569817;17.60634186373219
1688376761;14.78677799519037;24.53681993403012;13.614460943569817;17.59521439258911
1688376762;14.783093598609886;24.53681993403012;13.615255762937172;17.615184229194114
1688376763;14.783093598609886;24.53552835512459;13.615255762937172;17.617568687296203
1688376764;14.786280103760575;24.54198624965227;13.615255762937172;17.613495238038468
1688376765;14.786280103760575;24.543178476334305;13.61366612420245;17.63634629485017
1688376766;14.786280103760575;24.543178476334305;13.61366612420245;17.62889486328113
1688376767;14.786280103760575;24.548642848626955;13.620720146087795;17.620847317186584
1688376768;14.786280103760575;24.548642848626955;13.61992532672044;17.62253630834223
1688376769;14.786280103760575;24.547848030838924;13.619825974299516;17.620251202661052
1688376770;14.786280103760575;24.54119143186424;13.607307569263538;17.643400316735512
1688376771;14.786280103760575;24.54119143186424;13.608698503156425;17.656713541138856
1688376772;14.786280103760575;24.540396614076222;13.61277195241416;17.625119471286155
1688376773;14.786280103760575;24.54148948853475;13.61008943704931;17.6384326956895
1688376774;14.786280103760575;24.54069467074673;13.608897207998272;17.639426219898702
1688376775;14.786280103760575;24.540595318523227;13.608897207998272;17.63296831253888
1688376776;14.786280103760575;24.540297261852718;13.608102388630904;17.6399229820033
1688376777;14.786280103760575;24.54089337519374;13.61336806693969;17.622735013184066
1688376778;14.786280103760575;24.539601796288203;13.614162886307046;17.637836581163967
1688376779;14.786280103760575;24.53085880061996;13.61336806693969;18.081345788152824
1688376780;14.786280103760575;24.529666573937924;13.61336806693969;18.094559660135236
1688376781;14.786280103760575;24.529666573937924;13.61336806693969;18.09108232540302
1688376782;14.786280103760575;24.535826411795092;13.608301093472742;18.034153388215614
1688376783;14.786280103760575;24.53542900290109;13.606314045054335;17.953777279690975
1688376784;14.786280103760575;24.536223820689106;13.606314045054335;17.951094764326125
1688376785;14.786280103760575;24.54327782855781;13.607903683789058;17.961526768522774
1688376786;14.786280103760575;24.548642848626955;13.607108864421702;17.572760745461082
1688376787;14.786280103760575;24.542184954099277;13.607108864421702;17.572760745461082
1688376788;14.786280103760575;24.541390136311247;13.607108864421702;17.592134467540564
1688376789;14.786280103760575;24.541787545205263;13.607903683789058;17.58418627386693
1688376790;14.786280103760575;24.541787545205263;13.607108864421702;17.579417357662752
1688376791;14.786280103760575;24.542582362993283;13.607108864421702;17.55110191770043
1688376792;14.786280103760575;24.542582362993283;13.607108864421702;17.595115040168185
1688376793;14.789068295767427;24.54844414417995;13.607903683789058;17.573754269670296
1688376794;14.791657331202357;24.5468545086039;13.607903683789058;17.580410881871956
1688376795;14.791657331202357;24.54764932639193;13.608698503156425;17.539875094136413
1688376796;14.791657331202357;24.54764932639193;13.607903683789058;17.558851406532227
1688376797;14.791657331202357;24.546556451933398;13.607903683789058;17.547425878126376
1688376798;14.791657331202357;24.546556451933398;13.607903683789058;17.58418627386693
1688376799;14.791657331202357;24.54705321305091;13.607903683789058;17.563918379999166
1688376800;14.804204195233183;24.54705321305091;13.608698503156425;17.57454908903765
1688376801;14.804204195233183;24.54625839526289;13.608698503156425;17.55447990001172
1688376802;14.804204195233183;24.533740015101536;13.607903683789058;17.546730411179933
1688376803;14.804204195233183;24.53493224178357;13.607903683789058;17.54245825708035
1688376804;14.803606725517437;24.533740015101536;13.607108864421702;17.54325307644772
1688376805;14.803606725517437;24.54625839526289;13.607108864421702;17.549214221702936
1688376806;14.803606725517437;24.54466875968684;13.607704978947222;17.57872189071631
1688376807;14.803606725517437;24.552219528673046;13.619428564615832;17.544644010340605
1688376808;14.803606725517437;24.545860986368872;13.619428564615832;17.549710983807543
1688376809;14.803606725517437;24.54496681635735;13.619428564615832;17.578324481032624
1688376810;14.803606725517437;24.54496681635735;13.618633745248465;17.575244555984092
1688376811;14.80988015753285;24.54546357747487;13.618633745248465;17.55050580317491
1688376812;14.80988015753285;24.54466875968684;13.621018203350566;17.546531706338087
1688376813;14.80988015753285;24.557385844295197;13.621018203350566;17.605348339522987
1688376814;14.80988015753285;24.55579620871915;13.621018203350566;17.591737057856893
1688376815;14.80988015753285;24.55688908317768;13.619428564615832;17.912347320167154
1688376816;14.80988015753285;24.555994913166156;13.619428564615832;17.83683948026762
1688376817;14.80988015753285;24.570202281127052;13.62747611071039;17.805146057993994
1688376818;14.80988015753285;24.58152843460637;13.626482586501186;17.804351238626637
1688376819;14.80988015753285;24.58073361681834;13.626482586501186;17.804351238626637
1688376820;14.80988015753285;24.57964074235981;13.626482586501186;17.429196497231047
1688376821;14.80988015753285;24.58043556014784;13.62568776713382;17.429196497231047
1688376822;14.80988015753285;24.580236855700832;13.62568776713382;17.428401677863683
1688376823;14.80988015753285;24.5860986368875;13.626383234080263;17.421049598715577
1688376824;14.80988015753285;24.587191511346028;13.626383234080263;17.41787032124612
1688376825;14.80988015753285;24.594642928108733;13.625588414712897;17.41787032124612
1688376826;14.82083376898834;24.59404681476771;13.625588414712897;17.418069026087956
1688376827;14.82083376898834;24.594146166991216;13.620521441245959;17.411710471149057
1688376828;14.82083376898834;24.593351349203196;13.61932921219491;17.417969673667034
1688376829;14.82083376898834;24.600405357071885;13.607506274105386;17.417174854299677
1688376830;14.82083376898834;24.587092159122527;13.606810807158942;17.41896319787625
1688376831;14.82083376898834;24.586794102452014;13.606810807158942;17.4124059380955
1688376832;14.82083376898834;24.580534912371345;13.606015987791576;17.40406033473818
1688376833;14.82083376898834;24.57427572229066;13.607605626526297;17.40406033473818
1688376834;14.82083376898834;24.574176370067157;13.608400445893665;17.3725656173064
1688376835;14.82083376898834;24.573977665620163;13.608400445893665;17.370280511625225
1688376836;14.82083376898834;24.573381552279137;13.607605626526297;17.36710123415577
1688376837;14.82083376898834;24.57288479116163;13.607605626526297;17.380116401296352
1688376838;14.82083376898834;24.57288479116163;13.607605626526297;17.379321581928984
1688376839;14.82083376898834;24.57308349560863;13.606810807158942;17.38577948928881
1688376840;14.82083376898834;24.57805110678377;13.607605626526297;17.398198541903874
1688376841;14.82083376898834;24.57964074235981;13.607605626526297;17.39660890316914
1688376842;14.82083376898834;24.579740094583315;13.606810807158942;17.39660890316914
1688376843;14.819738407842786;24.578746572348287;13.613070009676932;17.39660890316914
1688376844;14.8260118398582;24.58560187576998;13.613070009676932;17.37644036172229
1688376845;14.8260118398582;24.586396693558;13.613070009676932;17.371770797939035
1688376846;14.8260118398582;24.586396693558;13.613864829044287;17.370975978571668
1688376847;14.8260118398582;24.591960418074155;13.613070009676932;17.37008180678339
1688376848;14.8260118398582;24.591761713627147;13.613070009676932;17.3638226042654
1688376849;14.8260118398582;24.59156300918015;13.613070009676932;17.36441871879092
1688376850;14.8260118398582;24.591960418074155;13.613864829044287;17.35786145901017
1688376851;14.8260118398582;24.59146365695665;13.613070009676932;17.35637117269636
1688376852;14.800918111796546;24.597722847037318;13.613864829044287;17.355576353329006
1688376853;14.800918111796546;24.584608353534954;13.613864829044287;17.355576353329006
1688376854;14.800918111796546;24.584409649087945;13.613864829044287;17.354682181540714
1688376855;14.800918111796546;24.58500576242897;13.614659648411653;17.35935174532398
1688376856;14.800918111796546;24.583515479076425;13.614659648411653;17.360941384058705
1688376857;14.800918111796546;24.583316774629417;13.614659648411653;17.314146393805174
1688376858;14.800918111796546;24.582521956841397;13.61366612420245;17.320405596323162
1688376859;14.801017690082496;24.583813535746934;13.61366612420245;17.319610776955805
1688376860;14.801017690082496;24.583813535746934;13.614460943569817;17.330241485994293
1688376861;14.801017690082496;24.545165520804357;13.608201741051829;17.330241485994293
1688376862;14.801017690082496;24.533441958431034;13.607406921684461;17.3239822834763
1688376863;14.801017690082496;24.532647140643004;13.607406921684461;17.323684226213544
1688376864;14.801017690082496;24.533441958431034;13.607406921684461;17.316630204328188
1688376865;14.801017690082496;24.533441958431034;13.606612102317095;17.316630204328188
1688376866;14.801017690082496;24.532349083972505;13.607406921684461;17.31792178580015
1688376867;14.801017690082496;24.533938719548544;13.607406921684461;17.317126966432795
1688376868;14.801017690082496;24.526785359456348;13.607406921684461;17.317126966432795
1688376869;14.801017690082496;24.526586655009343;13.606612102317095;17.316332147065427
1688376870;14.801017690082496;24.526785359456348;13.606612102317095;17.309973592126514
1688376871;14.801017690082496;24.52628859833883;13.607406921684461;17.309973592126514
1688376872;14.801017690082496;24.528076938361878;13.606612102317095;17.29934288308803
1688376873;14.801017690082496;24.525096371656797;13.613467419360603;17.29934288308803
1688376874;14.801017690082496;24.52549378055081;13.613467419360603;17.29934288308803
1688376875;14.801017690082496;24.52489766720979;13.613467419360603;17.30560208560602
1688376876;14.801017690082496;24.524400906092282;13.613467419360603;17.30560208560602
1688376877;14.801017690082496;24.53165361840798;13.61426223872797;17.30560208560602
1688376878;14.801017690082496;24.53771410404165;13.613467419360603;17.312656107491375
1688376879;14.801017690082496;24.537018638477125;13.613467419360603;17.311861288124007
1688376880;14.801017690082496;24.536621229583123;13.612672599993248;17.318120490642
1688376881;14.801017690082496;24.548841553073952;13.612672599993248;17.31732567127463
1688376882;14.801017690082496;24.548046735285933;13.61992532672044;17.318120490642
1688376883;14.801017690082496;24.541787545205263;13.619031154932149;17.31732567127463
1688376884;14.801017690082496;24.549636370861982;13.619031154932149;17.310271649389286
1688376885;14.801017690082496;24.548841553073952;13.619031154932149;17.31345092685873
1688376886;14.801017690082496;24.55013313197949;13.619031154932149;17.31345092685873
1688376887;14.801017690082496;24.54933831419147;13.618236335564793;17.34315730071395
1688376888;14.801017690082496;24.55500139093113;13.619825974299516;17.344746939448676
1688376889;14.801017690082496;24.555200095378137;13.614759000832578;17.34395212008131
1688376890;14.801017690082496;24.549735723085487;13.613566771781526;17.339481261139888
1688376891;14.804204195233183;24.549437666414974;13.611977133046803;17.3332220586219
1688376892;14.805000821520863;24.524400906092282;13.613566771781526;17.334811697356635
1688376893;14.805000821520863;24.523606088304263;13.613566771781526;17.333718820726506
1688376894;14.805000821520863;24.523606088304263;13.613566771781526;17.339183203877127
1688376895;14.792553535775987;24.529070460596913;13.614361591148894;17.33292400135914
1688376896;14.792553535775987;24.528772403926403;13.614361591148894;17.33193047714994
1688376897;14.792553535775987;24.53006398283194;13.614361591148894;17.332725296517303
1688376898;14.792553535775987;24.52926916504391;13.619825974299516;17.33193047714994
1688376899;14.792553535775987;24.52926916504391;13.619825974299516;17.324479045580897
1688376900;14.792553535775987;24.52926916504391;13.620620793666882;17.323187464108937
1688376901;14.792553535775987;24.52897110837341;13.619825974299516;17.317524376116477
1688376902;14.792553535775987;24.528176290585378;13.626085176817504;17.318120490642
1688376903;14.792553535775987;24.534435480666062;13.638702934274406;17.320504948744087
1688376904;14.792553535775987;24.54148948853475;13.637908114907038;17.32636674157839
1688376905;14.792553535775987;24.54119143186424;13.637908114907038;17.327161560945758
1688376906;14.792553535775987;24.540396614076222;13.638702934274406;17.327161560945758
1688376907;14.792553535775987;24.54119143186424;13.638504229432558;17.327161560945758
1688376908;14.792553535775987;24.540396614076222;13.644763431950546;17.327161560945758
1688376909;14.792553535775987;24.54009855740571;13.64396861258318;17.32636674157839
1688376910;14.792553535775987;24.54089337519374;13.64396861258318;17.33262594409638
1688376911;14.792553535775987;24.53980050073521;13.644763431950546;17.33262594409638
1688376912;14.792453957490025;24.53980050073521;13.644763431950546;17.333420763463746
1688376913;14.792453957490025;24.54526487302786;13.639696458483607;17.33262594409638
1688376914;14.792453957490025;24.546755156380396;13.638504229432558;17.331831124729014
1688376915;14.792453957490025;24.546457099709894;13.637709410065192;17.331831124729014
1688376916;14.792453957490025;24.546457099709894;13.637709410065192;17.331831124729014
1688376917;14.792453957490025;24.545662281921864;13.636914590697835;17.329744723889682
1688376918;14.792453957490025;24.545662281921864;13.63860358185348;17.329744723889682
1688376919;14.792453957490025;24.54546357747487;13.626780643763947;17.32904925694324
1688376920;14.792453957490025;24.54546357747487;13.625290357450137;17.328353789996797
1688376921;14.792453957490025;24.544370703016337;13.625290357450137;17.32894990452233
1688376922;14.817248950693806;24.540595318523227;13.625290357450137;17.325671274631947
1688376923;15.146454764074146;24.539999205182216;13.626184529238428;17.325671274631947
1688376924;14.886256702863376;24.539999205182216;13.626184529238428;17.326466093999315
1688376925;14.891833086877071;24.539701148511707;13.626184529238428;17.328055732734036
1688376926;14.89083730401749;24.540495966299723;13.626184529238428;17.30202539845288
1688376927;14.89083730401749;24.546755156380396;13.625389709871062;17.301031874243677
1688376928;14.89083730401749;24.539403091841194;13.625389709871062;17.3064962573943
1688376929;14.89083730401749;24.533938719548544;13.624594890503694;17.3064962573943
1688376930;14.89083730401749;24.53304454953702;13.624594890503694;17.313550279279653
1688376931;14.89083730401749;24.532845845090012;13.626184529238428;17.313550279279653
1688376932;14.89083730401749;24.531256209513973;13.626184529238428;17.311960640544932
1688376933;14.890638147445568;24.532845845090012;13.62687999618487;17.310867763914807
1688376934;14.890638147445568;24.5325477884195;13.626780643763947;17.31156323086125
1688376935;14.890638147445568;24.53175297063148;13.626780643763947;17.312358050228603
1688376936;14.890638147445568;24.53175297063148;13.626780643763947;17.312358050228603
1688376937;14.890638147445568;24.538012160712153;13.62598582439658;17.310768411493882
1688376938;14.890638147445568;24.53850892182967;13.626780643763947;17.309973592126514
1688376939;14.890638147445568;24.53850892182967;13.626780643763947;17.310271649389286
1688376940;14.890638147445568;24.53771410404165;13.632145674493646;17.314941213172542
1688376941;14.890638147445568;24.53821086515916;13.63135085512629;17.314146393805174
1688376942;14.890638147445568;24.537416047371142;13.63135085512629;17.314146393805174
1688376943;14.890638147445568;24.53821086515916;13.625389709871062;17.30460856139682
1688376944;14.890638147445568;24.53821086515916;13.625886471975669;17.30619820013154
1688376945;14.890638147445568;24.53791280848865;13.625886471975669;17.303714389608526
1688376946;14.890638147445568;24.53791280848865;13.625886471975669;17.3064962573943
1688376947;14.890638147445568;24.53711799070063;13.625091652608301;17.30440985655497
1688376948;14.890638147445568;24.53791280848865;13.637610057644277;17.30440985655497
1688376949;14.890638147445568;24.53681993403012;13.627078701026708;17.31543797527715
1688376950;14.890638147445568;24.53681993403012;13.625091652608301;17.31543797527715
1688376951;14.890638147445568;24.537614751818147;13.625886471975669;17.3064962573943
1688376952;14.890638147445568;24.537614751818147;13.625886471975669;17.305701438026944
1688376953;14.890638147445568;24.53652187735962;13.620024679141352;17.319809481797645
1688376954;14.890638147445568;24.524003497198265;13.61813698314387;17.319809481797645
1688376955;14.890638147445568;24.524003497198265;13.61813698314387;17.32904925694324
1688376956;14.890638147445568;24.530163335055445;13.619726621878591;17.321895882636973
1688376957;14.903284589762356;24.529169812820406;13.619726621878591;17.321895882636973
1688376958;14.904877842337704;24.528871756149904;13.625191005029224;17.319610776955805
1688376959;14.904877842337704;24.529666573937924;13.625191005029224;17.320405596323162
1688376960;14.904877842337704;24.529666573937924;13.625191005029224;17.320405596323162
1688376961;14.904877842337704;24.528871756149904;13.619726621878591;17.320405596323162
1688376962;14.904678685765782;24.53036203950244;13.619726621878591;17.319610776955805
1688376963;14.904678685765782;24.530163335055445;13.619527917036756;17.32120041569053
1688376964;14.904678685765782;24.51843977268211;13.619527917036756;17.320405596323162
1688376965;14.904678685765782;24.51843977268211;13.617540868618349;17.32666479884115
1688376966;14.904678685765782;24.5181417160116;13.617540868618349;17.325869979473786
1688376967;14.904678685765782;24.5181417160116;13.618335687985706;17.325869979473786
1688376968;14.904678685765782;24.52410284942177;13.618335687985706;17.32507516010643
1688376969;14.904678685765782;24.522910622739737;13.618335687985706;17.316530851907263
1688376970;14.904678685765782;24.522413861622226;13.61992532672044;17.319014662430277
1688376971;14.904678685765782;24.521619043834196;13.619130507353072;17.319809481797645
1688376972;14.904678685765782;24.521320987163698;13.619130507353072;17.319809481797645
1688376973;14.917225549796608;24.521320987163698;13.626184529238428;17.326068684315633
1688376974;14.917225549796608;24.53383936732504;13.625389709871062;17.331334362624418
1688376975;14.917225549796608;24.533541310654527;13.625389709871062;17.332129181991775
1688376976;14.917225549796608;24.532746492866508;13.625389709871062;17.332129181991775
1688376977;14.917026393224697;24.534336128442558;13.623800071136339;17.330241485994293
1688376978;14.917026393224697;24.539701148511707;13.625389709871062;17.328651847259557
1688376979;14.917026393224697;24.5395024440647;13.624594890503694;17.334911049777546
1688376980;14.917026393224697;24.545761634145368;13.624594890503694;17.333619468305585
1688376981;14.917026393224697;24.546457099709894;13.624594890503694;17.33441428767295
1688376982;14.917026393224697;24.539999205182216;13.626184529238428;17.336003926407674
1688376983;14.917026393224697;24.534534832889566;13.625389709871062;17.336003926407674
1688376984;14.917026393224697;24.534534832889566;13.625389709871062;17.335209107040306
1688376985;14.917026393224697;24.533740015101536;13.625389709871062;17.336003926407674
1688376986;14.917026393224697;24.533441958431034;13.625389709871062;17.32894990452233
1688376987;14.917026393224697;24.533441958431034;13.624594890503694;17.32894990452233
1688376988;14.917026393224697;24.54168819298176;13.624594890503694;17.335209107040306
1688376989;14.917026393224697;24.540197909629214;13.625389709871062;17.33441428767295
1688376990;14.920212898375384;24.539403091841194;13.626184529238428;17.336003926407674
1688376991;14.920212898375384;24.539403091841194;13.625389709871062;17.336997450616877
1688376992;14.920212898375384;24.539899852958712;13.625290357450137;17.336997450616877
1688376993;14.920212898375384;24.53910503517068;13.625290357450137;17.33620263124952
1688376994;14.920212898375384;24.538310217382666;13.626184529238428;17.33620263124952
1688376995;14.920212898375384;24.53910503517068;13.626184529238428;17.336997450616877
1688376996;14.920212898375384;24.53910503517068;13.626184529238428;17.343256653134866
1688376997;14.920212898375384;24.538906330723687;13.626184529238428;17.34256118618842
1688376998;14.920212898375384;24.538608274053175;13.625389709871062;17.341766366821066
1688376999;14.920212898375384;24.538608274053175;13.63164891238905;17.341766366821066
1688377000;14.920212898375384;24.543774589675316;13.632443731756416;17.34882038870641
1688377001;14.920212898375384;24.544569407463335;13.632443731756416;17.35428477185703
1688377002;14.918719224085997;24.543774589675316;13.631450207547202;17.35428477185703
1688377003;14.918719224085997;24.545066168580853;13.630655388179846;17.355874410591767
1688377004;14.918719224085997;24.551325358661526;13.629860568812479;17.35666922995913
1688377005;14.918719224085997;24.550530540873506;13.629860568812479;17.355874410591767
1688377006;14.918719224085997;24.555994913166156;13.631450207547202;17.349615208073775
1688377007;14.918719224085997;24.549636370861982;13.631450207547202;17.351999666175864
1688377008;14.917723441226405;24.569804872233036;13.637510705223354;17.351999666175864
1688377009;14.917723441226405;24.569010054445016;13.63164891238905;17.351999666175864
1688377010;14.917723441226405;24.561657989905818;13.631251502705366;17.352198371017703
1688377011;14.917723441226405;24.562452807693834;13.613268714518767;17.345641111236954
1688377012;14.917723441226405;24.567619123315975;13.6124738951514;17.345641111236954
1688377013;14.917723441226405;24.567619123315975;13.6124738951514;17.351105494387586
1688377014;14.917723441226405;24.568612645551003;13.6124738951514;17.3589543356403
1688377015;14.917723441226405;24.562154751023325;13.611679075784044;17.351900313754943
1688377016;14.917723441226405;24.562154751023325;13.610884256416679;17.35815951627293
1688377017;14.917723441226405;24.561856694352823;13.6124738951514;17.357165992063727
1688377018;14.917723441226405;24.561061876564793;13.6124738951514;17.357165992063727
1688377019;14.917723441226405;24.561856694352823;13.611679075784044;17.357960811431095
1688377020;14.917723441226405;24.559969002106264;13.611679075784044;17.35815951627293
1688377021;14.917723441226405;24.561558637682314;13.611679075784044;17.351701608913107
1688377022;14.92409645152778;24.56046576322378;13.6124738951514;17.351701608913107
1688377023;14.92409645152778;24.56205539879982;13.6124738951514;17.351701608913107
1688377024;14.92409645152778;24.56205539879982;13.618832450090313;17.352496428280475
1688377025;14.924196029813741;24.5612605810118;13.618832450090313;17.34544240639512
1688377026;14.924196029813741;24.561657989905818;13.618037630722945;17.34544240639512
1688377027;14.924196029813741;24.561161228788297;13.618037630722945;17.34544240639512
1688377028;14.924196029813741;24.57507054007869;13.618037630722945;17.338388384509763
1688377029;14.924196029813741;24.57427572229066;13.619627269457679;17.339978023244495
1688377030;14.92409645152778;24.573778961173154;13.618633745248465;17.339183203877127
1688377031;14.92409645152778;24.572586734491118;13.618633745248465;17.339183203877127
1688377032;14.92409645152778;24.572686086714622;13.618633745248465;17.338388384509763
1688377033;14.92409645152778;24.572686086714622;13.619428564615832;17.33630198367043
1688377034;14.92409645152778;24.571891268926592;13.625588414712897;17.3370968030378
1688377035;14.92409645152778;24.578150459007276;13.625588414712897;17.33630198367043
1688377036;14.92409645152778;24.57884592457179;13.625588414712897;17.33630198367043
1688377037;14.92409645152778;24.57884592457179;13.62479359534554;17.33630198367043
1688377038;14.92409645152778;24.578647220124783;13.62479359534554;17.335507164303078
1688377039;14.92409645152778;24.584111592417436;13.61217583788864;17.3370968030378
1688377040;14.92409645152778;24.584608353534954;13.606214692633412;17.3370968030378
1688377041;14.92409645152778;24.584608353534954;13.605121816003296;17.34256118618842
1688377042;14.92409645152778;24.58431029686444;13.605121816003296;17.33739486030056
1688377043;14.92409645152778;24.583515479076425;13.60432699663593;17.338189679667927
1688377044;14.92409645152778;24.584012240193932;13.598067794117942;17.336898098195963
1688377045;14.92409645152778;24.583217422405912;13.599657432852663;17.336103278828595
1688377046;14.92409645152778;24.583217422405912;13.599657432852663;17.33381817314743
1688377047;14.92409645152778;24.583217422405912;13.599657432852663;17.334612992514785
1688377048;14.92409645152778;24.584012240193932;13.605121816003296;17.33441428767295
1688377049;14.92409645152778;24.5829193657354;13.594590459385724;17.333619468305585
1688377050;14.92409645152778;24.58212454794738;13.593398230334675;17.333619468305585
1688377051;14.92409645152778;24.58212454794738;13.594193049702042;17.333619468305585
1688377052;14.92409645152778;24.58341612685292;13.594193049702042;17.33193047714994
1688377053;14.92409645152778;24.5826213090649;13.606115340212499;17.33193047714994
1688377054;14.92409645152778;24.576461471207722;13.611480370942196;17.329546019047847
1688377055;14.936842472130529;24.57666017565473;13.611480370942196;17.327260913366672
1688377056;14.936842472130529;24.577256288995752;13.612275190309564;17.32666479884115
1688377057;14.936842472130529;24.57586535786671;13.612275190309564;17.325869979473786
1688377058;14.936842472130529;24.574871835631683;13.611480370942196;17.332129181991775
1688377059;14.936842472130529;24.58123037793586;13.611480370942196;17.332129181991775
1688377060;14.936842472130529;24.58341612685292;13.611480370942196;17.33739486030056
1688377061;14.936842472130529;24.5826213090649;13.612275190309564;17.33898449903529
1688377062;14.936842472130529;24.58232325239439;13.611082961258514;17.33977931840265
1688377063;14.936842472130529;24.583515479076425;13.611082961258514;17.33977931840265
1688377064;14.936842472130529;24.589377260263092;13.616746049250983;17.33828903208885
1688377065;14.936842472130529;24.588781146922067;13.616547344409147;17.33143371504533
1688377066;14.936842472130529;24.588582442475058;13.616547344409147;17.32517451252734
1688377067;14.936842472130529;24.589377260263092;13.616547344409147;17.32030624390225
1688377068;14.936842472130529;24.589377260263092;13.61575252504178;17.32030624390225
1688377069;14.936842472130529;24.587588920240034;13.612275190309564;17.32030624390225
1688377070;14.936842472130529;24.58748956801653;13.611182313679437;17.319511424534884
1688377071;14.936842472130529;24.587886976910546;13.612573247572325;17.321101063269605
1688377072;14.936842472130529;24.575964710090215;13.610387494312072;17.32030624390225
1688377073;14.936842472130529;24.574772483408182;13.618236335564793;17.32030624390225
1688377074;14.936842472130529;24.580634264594835;13.624694242924617;17.32030624390225
1688377075;14.936842472130529;24.587688272463538;13.623700718715416;17.32030624390225
1688377076;14.936842472130529;24.58689345467552;13.623700718715416;17.327360265787593
1688377077;14.936842472130529;24.58689345467552;13.623700718715416;17.333619468305585
1688377078;14.936842472130529;24.586595398005006;13.623700718715416;17.333619468305585
1688377079;14.936842472130529;24.585800580216986;13.624495538082781;17.332824648938217
1688377080;14.936842472130529;24.58828438580456;13.623700718715416;17.33202982957086
1688377081;14.936842472130529;24.587092159122527;13.623700718715416;17.339083851456206
1688377082;14.936842472130529;24.587191511346028;13.622905899348048;17.332129181991775
1688377083;14.936842472130529;24.585999284663995;13.629363806707872;17.33202982957086
1688377084;14.936842472130529;24.580534912371345;13.629959921233404;17.33202982957086
1688377085;14.936842472130529;24.57427572229066;13.629165101866036;17.325770627052872
1688377086;14.936842472130529;24.57427572229066;13.622707194506212;17.32656544642023
1688377087;14.936842472130529;24.573977665620163;13.622707194506212;17.30083316940184
1688377088;14.940028977281216;24.573381552279137;13.622508489664364;17.298349358878827
1688377089;14.940028977281216;24.579442037912813;13.622707194506212;17.298349358878827
1688377090;14.940028977281216;24.579442037912813;13.624296833240933;17.30460856139682
1688377091;14.940028977281216;24.57993879903032;13.623502013873567;17.317126966432795
1688377092;14.940028977281216;24.57993879903032;13.622707194506212;17.317126966432795
1688377093;14.940028977281216;24.579143981242304;13.622707194506212;17.316332147065427
1688377094;14.940028977281216;24.57884592457179;13.622707194506212;17.31543797527715
1688377095;14.940028977281216;24.57884592457179;13.623502013873567;17.31543797527715
1688377096;14.940028977281216;24.57775305011326;13.622707194506212;17.32149847295329
1688377097;14.940028977281216;24.57775305011326;13.622707194506212;17.32060430116501
1688377098;14.940028977281216;24.57695823232524;13.622707194506212;17.32060430116501
1688377099;14.940028977281216;24.586396693558;13.617640221039263;17.32060430116501
1688377100;14.940028977281216;24.59235782696817;13.615653172620856;17.321399120532366
1688377101;14.940028977281216;24.59156300918015;13.61724281135558;17.32120041569053
1688377102;14.940028977281216;24.572785438938126;13.61724281135558;17.31881595758844
1688377103;14.940028977281216;24.572487382267617;13.623502013873567;17.31881595758844
1688377104;14.940028977281216;24.572487382267617;13.621912375138844;17.318021138221074
1688377105;14.940028977281216;24.572487382267617;13.621912375138844;17.31881595758844
1688377106;14.940028977281216;24.572984143385124;13.622707194506212;17.31434509864702
1688377107;14.940028977281216;24.571394507809085;13.621912375138844;17.31792178580015
1688377108;14.940028977281216;24.5647379088344;13.621912375138844;17.323386168950783
1688377109;14.940028977281216;24.56424114771688;13.623502013873567;17.323386168950783
1688377110;14.940028977281216;24.56503596550491;13.623502013873567;17.324975807685504
1688377111;14.94630240929663;24.56503596550491;13.622707194506212;17.324975807685504
1688377112;14.952575841312044;24.56394309104638;13.622707194506212;17.322988759267098
1688377113;14.952575841312044;24.56394309104638;13.624098128399098;17.323783578634455
1688377114;14.952575841312044;24.57069904224457;13.623303309031732;17.32924796178509
1688377115;14.952575841312044;24.56990422445654;13.623303309031732;17.32845314241772
1688377116;14.952575841312044;24.56990422445654;13.622508489664364;17.322193939899734
1688377117;14.952575841312044;24.57069904224457;13.622508489664364;17.31434509864702
1688377118;14.952575841312044;24.57228867782061;13.623303309031732;17.315934737381745
1688377119;14.952575841312044;24.57745499344275;13.629463159128797;17.31096711633573
1688377120;14.952575841312044;24.57666017565473;13.629463159128797;17.309675534863757
1688377121;14.953372467599714;24.576362118984218;13.629463159128797;17.31672955674911
1688377122;14.953372467599714;24.576362118984218;13.628668339761429;17.31672955674911
1688377123;14.953372467599714;24.576362118984218;13.628668339761429;17.31672955674911
1688377124;14.953372467599714;24.57129515558558;13.629463159128797;17.31126517359849
1688377125;14.953372467599714;24.583018717958904;13.628668339761429;17.3050059710805
1688377126;14.953372467599714;24.583018717958904;13.622409137243451;17.305204675922337
1688377127;14.953372467599714;24.582223900170884;13.622409137243451;17.304211151713133
1688377128;14.953372467599714;24.581925843500375;13.621614317876086;17.3050059710805
1688377129;14.953372467599714;24.582720661288405;13.618931802511236;17.31047035423112
1688377130;14.953372467599714;24.582720661288405;13.611480370942196;17.31047035423112
1688377131;14.953372467599714;24.582422604617893;13.611480370942196;17.31047035423112
1688377132;14.953372467599714;24.56910940666852;13.61068555157483;17.3088807154964
1688377133;14.953372467599714;24.56910940666852;13.61068555157483;17.31047035423112
1688377134;14.953372467599714;24.56801653220999;13.612275190309564;17.310271649389286
1688377135;14.953372467599714;24.57427572229066;13.611480370942196;17.310271649389286
1688377136;14.953372467599714;24.579740094583315;13.611480370942196;17.309476830021918
1688377137;14.953372467599714;24.58132973015936;13.611480370942196;17.309476830021918
1688377138;14.953372467599714;24.58748956801653;13.61068555157483;17.311066468756643
1688377139;14.953372467599714;24.58729086356952;13.61068555157483;17.310271649389286
1688377140;14.953372467599714;24.58729086356952;13.611579723363121;17.310271649389286
1688377141;14.953372467599714;24.59404681476771;13.611579723363121;17.310271649389286
1688377142;14.953372467599714;24.593251996979692;13.611480370942196;17.311861288124007
1688377143;14.953372467599714;24.593251996979692;13.609890732207475;17.311861288124007
1688377144;14.953372467599714;24.58748956801653;13.609890732207475;17.311861288124007
1688377145;14.953372467599714;24.58669475022851;13.616249287146376;17.304012446871297
1688377146;14.953372467599714;24.58589993244049;13.617044106513742;17.304012446871297
1688377147;14.953372467599714;24.58589993244049;13.617044106513742;17.297653891932384
1688377148;14.953372467599714;24.58669475022851;13.617044106513742;17.298448711299752
1688377149;14.953372467599714;24.585800580216986;13.624098128399098;17.298448711299752
1688377150;14.953372467599714;24.58560187576998;13.610784903995754;17.298448711299752
