Time;{instance="10.231.0.208:9100"};{instance="192.168.221.10:9100"};{instance="192.168.221.11:9100"};{instance="192.168.221.12:9100"}
1688376070;11279.333333333334;28086.77777777778;12012.666666666668;12872.222222222223
1688376071;11279;30696.55555555556;11879.666666666668;13121.111111111111
1688376072;12114.333333333334;33928.77777777778;12004.111111111111;13133.77777777778
1688376073;10745935.333333334;41221.222222222226;12005.222222222223;13494.666666666668
1688376074;23893341.444444448;40053.66666666667;11999.88888888889;28397.88888888889
1688376075;37138859.11111111;51683.66666666667;12001;46046.222222222226
1688376076;49900154;51320.333333333336;12002.111111111111;70648.22222222223
1688376077;62864589.55555556;63044.11111111112;12001.444444444445;95610.88888888889
1688376078;75915060.66666667;63638.444444444445;12000.555555555557;121941.55555555556
1688376079;89100357.44444445;67053.33333333334;12000.111111111111;148011.6666666667
1688376080;101885537.22222222;72702.22222222223;12001.444444444445;174521.33333333334
1688376081;115000087.22222222;70319.33333333334;11878.333333333334;196389.55555555556
1688376082;117154717.00000001;74432.77777777778;12003.111111111111;214275.11111111112
1688376083;116871797.22222222;76417.11111111111;12000.77777777778;224007.77777777778
1688376084;116978124.11111112;69250.33333333334;12000.333333333334;233801.44444444447
1688376085;111215877.8888889;79216.33333333334;12019.666666666668;233040.11111111112
1688376086;109838477.77777779;67562.66666666667;12047.333333333334;213936.77777777778
1688376087;109567772.11111112;72051.88888888889;12048.444444444445;212843.6666666667
1688376088;109396186.8888889;62059.66666666667;12048.555555555557;213439.55555555556
1688376089;109694735.8888889;54378.77777777778;12046;214170.22222222225
1688376090;109626112.77777779;53227.333333333336;12046.111111111111;218338.22222222225
1688376091;109775396.66666667;42708;11918.88888888889;218752.22222222225
1688376092;109910763.33333334;41767.88888888889;11995;220040.22222222225
1688376093;109504589.44444445;37694.11111111112;12047.555555555557;221320.00000000003
1688376094;115539986.11111112;27192.77777777778;12043.333333333334;223914.8888888889
1688376095;116823672.77777779;27298.55555555556;12013.88888888889;244831.77777777778
1688376096;116996974.55555557;21639.333333333336;12141.666666666668;245508.8888888889
1688376097;117200640.8888889;22117.666666666668;12142.555555555557;246737.55555555556
1688376098;117095167.77777779;23247.222222222223;12151.555555555557;245952.22222222225
1688376099;116952915.55555557;22205.77777777778;12150.666666666668;244384.8888888889
1688376100;117050831.00000001;23365.222222222223;12152.222222222223;243069.55555555556
1688376101;107432252.66666667;23569.77777777778;12075.77777777778;229705.55555555556
1688376102;106350342.55555557;23459.55555555556;12021.666666666668;212551.55555555556
1688376103;106376194.11111112;23662.111111111113;12140.77777777778;212696.22222222225
1688376104;106547110.11111112;23177.222222222223;12139.555555555557;213348.6666666667
1688376105;106776311.66666667;23103;12009;212134.8888888889
1688376106;106613574.66666667;21762.88888888889;12005.77777777778;212912.22222222225
1688376107;106789003.66666667;22591.444444444445;11996.444444444445;212761.55555555556
1688376108;106914490.8888889;22802.666666666668;11993.88888888889;213664.8888888889
1688376109;106414570.11111112;27221.000000000004;11990.666666666668;212572.22222222225
1688376110;116166772.8888889;26600.444444444445;11991;224743.33333333334
1688376111;117437792.66666667;28231.222222222223;12020.666666666668;239929.77777777778
1688376112;117269705.33333334;28498.666666666668;11924.222222222223;240366.22222222225
1688376113;117486262.77777779;29146.77777777778;12079.111111111111;238554.22222222225
1688376114;117287704.00000001;28815.222222222223;12079.333333333334;242829.33333333334
1688376115;117010908.55555557;28442.000000000004;12079.222222222223;240063.11111111112
1688376116;116940578.8888889;27519.88888888889;12080.222222222223;240735.77777777778
1688376117;117033411.22222222;28654.666666666668;12081.666666666668;240485.11111111112
1688376118;117556661.11111112;24501.111111111113;12083.222222222223;242420.8888888889
1688376119;117453916.55555557;23733.444444444445;12082.444444444445;245374.6666666667
1688376120;117350088.44444445;22894.77777777778;12052.88888888889;241906.8888888889
1688376121;117065795.66666667;23428;12013.222222222223;242317.11111111112
1688376122;117167437.22222222;24186.77777777778;11924.77777777778;233673.77777777778
1688376123;108038050.55555557;24401.333333333336;11982.77777777778;215729.77777777778
1688376124;95260203.33333334;24934.666666666668;12075.111111111111;189824
1688376125;82176852;25007.666666666668;12083.555555555557;162408.8888888889
1688376126;81411531.8888889;24135.77777777778;12104.111111111111;142334.6666666667
1688376127;81421879.66666667;23824.111111111113;12104.77777777778;127848.22222222223
1688376128;81380112.22222222;25485.55555555556;12106.111111111111;108992.44444444445
1688376129;81213370.22222222;24588.444444444445;12107.555555555557;96082.88888888889
1688376130;81776532.66666667;24722.222222222223;12174.555555555557;80575.33333333334
1688376131;81215330;24151.222222222223;12110.444444444445;74439.33333333334
1688376132;90475588.77777779;25001.77777777778;12054.555555555557;74918
1688376133;102795121.22222222;25156.111111111113;12018.444444444445;85029.33333333334
1688376134;115801165.22222222;24953.111111111113;12009.555555555557;95075.11111111112
1688376135;116478235.8888889;24371.55555555556;12071.111111111111;99278.88888888889
1688376136;116477534.55555557;22437.666666666668;12068.111111111111;97763.55555555556
1688376137;116427364.22222222;22383.77777777778;12067.333333333334;96741.55555555556
1688376138;116654523.8888889;25048;12065.666666666668;98352.22222222223
1688376139;115891699.66666667;29047.111111111113;12001.88888888889;96982.88888888889
1688376140;115809475.11111112;29817.666666666668;12002.333333333334;96751.55555555556
1688376141;115641833.11111112;28722.333333333336;12002.222222222223;96312
1688376142;116393590.66666667;29275.55555555556;11947.88888888889;97622.88888888889
1688376143;116580323.66666667;29118.88888888889;11989.555555555557;97692.88888888889
1688376144;116522149.00000001;29619.88888888889;11907.222222222223;99017.33333333334
1688376145;114551328.77777779;30149.77777777778;12003.88888888889;98510
1688376146;114689611.8888889;29307.222222222223;12003.333333333334;97294.88888888889
1688376147;114645175.55555557;27457.111111111113;12004.222222222223;95502
1688376148;115280322.00000001;24004.444444444445;12002.77777777778;95242
1688376149;115488433.55555557;22572.111111111113;12002.88888888889;95641.11111111112
1688376150;115478794.11111112;24238.333333333336;12004.333333333334;95719.55555555556
1688376151;115409969.22222222;23467.88888888889;12004.88888888889;97245.33333333334
1688376152;115177669.33333334;23688.333333333336;11963;98249.55555555556
1688376153;115352504.00000001;23482.77777777778;11970.444444444445;99160.88888888889
1688376154;117068489.44444445;23323.333333333336;11914.77777777778;102073.11111111112
1688376155;108562374.55555557;22964.222222222223;12006.333333333334;101393.11111111112
1688376156;95515441.22222222;22576.666666666668;12032;91198.44444444445
1688376157;82472037.66666667;20488.55555555556;12031.333333333334;80908.44444444445
1688376158;69547515.33333334;21469.666666666668;12038;69908
1688376159;56610209.11111111;20760.77777777778;12035.444444444445;58758.444444444445
1688376160;43607744.77777778;21417.222222222223;12034.555555555557;45810.444444444445
1688376161;30647263.77777778;21699.88888888889;12035.77777777778;34676.88888888889
1688376162;17496015.111111112;20608;12035.88888888889;21773.55555555556
1688376163;4582230.888888889;22552.444444444445;11997.666666666668;15108.222222222223
1688376164;11267;22254.666666666668;12083.555555555557;15166.444444444445
1688376165;11276;22183.444444444445;12132.333333333334;15163.222222222223
1688376166;11276.77777777778;22193.444444444445;12147.333333333334;15162.88888888889
1688376167;11286;21747.55555555556;12139.222222222223;15161.111111111111
1688376168;11294;21919.444444444445;12138;15161.111111111111
1688376169;11295.222222222223;26558.666666666668;12137.555555555557;15158.222222222223
1688376170;11307.333333333334;27005.000000000004;12135.555555555557;15157.666666666668
1688376171;11315.444444444445;29008.55555555556;12146.77777777778;15154.444444444445
1688376172;11316;26703.222222222223;12176.555555555557;15065.555555555557
1688376173;11308.222222222223;28482.77777777778;12008.333333333334;15108.000000000002
1688376174;11305.77777777778;27958.77777777778;11988.666666666668;15159.555555555557
1688376175;11310.666666666668;29055.111111111113;11972.111111111111;15206.77777777778
1688376176;11302.88888888889;28052.111111111113;12063.222222222223;15299.77777777778
1688376177;11295.333333333334;28437.55555555556;12064.111111111111;15299.222222222223
1688376178;11295.666666666668;23024.666666666668;12064.111111111111;15326.444444444445
1688376179;11284.555555555557;21922.88888888889;12065.444444444445;15327.222222222223
1688376180;11276;21171.444444444445;12047.333333333334;15328.88888888889
1688376181;11269.222222222223;22842;12016.77777777778;15330.666666666668
1688376182;11276.88888888889;21642.666666666668;12008.666666666668;15229.88888888889
1688376183;11271.222222222223;22739.88888888889;11954;15176.444444444445
1688376184;11266.111111111111;21927.666666666668;12011.666666666668;15221.111111111111
1688376185;11311.222222222223;22748.111111111113;11928.444444444445;15185.000000000002
1688376186;11318.77777777778;22791.55555555556;12038.555555555557;15185.444444444445
1688376187;11316.444444444445;23685.55555555556;12039.77777777778;15162.000000000002
1688376188;11315.77777777778;24365.111111111113;12040.333333333334;15162.111111111111
1688376189;11314.77777777778;23584.55555555556;12041.666666666668;15161.333333333334
1688376190;11319.77777777778;24412.55555555556;12042.333333333334;15158.88888888889
1688376191;11319.77777777778;24221.111111111113;12043.666666666668;15162.000000000002
1688376192;11318.88888888889;24518.666666666668;12042.111111111111;15162.111111111111
1688376193;11316.555555555557;24798.55555555556;11985.555555555557;15070.000000000002
1688376194;11267.444444444445;24043.77777777778;11988.111111111111;15102.111111111111
1688376195;11259.77777777778;23109.111111111113;11922.88888888889;15156.555555555557
1688376196;11259.555555555557;23081.111111111113;12005.88888888889;15153.444444444445
1688376197;11259.88888888889;22523.55555555556;12027.222222222223;15153.88888888889
1688376198;11265.333333333334;23795.111111111113;12025.666666666668;15161.88888888889
1688376199;11257.444444444445;26927.88888888889;12070.88888888889;15170.666666666668
1688376200;11258.666666666668;27821.444444444445;12071.222222222223;15177.333333333334
1688376201;11258.222222222223;28025.77777777778;12073.555555555557;15186.222222222223
1688376202;11259.111111111111;27488.55555555556;12075.444444444445;15226.77777777778
1688376203;11260.77777777778;30858.000000000004;12065.666666666668;15156.333333333334
1688376204;11261.555555555557;29738.333333333336;12022.111111111111;15260.555555555557
1688376205;11270.222222222223;30010.000000000004;11994.333333333334;15371.666666666668
1688376206;11270.111111111111;30172.666666666668;11972.222222222223;15379.333333333334
1688376207;11265;30814.333333333336;12120.666666666668;15372.333333333334
1688376208;11264.77777777778;26453.666666666668;12075;15381.222222222223
1688376209;11254.666666666668;25218.55555555556;12071.88888888889;15371.666666666668
1688376210;11255.222222222223;24639.444444444445;12071.666666666668;15362.222222222223
1688376211;11257.77777777778;23695.55555555556;12070.666666666668;15322.88888888889
1688376212;11258.77777777778;22695.55555555556;12071.222222222223;15306.333333333334
1688376213;11264.111111111111;24490.333333333336;12071.88888888889;15148.88888888889
1688376214;11253.222222222223;23812;12015.666666666668;15133.555555555557
1688376215;11270.77777777778;23613;12070.88888888889;15181.333333333334
1688376216;12135.77777777778;22628;11942.555555555557;15180.444444444445
1688376217;12661.88888888889;22791.77777777778;12041.666666666668;15376.444444444445
1688376218;123394.88888888889;25057.444444444445;12103.333333333334;15458.666666666668
1688376219;13117282.555555556;23619;12102.444444444445;15455.111111111111
1688376220;26159433;27264.222222222223;12103;33280
1688376221;39052136.333333336;24680;12104.222222222223;51647.11111111112
1688376222;51948979.55555556;24825.333333333336;12103.333333333334;70739.77777777778
1688376223;64989842.77777778;23975.77777777778;12103.444444444445;89960.88888888889
1688376224;78125947.55555557;25589.55555555556;12056.222222222223;109121.77777777778
1688376225;91235031.55555557;24153.88888888889;12092;128859.11111111112
1688376226;104298097.44444445;23144.77777777778;11994;148647
1688376227;112092242.22222222;22346.222222222223;12009.444444444445;167151.6666666667
1688376228;106657688.11111112;23863.111111111113;12016.666666666668;154380.6666666667
1688376229;106501144.44444445;26781.222222222223;12016.444444444445;151428.22222222222
1688376230;106560688.44444445;28839.55555555556;12013.77777777778;153162.22222222222
1688376231;106745353.11111112;28179.88888888889;12018.88888888889;152590
1688376232;106705176.22222222;29497.55555555556;12050.77777777778;153642.22222222222
1688376233;106788195.22222222;27892.77777777778;12080.222222222223;152508.6666666667
1688376234;106378032.33333334;29176.666666666668;12024.444444444445;151130.22222222222
1688376235;106507145.44444445;29314.111111111113;12069.77777777778;151068.6666666667
1688376236;111254067.00000001;27724.222222222223;11994.333333333334;151852.22222222222
1688376237;116841744.00000001;28191.666666666668;11985.555555555557;170372.8888888889
1688376238;112792871.55555557;23279.666666666668;12075.77777777778;174510.22222222225
1688376239;106644120;22511.666666666668;12076.555555555557;155829.55555555556
1688376240;106374745.8888889;22075.333333333336;12070.222222222223;152422.44444444447
1688376241;106374949.55555557;20556.666666666668;12039;152926.8888888889
1688376242;106278333.77777779;22003.88888888889;12002.666666666668;154696.8888888889
1688376243;106507509.44444445;21736;12001.222222222223;156906.6666666667
1688376244;106454459.44444445;21974.55555555556;11954.111111111111;155130
1688376245;106927732.8888889;23234;12007.555555555557;156231.77777777778
1688376246;106748424.33333334;25283.88888888889;12025.444444444445;156574.44444444447
1688376247;110883439.33333334;25853.666666666668;11932.666666666668;154973.11111111112
1688376248;117103423.44444445;27507.666666666668;12022.111111111111;172514.8888888889
1688376249;113204538.66666667;27262.666666666668;12024.111111111111;176736.44444444447
1688376250;100203659.77777779;28584.444444444445;12025.444444444445;158658.22222222222
1688376251;87081134.11111112;26169.88888888889;12024.222222222223;138843.77777777778
1688376252;74152174;26684.111111111113;12026;118292.22222222223
1688376253;61012520.55555556;26823.77777777778;12028.77777777778;99660
1688376254;47887457.333333336;26246.222222222223;11975.555555555557;79283.55555555556
1688376255;34919763.66666667;23357.666666666668;12006.88888888889;59317.77777777778
1688376256;21948011.555555556;22170.222222222223;12010.111111111111;41160.66666666667
1688376257;8924531.444444446;20269.777777777777;11920.88888888889;22198.444444444445
1688376258;11275.666666666668;22359.666666666668;12003.111111111111;14836.88888888889
1688376259;11275;27349.333333333336;12006.666666666668;14836.222222222223
1688376260;11274.333333333334;27919.444444444445;12008.555555555557;14835.222222222223
1688376261;11278.77777777778;28165.77777777778;12009;14841.88888888889
1688376262;11277;28119.77777777778;12008.444444444445;14848.666666666668
1688376263;11269.111111111111;28422.222222222223;12008.333333333334;14851.555555555557
1688376264;11279;29728.000000000004;11960.555555555557;14854.88888888889
1688376265;11278.666666666668;29983.333333333336;11991;14763.88888888889
1688376266;11279.222222222223;30944.666666666668;11991.666666666668;14798.111111111111
1688376267;11279.111111111111;29166.88888888889;11908.111111111111;14846.000000000002
1688376268;11278.111111111111;26249.222222222223;11903.333333333334;14845.222222222223
1688376269;11289.77777777778;25427.77777777778;11984.444444444445;14846.555555555557
1688376270;11282.222222222223;26767.000000000004;11984.88888888889;14841.555555555557
1688376271;11284.444444444445;26046.55555555556;11981.333333333334;14835.000000000002
1688376272;11284.555555555557;25818.88888888889;11979.666666666668;14834.666666666668
1688376273;11263.555555555557;24416.222222222223;11977.77777777778;14831.88888888889
1688376274;11265.666666666668;23868.55555555556;11946.444444444445;14834.666666666668
1688376275;11264.666666666668;23429.222222222223;11976.111111111111;14746.000000000002
1688376276;11265.555555555557;23767;11995.222222222223;14791.77777777778
1688376277;11268.111111111111;21873;11994.333333333334;14886.77777777778
1688376278;11264.111111111111;24667.55555555556;11918.666666666668;14950.88888888889
1688376279;11325.111111111111;23217.77777777778;12007.222222222223;14950.000000000002
1688376280;11323.333333333334;24506.88888888889;12009.88888888889;14951.111111111111
1688376281;11330.555555555557;24638.333333333336;12011.444444444445;14950.111111111111
1688376282;11333;23435.77777777778;12012.333333333334;14951.555555555557
1688376283;11331.77777777778;23926;12011.222222222223;14949.555555555557
1688376284;11333;22987.55555555556;11979.666666666668;14949.77777777778
1688376285;11333.555555555557;24183.333333333336;12020;14856.77777777778
1688376286;11326.222222222223;23451.55555555556;12018.222222222223;14760.666666666668
1688376287;11318.77777777778;22547.55555555556;12010.444444444445;14829.444444444445
1688376288;11259.222222222223;22879.444444444445;11921.333333333334;14896.000000000002
1688376289;11258.333333333334;26652.666666666668;11996.333333333334;14893.444444444445
1688376290;11250.88888888889;28654.000000000004;12070;14896.444444444445
1688376291;11251.666666666668;29350.222222222223;12084.666666666668;14895.333333333334
1688376292;11251.88888888889;30961.111111111113;12189.666666666668;14914.88888888889
1688376293;11250.88888888889;30358.666666666668;12198.333333333334;14914.444444444445
1688376294;11269.77777777778;29727.666666666668;12139.333333333334;14913.555555555557
1688376295;11267.77777777778;28993.000000000004;12141.222222222223;14935.77777777778
1688376296;11275.222222222223;29365.88888888889;12201;14867.000000000002
1688376297;11274.88888888889;28259.333333333336;12200.222222222223;14889.666666666668
1688376298;11276.222222222223;24636.111111111113;12124.88888888889;14953.444444444445
1688376299;11275.77777777778;22324.666666666668;12048.666666666668;14952.444444444445
1688376300;11274.111111111111;23812.222222222223;12117.444444444445;14953.333333333334
1688376301;11274.666666666668;22820.111111111113;12013.77777777778;14948.88888888889
1688376302;11275.333333333334;22563.444444444445;12006;14958.000000000002
1688376303;11256.111111111111;22320.333333333336;12004.88888888889;14966.444444444445
1688376304;11256.222222222223;22666.666666666668;12005.333333333334;14946.444444444445
1688376305;11250.222222222223;21839.111111111113;11957.222222222223;14880.555555555557
1688376306;11250.111111111111;22298.55555555556;12008.222222222223;14791.111111111111
1688376307;11250.444444444445;21368.88888888889;12008.333333333334;14827.666666666668
1688376308;11249.555555555557;22244;12030.444444444445;14864.444444444445
1688376309;11267.555555555557;20576.222222222223;11947.666666666668;14860.222222222223
1688376310;11266.77777777778;22587.444444444445;12037.444444444445;14844.88888888889
1688376311;11265.333333333334;24124;12039.222222222223;14834.666666666668
1688376312;11272.111111111111;23362.77777777778;12039.555555555557;14828.222222222223
1688376313;11271.555555555557;23481.77777777778;12038.222222222223;14826.333333333334
1688376314;11270.555555555557;23634.88888888889;12027.88888888889;14829.000000000002
1688376315;11275.666666666668;23476.333333333336;11977.222222222223;14827.444444444445
1688376316;11275.222222222223;23617.77777777778;12041.333333333334;14727.666666666668
1688376317;11276.222222222223;23491.222222222223;12020.555555555557;14780.000000000002
1688376318;11266.666666666668;24988.444444444445;12019.88888888889;14828.88888888889
1688376319;11268.666666666668;26995.666666666668;11938.88888888889;14828.444444444445
1688376320;11269.555555555557;29366.000000000004;12037.111111111111;14821.222222222223
1688376321;11263.111111111111;28367.000000000004;12036.333333333334;14827.666666666668
1688376322;11262.555555555557;29510.222222222223;12038.111111111111;14834.77777777778
1688376323;11263;28096.77777777778;12038.111111111111;14831.444444444445
1688376324;11257.222222222223;29626.77777777778;12037.444444444445;14833.666666666668
1688376325;11268.222222222223;27960.77777777778;11973.333333333334;14833.88888888889
1688376326;11275;28376.444444444445;12021.444444444445;14744.111111111111
1688376327;11265.88888888889;27318.111111111113;12020.444444444445;14699.111111111111
1688376328;11263.88888888889;23655;12011.666666666668;14815.111111111111
1688376329;11262.77777777778;20407.222222222223;11912.444444444445;14871.333333333334
1688376330;11261.111111111111;23333.222222222223;11914.222222222223;14862.111111111111
1688376331;11269.555555555557;22653.222222222223;12001.666666666668;14855.333333333334
1688376332;11274.333333333334;23014.666666666668;12000.88888888889;14856.555555555557
1688376333;11274.333333333334;21678.77777777778;12001.88888888889;14852.444444444445
1688376334;11261.88888888889;21953.88888888889;12000.555555555557;14852.444444444445
1688376335;11252.333333333334;21239;11952.77777777778;14851.555555555557
1688376336;11259;21897;12006.666666666668;14850.111111111111
1688376337;11258.222222222223;21625.77777777778;12014.222222222223;14728.555555555557
1688376338;11259.333333333334;22992.55555555556;12015.222222222223;14772.555555555557
1688376339;11260.111111111111;20978.666666666668;12013.111111111111;14821.111111111111
1688376340;11270.333333333334;21330.666666666668;11923.88888888889;14821.333333333334
1688376341;11265.88888888889;23818;12017.111111111111;14820.333333333334
1688376342;11266.111111111111;23433.333333333336;12016.111111111111;14821.333333333334
1688376343;11267.111111111111;24009.55555555556;12017.111111111111;14822.444444444445
1688376344;11270.222222222223;23698.333333333336;12026.444444444445;14823.88888888889
1688376345;11264.333333333334;23072.222222222223;11974.333333333334;14824.000000000002
1688376346;11267.111111111111;22274.111111111113;12013.666666666668;14828.77777777778
1688376347;11274.666666666668;22533.77777777778;12012.333333333334;14736.333333333334
1688376348;11281.111111111111;23409.222222222223;12014.333333333334;14779.222222222223
1688376349;11271.666666666668;28370.000000000004;12014.111111111111;14826.333333333334
1688376350;11268.222222222223;26807.111111111113;11922.555555555557;14828.88888888889
1688376351;11267.88888888889;26621.88888888889;12006.88888888889;14830.666666666668
1688376352;11268.222222222223;27214.333333333336;12109.88888888889;14847.222222222223
1688376353;11265.111111111111;29500.111111111113;12114.555555555557;14846.666666666668
1688376354;11265;28368.000000000004;12114.111111111111;14849.88888888889
1688376355;11273.88888888889;29601.666666666668;12066.444444444445;14865.444444444445
1688376356;11266.444444444445;31707.222222222223;12297.88888888889;14931.666666666668
1688376357;11260.222222222223;39832.222222222226;12322.555555555557;14876.444444444445
1688376358;11261.333333333334;34955.555555555555;12332.77777777778;14953.88888888889
1688376359;11262.666666666668;35300.77777777778;12369;15066.444444444445
1688376360;11269.222222222223;35960.88888888889;12285.77777777778;15067.000000000002
1688376361;11268.88888888889;34894.66666666667;12185.444444444445;15049.666666666668
1688376362;11270.88888888889;32851.66666666667;12248.88888888889;15048.111111111111
1688376363;11270;35066.11111111112;12263.666666666668;15045.222222222223
1688376364;11259.555555555557;33925.444444444445;12264;15029.333333333334
1688376365;11259.222222222223;30473.222222222223;12039.111111111111;14963.000000000002
1688376366;11259.222222222223;22071.77777777778;12016.444444444445;14928.111111111111
1688376367;11249.666666666668;22511.222222222223;12061.77777777778;14805.222222222223
1688376368;2961667.888888889;24638.55555555556;12024;15072.444444444445
1688376369;15766684.333333334;24549.333333333336;12023.111111111111;27772.333333333336
1688376370;29075604.222222224;25746.333333333336;12020.88888888889;54521.88888888889
1688376371;41932363.11111111;27146.000000000004;11942.666666666668;86843
1688376372;55063300.888888896;27051.666666666668;11929.77777777778;114851.00000000001
1688376373;67796885.33333334;27576.55555555556;12020;145372.55555555556
1688376374;80864249.77777778;28011.77777777778;12012.222222222223;175064.55555555556
1688376375;93969034;27074.88888888889;12009.77777777778;205832.11111111112
1688376376;106851877.11111112;25741.111111111113;12000.444444444445;238760.11111111112
1688376377;116858797.55555557;24015.222222222223;12045.444444444445;268273
1688376378;117236535.44444445;25734.77777777778;12058.111111111111;272093.3333333334
1688376379;116726353.11111112;28146.333333333336;12064.111111111111;275495.3333333334
1688376380;116758564.11111112;30512.000000000004;12064;272841.55555555556
1688376381;116752084.77777779;28541.444444444445;12061;275599.3333333334
1688376382;117300727.44444445;28877.55555555556;11971.111111111111;276507.3333333334
1688376383;117043486.11111112;28853.666666666668;12060;280608.6666666667
1688376384;117053752.55555557;29995.55555555556;12060.222222222223;280813.3333333334
1688376385;117412128.00000001;29279.666666666668;12015.88888888889;277359.1111111111
1688376386;117438256.00000001;28697.000000000004;11972.77777777778;279302.22222222225
1688376387;117403302.33333334;26880.666666666668;12033.666666666668;279588.22222222225
1688376388;117656759.77777779;25356.55555555556;12028.555555555557;280192.22222222225
1688376389;117960502.33333334;21700.55555555556;12029;279841.55555555556
1688376390;117696015.55555557;23622;12030.333333333334;281262.88888888893
1688376391;117558970.55555557;22469.333333333336;12029.88888888889;280475.55555555556
1688376392;117716880.44444445;22162.333333333336;11941.222222222223;277258.88888888893
1688376393;117460670.22222222;22431.111111111113;12028.666666666668;276346
1688376394;117013526.00000001;23372.222222222223;12027;277137.1111111111
1688376395;117031091.8888889;22707.77777777778;12025.444444444445;275784.22222222225
1688376396;116881540.55555557;22234.55555555556;11953.111111111111;274974.88888888893
1688376397;116886040.44444445;21282.444444444445;12015.666666666668;275256.88888888893
1688376398;116731037.33333334;22834.88888888889;12016.77777777778;277076.88888888893
1688376399;116709019.00000001;26588.77777777778;12018.111111111111;276146.88888888893
1688376400;116534392.22222222;27525.000000000004;12047.555555555557;275816.88888888893
1688376401;116558692.33333334;28110.444444444445;12047.111111111111;277641.55555555556
1688376402;116970846.55555557;26237.444444444445;11995.555555555557;279130.6666666667
1688376403;116858731.22222222;27349.222222222223;11997.444444444445;282375.3333333334
1688376404;116956721.44444445;27062.77777777778;12096.444444444445;280833.55555555556
1688376405;116843824.55555557;27950.111111111113;12102.88888888889;282128.88888888893
1688376406;116961514.66666667;26597.111111111113;12075.555555555557;280860.22222222225
1688376407;116921677.22222222;25355.222222222223;12076.666666666668;280711.55555555556
1688376408;117160246.11111112;22914.222222222223;12134.666666666668;279218.88888888893
1688376409;117333703.55555557;24898.222222222223;12105.222222222223;279733.55555555556
1688376410;117286002.66666667;29290.000000000004;12114.666666666668;277458.88888888893
1688376411;116885148.66666667;29113.333333333336;12093.222222222223;274999.55555555556
1688376412;117178043.11111112;28476.222222222223;12162.222222222223;270866.6666666667
1688376413;117068393.22222222;28668.222222222223;12065.111111111111;271071.3333333334
1688376414;117298343.8888889;29160.55555555556;12147.555555555557;268493.3333333334
1688376415;117119324.55555557;29612.77777777778;12110.444444444445;267831.55555555556
1688376416;117559785.55555557;29049.666666666668;12107.333333333334;269612.22222222225
1688376417;117335099.00000001;26568.333333333336;12045.88888888889;268698.22222222225
1688376418;117217943.66666667;25578;12099.444444444445;268722.22222222225
1688376419;117165764.11111112;21438.444444444445;12090.88888888889;267958.22222222225
1688376420;117364161.8888889;23965.666666666668;12083.666666666668;270874.44444444444
1688376421;117344944.22222222;23221.111111111113;12013;271996.22222222225
1688376422;117299298.00000001;23421.333333333336;12019.666666666668;272618.22222222225
1688376423;117227756.22222222;21430.333333333336;11936.111111111111;274513.55555555556
1688376424;117050643.55555557;23461.111111111113;12060.666666666668;273267.1111111111
1688376425;116846889.33333334;22372.77777777778;12068.88888888889;271074.22222222225
1688376426;116723008.77777779;22258.222222222223;12071.111111111111;272517.7777777778
1688376427;104175348.11111112;20655.88888888889;12017.444444444445;255115.77777777778
1688376428;91282894.22222222;21410.222222222223;12074.222222222223;225753.11111111112
1688376429;86800884.44444445;20938.111111111113;12064.111111111111;197546.77777777778
1688376430;86875613.66666667;22579.55555555556;12082.444444444445;181484.55555555556
1688376431;86965661.44444445;22174.111111111113;12071.666666666668;164210.33333333334
1688376432;87012240.33333334;23126;12065;146291
1688376433;87257352;22690.88888888889;12001.555555555557;132269.22222222222
1688376434;86983458.22222222;23404.55555555556;11997.333333333334;115987.44444444445
1688376435;87395909.77777779;23993.55555555556;12090.222222222223;98996.77777777778
1688376436;97789321.22222222;23868.55555555556;12156.77777777778;99694.11111111112
1688376437;99173526;22326.333333333336;12100.222222222223;103464.77777777778
1688376438;95392233.22222222;22904.222222222223;12161.77777777778;99702.44444444445
1688376439;94447667.22222222;26116.55555555556;12151.555555555557;96151.55555555556
1688376440;94462439.66666667;29836.666666666668;12169.666666666668;97476.22222222223
1688376441;94506358.66666667;30825.444444444445;12280.555555555557;99993.55555555556
1688376442;94471827.33333334;31090.222222222223;12219.111111111111;100838.22222222223
1688376443;92777186.55555557;32000.666666666668;12215.666666666668;99074.88888888889
1688376444;92321181.33333334;31313.222222222223;12124.444444444445;98614.22222222223
1688376445;94598648;32602.444444444445;12058.555555555557;97799.55555555556
1688376446;106233531.8888889;31898.88888888889;12141.77777777778;110522.88888888889
1688376447;111065150.33333334;31007.444444444445;12081.222222222223;124235.33333333334
1688376448;99782700.77777779;26702.77777777778;12107;114572.22222222223
1688376449;98060298.8888889;25642.222222222223;12090.666666666668;105014.22222222223
1688376450;98043360;26499.77777777778;11978.666666666668;104217.55555555556
1688376451;97909669.11111112;24812.77777777778;11979.77777777778;102970.22222222223
1688376452;90257162.55555557;24703.333333333336;11978.555555555557;99108.22222222223
1688376453;88725480.66666667;23724.55555555556;11975.222222222223;91196
1688376454;88600453.77777779;23419.444444444445;11974;91396.88888888889
1688376455;88813538.77777779;23695.88888888889;11890.444444444445;88891.55555555556
1688376456;89984682.55555557;24888;11975.666666666668;87642.44444444445
1688376457;90347858.77777779;24387.77777777778;11950.88888888889;89340.22222222223
1688376458;84578003.44444445;23379.333333333336;11951.333333333334;85101.55555555556
1688376459;84482239;21452;11984.111111111111;81870.22222222223
1688376460;84637228.33333334;21629.88888888889;11983.77777777778;82062.88888888889
1688376461;93845478.11111112;21899.88888888889;11988.111111111111;86747.55555555556
1688376462;92950244.11111112;23440.88888888889;11990.555555555557;95414.22222222223
1688376463;80801561.11111112;21645.666666666668;11997.666666666668;83978
1688376464;77959321.66666667;21819.666666666668;11996.666666666668;73928.22222222223
1688376465;80181662.66666667;20178.88888888889;11919.444444444445;74460.44444444445
1688376466;92288490.11111112;21172.666666666668;11910.444444444445;89831.11111111112
1688376467;99590837.66666667;20191.55555555556;12005.88888888889;105084.22222222223
1688376468;99587645.11111112;21164.77777777778;11974.444444444445;110117.55555555556
1688376469;98525731.11111112;24819.333333333336;12027.77777777778;109452.44444444445
1688376470;98369390.55555557;27899.55555555556;12026.111111111111;107713.77777777778
1688376471;100976284.55555557;28058.666666666668;12032.666666666668;106949.77777777778
1688376472;113154768.77777779;30494.55555555556;12049.333333333334;118313.11111111112
1688376473;115336650.33333334;29714.111111111113;12050.88888888889;127537.55555555556
1688376474;112822587.77777779;29299.666666666668;12046.444444444445;123081.55555555556
1688376475;106027681;28616.77777777778;12046;115738.88888888889
1688376476;93169053.77777779;28143.111111111113;11949;99965.11111111112
1688376477;80150688;26950.000000000004;12025.333333333334;83744.44444444445
1688376478;68162471.11111112;24544.111111111113;11986.111111111111;70763.55555555556
1688376479;55497024.44444445;21163.444444444445;12040.555555555557;59148.88888888889
1688376480;42632646.333333336;22458.88888888889;12041.111111111111;46337.55555555556
1688376481;29577799.666666668;21789.333333333336;12018.444444444445;32863.333333333336
1688376482;17005987.333333336;22995.444444444445;12017;19682.88888888889
1688376483;6489712.111111112;23103.333333333336;12013.77777777778;14307.333333333334
1688376484;3174287.777777778;23261.111111111113;12021.111111111111;14291.000000000002
1688376485;13712527.666666668;23098.77777777778;12023;14262.77777777778
1688376486;23903600.77777778;23227;11945.88888888889;20244.55555555556
1688376487;33878594.333333336;23083.77777777778;11949.222222222223;27031.222222222223
1688376488;44698169.77777778;23626.55555555556;11984.444444444445;31767.222222222223
1688376489;55640158.888888896;22211.666666666668;12031.77777777778;37945.222222222226
1688376490;67156979;22547.111111111113;12032.444444444445;43208.77777777778
1688376491;74481444.22222222;22557.88888888889;12032.111111111111;48809.88888888889
1688376492;74481459.8888889;22842.444444444445;12032;49610.55555555556
1688376493;80680633.77777778;22781.88888888889;12024.555555555557;51249.66666666667
1688376494;81974178.11111112;22940.222222222223;12024.444444444445;48701.55555555556
1688376495;82638669.33333334;22956.222222222223;12042.666666666668;44374.222222222226
1688376496;83506726.22222222;21271.222222222223;12031.666666666668;45426.88888888889
1688376497;81324996.33333334;21743.55555555556;11941;51224
1688376498;70383006.77777778;21605.666666666668;11980.88888888889;47012.88888888889
1688376499;58866184.77777778;23478.77777777778;12014.77777777778;41732.222222222226
1688376500;51541720;26580.000000000004;12078.555555555557;36148.222222222226
1688376501;51541704.333333336;26090.111111111113;12086.444444444445;35342.88888888889
1688376502;42179513.66666667;27594.55555555556;12087.88888888889;33659.555555555555
1688376503;30347722.222222224;28053.222222222223;12086.333333333334;28362.666666666668
1688376504;19492157.222222224;28783.88888888889;12067.77777777778;20498
1688376505;8649158.222222222;28693.222222222223;12061;14245.333333333334
1688376506;11314.555555555557;27405.000000000004;12061.666666666668;14244.88888888889
1688376507;11316.666666666668;27975.444444444445;11966.111111111111;14240.77777777778
1688376508;11316.222222222223;25797;11930.333333333334;14257.77777777778
1688376509;11313.77777777778;22450.111111111113;11957.222222222223;14255.333333333334
1688376510;11319;24789.444444444445;12008.666666666668;14247.77777777778
1688376511;11314.555555555557;22942.333333333336;12007;14177.333333333334
1688376512;11323.666666666668;23651.77777777778;12007.111111111111;14159.111111111111
1688376513;11322.222222222223;23537.88888888889;12007.666666666668;14145.555555555557
1688376514;11271.333333333334;24729.55555555556;12008.111111111111;14238.555555555557
1688376515;11269.666666666668;24059.88888888889;12059.555555555557;14240.444444444445
1688376516;11266.77777777778;23713.55555555556;12058.77777777778;14240.77777777778
1688376517;11265.555555555557;23007.333333333336;12077.77777777778;14219.77777777778
1688376518;11265.666666666668;25004.111111111113;11995.444444444445;14218.111111111111
1688376519;11258.666666666668;23075;12021.222222222223;14216.222222222223
1688376520;11258.666666666668;25440.333333333336;12070.88888888889;14214.222222222223
1688376521;11248;24643.666666666668;12073.222222222223;14217.88888888889
1688376522;11246.666666666668;24903.88888888889;12081.333333333334;14262.88888888889
1688376523;11246.555555555557;25891.222222222223;12081.77777777778;14163.555555555557
1688376524;11246.666666666668;26322.000000000004;12028.666666666668;14251.444444444445
1688376525;11247.333333333334;26112;12072.333333333334;14251.444444444445
1688376526;11248.666666666668;24949.333333333336;12075.555555555557;14254.444444444445
1688376527;11284.111111111111;24372;12066.333333333334;14270.666666666668
1688376528;11286;24519.666666666668;11989.555555555557;14271.222222222223
1688376529;11293.222222222223;25910;12030.77777777778;14306.333333333334
1688376530;11291.555555555557;28075.88888888889;12082.77777777778;14248.222222222223
1688376531;11292.555555555557;27959.000000000004;12074.111111111111;14244.000000000002
1688376532;11291.88888888889;27703.000000000004;12074.111111111111;14329.666666666668
1688376533;11291.111111111111;28414.000000000004;12096.333333333334;14239.555555555557
1688376534;11292;28700.111111111113;12051.88888888889;14330.88888888889
1688376535;11292.666666666668;29073.333333333336;12029.111111111111;14352.444444444445
1688376536;11264.444444444445;27973.222222222223;12031.222222222223;14357.000000000002
1688376537;11271.555555555557;27697.444444444445;12025.77777777778;14356.333333333334
1688376538;11271.222222222223;25996.77777777778;11937.333333333334;14327.88888888889
1688376539;11280.77777777778;22973.222222222223;11903.333333333334;14327.333333333334
1688376540;11281.555555555557;25042.666666666668;12039.333333333334;14283.77777777778
1688376541;11282.111111111111;23539.55555555556;12036.88888888889;14196.222222222223
1688376542;11303.111111111111;23423.666666666668;12016.333333333334;14203.333333333334
1688376543;11311;23188.222222222223;12018.333333333334;14166.555555555557
1688376544;11311.666666666668;24288.88888888889;12026.444444444445;14232.88888888889
1688376545;11304.333333333334;23135.333333333336;12025.222222222223;14212.444444444445
1688376546;11304.222222222223;22646;12024.77777777778;14221.444444444445
1688376547;11298.333333333334;21515.666666666668;12021.555555555557;14216.111111111111
1688376548;11303.222222222223;22646.222222222223;12028.444444444445;14253.333333333334
1688376549;11309.333333333334;20748.77777777778;11899.444444444445;14256.88888888889
1688376550;11308.666666666668;21228.222222222223;12034.111111111111;14283.555555555557
1688376551;11289;22951.444444444445;12077.666666666668;14289.222222222223
1688376552;11282;21979.666666666668;12076.222222222223;14313.666666666668
1688376553;11281.666666666668;22635.333333333336;12067.666666666668;14269.000000000002
1688376554;11280.555555555557;23133.88888888889;12069.222222222223;14374.88888888889
1688376555;11272.222222222223;23485.222222222223;12068.444444444445;14374.88888888889
1688376556;11277.88888888889;23189.55555555556;12075.88888888889;14373.000000000002
1688376557;11281.77777777778;22722.222222222223;12048.444444444445;14335.111111111111
1688376558;11280.666666666668;23212.88888888889;12040.88888888889;14333.444444444445
1688376559;11279;25917.77777777778;11913.111111111111;14326.222222222223
1688376560;11284.88888888889;27157.111111111113;11958.111111111111;14314.111111111111
1688376561;11283.666666666668;28816.222222222223;12011.77777777778;14240.555555555557
1688376562;11281.555555555557;27838.000000000004;12011;14195.77777777778
1688376563;11290;27338.55555555556;12009.222222222223;14158.333333333334
1688376564;11289.222222222223;29336.55555555556;12006.444444444445;14248.333333333334
1688376565;11280.222222222223;28420.111111111113;11998.333333333334;14256.555555555557
1688376566;11267.666666666668;28150.666666666668;12006.77777777778;14260.333333333334
1688376567;11267;27039.000000000004;12042.111111111111;14259.222222222223
1688376568;11268.88888888889;24934;12035;14241.222222222223
1688376569;11268.222222222223;21714.88888888889;11945.333333333334;14240.88888888889
1688376570;11268.111111111111;23152.77777777778;11981.88888888889;14237.111111111111
1688376571;11268.88888888889;23432.666666666668;12030.77777777778;14239.111111111111
1688376572;11281.555555555557;23544.77777777778;12031.333333333334;14172.000000000002
1688376573;11289.444444444445;21844.222222222223;12031.333333333334;14074.88888888889
1688376574;11291.88888888889;21865.222222222223;12033.666666666668;14200.555555555557
1688376575;11286.222222222223;23550.222222222223;12025.555555555557;14212.555555555557
1688376576;11280.333333333334;22959.77777777778;11992.444444444445;14214.000000000002
1688376577;11278.333333333334;22372.666666666668;11994.666666666668;14211.111111111111
1688376578;11271.222222222223;22906.666666666668;12002;14212.222222222223
1688376579;11272.222222222223;20977.77777777778;11919;14212.222222222223
1688376580;11273.444444444445;21596.333333333336;12002.88888888889;14212.333333333334
1688376581;11252.222222222223;23373.222222222223;12056.333333333334;14213.444444444445
1688376582;11244.333333333334;23400.222222222223;12102.333333333334;14214.555555555557
1688376583;11242.88888888889;22989.333333333336;12101.666666666668;14082.88888888889
1688376584;11242.222222222223;22208.666666666668;12101.444444444445;14124.666666666668
1688376585;11242.333333333334;22913;12106.222222222223;14122.555555555557
1688376586;11243.555555555557;24064.222222222223;12188.77777777778;14226.222222222223
1688376587;11255;22501.111111111113;12195.111111111111;14232.77777777778
1688376588;11254.111111111111;23437.77777777778;12194.666666666668;14229.666666666668
1688376589;11252.222222222223;25094;12062.88888888889;14235.666666666668
1688376590;11253.111111111111;29572.77777777778;12008.88888888889;14235.333333333334
1688376591;11262.444444444445;28617.77777777778;12108.444444444445;14234.77777777778
1688376592;11270.555555555557;30653.77777777778;12108.333333333334;14235.000000000002
1688376593;11283.555555555557;30338.000000000004;12115.333333333334;14199.111111111111
1688376594;11283.666666666668;30720.88888888889;12155.222222222223;14254.333333333334
1688376595;11290.222222222223;30614.666666666668;12086.88888888889;14168.000000000002
1688376596;11279.88888888889;32003.000000000004;12073.77777777778;14237.666666666668
1688376597;11285;30984.444444444445;12086.111111111111;14269.666666666668
1688376598;11284.444444444445;28222.666666666668;12087;14263.222222222223
1688376599;11291.111111111111;23353.55555555556;12094.333333333334;14264.333333333334
1688376600;11291.333333333334;24350;11950.222222222223;14264.666666666668
1688376601;11283.333333333334;24548.333333333336;12105.222222222223;14271.444444444445
1688376602;11284.222222222223;24568.77777777778;12099.111111111111;14248.444444444445
1688376603;2355862.6971784052;23576.222222222223;12054.333333333334;14342.444444444445
1688376604;15490197.666666668;23453.77777777778;12046.666666666668;15615.333333333334
1688376605;28453327.555555556;22064.666666666668;12047.333333333334;36091.555555555555
1688376606;41709818.333333336;23564;12030.222222222223;55250.88888888889
1688376607;54537625.11111111;23079.333333333336;12030.444444444445;75567.55555555556
1688376608;67804794;23940.222222222223;12024.666666666668;91277.33333333334
1688376609;80783031.8888889;22729;12025.666666666668;110556.22222222223
1688376610;93573359.11111112;24273.444444444445;11879.555555555557;128881.55555555556
1688376611;106719115;23330.77777777778;11936.333333333334;149378.22222222222
1688376612;117538067.12602799;25448.111111111113;12028.77777777778;166379.77777777778
1688376613;117307859.22222222;23544.666666666668;12020.444444444445;170571.11111111112
1688376614;117330663.8888889;24243.111111111113;12019.88888888889;169458
1688376615;116910727.8888889;22611.333333333336;12018.88888888889;166970.22222222225
1688376616;117162104.44444445;24287.333333333336;12028;167312.6666666667
1688376617;117105059.77777779;23052.444444444445;12026.77777777778;171506.44444444447
1688376618;117016013.8888889;24946.55555555556;12025.88888888889;172926.44444444447
1688376619;117237061.00000001;24713.666666666668;12024.111111111111;172187.11111111112
1688376620;117122655.8888889;30235.666666666668;11968.222222222223;170016.44444444447
1688376621;116790274.66666667;28073.88888888889;11874.222222222223;172852.22222222225
1688376622;116941320.8888889;30154.55555555556;12039.88888888889;173657.77777777778
1688376623;112418743.8888889;30801.000000000004;12041.111111111111;174866.22222222225
1688376624;110691662.22222222;31286.000000000004;12042;163510.22222222225
1688376625;105364220.66666667;30271.444444444445;12034.77777777778;160790.22222222222
1688376626;105177339.66666667;29498.333333333336;12036;151882.44444444447
1688376627;105239904.55555557;30222.77777777778;12056.111111111111;151732
1688376628;105124525;28388.444444444445;12058;152646.6666666667
1688376629;104927175.18329261;22979.77777777778;12057.444444444445;153828.22222222222
1688376630;105452455.55555557;24003.111111111113;12060.111111111111;151329.55555555556
1688376631;105292233.11111112;24102.444444444445;11896.555555555557;151252.22222222222
1688376632;110072676.8888889;23068.55555555556;12033.555555555557;150144.44444444447
1688376633;106316175.33333334;22247.666666666668;12034.111111111111;162676.22222222222
1688376634;101238096.8888889;22824.333333333336;12034.333333333334;148066.44444444447
1688376635;88214853.22222222;26021;12063.111111111111;137084.22222222222
1688376636;75263088;25815.444444444445;12044.88888888889;116535.77777777778
1688376637;62367095.66666667;25549.111111111113;12037.111111111111;98035.11111111112
1688376638;49520770.06001333;27539.111111111113;12037.444444444445;78527.55555555556
1688376639;36202249.55555556;26133.666666666668;12033.322225924692;60857.11111111112
1688376640;23281699.77777778;26635.666666666668;12044.555555555557;40808
1688376641;21237350.88888889;27619.222222222223;11907.88888888889;25571.111111111113
1688376642;26695242.222222224;28460.333333333336;12058.333333333334;15885.77777777778
1688376643;37077620.11111111;27606.77777777778;12056.222222222223;20278.444444444445
1688376644;50154237.44444445;25332;12030.77777777778;29602.666666666668
1688376645;63098691.77777778;23157.666666666668;12032.111111111111;38760.88888888889
1688376646;76089307.66666667;22275.77777777778;12039.444444444445;49755.77777777778
1688376647;89047690.33333334;22969.333333333336;12040.444444444445;64554.44444444445
1688376648;101874820.22222222;23625.666666666668;12052.128487273536;63565.23975
1688376649;110701391.77777779;25132.666666666668;12040.333333333334;64314.209142857144
1688376650;99502112.77777779;27942.222222222223;12041.111111111111;87510.59025911192
1688376651;101339356;28192.333333333336;11889.444444444445;85991.55555555556
1688376652;98349086.55555557;27751.88888888889;12012.111111111111;86211.55555555556
1688376653;98057457.55555557;28278.444444444445;12032.555555555557;86340.44444444445
1688376654;98108103.11111112;28566.88888888889;12031.666666666668;86309.55555555556
1688376655;97955085;28834.000000000004;12026.222222222223;83096.44444444445
1688376656;98113252.77777779;26482.000000000004;12026.88888888889;76645.77777777778
1688376657;98098680.33333334;26410.77777777778;12017.77777777778;58210.447529482015
1688376658;102145989.44444445;26084.88888888889;12018.111111111111;66900.99825789063
1688376659;115150525.00000001;21681.88888888889;12023.222222222223;75521.0943786642
1688376660;113703758.11111112;20077.666666666668;12024.555555555557;77408.44444444445
1688376661;108734222.66666667;22409.55555555556;11902.77777777778;76210.66666666667
1688376662;103714405.55555557;25762.77777777778;11879.222222222223;70444.88888888889
1688376663;90719301.77777779;34526.555555555555;12226.555555555557;63339.55555555556
1688376664;77881706.77777778;34193.333333333336;12283.666666666668;55540.66666666667
1688376665;64765155.888888896;34690.77777777778;12291.333333333334;47219.77777777778
1688376666;51952596.55555556;34404.11111111112;12290.444444444445;39031.77777777778
1688376667;39078714.333333336;32612.88888888889;12291;29621.333333333336
1688376668;26074012.666666668;34436.222222222226;12285.111111111111;20765.111111111113
1688376669;12872667;36405.66666666667;12284;13995.111111111111
1688376670;7776437.666666667;34507.77777777778;12285.555555555557;13987.333333333334
1688376671;11258.444444444445;31050.222222222223;12292.555555555557;13986.88888888889
1688376672;11267.444444444445;22938.88888888889;11945;13978.111111111111
1688376673;11268;24184.222222222223;12031.88888888889;13961.444444444445
1688376674;11275.666666666668;23667.333333333336;12021.666666666668;13959.000000000002
1688376675;11276.666666666668;23802.222222222223;12024.333333333334;13891.000000000002
1688376676;11274.333333333334;22893.111111111113;12031.555555555557;13936.333333333334
1688376677;11278.77777777778;22238.55555555556;12030.666666666668;13935.88888888889
1688376678;11280;21114.444444444445;12028.666666666668;13838.000000000002
1688376679;11274.222222222223;23976.111111111113;12033.666666666668;13926.555555555557
1688376680;11284;25420.77777777778;12026.555555555557;13946.555555555557
1688376681;11285;27679.000000000004;12034.333333333334;13933.88888888889
1688376682;11277.77777777778;27526.77777777778;11889.222222222223;13933.555555555557
1688376683;11277.88888888889;28329.88888888889;12071.666666666668;13926.555555555557
1688376684;11278.111111111111;29157.88888888889;12091.77777777778;13912.444444444445
1688376685;11278.666666666668;29239.222222222223;12084.333333333334;13870.333333333334
1688376686;11265.555555555557;28801.000000000004;12084.222222222223;13877.333333333334
1688376687;11264.77777777778;30050.88888888889;12084.666666666668;13991.666666666668
1688376688;11263.77777777778;27585.666666666668;12085.77777777778;13894.88888888889
1688376689;11255;24191.444444444445;12084;13873.77777777778
1688376690;11246.444444444445;24839;12076.333333333334;13960.77777777778
1688376691;11246.666666666668;23449.444444444445;12075.77777777778;13962.222222222223
1688376692;11298.555555555557;23989.55555555556;11893.111111111111;13976.555555555557
1688376693;11297.666666666668;22773.77777777778;11926.333333333334;13985.444444444445
1688376694;11296.77777777778;23930.666666666668;11926.88888888889;14036.666666666668
1688376695;11305.444444444445;23093.333333333336;12016.555555555557;14036.444444444445
1688376696;11306.111111111111;22101.333333333336;12018.222222222223;13921.000000000002
1688376697;11306.77777777778;21922.333333333336;12009;14003.88888888889
1688376698;11312.222222222223;24487.77777777778;12011.222222222223;14003.555555555557
1688376699;11312.666666666668;20358.777777777777;12007.222222222223;13916.444444444445
1688376700;11321;24083.333333333336;12015.666666666668;13929.222222222223
1688376701;11260.77777777778;22304.88888888889;12016.88888888889;14020.77777777778
1688376702;11261;24529.666666666668;11977.444444444445;14025.88888888889
1688376703;11260;22347;11977.222222222223;13970.88888888889
1688376704;11251.222222222223;25001.333333333336;11944.333333333334;14023.222222222223
1688376705;11250;23686.444444444445;12019.77777777778;14023.555555555557
1688376706;11247.555555555557;24107.77777777778;12044.111111111111;13945.88888888889
1688376707;11258.666666666668;22472.666666666668;12043.77777777778;14019.666666666668
1688376708;11266.222222222223;24624.333333333336;12053.111111111111;14023.555555555557
1688376709;11265.333333333334;23949;12043.666666666668;14022.333333333334
1688376710;11262.555555555557;29570.333333333336;12043.111111111111;13930.77777777778
1688376711;11261.111111111111;28627.333333333336;12026.111111111111;14007.555555555557
1688376712;11265.88888888889;29159.333333333336;12027.111111111111;14009.555555555557
1688376713;11263.333333333334;28490.111111111113;11978.444444444445;13950.444444444445
1688376714;11262;29208.222222222223;11959.222222222223;13947.444444444445
1688376715;11263.111111111111;28890.222222222223;11936.333333333334;13947.555555555557
1688376716;11245.77777777778;28151.444444444445;12038.555555555557;13874.88888888889
1688376717;11238.555555555557;28359.000000000004;12033.333333333334;13870.77777777778
1688376718;11232.333333333334;26297.444444444445;12053.444444444445;13910.000000000002
1688376719;11241.88888888889;20691.444444444445;12059.444444444445;13902.222222222223
1688376720;11243.111111111111;20860.222222222223;12062.444444444445;13813.000000000002
1688376721;11239.555555555557;22783.222222222223;12059.444444444445;13885.666666666668
1688376722;11253.666666666668;21816.111111111113;12051.444444444445;13907.555555555557
1688376723;11712.555555555557;23357;11996.222222222223;13929.77777777778
1688376724;12835.111111111111;23904.88888888889;12044;14230.222222222223
1688376725;590662;24696.88888888889;11942.666666666668;14250.000000000002
1688376726;11320986.666666668;24335.333333333336;12038.333333333334;14262.88888888889
1688376727;22010149.555555556;23785.111111111113;12019.333333333334;27041.77777777778
1688376728;32865271.88888889;26145.111111111113;12014.111111111111;44641.55555555556
1688376729;44068602.222222224;24294;12011;64762.44444444445
1688376730;55256652.00000001;23680.88888888889;12021.555555555557;86129.77777777778
1688376731;65916093.77777778;24425.666666666668;12019.88888888889;104723.11111111112
1688376732;76983963;24237.222222222223;12078;123569.55555555556
1688376733;87905006.8888889;23303.77777777778;12028.222222222223;145551.8888888889
1688376734;106163414.8888889;25067.222222222223;12027.88888888889;164226.11111111112
1688376735;100886375.11111112;23214.111111111113;11984.88888888889;167921.11111111112
1688376736;100186284.22222222;24737.222222222223;12065.222222222223;161962.8888888889
1688376737;93304005.8888889;22384.55555555556;12079.333333333334;161655.11111111112
1688376738;82100675.77777778;25243.222222222223;12082.88888888889;141534.22222222222
1688376739;70912625;25636.111111111113;12073.88888888889;120166.88888888889
1688376740;60253173.11111111;29822.77777777778;12083.111111111111;101573.55555555556
1688376741;49184848.66666667;28711.222222222223;12031;82727.11111111112
1688376742;38262687.11111111;30117.55555555556;12034.111111111111;60034.222222222226
1688376743;19426459.88888889;27817.55555555556;12034.77777777778;41332.88888888889
1688376744;13973175.333333334;29143.88888888889;11981.88888888889;28755.111111111113
1688376745;3984110.666666667;29043.77777777778;11958.111111111111;17446
1688376746;11260.222222222223;28308.666666666668;11943.666666666668;13652.555555555557
1688376747;11260.77777777778;28667.000000000004;12031.444444444445;13583.666666666668
1688376748;11260.555555555557;27528.88888888889;12059.333333333334;13621.000000000002
1688376749;11259.333333333334;23522;12051.444444444445;13594.444444444445
1688376750;11255;23085.222222222223;12044;13597.77777777778
1688376751;11250.444444444445;22086.111111111113;12043.88888888889;13493.444444444445
1688376752;11255.222222222223;23303;12043.111111111111;13567.333333333334
1688376753;11278.333333333334;22796.88888888889;12042.222222222223;13597.222222222223
1688376754;11276.555555555557;21567;11985;13595.88888888889
1688376755;11275.444444444445;23922.222222222223;12039.222222222223;13588.444444444445
1688376756;11281.77777777778;21379.55555555556;11950.111111111111;13592.77777777778
1688376757;11292.555555555557;21962.88888888889;12011.88888888889;13547.000000000002
1688376758;11294.88888888889;26460.77777777778;12040.333333333334;13546.88888888889
1688376759;11296;26522.88888888889;12039.77777777778;13991.111111111111
1688376760;11297;26744.666666666668;12048.111111111111;13999.555555555557
1688376761;11284.555555555557;26536.000000000004;12047.555555555557;13924.111111111111
1688376762;11260.222222222223;27539.333333333336;12047.444444444445;13901.88888888889
1688376763;11256.222222222223;28160.88888888889;12062.111111111111;13994.000000000002
1688376764;11258.444444444445;27039.666666666668;12009.555555555557;14046.000000000002
1688376765;11258.333333333334;28653.222222222223;12066.77777777778;14042.444444444445
1688376766;11255.333333333334;27453.77777777778;11978;14042.111111111111
1688376767;11288.666666666668;22688.111111111113;12061.77777777778;14045.222222222223
1688376768;11289.333333333334;23907.55555555556;12064;13600.333333333334
1688376769;11288.666666666668;25719;12055.666666666668;13666.222222222223
1688376770;11296.77777777778;29060.333333333336;12056.666666666668;13674.88888888889
1688376771;11297.666666666668;28315.222222222223;12114.555555555557;13668.000000000002
1688376772;11299.666666666668;28227.111111111113;12099.444444444445;13576.000000000002
1688376773;11297.444444444445;29603.77777777778;12105.111111111111;13642.555555555557
1688376774;11289.88888888889;28716.333333333336;12047.222222222223;13672.444444444445
1688376775;11283;28354.111111111113;12110.111111111111;13674.000000000002
1688376776;11246.88888888889;28549.666666666668;11997.77777777778;13671.111111111111
1688376777;11253.77777777778;27578.666666666668;12112.555555555557;13671.000000000002
1688376778;11261.444444444445;26894.222222222223;12127.333333333334;13602.88888888889
1688376779;11261.77777777778;24077.77777777778;12126.666666666668;13753.000000000002
1688376780;11270;25016.666666666668;12074.111111111111;13857.88888888889
1688376781;11267.111111111111;25295;12074.222222222223;13932.77777777778
1688376782;11287.444444444445;23930.666666666668;12065.555555555557;13829.77777777778
1688376783;11287.666666666668;25248.111111111113;12065.333333333334;13702.000000000002
1688376784;11295.666666666668;25423;12000;13756.77777777778
1688376785;11303.111111111111;24725.333333333336;11999.77777777778;13747.88888888889
1688376786;11296.111111111111;24991.111111111113;11937.555555555557;13713.77777777778
1688376787;11288.555555555557;24252.77777777778;11926.77777777778;13681.666666666668
1688376788;11282.555555555557;24495.55555555556;12034.77777777778;13488.222222222223
1688376789;11274;27751.111111111113;12055.88888888889;13366.000000000002
1688376790;11273.77777777778;28816.88888888889;12075.666666666668;13734.555555555557
1688376791;11254.444444444445;28303.77777777778;12076.88888888889;13676.88888888889
1688376792;11254;26269.222222222223;12075.666666666668;13756.88888888889
1688376793;11246;27489.88888888889;12077.444444444445;13665.77777777778
1688376794;11239.666666666668;27329.333333333336;12077.333333333334;13743.555555555557
1688376795;11241;27016.444444444445;12020.111111111111;13742.000000000002
1688376796;11240.333333333334;26527.444444444445;12069.77777777778;13739.88888888889
1688376797;11255.88888888889;26400.666666666668;11960.111111111111;13738.555555555557
1688376798;11264.77777777778;22458.111111111113;12023;13719.222222222223
1688376799;11266.444444444445;24437;12071.555555555557;13240.555555555557
1688376800;11266.444444444445;28313.000000000004;12078.222222222223;13313.88888888889
1688376801;11266.555555555557;29683.88888888889;12087.88888888889;13296.222222222223
1688376802;11267.333333333334;27940.55555555556;12087.77777777778;13289.222222222223
1688376803;11275.111111111111;28400.88888888889;12086.77777777778;13184.666666666668
1688376804;11281.77777777778;30434.77777777778;12090;13275.222222222223
1688376805;11290.77777777778;30072.222222222223;12033.444444444445;13275.222222222223
1688376806;11282.222222222223;30171.222222222223;12079.555555555557;13290.333333333334
1688376807;11272.444444444445;30623.000000000004;11989.444444444445;13290.111111111111
1688376808;11270.88888888889;27646.111111111113;11996.555555555557;13290.77777777778
1688376809;11271.222222222223;24269.222222222223;12011.555555555557;13206.000000000002
1688376810;11278.88888888889;25163.222222222223;12003.444444444445;13253.111111111111
1688376811;11279.111111111111;26034.444444444445;12002.111111111111;13259.111111111111
1688376812;11282;25543.55555555556;12002.444444444445;13260.77777777778
1688376813;11283.444444444445;23299.222222222223;12001.333333333334;13179.000000000002
1688376814;11283.666666666668;24769.88888888889;12001.666666666668;13262.000000000002
1688376815;11271.939568984671;23199.111111111113;11956.666666666668;13537.88888888889
1688376816;11275.555555555557;24279.88888888889;12002.88888888889;13555.555555555557
1688376817;11284.555555555557;23476.77777777778;11926.88888888889;13406.000000000002
1688376818;11283.111111111111;26830.444444444445;11903.111111111111;13414.666666666668
1688376819;11282.111111111111;24307.111111111113;11992.333333333334;13329.444444444445
1688376820;11289.222222222223;26049.88888888889;12019.444444444445;13343.333333333334
1688376821;11287;25611.444444444445;12019.111111111111;13311.88888888889
1688376822;11279.444444444445;26349.111111111113;12032.666666666668;13265.000000000002
1688376823;11278.444444444445;24659;12032.111111111111;13142.555555555557
1688376824;11282.507223827515;25109.666666666668;12031.88888888889;12812.333333333334
1688376825;11279.88888888889;24074.666666666668;11984.88888888889;12845.333333333334
1688376826;11271.555555555557;24823.88888888889;12037.88888888889;12955.111111111111
1688376827;11291.333333333334;21654;12044.77777777778;12915.222222222223
1688376828;11285.333333333334;24146.111111111113;11954.111111111111;12913.666666666668
1688376829;11277.111111111111;25458.222222222223;12017.444444444445;12868.555555555557
1688376830;11268.88888888889;29704.222222222223;12020.666666666668;12914.666666666668
1688376831;11268.222222222223;29004.222222222223;12008.666666666668;12915.444444444445
1688376832;11266.444444444445;29173.000000000004;12011.222222222223;12910.555555555557
1688376833;11267.444444444445;29720.111111111113;12008.444444444445;12912.444444444445
1688376834;11269.77777777778;28775.222222222223;12016.444444444445;12886.333333333334
1688376835;11269.88888888889;28754.111111111113;11962.88888888889;12876.666666666668
1688376836;11251.333333333334;28994.000000000004;12003.444444444445;12967.444444444445
1688376837;11252.333333333334;27978.333333333336;12011.333333333334;12967.88888888889
1688376838;11251.77777777778;26266.000000000004;11920.666666666668;12961.333333333334
1688376839;11251.88888888889;23214.55555555556;12012.555555555557;12908
1688376840;11249.77777777778;25046.77777777778;12018.333333333334;12976
1688376841;11243.333333333334;24712.333333333336;12022.88888888889;12982.666666666668
1688376842;11252;24368.88888888889;12024.222222222223;12980.666666666668
1688376843;11249.333333333334;24071.88888888889;12014.444444444445;13003.555555555557
1688376844;11249;23645.666666666668;12013.666666666668;13013.555555555557
1688376845;11249.333333333334;24203.222222222223;11967.666666666668;12924.88888888889
1688376846;11246.444444444445;22872.111111111113;11968.111111111111;13023.222222222223
1688376847;11248.333333333334;22901;12020.333333333334;13023.666666666668
1688376848;11257;23766.111111111113;11925.88888888889;13023.222222222223
1688376849;11266.222222222223;23097.111111111113;11919.111111111111;12945.666666666668
1688376850;11275.222222222223;30153.666666666668;12096.77777777778;12954.666666666668
1688376851;11266.88888888889;29435.666666666668;12104.666666666668;13427.666666666668
1688376852;11267.666666666668;29715.111111111113;12107.444444444445;13359.111111111111
1688376853;11266.88888888889;29401.77777777778;12107.555555555557;13360.555555555557
1688376854;11265.88888888889;28465.666666666668;12107.333333333334;13367.222222222223
1688376855;11268.555555555557;29385.111111111113;12107;13270.000000000002
1688376856;11268;28204.333333333336;12061.77777777778;13360.111111111111
1688376857;11269.666666666668;27852.333333333336;12154.222222222223;13359.444444444445
1688376858;11261.111111111111;27946.111111111113;12153.222222222223;13366.444444444445
1688376859;11261.333333333334;24531.77777777778;11970.111111111111;13355.111111111111
1688376860;11260.444444444445;30088.88888888889;12062.333333333334;12896.88888888889
1688376861;11260.333333333334;29959.77777777778;12061.88888888889;12947.555555555557
1688376862;11259.77777777778;30056.444444444445;12072;12944.88888888889
1688376863;11258.77777777778;29705.444444444445;12073.77777777778;12938.555555555557
1688376864;11256.77777777778;29507.77777777778;12066.88888888889;12930.222222222223
1688376865;11256.666666666668;29921.55555555556;12058.88888888889;12848.333333333334
1688376866;11247.333333333334;28714.222222222223;11967;12945.88888888889
1688376867;11255;29027.444444444445;12081.555555555557;12947.77777777778
1688376868;11247.333333333334;26680.55555555556;12080.666666666668;12956
1688376869;11246.77777777778;21980.222222222223;11987.111111111111;12951.333333333334
1688376870;11246.88888888889;23928.333333333336;12075.666666666668;12923.222222222223
1688376871;11247.666666666668;23534;12064.88888888889;12968.111111111111
1688376872;11262.444444444445;23866.111111111113;12062.333333333334;12972.555555555557
1688376873;11273;23614.666666666668;12062.666666666668;12988.77777777778
1688376874;11281.111111111111;23467.55555555556;12061.88888888889;13003.111111111111
1688376875;11280.222222222223;24009.88888888889;12060.666666666668;12906.444444444445
1688376876;11273.111111111111;22724;11946.444444444445;12948.444444444445
1688376877;11281.666666666668;22245.222222222223;12001.444444444445;13037.333333333334
1688376878;11288.111111111111;24033.666666666668;11995.444444444445;13030
1688376879;11288.444444444445;22669.333333333336;11903.666666666668;12990.555555555557
1688376880;11297.111111111111;24808.111111111113;12000.444444444445;12944.88888888889
1688376881;11293.666666666668;24490.111111111113;12019;13022
1688376882;11284.77777777778;24474.666666666668;12029.555555555557;13013.222222222223
1688376883;11276;24318.333333333336;12030.333333333334;12990.666666666668
1688376884;11275.77777777778;23989.666666666668;12030;12981
1688376885;11277.444444444445;23477.77777777778;12029.77777777778;12938
1688376886;11268.666666666668;24452.333333333336;11980.111111111111;12843.444444444445
1688376887;11280.333333333334;22832.666666666668;12035.333333333334;12933.77777777778
1688376888;11279.444444444445;24162.111111111113;12036.222222222223;12933.222222222223
1688376889;11270.555555555557;25717.333333333336;11938.88888888889;12933.88888888889
1688376890;11260.222222222223;30327.88888888889;12011.666666666668;12849
1688376891;11259.333333333334;31212.88888888889;12000;12849.666666666668
1688376892;11263.222222222223;30598.88888888889;12000.555555555557;12914.88888888889
1688376893;11260.333333333334;30514.111111111113;11999.444444444445;12921
1688376894;11266;30813.111111111113;12007.111111111111;12918.77777777778
1688376895;11265.222222222223;30383.77777777778;12002.444444444445;12917.111111111111
1688376896;11247;30466.666666666668;11947.111111111111;12883.222222222223
1688376897;11246.666666666668;28880.55555555556;12004.222222222223;12973.444444444445
1688376898;11246.333333333334;27485.77777777778;12013.111111111111;12976.222222222223
1688376899;11246.555555555557;23017.77777777778;11939.555555555557;12976.333333333334
1688376900;11249;24664.88888888889;12034.88888888889;12974.444444444445
1688376901;11245.555555555557;24538.55555555556;12035.222222222223;12916.222222222223
1688376902;11267.77777777778;24248.111111111113;12038.666666666668;12992.333333333334
1688376903;11261.444444444445;24140;12030.333333333334;12996.444444444445
1688376904;11262;23443.77777777778;12030.77777777778;12998.111111111111
1688376905;11261.77777777778;22827.444444444445;12032.222222222223;12938.222222222223
1688376906;11262.444444444445;22971.222222222223;11976.88888888889;12839
1688376907;11262.555555555557;21484.111111111113;12035.444444444445;12927.444444444445
1688376908;11262.222222222223;22452.222222222223;12018.88888888889;12930
1688376909;11259.666666666668;20736.666666666668;11923.444444444445;12937.333333333334
1688376910;11258.88888888889;23518;11923.666666666668;12928
1688376911;11240.444444444445;23685.88888888889;12018.88888888889;12853.88888888889
1688376912;11247;23096.222222222223;12021.333333333334;12920.444444444445
1688376913;11254.666666666668;23411.444444444445;12020.333333333334;12928.444444444445
1688376914;11261.77777777778;23311.222222222223;12021.222222222223;12927.77777777778
1688376915;11262;22970.77777777778;12022.222222222223;12933.444444444445
1688376916;11262.333333333334;23193.333333333336;11961.111111111111;12836.88888888889
1688376917;11273.111111111111;22911.333333333336;11960.666666666668;12834.77777777778
1688376918;11273.555555555557;22974.77777777778;12003.88888888889;12918.555555555557
1688376919;11274.222222222223;23826.88888888889;12004.77777777778;12920.555555555557
1688376920;11272.88888888889;29845.333333333336;11917;12955.222222222223
1688376921;11274.111111111111;30355.111111111113;12013.555555555557;12945.444444444445
1688376922;11266.111111111111;29573.000000000004;12015.88888888889;12992.111111111111
1688376923;11281.88888888889;29583.666666666668;12015.88888888889;13003.111111111111
1688376924;11460.88888888889;29648.55555555556;12015.77777777778;13005.333333333334
1688376925;11462.444444444445;28947.000000000004;12011.222222222223;13020
1688376926;11453.666666666668;28347.55555555556;12013;13081.77777777778
1688376927;11455.666666666668;28776.77777777778;11970.666666666668;12990.555555555557
1688376928;11457.333333333334;27115.55555555556;12076.222222222223;13079.77777777778
1688376929;11475.666666666668;21860;12094;13044.88888888889
1688376930;11476.555555555557;23914;11997.333333333334;12995.111111111111
1688376931;11478.666666666668;25871.222222222223;12091.444444444445;12938.444444444445
1688376932;11467.333333333334;25228.77777777778;12090.444444444445;12928.444444444445
1688376933;11287.77777777778;25181.111111111113;12096.666666666668;12994.666666666668
1688376934;11285.222222222223;25088.666666666668;12137.555555555557;12999.333333333334
1688376935;11283.444444444445;24849.666666666668;12134.88888888889;12939.666666666668
1688376936;11282.111111111111;23314.333333333336;12135.666666666668;12949.666666666668
1688376937;11283.333333333334;23533.77777777778;12027.88888888889;12859.222222222223
1688376938;11263.444444444445;23541.222222222223;12061.555555555557;12947.88888888889
1688376939;11261.666666666668;22910.111111111113;12059.333333333334;12941.222222222223
1688376940;11260.88888888889;22152.444444444445;11978.77777777778;12944.333333333334
1688376941;11250.444444444445;24354.666666666668;12086.666666666668;12946.222222222223
1688376942;11252;23289;12136.222222222223;12878.444444444445
1688376943;11255.222222222223;24140.55555555556;12097.666666666668;12926.88888888889
1688376944;11256.666666666668;23248.444444444445;12098.111111111111;12932.222222222223
1688376945;11256.88888888889;24144.111111111113;12097.333333333334;12962.444444444445
1688376946;11261.88888888889;21729.88888888889;12107.222222222223;12961.77777777778
1688376947;11276.555555555557;23036;12046.222222222223;12912.88888888889
1688376948;11269.88888888889;22105.111111111113;12107.333333333334;12911.444444444445
1688376949;11269.222222222223;24503.111111111113;12091.555555555557;13003.666666666668
1688376950;11269.77777777778;27647.333333333336;11982.111111111111;13018
1688376951;11277.444444444445;30194.77777777778;12015.444444444445;13057.555555555557
1688376952;11284.111111111111;28258.333333333336;12015.222222222223;12995.444444444445
1688376953;11297.111111111111;29428.000000000004;12014.88888888889;13051.77777777778
1688376954;11303.333333333334;28660.88888888889;12013;13012.88888888889
1688376955;11297.222222222223;28951.55555555556;12007;13013.555555555557
1688376956;11291.222222222223;27928.222222222223;12066.666666666668;12975.444444444445
1688376957;11290.88888888889;28870.333333333336;12008.444444444445;12966.666666666668
1688376958;11291.111111111111;26713.444444444445;12014.666666666668;12863.555555555557
1688376959;11290.666666666668;21902.444444444445;12091;12923.222222222223
1688376960;11284.555555555557;22882;12002.666666666668;12886.666666666668
1688376961;11278.666666666668;24186.88888888889;12093.333333333334;12886.666666666668
1688376962;11277;24602.222222222223;12095.555555555557;12815.555555555557
1688376963;11271.111111111111;24784.666666666668;12096.88888888889;12865.88888888889
1688376964;11272.222222222223;25253.333333333336;12096.88888888889;12865.666666666668
1688376965;11274.77777777778;24321.111111111113;12039.555555555557;12858
1688376966;11275.333333333334;22943.333333333336;12047.666666666668;12866.88888888889
1688376967;11276;23262.333333333336;12042.88888888889;12876
1688376968;11276.222222222223;25756;11967.333333333334;12808.88888888889
1688376969;11275.333333333334;27159.111111111113;12212.111111111111;12982.222222222223
1688376970;11271.444444444445;35869;12128.666666666668;13029.88888888889
1688376971;11261;36560.11111111112;12156.111111111111;13067.444444444445
1688376972;11261.111111111111;37179;12248.555555555557;13026.666666666668
1688376973;11260;36743.88888888889;12246.666666666668;13089
1688376974;11259.333333333334;36746.222222222226;12246.111111111111;13096
1688376975;11259.77777777778;36546.11111111112;12244.333333333334;13096.666666666668
1688376976;11259.88888888889;34733.77777777778;12259.444444444445;13097.666666666668
1688376977;11272.111111111111;33691.66666666667;12339.333333333334;13092.555555555557
1688376978;11271.333333333334;31059.000000000004;12095.77777777778;12919.111111111111
1688376979;11273.77777777778;24789.666666666668;12151.555555555557;12963
1688376980;11274.555555555557;27759.444444444445;12123;12942.444444444445
1688376981;11273;28328.111111111113;12037.111111111111;12924.222222222223
1688376982;11279;29309.666666666668;12136.444444444445;12872.222222222223
1688376983;11269.88888888889;30096.111111111113;12135.555555555557;12882.222222222223
1688376984;11269.222222222223;31340.333333333336;12166.222222222223;12956.88888888889
1688376985;11276.111111111111;31296.000000000004;12149.555555555557;12956.88888888889
1688376986;11270.666666666668;29727.444444444445;12069.444444444445;12962.222222222223
1688376987;11270.222222222223;29606.444444444445;12069.111111111111;12968
1688376988;11270.88888888889;27654.55555555556;12006.444444444445;12878.666666666668
1688376989;11270;23829.77777777778;12069.77777777778;12963.111111111111
1688376990;11269.111111111111;23925.222222222223;12063.111111111111;12981.88888888889
1688376991;11263.555555555557;24793.444444444445;11962.444444444445;12972
1688376992;11275.77777777778;23567.55555555556;12054.88888888889;12968.444444444445
1688376993;11276.111111111111;22660.666666666668;12015.222222222223;12893.555555555557
1688376994;11269.666666666668;22853.222222222223;12023.77777777778;12955.111111111111
1688376995;11270.555555555557;22821.666666666668;12023.77777777778;12953.77777777778
1688376996;11270.111111111111;22009;12021.77777777778;12953.444444444445
1688376997;11276.333333333334;21501.77777777778;12020.555555555557;12951.88888888889
1688376998;11276.222222222223;22859.55555555556;11957.555555555557;12857.88888888889
1688376999;11278.333333333334;21890.666666666668;12013.222222222223;12850.222222222223
1688377000;11276.77777777778;21707.222222222223;12023.111111111111;12944.333333333334
1688377001;11263;22921.55555555556;11930;12953.77777777778
1688377002;11262.77777777778;23683.222222222223;12088.333333333334;12948.555555555557
1688377003;11262.111111111111;23956.77777777778;12086.333333333334;12886.111111111111
1688377004;11254.333333333334;24084.111111111113;12087.222222222223;12911.88888888889
1688377005;11254.444444444445;23626.444444444445;12085.666666666668;12914
1688377006;11253.555555555557;24283.111111111113;12092.555555555557;12919.666666666668
1688377007;11260.88888888889;23074.444444444445;12091;12919.666666666668
1688377008;11259.666666666668;24573.333333333336;12037.333333333334;12915.111111111111
1688377009;11258.88888888889;25965.111111111113;12028.333333333334;12821.111111111111
1688377010;11267.88888888889;29852.111111111113;12085.77777777778;12900.88888888889
1688377011;11274.666666666668;29904.444444444445;11936.111111111111;12968.333333333334
1688377012;11280.444444444445;30193.222222222223;12027.77777777778;12965.666666666668
1688377013;11285;30283.666666666668;12061.111111111111;12934.333333333334
1688377014;11285.444444444445;30508.666666666668;12082.666666666668;12985.222222222223
1688377015;11285.333333333334;29401.444444444445;12075.88888888889;12977.444444444445
1688377016;11284.222222222223;29167.55555555556;12077.88888888889;12981
1688377017;11284.444444444445;28004.333333333336;12077.77777777778;12981.88888888889
1688377018;11283.666666666668;26897.88888888889;12086.111111111111;12981.88888888889
1688377019;11277.333333333334;21964.77777777778;12049.222222222223;12877.88888888889
1688377020;11277.88888888889;22971.222222222223;12098.77777777778;12903
1688377021;11270.333333333334;23555.111111111113;12000.666666666668;12904
1688377022;11275.444444444445;23821;12048.666666666668;12900.666666666668
1688377023;11282.88888888889;24063.222222222223;12080.333333333334;12859.111111111111
1688377024;11276.333333333334;24361.666666666668;12081;12906
1688377025;11268.111111111111;24182.77777777778;12080.77777777778;12904.444444444445
1688377026;11268.77777777778;23455.222222222223;12078.222222222223;12904.444444444445
1688377027;11271.111111111111;22202.88888888889;12069.444444444445;12902.88888888889
1688377028;11270.222222222223;24005.55555555556;12051.444444444445;12909.444444444445
1688377029;11262.666666666668;22162.444444444445;11993.444444444445;12819.111111111111
1688377030;11264.333333333334;23056.77777777778;12042.77777777778;12916.111111111111
1688377031;11263;23373.88888888889;11959.88888888889;12909.333333333334
1688377032;11264.222222222223;24570.77777777778;11909;12892.333333333334
1688377033;11270;24402.666666666668;12001.444444444445;12855.666666666668
1688377034;11270.333333333334;24366.444444444445;12001.333333333334;12855.333333333334
1688377035;11271.111111111111;25102.666666666668;12000.555555555557;12913.444444444445
1688377036;11270.555555555557;25013.444444444445;11998.88888888889;12916.88888888889
1688377037;11272;24036.77777777778;12011.111111111111;12916.666666666668
1688377038;11290.77777777778;24651.88888888889;12019;12919.555555555557
1688377039;11289.111111111111;26019.111111111113;11970.77777777778;12824.77777777778
1688377040;11280.222222222223;30870.333333333336;12019;12869.555555555557
1688377041;11272.111111111111;28999.222222222223;12025.666666666668;12986.222222222223
1688377042;11272.555555555557;31378.222222222223;11931.444444444445;13015
1688377043;11274.444444444445;31234.55555555556;12019.77777777778;13012.88888888889
1688377044;11280.333333333334;30450.444444444445;12020.77777777778;12957.77777777778
1688377045;11280;30339.77777777778;12030.88888888889;13004.77777777778
1688377046;11277.88888888889;29641.444444444445;12018;13015.77777777778
1688377047;11259.88888888889;29528.55555555556;12010.333333333334;13023.88888888889
1688377048;11262.333333333334;27689.77777777778;12010.666666666668;13026.222222222223
1688377049;11262;22705.77777777778;11989;12992.111111111111
1688377050;11260.333333333334;25135.55555555556;12027.77777777778;12878.111111111111
1688377051;11253;23102.77777777778;12029.88888888889;12948
1688377052;11249.666666666668;24044.333333333336;11941.88888888889;12953.555555555557
1688377053;11253.444444444445;24659.88888888889;12031.444444444445;12960.111111111111
1688377054;11252.555555555557;24418;12029.88888888889;12928.88888888889
1688377055;11252.555555555557;24578.222222222223;12028.88888888889;13052.333333333334
1688377056;11251;24132;12029.88888888889;13049.88888888889
1688377057;11252;22949;12029.222222222223;13047
1688377058;11250.77777777778;23763.333333333336;12004.222222222223;13047.666666666668
1688377059;11252.222222222223;22465.111111111113;11966;13046.222222222223
1688377060;11252;23695.444444444445;11980.222222222223;12937.666666666668
1688377061;11254.88888888889;23150.444444444445;12026.111111111111;13022.88888888889
1688377062;11243.77777777778;24001.77777777778;11989.666666666668;13013.444444444445
1688377063;11244.77777777778;23585.444444444445;12073.111111111111;12994.222222222223
1688377064;11245.666666666668;24247;12072.222222222223;12862.111111111111
1688377065;11244.444444444445;23777;12071.555555555557;12907.77777777778
1688377066;11240.88888888889;24161.77777777778;12077.77777777778;12906.555555555557
1688377067;11241;22734.55555555556;12076.111111111111;12912.333333333334
1688377068;11250.333333333334;23537.444444444445;12068.555555555557;12910.111111111111
1688377069;11250;24809.77777777778;12052.333333333334;12910.77777777778
1688377070;11247.444444444445;29369.666666666668;12004.333333333334;12828
1688377071;11247.88888888889;27726.444444444445;11998.111111111111;12927.333333333334
1688377072;11247.666666666668;29688.333333333336;11909.88888888889;12921.444444444445
1688377073;11251;28914.55555555556;11911;12921.555555555557
1688377074;11252.111111111111;30038.444444444445;12009.333333333334;12870.111111111111
1688377075;11251.77777777778;28062.111111111113;12001.111111111111;12871.555555555557
1688377076;11252.555555555557;28982.333333333336;12002.444444444445;12922.222222222223
1688377077;11242.88888888889;27099.222222222223;12002.666666666668;12913.666666666668
1688377078;11241.444444444445;26648.000000000004;12011.222222222223;12915.444444444445
1688377079;11243.111111111111;21761.222222222223;12032.111111111111;12910.111111111111
1688377080;11251.222222222223;24528.333333333336;12043.88888888889;12813.88888888889
1688377081;11260;22794.444444444445;12099;12823.222222222223
1688377082;11257.555555555557;24079;12102.444444444445;12913.111111111111
1688377083;11268.88888888889;23838.444444444445;12011.111111111111;12931.666666666668
1688377084;11271.333333333334;26285.77777777778;12147.111111111111;12930
1688377085;11279.111111111111;24622.222222222223;12145.88888888889;12869.77777777778
1688377086;11279.666666666668;25141.55555555556;12148;12953.88888888889
1688377087;11290;22821.333333333336;12143;12988.88888888889
1688377088;11290.222222222223;23934.444444444445;12127.444444444445;12990.222222222223
1688377089;11281.666666666668;22330.444444444445;12072.77777777778;12989.77777777778
1688377090;11271.88888888889;23818.222222222223;12018.555555555557;12989.555555555557
1688377091;11279.77777777778;22750.222222222223;12018.111111111111;12905.444444444445
1688377092;11267.77777777778;22157;12075.666666666668;12976.666666666668
1688377093;11266.333333333334;22309.666666666668;11945.222222222223;12976.333333333334
1688377094;11265.77777777778;23866.666666666668;12046.444444444445;12978.333333333334
1688377095;11265;23899.444444444445;12046.555555555557;12900.88888888889
1688377096;11257.666666666668;24427.77777777778;12044.88888888889;12979.222222222223
1688377097;11257;24018;12057.555555555557;12975.555555555557
1688377098;11268.555555555557;23634.333333333336;12062.88888888889;12967.88888888889
1688377099;11276.333333333334;25202.222222222223;12061.77777777778;12965.77777777778
1688377100;11268.555555555557;29912.55555555556;12061.555555555557;12966.77777777778
1688377101;11270;30151.222222222223;11998.88888888889;12881.333333333334
1688377102;11271;28501.000000000004;12052.77777777778;12972.222222222223
1688377103;11263.77777777778;29328.333333333336;11954;12980.666666666668
1688377104;11262.666666666668;29567.88888888889;11953.333333333334;12989.77777777778
1688377105;11269.555555555557;30073.88888888889;12051.555555555557;12874.222222222223
1688377106;11269.555555555557;29383.111111111113;12104.333333333334;12926.77777777778
1688377107;11258.77777777778;29407.444444444445;12096.555555555557;12991.666666666668
1688377108;11252.333333333334;27564.111111111113;12096;12992
1688377109;11251.666666666668;23313.222222222223;12114.444444444445;12982.666666666668
1688377110;11249.77777777778;25900.333333333336;12119.222222222223;12985.333333333334
1688377111;11249.444444444445;26249.444444444445;12064.111111111111;12894.77777777778
1688377112;11248.666666666668;24672.222222222223;12113.222222222223;13006.77777777778
1688377113;11260.111111111111;26064.444444444445;12112.444444444445;12999
1688377114;11253.222222222223;25353.77777777778;12021.222222222223;13008.444444444445
1688377115;11253.77777777778;25587.88888888889;12042.222222222223;12964.333333333334
1688377116;11253.666666666668;24873.55555555556;12040.444444444445;12906.77777777778
1688377117;11254.444444444445;24271;12040.111111111111;12988.666666666668
1688377118;11261.333333333334;24415.55555555556;12021.88888888889;12992.77777777778
1688377119;11264.444444444445;21278.111111111113;12016;12986
1688377120;11270.222222222223;23902.444444444445;12019.88888888889;12980.88888888889
1688377121;11272.555555555557;24364.222222222223;11976.555555555557;12860.555555555557
1688377122;11261.88888888889;22647.666666666668;12040.666666666668;12958.111111111111
1688377123;11261.666666666668;23208.333333333336;12039.88888888889;12949.555555555557
1688377124;11269.88888888889;23911.55555555556;11958.333333333334;12942
1688377125;11269.222222222223;24470.55555555556;12125.88888888889;12949.88888888889
1688377126;11267.111111111111;23943.222222222223;12127;12876.111111111111
1688377127;11260;23676;12124.88888888889;12932.88888888889
1688377128;11277.111111111111;25055.88888888889;12124.111111111111;12991.666666666668
1688377129;11271.222222222223;25065.222222222223;12125.77777777778;13000.333333333334
1688377130;11269.111111111111;30484.000000000004;12129.555555555557;13001.222222222223
1688377131;11270.222222222223;30263.222222222223;12107.444444444445;12911.222222222223
1688377132;11270.111111111111;29841.444444444445;12100.111111111111;13001
1688377133;11267.666666666668;29791.77777777778;12162.77777777778;13002.111111111111
1688377134;11266.88888888889;29908.444444444445;11997.555555555557;12985
1688377135;11267.444444444445;30386.333333333336;12100.555555555557;12978.666666666668
1688377136;11267;29828.000000000004;12100;12918.77777777778
1688377137;11248.666666666668;29003.666666666668;12101.222222222223;12935.333333333334
1688377138;11247.333333333334;27106.666666666668;12099.88888888889;12933.111111111111
1688377139;11248.333333333334;21711.666666666668;12089.88888888889;12930.88888888889
1688377140;11247.444444444445;24408.88888888889;12050;12923.444444444445
1688377141;11247.333333333334;24183.222222222223;12052.77777777778;12838.444444444445
1688377142;11247.222222222223;23172.55555555556;11982.88888888889;12842.77777777778
1688377143;11268.333333333334;23475.666666666668;12028.222222222223;12982.88888888889
1688377144;11269;23384.666666666668;11925.222222222223;12972.111111111111
1688377145;11275.77777777778;24072;11932.111111111111;12972.111111111111
1688377146;11282.111111111111;24082.333333333336;12021.88888888889;12898
1688377147;11290.222222222223;23620.333333333336;12017.111111111111;12903.111111111111
1688377148;11290.666666666668;23921.111111111113;12018.111111111111;12964.444444444445
1688377149;11289.444444444445;20952.444444444445;12016.333333333334;12957.333333333334
1688377150;11288.222222222223;22321.77777777778;12016;12962.111111111111
