Time;{instance="10.231.0.208:9100"};{instance="192.168.221.10:9100"};{instance="192.168.221.11:9100"};{instance="192.168.221.12:9100"}
1688376070;548.6666666666667;28086.77777777778;1237.5555555555557;1286.3333333333335
1688376071;548.6666666666667;30696.55555555556;601.8888888888889;2451.777777777778
1688376072;933.1111111111112;33928.77777777778;1226.3333333333335;5374.444444444445
1688376073;10735784.777777778;41221.222222222226;1220.5555555555557;5083570.555555556
1688376074;23881631;40053.66666666667;1205.5555555555557;18003668.333333336
1688376075;37131132.55555556;51683.66666666667;1199.7777777777778;30955425.555555556
1688376076;49888382.77777778;51320.333333333336;1205.5555555555557;43957559.77777778
1688376077;62856034.333333336;63044.11111111112;1199.7777777777778;57101793.333333336
1688376078;75907157.8888889;63638.444444444445;1205.5555555555557;70126541.33333334
1688376079;89088568.77777779;67053.33333333334;1199.7777777777778;82940571.66666667
1688376080;101883423.8888889;72702.22222222223;1205.5555555555557;96195260.66666667
1688376081;114996259.11111112;70319.33333333334;581.1111111111112;109091132.55555557
1688376082;117144366.8888889;74432.77777777778;1218.2222222222224;116944644.22222222
1688376083;116889808.66666667;76417.11111111111;1212.4444444444446;117002619.77777779
1688376084;116970988.00000001;69250.33333333334;1218.2222222222224;117097597.22222222
1688376085;111204551.33333334;79216.33333333334;1231.4444444444446;115651172.77777779
1688376086;109823936.00000001;67562.66666666667;1922.2222222222224;109761360.11111112
1688376087;109555638.44444445;72051.88888888889;1916.4444444444446;109511539.66666667
1688376088;109388576.66666667;62059.66666666667;1922.2222222222224;109598618.8888889
1688376089;109692118.8888889;54378.77777777778;1916.4444444444446;109499238.44444445
1688376090;109858979.33333334;53227.333333333336;1922.2222222222224;109441615.55555557
1688376091;109761488.00000001;42708;1285.1111111111113;109684016.66666667
1688376092;109874089.11111112;41767.88888888889;1305.5555555555557;109612826.00000001
1688376093;109490358.66666667;37694.11111111112;1918.888888888889;109420088.44444445
1688376094;115528658.44444445;27192.77777777778;1981.6666666666667;111003936.8888889
1688376095;116812338.8888889;27298.55555555556;1290.888888888889;116524508.00000001
1688376096;116992742.00000001;21639.333333333336;1332;116839253.77777779
1688376097;117185765.55555557;22117.666666666668;1326.2222222222224;117066371.77777779
1688376098;117065449.11111112;23247.222222222223;1354.6666666666667;116844498.44444445
1688376099;116942235.33333334;22205.77777777778;1348.888888888889;116852335.55555557
1688376100;117043865.77777779;23365.222222222223;1354.6666666666667;117016057.77777779
1688376101;107416892.8888889;23569.77777777778;1334.2222222222224;112350281.55555557
1688376102;106351285.55555557;23459.55555555556;720.8888888888889;106549805.33333334
1688376103;106371983.77777779;23662.111111111113;1265.111111111111;106476951.77777779
1688376104;106535803.11111112;23177.222222222223;1270.888888888889;106539564.44444445
1688376105;106759358.8888889;23103;1229.7777777777778;106618177.77777779
1688376106;106605816.8888889;21762.88888888889;1235.5555555555557;106461083.55555557
1688376107;107019070.22222222;22591.444444444445;1207.111111111111;106736701.55555557
1688376108;106650442.66666667;22802.666666666668;1212.888888888889;106760617.33333334
1688376109;106438128;27221.000000000004;1207.111111111111;106530489.77777779
1688376110;116155485.55555557;26600.444444444445;1212.888888888889;111079593.33333334
1688376111;117408916.22222222;28231.222222222223;1291.4444444444446;117104255.11111112
1688376112;117254372.22222222;28498.666666666668;768.6666666666667;117106002.00000001
1688376113;117474961.77777779;29146.77777777778;1412.3333333333335;117297265.33333334
1688376114;117271883.33333334;28815.222222222223;1418.1111111111113;117200525.11111112
1688376115;116999276.22222222;28442.000000000004;1412.3333333333335;117125205.55555557
1688376116;116687904.00000001;27519.88888888889;1418.1111111111113;116979833.33333334
1688376117;117040500.44444445;28654.666666666668;1412.3333333333335;117024960.8888889
1688376118;117512755.11111112;24501.111111111113;1418.1111111111113;117298806.44444445
1688376119;117442599.33333334;23733.444444444445;1412.3333333333335;119328294.00000001
1688376120;117345539.77777779;22894.77777777778;1333.7777777777778;117306694.22222222
1688376121;117051371.55555557;23428;1230.5555555555557;117388547.11111112
1688376122;117185039.55555557;24186.77777777778;696.3333333333334;116706685.11111112
1688376123;108026623.00000001;24401.333333333336;1221;113834359.8888889
1688376124;95245399.44444445;24934.666666666668;1315.1111111111113;100938546.11111112
1688376125;82165437.44444445;25007.666666666668;1330.1111111111113;87873804.33333334
1688376126;81381674.33333334;24135.77777777778;1354.888888888889;81374778.44444445
1688376127;81425560.55555557;23824.111111111113;1349.1111111111113;81076638.66666667
1688376128;81383963.8888889;25485.55555555556;1354.888888888889;79381361.11111112
1688376129;81195130.55555557;24588.444444444445;1349.1111111111113;81172494.8888889
1688376130;81765101.44444445;24722.222222222223;1463;81133365.77777778
1688376131;81174937.44444445;24151.222222222223;1347.7777777777778;81826728.44444445
1688376132;90468735.55555557;25001.77777777778;823.1111111111112;84506292.55555557
1688376133;102783746;25156.111111111113;1259.5555555555557;97219410.55555557
1688376134;115796880.22222222;24953.111111111113;1244.5555555555557;110182606.33333334
1688376135;116466909.77777779;24371.55555555556;1308.1111111111113;116696223.55555557
1688376136;116444444.8888889;22437.666666666668;1313.888888888889;116690563.77777779
1688376137;116401853.33333334;22383.77777777778;1308.1111111111113;116641605.11111112
1688376138;116643200.00000001;25048;1313.888888888889;116529248.00000001
1688376139;115995019.11111112;29047.111111111113;1200;116126394.44444445
1688376140;115826196.66666667;29817.666666666668;1205.7777777777778;115979779.11111112
1688376141;115625990.44444445;28722.333333333336;1200;115827239.11111112
1688376142;116382261.55555557;29275.55555555556;675.2222222222223;116282574.22222222
1688376143;116566253.77777779;29118.88888888889;1199.888888888889;116217374.22222222
1688376144;116510820.00000001;29619.88888888889;1117.3333333333335;116598157.33333334
1688376145;114540001.11111112;30149.77777777778;1207.111111111111;116621223.33333334
1688376146;114701957.55555557;29307.222222222223;1212.888888888889;114672932.66666667
1688376147;114648361.33333334;27457.111111111113;1207.111111111111;115069656.66666667
1688376148;115154359.11111112;24004.444444444445;1212.888888888889;115310877.33333334
1688376149;115449066.22222222;22572.111111111113;1207.111111111111;115475482.22222222
1688376150;115467480.8888889;24238.333333333336;1212.888888888889;115669264.44444445
1688376151;115404946.00000001;23467.88888888889;1207.111111111111;115423278.66666667
1688376152;115162002.44444445;23688.333333333336;682.4444444444445;115449588.22222222
1688376153;115341193.11111112;23482.77777777778;697.7777777777778;115231347.77777779
1688376154;117057176.8888889;23323.333333333336;1145.7777777777778;114999059.11111112
1688376155;108526184.66666667;22964.222222222223;1237.111111111111;114290352.44444445
1688376156;95489553.33333334;22576.666666666668;1316.7777777777778;101158268.8888889
1688376157;82460666.22222222;20488.55555555556;1311;88208726.44444445
1688376158;69536152;21469.666666666668;1339.4444444444446;75150372.8888889
1688376159;56598855.55555556;20760.77777777778;1333.6666666666667;62230345.333333336
1688376160;43590108.888888896;21417.222222222223;1339.4444444444446;49307878
1688376161;30635926.000000004;21699.88888888889;1333.6666666666667;36383558.66666667
1688376162;17484679.111111112;20608;1341;23287158.666666668
1688376163;4570894;22552.444444444445;797.4444444444445;10418637.555555556
1688376164;606.4444444444445;22254.666666666668;1282.1111111111113;1290.7777777777778
1688376165;607.1111111111112;22183.444444444445;1202.4444444444446;1264.2222222222224
1688376166;676.2222222222223;22193.444444444445;1303.888888888889;1270
1688376167;676.8888888888889;21747.55555555556;1275.4444444444446;1264.2222222222224
1688376168;697.5555555555557;21919.444444444445;1281.2222222222224;1270
1688376169;643.4444444444445;26558.666666666668;1275.4444444444446;1264.2222222222224
1688376170;662.1111111111112;27005.000000000004;1281.2222222222224;1270
1688376171;648.4444444444445;29008.55555555556;1316.6666666666667;1264.2222222222224
1688376172;655.1111111111112;26703.222222222223;1409.7777777777778;1181.888888888889
1688376173;647.7777777777778;28482.77777777778;851.2222222222223;742.4444444444445
1688376174;647.7777777777778;27958.77777777778;1387.4444444444446;1305.6666666666667
1688376175;630.6666666666667;29055.111111111113;1286;1425.888888888889
1688376176;630;28052.111111111113;1379.888888888889;1559.7777777777778
1688376177;609.3333333333334;28437.55555555556;1374.1111111111113;1554
1688376178;609.3333333333334;23024.666666666668;1379.888888888889;1626.3333333333335
1688376179;590.6666666666667;21922.88888888889;1374.1111111111113;1620.5555555555557
1688376180;590;21171.444444444445;1316;1626.3333333333335
1688376181;582.6666666666667;22842;1222.888888888889;1620.5555555555557
1688376182;583.3333333333334;21642.666666666668;1205.4444444444446;1531
1688376183;582.6666666666667;22739.88888888889;669.2222222222223;967.7777777777778
1688376184;530.6666666666667;21927.666666666668;1205.4444444444446;943.0000000000001
1688376185;597.3333333333334;22748.111111111113;1132.3333333333335;1340.6666666666667
1688376186;604.6666666666667;22791.55555555556;1245.4444444444446;1346.4444444444446
1688376187;604.6666666666667;23685.55555555556;1239.6666666666667;1274.111111111111
1688376188;604.6666666666667;24365.111111111113;1245.4444444444446;1279.888888888889
1688376189;604.6666666666667;23584.55555555556;1239.6666666666667;1274.111111111111
1688376190;605.3333333333334;24412.55555555556;1245.4444444444446;1279.888888888889
1688376191;612;24221.111111111113;1239.6666666666667;1274.111111111111
1688376192;605.3333333333334;24518.666666666668;1245.4444444444446;1279.888888888889
1688376193;612;24798.55555555556;709.2222222222223;1178.6666666666667
1688376194;538.6666666666667;24043.77777777778;694.2222222222223;741.2222222222223
1688376195;531.3333333333334;23109.111111111113;1123;1267
1688376196;593.7777777777778;23081.111111111113;1147.3333333333335;1272.7777777777778
1688376197;600.4444444444445;22523.55555555556;1243.6666666666667;1267
1688376198;601.1111111111112;23795.111111111113;1249.4444444444446;1293.5555555555557
1688376199;600.4444444444445;26927.88888888889;1279.1111111111113;1308.5555555555557
1688376200;605.1111111111112;27821.444444444445;1284.888888888889;1325.1111111111113
1688376201;611.7777777777778;28025.77777777778;1279.1111111111113;1342
1688376202;605.1111111111112;27488.55555555556;1284.888888888889;1365.1111111111113
1688376203;611.7777777777778;30858.000000000004;1279.1111111111113;1271
1688376204;611.7777777777778;29738.333333333336;743;946.7777777777778
1688376205;556.6666666666667;30010.000000000004;1249.111111111111;1479.7777777777778
1688376206;550;30172.666666666668;1152.7777777777778;1579.1111111111113
1688376207;542.6666666666667;30814.333333333336;1349.4444444444446;1552.5555555555557
1688376208;542.6666666666667;26453.666666666668;1319.7777777777778;1549.2222222222224
1688376209;530.6666666666667;25218.55555555556;1314;1532.6666666666667
1688376210;524;24639.444444444445;1319.7777777777778;1515.7777777777778
1688376211;524;23695.55555555556;1314;1492.6666666666667
1688376212;537.2222222222223;22695.55555555556;1319.7777777777778;1498.4444444444446
1688376213;551.2222222222223;24490.333333333336;1314;1291.1111111111113
1688376214;537.2222222222223;23812;789.3333333333334;857.6666666666667
1688376215;563.2222222222223;23613;1314.1111111111113;1289.888888888889
1688376216;987.6666666666667;22628;1129.111111111111;1295.6666666666667
1688376217;1261.2222222222224;22791.77777777778;1267;1573.5555555555557
1688376218;111930.22222222223;25057.444444444445;1381.4444444444446;1713.5555555555557
1688376219;13105763.555555556;23619;1375.6666666666667;7205415.000000001
1688376220;26186764.444444448;27264.222222222223;1381.4444444444446;20139199.222222224
1688376221;39062526.66666667;24680;1375.6666666666667;33165152.333333336
1688376222;51937443.11111111;24825.333333333336;1381.4444444444446;46079500.55555556
1688376223;64983933.55555556;23975.77777777778;1375.6666666666667;59198843.00000001
1688376224;78114409.33333334;25589.55555555556;873.5555555555557;72332834.55555557
1688376225;91223569.44444445;24153.88888888889;1386.5555555555557;85241960.55555557
1688376226;104315692.11111112;23144.77777777778;1248.6666666666667;98397593.8888889
1688376227;112080872.44444445;22346.222222222223;1141.5555555555557;110894700.11111112
1688376228;106646364.44444445;23863.111111111113;1228.3333333333335;106968114
1688376229;106668970.44444445;26781.222222222223;1222.5555555555557;106861505.33333334
1688376230;106564168;28839.55555555556;1228.3333333333335;106561886
1688376231;106734030;28179.88888888889;1243;106826592.66666667
1688376232;106688213.77777779;29497.55555555556;1322.7777777777778;106493618.22222222
1688376233;106780900.44444445;27892.77777777778;1389;106604217.55555557
1688376234;106367670.44444445;29176.666666666668;864.3333333333334;106633398
1688376235;106468406;29314.111111111113;1396.3333333333335;106541064.22222222
1688376236;111248216.44444445;27724.222222222223;1394.7777777777778;106791245.77777779
1688376237;116830410.00000001;28191.666666666668;1308;116615077.55555557
1688376238;112563529.11111112;23279.666666666668;1409.4444444444446;117152192.00000001
1688376239;106596055.77777779;22511.666666666668;1403.6666666666667;107313772.8888889
1688376240;106367279.11111112;22075.333333333336;1389;106625885.11111112
1688376241;106363614.8888889;20556.666666666668;1309.2222222222224;106717818.22222222
1688376242;106268287.11111112;22003.88888888889;1220.3333333333335;106552306
1688376243;106495213.77777779;21736;1214.5555555555557;106658673.33333334
1688376244;106464732.8888889;21974.55555555556;682.5555555555557;106244166.66666667
1688376245;106910929.55555557;23234;1235.3333333333335;106888440
1688376246;106737104.44444445;25283.88888888889;1941.7777777777778;106820409.33333334
1688376247;110878080.44444445;25853.666666666668;1840.3333333333335;106173436.8888889
1688376248;117094365.11111112;27507.666666666668;1941.7777777777778;116600233.77777779
1688376249;113189277.55555557;27262.666666666668;1936.0000000000002;116958428.22222222
1688376250;100192267.55555557;28584.444444444445;1941.7777777777778;105833996.66666667
1688376251;87064432.8888889;26169.88888888889;1936.0000000000002;92754904
1688376252;74140796;26684.111111111113;1941.7777777777778;79710244.22222222
1688376253;60977937.55555556;26823.77777777778;1936.0000000000002;67060087.77777778
1688376254;47876081.11111111;26246.222222222223;1383.2222222222224;53668540.66666667
1688376255;34908387.333333336;23357.666666666668;1214.5555555555557;40635433.77777778
1688376256;21930685.333333336;22170.222222222223;1220.3333333333335;27918105.77777778
1688376257;8910914.222222222;20269.777777777777;1118.888888888889;14603400.000000002
1688376258;614.4444444444445;22359.666666666668;1220.4444444444446;1754032.6666666667
1688376259;607.7777777777778;27349.333333333336;1235.7777777777778;1301.4444444444446
1688376260;614.4444444444445;27919.444444444445;1241.5555555555557;1307.2222222222224
1688376261;621.7777777777778;28165.77777777778;1235.7777777777778;1324.1111111111113
1688376262;621.7777777777778;28119.77777777778;1241.5555555555557;1350.6666666666667
1688376263;614.4444444444445;28422.222222222223;1235.7777777777778;1344.888888888889
1688376264;626.4444444444445;29728.000000000004;703.7777777777778;1350.6666666666667
1688376265;570.6666666666667;29983.333333333336;1228.4444444444446;1249.2222222222224
1688376266;564;30944.666666666668;1234.2222222222224;791.8888888888889
1688376267;564;29166.88888888889;1132.6666666666667;1342.3333333333335
1688376268;564;26249.222222222223;1117.3333333333335;1348.1111111111113
1688376269;571.3333333333334;25427.77777777778;1207.2222222222224;1342.3333333333335
1688376270;564;26767.000000000004;1213;1325.4444444444446
1688376271;570.6666666666667;26046.55555555556;1207.2222222222224;1298.888888888889
1688376272;564;25818.88888888889;1213;1304.6666666666667
1688376273;544.6666666666667;24416.222222222223;1207.2222222222224;1298.888888888889
1688376274;538;23868.55555555556;682.5555555555557;1304.6666666666667
1688376275;538;23429.222222222223;1216;1203.3333333333335
1688376276;538;23767;1240.7777777777778;667.5555555555557
1688376277;552.3333333333334;21873;1235;1327.6666666666667
1688376278;552.3333333333334;24667.55555555556;1200;1453.1111111111113
1688376279;626.3333333333334;23217.77777777778;1303.888888888889;1447.3333333333335
1688376280;680.4444444444445;24506.88888888889;1309.6666666666667;1453.1111111111113
1688376281;687.7777777777778;24638.333333333336;1303.888888888889;1447.3333333333335
1688376282;687.7777777777778;23435.77777777778;1309.6666666666667;1453.1111111111113
1688376283;697.7777777777778;23926;1303.888888888889;1447.3333333333335
1688376284;711.1111111111112;22987.55555555556;770.4444444444445;1453.1111111111113
1688376285;704.4444444444445;24183.333333333336;1298.7777777777778;1432.6666666666667
1688376286;751.8888888888889;23451.55555555556;1304.5555555555557;772.5555555555557
1688376287;737.8888888888889;22547.55555555556;1243.888888888889;750.1111111111112
1688376288;663.8888888888889;22879.444444444445;1140;1407.5555555555557
1688376289;609.7777777777778;26652.666666666668;1141.5555555555557;1401.7777777777778
1688376290;602.4444444444445;28654.000000000004;1337.7777777777778;1407.5555555555557
1688376291;595.7777777777778;29350.222222222223;1375.1111111111113;1401.7777777777778
1688376292;599.1111111111112;30961.111111111113;1607.3333333333335;1426.5555555555557
1688376293;585.7777777777778;30358.666666666668;1622;1420.7777777777778
1688376294;618.4444444444445;29727.666666666668;1074.6666666666667;1426.5555555555557
1688376295;549.3333333333334;28993.000000000004;1068.888888888889;1480.1111111111113
1688376296;563.3333333333334;29365.88888888889;1605.1111111111113;1563.4444444444446
1688376297;563.3333333333334;28259.333333333336;1599.3333333333335;994.2222222222223
1688376298;556.6666666666667;24636.111111111113;1597.7777777777778;1599
1688376299;563.3333333333334;22324.666666666668;1401.5555555555557;1593.2222222222224
1688376300;570;23812.222222222223;1458.7777777777778;1599
1688376301;556.6666666666667;22820.111111111113;1226.5555555555557;1574.2222222222224
1688376302;563.3333333333334;22563.444444444445;1211.888888888889;1580
1688376303;530.6666666666667;22320.333333333336;1206.111111111111;1574.2222222222224
1688376304;537.3333333333334;22666.666666666668;1211.888888888889;1520.6666666666667
1688376305;530;21839.111111111113;696.4444444444445;1334.3333333333335
1688376306;523.3333333333334;22298.55555555556;1232.6666666666667;1251.888888888889
1688376307;523.3333333333334;21368.88888888889;1226.888888888889;742.7777777777778
1688376308;530;22244;1251.6666666666667;1307.3333333333335
1688376309;556;20576.222222222223;1151.3333333333335;1301.5555555555557
1688376310;556;22587.444444444445;1245.3333333333335;1307.3333333333335
1688376311;549.3333333333334;24124;1239.5555555555557;1301.5555555555557
1688376312;563.3333333333334;23362.77777777778;1245.3333333333335;1307.3333333333335
1688376313;556.6666666666667;23481.77777777778;1239.5555555555557;1301.5555555555557
1688376314;556.6666666666667;23634.88888888889;1224.5555555555557;1307.3333333333335
1688376315;563.3333333333334;23476.333333333336;688.3333333333334;1294.2222222222224
1688376316;632.4444444444445;23617.77777777778;1232;1204.3333333333335
1688376317;625.7777777777778;23491.222222222223;1207.2222222222224;735.3333333333334
1688376318;600.4444444444445;24988.444444444445;1213;1299.888888888889
1688376319;600.4444444444445;26995.666666666668;1140.111111111111;1294.1111111111113
1688376320;607.1111111111112;29366.000000000004;1241.5555555555557;1292.5555555555557
1688376321;613;28367.000000000004;1235.7777777777778;1309.4444444444446
1688376322;613;29510.222222222223;1241.5555555555557;1336
1688376323;613;28096.77777777778;1235.7777777777778;1330.2222222222224
1688376324;606.3333333333334;29626.77777777778;1241.5555555555557;1343.3333333333335
1688376325;562.5555555555555;27960.77777777778;697.8888888888889;1337.5555555555557
1688376326;563.2222222222223;28376.444444444445;1241.4444444444446;1247.7777777777778
1688376327;555.8888888888889;27318.111111111113;1235.6666666666667;683.2222222222223
1688376328;562.5555555555555;23655;1220.3333333333335;814.8888888888889
1688376329;555.8888888888889;20407.222222222223;1118.888888888889;1367.888888888889
1688376330;542.6666666666667;23333.222222222223;1124.6666666666667;1351
1688376331;550;22653.222222222223;1214.4444444444446;1324.4444444444446
1688376332;557.3333333333334;23014.666666666668;1220.2222222222224;1330.2222222222224
1688376333;564;21678.77777777778;1214.4444444444446;1324.4444444444446
1688376334;538.6666666666667;21953.88888888889;1220.2222222222224;1330.2222222222224
1688376335;531.3333333333334;21239;676.6666666666667;1324.4444444444446
1688376336;565.3333333333334;21897;1220.3333333333335;1330.2222222222224
1688376337;575.3333333333334;21625.77777777778;1269.4444444444446;1191.2222222222224
1688376338;575.3333333333334;22992.55555555556;1275.2222222222224;741.1111111111112
1688376339;568.6666666666667;20978.666666666668;1269.4444444444446;1294.1111111111113
1688376340;648.1111111111112;21330.666666666668;1179.6666666666667;1299.888888888889
1688376341;640.7777777777778;23818;1262.5555555555557;1294.1111111111113
1688376342;634.1111111111112;23433.333333333336;1268.3333333333335;1299.888888888889
1688376343;634.1111111111112;24009.55555555556;1262.5555555555557;1294.1111111111113
1688376344;640.7777777777778;23698.333333333336;1291;1299.888888888889
1688376345;606.7777777777778;23072.222222222223;747.3333333333334;1294.1111111111113
1688376346;659.2222222222223;22274.111111111113;1228.6666666666667;1307.2222222222224
1688376347;674.3333333333334;22533.77777777778;1222.888888888889;1205.888888888889
1688376348;688.3333333333334;23409.222222222223;1228.6666666666667;755.3333333333334
1688376349;615.5555555555555;28370.000000000004;1222.888888888889;1301
1688376350;608.8888888888889;26807.111111111113;1140;1306.7777777777778
1688376351;608.8888888888889;26621.88888888889;1171.5555555555557;1301
1688376352;615.5555555555555;27214.333333333336;1413;1325.7777777777778
1688376353;615.5555555555555;29500.111111111113;1493.4444444444446;1320
1688376354;615.5555555555555;28368.000000000004;1499.2222222222224;1325.7777777777778
1688376355;565.1111111111112;29601.666666666668;963.0000000000001;1360.888888888889
1688376356;556.6666666666667;31707.222222222223;3788.666666666667;1544.888888888889
1688376357;549.3333333333334;39832.222222222226;4617.777777777778;2154.888888888889
1688376358;542.6666666666667;34955.555555555555;4646.777777777778;2587.2222222222226
1688376359;549.3333333333334;35300.77777777778;4672.777777777778;3240.2222222222226
1688376360;556;35960.88888888889;4641.222222222223;3246
1688376361;556;34894.66666666667;4399.777777777778;3221.2222222222226
1688376362;563.6666666666667;32851.66666666667;4304;3227
1688376363;570.3333333333334;35066.11111111112;4379.222222222223;3221.2222222222226
1688376364;551.6666666666667;33925.444444444445;4385;3186.1111111111113
1688376365;551.6666666666667;30473.222222222223;1580.1111111111113;3002.1111111111113
1688376366;545;22071.77777777778;751;2289.666666666667
1688376367;544.3333333333334;22511.222222222223;1259.7777777777778;1305.888888888889
1688376368;2951380.888888889;24638.55555555556;1233.7777777777778;1479.3333333333335
1688376369;15767685.333333334;24549.333333333336;1228;10043693.111111112
1688376370;29066912.444444448;25746.333333333336;1233.7777777777778;22955086.88888889
1688376371;41920598;27146.000000000004;1220.6666666666667;36139810.66666667
1688376372;55055723.11111111;27051.666666666668;1145.4444444444446;48959152.44444445
1688376373;67803506.22222222;27576.55555555556;1236.7777777777778;61966487.55555556
1688376374;80855202.44444445;28011.77777777778;1221.7777777777778;74978072.22222222
1688376375;93957235.77777779;27074.88888888889;1216;88024743.33333334
1688376376;106840057.33333334;25741.111111111113;698.6666666666667;101038420
1688376377;116849882.00000001;24015.222222222223;1233.4444444444446;114085713.33333334
1688376378;117212458.8888889;25734.77777777778;1338;116708965.33333334
1688376379;116713416.44444445;28146.333333333336;1353.3333333333335;116713319.11111112
1688376380;116765151.11111112;30512.000000000004;1359.1111111111113;116436977.55555557
1688376381;116738977.11111112;28541.444444444445;1353.3333333333335;116742631.11111112
1688376382;117276153.33333334;28877.55555555556;1262;116715272.44444445
1688376383;117031976.66666667;28853.666666666668;1351.888888888889;116822756.44444445
1688376384;117042404.22222222;29995.55555555556;1357.6666666666667;117091078.00000001
1688376385;117405313.11111112;29279.666666666668;1337.2222222222224;117114301.55555557
1688376386;117423046.22222222;28697.000000000004;802.4444444444445;117114632.00000001
1688376387;117391963.55555557;26880.666666666668;1247.3333333333335;117495537.33333334
1688376388;117643965.11111112;25356.55555555556;1232;117565800.22222222
1688376389;117937544.66666667;21700.55555555556;1226.2222222222224;117883540.44444445
1688376390;117685980.8888889;23622;1232;117734800.44444445
1688376391;117545390.22222222;22469.333333333336;1226.2222222222224;117865917.77777779
1688376392;117702986.22222222;22162.333333333336;1136.3333333333335;117719716.8888889
1688376393;117449361.11111112;22431.111111111113;1218.888888888889;117296042.44444445
1688376394;117000598.00000001;23372.222222222223;1224.6666666666667;117088820.44444445
1688376395;117019787.33333334;22707.77777777778;1218.888888888889;116931000.44444445
1688376396;116870234.44444445;22234.55555555556;675.2222222222223;116928845.33333334
1688376397;116874738.00000001;21282.444444444445;1254.7777777777778;116972621.55555557
1688376398;116713429.11111112;22834.88888888889;1260.5555555555557;116612659.11111112
1688376399;116696567.33333334;26588.77777777778;1254.7777777777778;116339467.33333334
1688376400;116520162.00000001;27525.000000000004;2029.8888888888891;116123276.8888889
1688376401;116547369.55555557;28110.444444444445;2024.1111111111113;116260137.55555557
1688376402;116963877.33333334;26237.444444444445;1969.5555555555557;116636743.55555557
1688376403;116844501.55555557;27349.222222222223;1963.7777777777778;117096456.44444445
1688376404;116948291.33333334;27062.77777777778;2086.666666666667;116737459.33333334
1688376405;116834592.00000001;27950.111111111113;2101.3333333333335;116621895.11111112
1688376406;116971964.00000001;26597.111111111113;1549.7777777777778;116590076.00000001
1688376407;116910351.11111112;25355.222222222223;1544;117015110.44444445
1688376408;117146336.22222222;22914.222222222223;2080.222222222222;117153029.11111112
1688376409;117325120.8888889;24898.222222222223;1305.1111111111113;117459939.77777779
1688376410;117274687.11111112;29290.000000000004;1329.4444444444446;117342313.77777779
1688376411;116899187.77777779;29113.333333333336;1334.6666666666667;117146560.00000001
1688376412;117166726.22222222;28476.222222222223;1444.888888888889;116745284.8888889
1688376413;117056743.33333334;28668.222222222223;1322;117091644.44444445
1688376414;117284922.22222222;29160.55555555556;1395.5555555555557;117123625.33333334
1688376415;117086217.11111112;29612.77777777778;1361.7777777777778;117208465.11111112
1688376416;117548463.55555557;29049.666666666668;1367.5555555555557;117064896.00000001
1688376417;117323778.8888889;26568.333333333336;831.3333333333334;117257581.55555557
1688376418;117203878.66666667;25578;1367.5555555555557;117171015.77777779
1688376419;117157014.22222222;21438.444444444445;1343.2222222222224;116979314.8888889
1688376420;117325861.77777779;23965.666666666668;1333.2222222222224;116976956.44444445
1688376421;117336196.66666667;23221.111111111113;1223;116969314.00000001
1688376422;117287980.00000001;23421.333333333336;1249.5555555555557;117087475.33333334
1688376423;117218851.33333334;21430.333333333336;1176.3333333333335;117368161.55555557
1688376424;117054325.77777779;23461.111111111113;1295.888888888889;116940468.8888889
1688376425;116836376.44444445;22372.77777777778;1310.888888888889;116897010.22222222
1688376426;116727001.22222222;22258.222222222223;1316.6666666666667;116838526.8888889
1688376427;104163842.77777779;20655.88888888889;780.4444444444445;109780921.8888889
1688376428;91268817.8888889;21410.222222222223;1316.5555555555557;96980514.55555557
1688376429;86786564.33333334;20938.111111111113;1287.5555555555557;86759916.66666667
1688376430;86861455;22579.55555555556;1312.3333333333335;86856839.11111112
1688376431;86965850.55555557;22174.111111111113;1285.7777777777778;86719120.44444445
1688376432;86998240.55555557;23126;1270.7777777777778;86601315.55555557
1688376433;87230763.22222222;22690.88888888889;1260.7777777777778;87086883.77777779
1688376434;87145098.11111112;23404.55555555556;1245.7777777777778;86950297.55555557
1688376435;87370146.66666667;23993.55555555556;1279.3333333333335;87129162.8888889
1688376436;97777923.55555557;23868.55555555556;1394.5555555555557;93973632.55555557
1688376437;99162116.66666667;22326.333333333336;858.4444444444445;99120967.66666667
1688376438;95380915.33333334;22904.222222222223;1394.6666666666667;96271804.8888889
1688376439;94450858.8888889;26116.55555555556;1388.4444444444446;94418966.22222222
1688376440;94445650.8888889;29836.666666666668;1433.888888888889;94439672.44444445
1688376441;94498910;30825.444444444445;1575.3333333333335;94497439.11111112
1688376442;94462930.66666667;31090.222222222223;1471.5555555555557;94347073.33333334
1688376443;92591835.33333334;32000.666666666668;1465.7777777777778;93910023.55555557
1688376444;92308707.55555557;31313.222222222223;1432.2222222222224;92412620.8888889
1688376445;94587307.77777779;32602.444444444445;1317;92452235.11111112
1688376446;106222194.22222222;31898.88888888889;1418.3333333333335;100262957.33333334
1688376447;111053802.22222222;31007.444444444445;882.1111111111112;113506540.66666667
1688376448;99756842.8888889;26702.77777777778;1407.2222222222224;105478869.55555557
1688376449;98065705.11111112;25642.222222222223;1361.7777777777778;98146463.11111112
1688376450;98028143.77777779;26499.77777777778;1220.3333333333335;97999911.33333334
1688376451;97895905.33333334;24812.77777777778;1214.5555555555557;97979660.22222222
1688376452;90245820.8888889;24703.333333333336;1220.3333333333335;94317471.55555557
1688376453;88714159.77777779;23724.55555555556;1214.5555555555557;88416028.66666667
1688376454;88593653.55555557;23419.444444444445;1220.3333333333335;88479142
1688376455;88802216.8888889;23695.88888888889;1119;88796192.44444445
1688376456;89973366.44444445;24888;1220.4444444444446;88607827.77777779
1688376457;90336549.77777779;24387.77777777778;731.6666666666667;90296680.44444445
1688376458;84541071.55555557;23379.333333333336;737.4444444444445;85320750.22222222
1688376459;84470932.22222222;21452;1269.4444444444446;84442746.22222222
1688376460;84625920;21629.88888888889;1275.2222222222224;84418964.66666667
1688376461;93847068.22222222;21899.88888888889;1269.4444444444446;88572604
1688376462;92938933.55555557;23440.88888888889;1275.2222222222224;95878295.77777779
1688376463;80785736.22222222;21645.666666666668;1292.1111111111113;86673997.11111112
1688376464;77963668.66666667;21819.666666666668;1297.888888888889;78825535.11111112
1688376465;80170358.8888889;20178.88888888889;1219.111111111111;77980661.11111112
1688376466;92277180.66666667;21172.666666666668;1170;86269224.8888889
1688376467;99587264.44444445;20191.55555555556;1281.888888888889;98761448.44444445
1688376468;99582465.55555557;21164.77777777778;749.8888888888889;99667746.8888889
1688376469;98514423.11111112;24819.333333333336;1292.1111111111113;99367863.55555557
1688376470;98345183.11111112;27899.55555555556;1297.888888888889;98084393.77777779
1688376471;100964977.77777779;28058.666666666668;1312.5555555555557;98269781.11111112
1688376472;113143455.77777779;30494.55555555556;1351.3333333333335;107178504.66666667
1688376473;115361764.66666667;29714.111111111113;1345.5555555555557;114750072.22222222
1688376474;112811270.8888889;29299.666666666668;1328.6666666666667;112976685.33333334
1688376475;106016273.11111112;28616.77777777778;1322.888888888889;111938392.66666667
1688376476;93149899.55555557;28143.111111111113;1211;98874896.22222222
1688376477;80133153.33333334;26950.000000000004;1219.888888888889;85811878.66666667
1688376478;68151072;24544.111111111113;759;73165457.77777778
1688376479;55485633.55555556;21163.444444444445;1298.4444444444446;61426952.00000001
1688376480;42621263.11111111;22458.88888888889;1307;48180681.55555556
1688376481;29566422.222222224;21789.333333333336;1245.5555555555557;35471400.222222224
1688376482;16948557.111111112;22995.444444444445;1251.3333333333335;22473172.88888889
1688376483;6478347.111111112;23103.333333333336;1245.5555555555557;12036174.222222224
1688376484;3193280.2222222225;23261.111111111113;1272.111111111111;1568.3333333333335
1688376485;13703074.000000002;23098.77777777778;1266.3333333333335;8961618.666666668
1688376486;23935561.77777778;23227;1257.4444444444446;19502318.444444444
1688376487;33867293.55555556;23083.77777777778;1189.3333333333335;29199271.333333336
1688376488;44688696.66666667;23626.55555555556;745.5555555555557;40109416
1688376489;55628846.66666667;22211.666666666668;1239.6666666666667;50609856.888888896
1688376490;67152906.8888889;22547.111111111113;1245.4444444444446;61788465.55555556
1688376491;74470116.8888889;22557.88888888889;1239.6666666666667;72748877.77777778
1688376492;74470131.55555557;22842.444444444445;1245.4444444444446;74524270.44444445
1688376493;80639042;22781.88888888889;1218.888888888889;78421246.22222222
1688376494;81962869.77777778;22940.222222222223;1224.6666666666667;81436197.33333334
1688376495;82591358.66666667;22956.222222222223;1230.5555555555557;82062239.33333334
1688376496;83495422.66666667;21271.222222222223;1238.111111111111;83621548.22222222
1688376497;81311839.77777778;21743.55555555556;1136.6666666666667;83363410.66666667
1688376498;70371689.77777778;21605.666666666668;728.1111111111112;75475545.33333334
1688376499;58847629.55555556;23478.77777777778;754.2222222222223;64296922.66666667
1688376500;51530419.55555556;26580.000000000004;1315.3333333333335;53336524.44444445
1688376501;51530404.888888896;26090.111111111113;1328.1111111111113;51561127.11111111
1688376502;42168214.222222224;27594.55555555556;1333.888888888889;47664106.222222224
1688376503;30334592.666666668;28053.222222222223;1328.1111111111113;35687745.77777778
1688376504;19473616;28783.88888888889;1322.2222222222224;24520998.222222224
1688376505;8637869.555555556;28693.222222222223;1295.6666666666667;13264805.555555556
1688376506;599;27405.000000000004;1301.4444444444446;2612792.666666667
1688376507;599;27975.444444444445;1186.888888888889;1402
1688376508;605.6666666666667;25797;1160.7777777777778;1426.7777777777778
1688376509;599;22450.111111111113;687.8888888888889;1421
1688376510;606.3333333333334;24789.444444444445;1203;1406
1688376511;606.3333333333334;22942.333333333336;1197.2222222222224;774.6666666666667
1688376512;625;23651.77777777778;1203;1357
1688376513;618.3333333333334;23537.88888888889;1197.2222222222224;1270.4444444444446
1688376514;557;24729.55555555556;1203;1351.4444444444446
1688376515;542.6666666666667;24059.88888888889;1307.1111111111113;1345.6666666666667
1688376516;549.3333333333334;23713.55555555556;1312.888888888889;1351.4444444444446
1688376517;542.6666666666667;23007.333333333336;1326.1111111111113;1326.6666666666667
1688376518;549.3333333333334;25004.111111111113;1298.5555555555557;1332.4444444444446
1688376519;542;23075;864.4444444444445;1326.6666666666667
1688376520;549.6666666666667;25440.333333333336;1393.3333333333335;1332.4444444444446
1688376521;585.1111111111112;24643.666666666668;1387.5555555555557;858.3333333333334
1688376522;591.7777777777778;24903.88888888889;1416;1462.7777777777778
1688376523;585.1111111111112;25891.222222222223;1410.2222222222224;1361.3333333333335
1688376524;591.7777777777778;26322.000000000004;1306.1111111111113;1462.7777777777778
1688376525;585.1111111111112;26112;1307.6666666666667;1457
1688376526;654.2222222222223;24949.333333333336;1418.5555555555557;1462.7777777777778
1688376527;703.5555555555557;24372;1357.888888888889;1530.4444444444446
1688376528;696.8888888888889;24519.666666666668;1284.5555555555557;1536.2222222222224
1688376529;696.5555555555557;25910;844.0000000000001;1558.4444444444446
1688376530;642.4444444444445;28075.88888888889;1380.2222222222224;1448.6666666666667
1688376531;642.4444444444445;27959.000000000004;1351.7777777777778;858.8888888888889
1688376532;642.4444444444445;27703.000000000004;1357.5555555555557;1584.888888888889
1688376533;635.7777777777778;28414.000000000004;1407.4444444444446;1483.4444444444446
1688376534;642.4444444444445;28700.111111111113;1405.888888888889;1577.5555555555557
1688376535;580;29073.333333333336;1276;1629.3333333333335
1688376536;531.3333333333334;27973.222222222223;1281.7777777777778;1623.888888888889
1688376537;538.6666666666667;27697.444444444445;1255.5555555555557;1618.1111111111113
1688376538;538.6666666666667;25996.77777777778;1173;1616.6666666666667
1688376539;546;22973.222222222223;667.3333333333334;1610.888888888889
1688376540;546;25042.666666666668;1307;1602
1688376541;552.6666666666667;23539.55555555556;1301.2222222222224;876.0000000000001
1688376542;585.3333333333334;23423.666666666668;1251.3333333333335;900.3333333333334
1688376543;586;23188.222222222223;1245.5555555555557;1397.4444444444446
1688376544;586;24288.88888888889;1272.111111111111;1434
1688376545;585.3333333333334;23135.333333333336;1266.3333333333335;1366
1688376546;585.3333333333334;22646;1272.111111111111;1394.4444444444446
1688376547;578;21515.666666666668;1266.3333333333335;1367.888888888889
1688376548;584.6666666666667;22646.222222222223;1274.3333333333335;1401.6666666666667
1688376549;585.3333333333334;20748.77777777778;655.7777777777778;1395.888888888889
1688376550;585.3333333333334;21228.222222222223;1277.6666666666667;1450.5555555555557
1688376551;559.3333333333334;22951.444444444445;1307.2222222222224;1467.7777777777778
1688376552;552;21979.666666666668;1313;951.8888888888889
1688376553;545.3333333333334;22635.333333333336;1286.4444444444446;1456.3333333333335
1688376554;545.3333333333334;23133.88888888889;1292.2222222222224;1581.1111111111113
1688376555;544.6666666666667;23485.222222222223;1286.4444444444446;1571.2222222222224
1688376556;607.7777777777778;23189.55555555556;1313;1577
1688376557;619.7777777777778;22722.222222222223;1274.4444444444446;1543.2222222222224
1688376558;626.4444444444445;23212.88888888889;1259.111111111111;1549
1688376559;626.4444444444445;25917.77777777778;657.6666666666667;1506
1688376560;627.1111111111112;27157.111111111113;723.6666666666667;1470.2222222222224
1688376561;627.1111111111112;28816.222222222223;1271.6666666666667;1415.6666666666667
1688376562;633.7777777777778;27838.000000000004;1277.4444444444446;822.8888888888889
1688376563;641.1111111111112;27338.55555555556;1271.6666666666667;1319.3333333333335
1688376564;634.4444444444445;29336.55555555556;1277.4444444444446;1406.4444444444446
1688376565;564.6666666666667;28420.111111111113;1250.888888888889;1421.1111111111113
1688376566;552.6666666666667;28150.666666666668;1311.5555555555557;1426.888888888889
1688376567;552.6666666666667;27039.000000000004;1333.7777777777778;1421.1111111111113
1688376568;546;24934;1319.1111111111113;1415.2222222222224
1688376569;559.2222222222223;21714.88888888889;1217.7777777777778;1409.4444444444446
1688376570;565.8888888888889;23152.77777777778;765.4444444444445;1394.4444444444446
1688376571;565.8888888888889;23432.666666666668;1287.6666666666667;1388.6666666666667
1688376572;577.8888888888889;23544.77777777778;1293.4444444444446;773.2222222222223
1688376573;585.2222222222223;21844.222222222223;1287.6666666666667;667.5555555555557
1688376574;591.8888888888889;21865.222222222223;1293.4444444444446;1244.111111111111
1688376575;584.5555555555555;23550.222222222223;1232.7777777777778;1319.2222222222224
1688376576;570.5555555555555;22959.77777777778;1210.5555555555557;1325
1688376577;577.2222222222223;22372.666666666668;1204.7777777777778;1319.2222222222224
1688376578;556.6666666666667;22906.666666666668;1229.111111111111;1325
1688376579;556.6666666666667;20977.77777777778;1146.2222222222224;1319.2222222222224
1688376580;550;21596.333333333336;745.3333333333334;1325
1688376581;584.7777777777778;23373.222222222223;1288.2222222222224;1319.2222222222224
1688376582;577.4444444444445;23400.222222222223;1344.6666666666667;1325
1688376583;570.7777777777778;22989.333333333336;1338.888888888889;728
1688376584;570.7777777777778;22208.666666666668;1344.6666666666667;1244.111111111111
1688376585;577.4444444444445;22913;1357.4444444444446;1238.3333333333335
1688376586;633.2222222222223;24064.222222222223;1398.5555555555557;1339.7777777777778
1688376587;658.5555555555557;22501.111111111113;1473.888888888889;1352.5555555555557
1688376588;651.8888888888889;23437.77777777778;1481.5555555555557;1358.3333333333335
1688376589;651.8888888888889;25094;1354.4444444444446;1407.4444444444446
1688376590;597.7777777777778;29572.77777777778;811.5555555555557;1413.2222222222224
1688376591;611.7777777777778;28617.77777777778;1373.7777777777778;1407.4444444444446
1688376592;619.1111111111112;30653.77777777778;1379.5555555555557;1413.2222222222224
1688376593;633.1111111111112;30338.000000000004;1392.3333333333335;827.8888888888889
1688376594;626.4444444444445;30720.88888888889;1386.888888888889;1445.888888888889
1688376595;578;30614.666666666668;1446.6666666666667;1381.5555555555557
1688376596;552.6666666666667;32003.000000000004;1352.7777777777778;1383.4444444444446
1688376597;566.6666666666667;30984.444444444445;1338.2222222222224;1498.3333333333335
1688376598;566.6666666666667;28222.666666666668;1344;1449.2222222222224
1688376599;574;23353.55555555556;1361.4444444444446;1443.4444444444446
1688376600;567.3333333333334;24350;748.5555555555557;1449.2222222222224
1688376601;566.6666666666667;24548.333333333336;1363.2222222222224;1462
1688376602;564.6666666666667;24568.77777777778;1350.4444444444446;1456.1111111111113
1688376603;2367037.3250388806;23576.222222222223;1337.3333333333335;1059.2222222222224
1688376604;15478644.444444446;23453.77777777778;1263;9495767.222222222
1688376605;28478038.000000004;22064.666666666668;1257.2222222222224;22794167
1688376606;41698253.55555556;23564;1251.3333333333335;35837433
1688376607;54549760.00000001;23079.333333333336;1245.5555555555557;48915725.222222224
1688376608;67793221.11111112;23940.222222222223;1228.111111111111;61792609.44444445
1688376609;80771442.8888889;22729;1222.3333333333335;74803540.33333334
1688376610;93564679.11111112;24273.444444444445;628.7777777777778;87702881.44444445
1688376611;106707520.8888889;23330.77777777778;1153.4444444444446;100766937
1688376612;117503996.66592574;25448.111111111113;1251.3333333333335;113906508.33333334
1688376613;117324416.8888889;23544.666666666668;1224.7777777777778;117258835.77777779
1688376614;117285958.8888889;24243.111111111113;1230.5555555555557;117090742.8888889
1688376615;116899391.11111112;22611.333333333336;1224.7777777777778;116871712.22222222
1688376616;117168487.55555557;24287.333333333336;1251.3333333333335;116755712.22222222
1688376617;117095496.66666667;23052.444444444445;1245.5555555555557;117084525.11111112
1688376618;117004678.8888889;24946.55555555556;1251.3333333333335;117171606.8888889
1688376619;117222807.55555557;24713.666666666668;1244.888888888889;117296578.00000001
1688376620;117116158.8888889;30235.666666666668;720.2222222222223;117265057.33333334
1688376621;116778920.22222222;28073.88888888889;622.3333333333334;116999748.8888889
1688376622;116902074.44444445;30154.55555555556;1272.6666666666667;116912892.22222222
1688376623;112404486.22222222;30801.000000000004;1266.888888888889;116875415.33333334
1688376624;110680314.8888889;31286.000000000004;1272.6666666666667;110746110.44444445
1688376625;105311443.11111112;30271.444444444445;1246.111111111111;110110141.55555557
1688376626;105164211.11111112;29498.333333333336;1251.888888888889;105325853.11111112
1688376627;105228564.22222222;30222.77777777778;1257.7777777777778;105273348.22222222
1688376628;105118194;28388.444444444445;1298;105060518.8888889
1688376629;104942277.93823597;22979.77777777778;1292.2222222222224;105068367.11111112
1688376630;105440273.33333334;24003.111111111113;1298;105158032.8888889
1688376631;105282148;24102.444444444445;647.6666666666667;105302736.44444445
1688376632;110060494.22222222;23068.55555555556;1284.3333333333335;105326396.22222222
1688376633;106303969.44444445;22247.666666666668;1278.5555555555557;110518650.22222222
1688376634;101225855;22824.333333333336;1284.3333333333335;102462997.66666667
1688376635;88202616.77777779;26021;2048.222222222222;94041603
1688376636;75250859.66666667;25815.444444444445;2042.3333333333335;80996095.22222222
1688376637;62349865.00000001;25549.111111111113;1981.6666666666667;68184612.33333334
1688376638;49477262.39164258;27539.111111111113;1987.4444444444446;55144229.222222224
1688376639;36190904.11111111;26133.666666666668;1981.0063312229258;42179867.222222224
1688376640;23268261.88888889;26635.666666666668;2006.0000000000002;29274508.111111112
1688376641;21231608.77777778;27619.222222222223;1369.3333333333335;21434074.555555556
1688376642;26683877.555555556;28460.333333333336;2051.222222222222;22461723.666666668
1688376643;37066300.222222224;27606.77777777778;2045.4444444444446;31309058.000000004
1688376644;50142917.11111111;25332;1281.5555555555557;44403873.77777778
1688376645;63087364.00000001;23157.666666666668;1275.7777777777778;57360570.222222224
1688376646;76077973.33333334;22275.77777777778;1300.1111111111113;70195830.44444445
1688376647;89036351.55555557;22969.333333333336;1294.3333333333335;83259617.55555557
1688376648;101863476.22222222;23625.666666666668;1320.9958875180616;82005500.08625
1688376649;110690049.77777779;25132.666666666668;1296.2222222222224;83015738.18057144
1688376650;99485180.8888889;27942.222222222223;1302;102076877.97011074
1688376651;101346754.8888889;28192.333333333336;620.1111111111112;98563356.8888889
1688376652;98337785.11111112;27751.88888888889;1156.2222222222224;98147093.55555557
1688376653;98089638.66666667;28278.444444444445;1247.4444444444446;98025081.77777779
1688376654;98097129.11111112;28566.88888888889;1253.2222222222224;98077821.33333334
1688376655;97972772;28834.000000000004;1228.888888888889;97973508
1688376656;98108050.8888889;26482.000000000004;1234.6666666666667;98074582.8888889
1688376657;98087354.8888889;26410.77777777778;1208.4444444444446;88918314.39871623
1688376658;102134656.44444445;26084.88888888889;1214.2222222222224;100552405.3398055
1688376659;115146432.8888889;21681.88888888889;1231.6666666666667;113310216.11679502
1688376660;113673726.44444445;20077.666666666668;1237.4444444444446;116366297.33333334
1688376661;108722883.77777779;22409.55555555556;701.3333333333334;114757736.22222222
1688376662;103659537.22222222;25762.77777777778;610.1111111111112;107391812.00000001
1688376663;90707599.8888889;34526.555555555555;4299.777777777778;96624949.22222222
1688376664;77841347.66666667;34193.333333333336;4415.555555555556;83893982.55555557
1688376665;64747690.55555556;34690.77777777778;4430.555555555556;70729157.44444445
1688376666;51941261.888888896;34404.11111111112;4436.333333333334;57756106.333333336
1688376667;39067386.77777778;32612.88888888889;4430.555555555556;44920947.44444445
1688376668;26055438.77777778;34436.222222222226;4413.111111111111;31775905.000000004
1688376669;12861350.777777778;36405.66666666667;4407.333333333334;18942818.555555556
1688376670;7765123.888888889;34507.77777777778;4413.111111111111;7849623.888888889
1688376671;545.3333333333334;31050.222222222223;4428.444444444444;2242744.1111111115
1688376672;552.6666666666667;22938.88888888889;738.7777777777778;2255.777777777778
1688376673;552.6666666666667;24184.222222222223;1239.111111111111;1415.1111111111113
1688376674;566;23667.333333333336;1224.111111111111;1420.888888888889
1688376675;566;23802.222222222223;1218.3333333333335;841.4444444444445
1688376676;621.7777777777778;22893.111111111113;1244.888888888889;1458.3333333333335
1688376677;633.1111111111112;22238.55555555556;1239.111111111111;1452.5555555555557
1688376678;633.1111111111112;21114.444444444445;1244.888888888889;1347.3333333333335
1688376679;619.1111111111112;23976.111111111113;1259.5555555555557;1390.1111111111113
1688376680;633.1111111111112;25420.77777777778;1244.2222222222224;1495.1111111111113
1688376681;633.1111111111112;27679.000000000004;1257;1447.7777777777778
1688376682;625.7777777777778;27526.77777777778;646.6666666666667;1453.5555555555557
1688376683;626.4444444444445;28329.88888888889;1189.7777777777778;1440.4444444444446
1688376684;619.7777777777778;29157.88888888889;1365.5555555555557;1404.4444444444446
1688376685;564;29239.222222222223;1339;808
1688376686;551.8888888888889;28801.000000000004;1344.7777777777778;832.3333333333334
1688376687;551.8888888888889;30050.88888888889;1339;1565.6666666666667
1688376688;558.5555555555555;27585.666666666668;1379.2222222222224;1515.5555555555557
1688376689;551.2222222222223;24191.444444444445;1373.4444444444446;1410.5555555555557
1688376690;537.2222222222223;24839;1360.6666666666667;1504.6666666666667
1688376691;537.2222222222223;23449.444444444445;1354.888888888889;1498.888888888889
1688376692;609.8888888888889;23989.55555555556;811.7777777777778;1535.2222222222224
1688376693;616.5555555555555;22773.77777777778;1159.111111111111;1550.2222222222224
1688376694;766.5555555555557;23930.666666666668;1164.888888888889;1582.5555555555557
1688376695;767.3333333333334;23093.333333333336;1247.4444444444446;1576.7777777777778
1688376696;767.3333333333334;22101.333333333336;1253.2222222222224;843.4444444444445
1688376697;760.6666666666667;21922.333333333336;1192.5555555555557;1463.4444444444446
1688376698;768;24487.77777777778;1198.3333333333335;1469.2222222222224
1688376699;768;20358.777777777777;1192.5555555555557;1375.1111111111113
1688376700;782;24083.333333333336;1216.888888888889;1380.888888888889
1688376701;756.1111111111112;22304.88888888889;1211.111111111111;1440.2222222222224
1688376702;749.4444444444445;24529.666666666668;739.1111111111112;1446
1688376703;599.4444444444445;22347;733.3333333333334;1393.2222222222224
1688376704;592.1111111111112;25001.333333333336;1182.6666666666667;1490.4444444444446
1688376705;592.1111111111112;23686.444444444445;1184.2222222222224;1484.6666666666667
1688376706;661.2222222222223;24107.77777777778;1292.3333333333335;872.0000000000001
1688376707;679.8888888888889;22472.666666666668;1286.5555555555557;1477.3333333333335
1688376708;742.1111111111112;24624.333333333336;1312.7777777777778;1483.1111111111113
1688376709;742.1111111111112;23949;1288.4444444444446;1495.888888888889
1688376710;681.3333333333334;29570.333333333336;1294.2222222222224;1468.2222222222224
1688376711;681.3333333333334;28627.333333333336;1243.111111111111;1529.888888888889
1688376712;688;29159.333333333336;1248.888888888889;1535.6666666666667
1688376713;688;28490.111111111113;729.7777777777778;1419.888888888889
1688376714;688;29208.222222222223;1251.3333333333335;1425.6666666666667
1688376715;618.8888888888889;28890.222222222223;1143.2222222222224;1419.888888888889
1688376716;592.8888888888889;28151.444444444445;1244.5555555555557;814.5555555555557
1688376717;540.6666666666667;28359.000000000004;1218.3333333333335;808.7777777777778
1688376718;533.3333333333334;26297.444444444445;1243.111111111111;1399.6666666666667
1688376719;547.3333333333334;20691.444444444445;1260.5555555555557;1339
1688376720;547.3333333333334;20860.222222222223;1266.3333333333335;1256.5555555555557
1688376721;534;22783.222222222223;1260.5555555555557;1258.111111111111
1688376722;552.6666666666667;21816.111111111113;1247.7777777777778;1363.4444444444446
1688376723;794.5555555555557;23357;718.8888888888889;1369.3333333333335
1688376724;1418.4444444444446;23904.88888888889;1262.4444444444446;1811.1111111111113
1688376725;579212.4444444445;24696.88888888889;1161.111111111111;1842.888888888889
1688376726;11316132;24335.333333333336;1283.3333333333335;6054782.555555556
1688376727;21998688;23785.111111111113;1258.5555555555557;17264360.555555556
1688376728;32855637.55555556;26145.111111111113;1241.111111111111;27991591.222222224
1688376729;44062618.44444445;24294;1235.3333333333335;39107108.55555556
1688376730;55245168.44444445;23680.88888888889;1262.2222222222224;50198602.55555556
1688376731;65904612.66666667;24425.666666666668;1256.4444444444446;61229861.66666667
1688376732;76976188.66666667;24237.222222222223;1385.3333333333335;72359317.22222222
1688376733;87893672;23303.77777777778;841.7777777777778;83021253.11111112
1688376734;106152103.77777779;25067.222222222223;847.5555555555557;94049708
1688376735;100875704.8888889;23214.111111111113;1263.111111111111;100468874
1688376736;100174963.55555557;24737.222222222223;1297;100732860.44444445
1688376737;93290837.22222222;22384.55555555556;1378.5555555555557;98195123.66666667
1688376738;82083856.33333334;25243.222222222223;1384.3333333333335;87079606.33333334
1688376739;70901306.33333334;25636.111111111113;1357.4444444444446;75988112.33333334
1688376740;60241862.11111111;29822.77777777778;1383.6666666666667;64956853.222222224
1688376741;49169882.333333336;28711.222222222223;1273.3333333333335;53827397.66666667
1688376742;38251384.333333336;30117.55555555556;1279.1111111111113;43163955
1688376743;19415158.555555556;27817.55555555556;1273.3333333333335;32135469.000000004
1688376744;13954637.88888889;29143.88888888889;741.3333333333334;19663207.444444444
1688376745;3972823.2222222225;29043.77777777778;1237.888888888889;8189648.777777778
1688376746;651;28308.666666666668;1156.3333333333335;1462.6666666666667
1688376747;622.5555555555555;28667.000000000004;1239.2222222222224;845.7777777777778
1688376748;625.8888888888889;27528.88888888889;1318.888888888889;1440
1688376749;590.7777777777778;23522;1298.4444444444446;1396.7777777777778
1688376750;597.4444444444445;23085.222222222223;1279.888888888889;1402.5555555555557
1688376751;597.4444444444445;22086.111111111113;1274.111111111111;1289.888888888889
1688376752;602.1111111111112;23303;1279.888888888889;1310.3333333333335
1688376753;598.3333333333334;22796.88888888889;1274.111111111111;1429.888888888889
1688376754;605;21567;749.4444444444445;1435.6666666666667
1688376755;605;23922.222222222223;1266.7777777777778;1409.4444444444446
1688376756;605.6666666666667;21379.55555555556;1183.888888888889;1415.2222222222224
1688376757;603;21962.88888888889;1192.4444444444446;798.3333333333334
1688376758;609.6666666666667;26460.77777777778;1992.4444444444446;804.1111111111112
1688376759;609.6666666666667;26522.88888888889;1992.4444444444446;4091.888888888889
1688376760;588.6666666666667;26744.666666666668;2016.7777777777778;4105
1688376761;630.7777777777778;26536.000000000004;2011.0000000000002;4084.5555555555557
1688376762;599.4444444444445;27539.333333333336;2016.7777777777778;3985.777777777778
1688376763;592.1111111111112;28160.88888888889;2056.3333333333335;4075.5555555555557
1688376764;585.4444444444445;27039.666666666668;1539;4178.777777777778
1688376765;592.1111111111112;28653.222222222223;2063.666666666667;4173
1688376766;654.5555555555557;27453.77777777778;1981.2222222222224;4178.777777777778
1688376767;704.5555555555557;22688.111111111113;1313.888888888889;4173
1688376768;697.8888888888889;23907.55555555556;1319.6666666666667;885.2222222222223
1688376769;704.5555555555557;25719;1295.3333333333335;1529
1688376770;651.1111111111112;29060.333333333336;1301.1111111111113;1589.6666666666667
1688376771;651.1111111111112;28315.222222222223;1403.5555555555557;1563.1111111111113
1688376772;657.7777777777778;28227.111111111113;1364;1473.3333333333335
1688376773;664.4444444444445;29603.77777777778;1376.7777777777778;1377.4444444444446
1688376774;650.4444444444445;28716.333333333336;852.1111111111112;1563.7777777777778
1688376775;587.3333333333334;28354.111111111113;1397.6666666666667;1558
1688376776;530.6666666666667;28549.666666666668;1265;1563.7777777777778
1688376777;538;27578.666666666668;1294.5555555555557;1558
1688376778;545.3333333333334;26894.222222222223;1381.6666666666667;914.2222222222223
1688376779;552;24077.77777777778;1375.888888888889;1054.4444444444446
1688376780;559.3333333333334;25016.666666666668;1296.6666666666667;1787.0000000000002
1688376781;546;25295;1290.888888888889;1828.7777777777778
1688376782;572;23930.666666666668;1278.1111111111113;1927.2222222222224
1688376783;578.6666666666667;25248.111111111113;1272.3333333333335;1874.0000000000002
1688376784;579.3333333333334;25423;726.7777777777778;1965.5555555555557
1688376785;586.6666666666667;24725.333333333336;721;1999.888888888889
1688376786;586;24991.111111111113;1221.888888888889;2005.6666666666667
1688376787;578.6666666666667;24252.77777777778;1155.5555555555557;1999.888888888889
1688376788;564.6666666666667;24495.55555555556;1268.6666666666667;1804.7777777777778
1688376789;557.3333333333334;27751.111111111113;2062.666666666667;1083.888888888889
1688376790;564;28816.88888888889;2096.888888888889;4420.777777777778
1688376791;538;28303.77777777778;2091.1111111111113;4296.444444444444
1688376792;531.3333333333334;26269.222222222223;2096.888888888889;4210.666666666667
1688376793;524;27489.88888888889;2091.1111111111113;4119.111111111111
1688376794;523.3333333333334;27329.333333333336;2096.888888888889;4191.555555555556
1688376795;516.6666666666667;27016.444444444445;1560.6666666666667;4185.777777777778
1688376796;579.1111111111112;26527.444444444445;2068.777777777778;4191.555555555556
1688376797;605.1111111111112;26400.666666666668;1955.6666666666667;4185.777777777778
1688376798;619.1111111111112;22458.111111111113;1226.6666666666667;4179.88888888889
1688376799;612.4444444444445;24437;1309.7777777777778;795.4444444444445
1688376800;612.4444444444445;28313.000000000004;1336;1499.5555555555557
1688376801;612.4444444444445;29683.88888888889;1348.7777777777778;1452.2222222222224
1688376802;619.1111111111112;27940.55555555556;1354.5555555555557;1450.6666666666667
1688376803;619.7777777777778;28400.88888888889;1348.7777777777778;1338.1111111111113
1688376804;633.7777777777778;30434.77777777778;1354.5555555555557;1437
1688376805;572;30072.222222222223;825.6666666666667;1431.2222222222224
1688376806;560;30171.222222222223;1369.2222222222224;1476
1688376807;552.6666666666667;30623.000000000004;1275.2222222222224;1470.2222222222224
1688376808;565.8888888888889;27646.111111111113;1178.3333333333335;1476
1688376809;559.2222222222223;24269.222222222223;1288;764.5555555555557
1688376810;573.2222222222223;25163.222222222223;1275.2222222222224;1413.888888888889
1688376811;573.2222222222223;26034.444444444445;1269.4444444444446;1415.4444444444446
1688376812;584.5555555555555;25543.55555555556;1275.2222222222224;1421.2222222222224
1688376813;584.5555555555555;23299.222222222223;1269.4444444444446;1343.1111111111113
1688376814;584.5555555555555;24769.88888888889;1275.2222222222224;1379.4444444444446
1688376815;577.0939791157522;23199.111111111113;731.6666666666667;1774.4444444444446
1688376816;570.5555555555555;24279.88888888889;1276.7777777777778;1874.0000000000002
1688376817;564.6666666666667;23476.77777777778;1256.3333333333335;1908.5555555555557
1688376818;571.3333333333334;26830.444444444445;1126.2222222222224;2014.4444444444446
1688376819;571.3333333333334;24307.111111111113;1219.111111111111;1365.1111111111113
1688376820;572;26049.88888888889;1262.4444444444446;2048.1111111111113
1688376821;621.4444444444445;25611.444444444445;1256.6666666666667;2063.1111111111113
1688376822;607.4444444444445;26349.111111111113;1307.7777777777778;2048.1111111111113
1688376823;614.1111111111112;24659;1302;2011.7777777777778
1688376824;607.5794621026894;25109.666666666668;1307.7777777777778;1577.7777777777778
1688376825;614.1111111111112;24074.666666666668;762.6666666666667;1574.3333333333335
1688376826;669.2222222222223;24823.88888888889;1317.5555555555557;1539.7777777777778
1688376827;688.5555555555557;21654;1332.2222222222224;1441.2222222222224
1688376828;681.2222222222223;24146.111111111113;1239.3333333333335;1447
1688376829;680.5555555555557;25458.222222222223;1291.888888888889;818.8888888888889
1688376830;612.4444444444445;29704.222222222223;1297.6666666666667;1480.7777777777778
1688376831;612.4444444444445;29004.222222222223;1246.5555555555557;1475
1688376832;611.7777777777778;29173.000000000004;1252.3333333333335;1473.4444444444446
1688376833;618.4444444444445;29720.111111111113;1246.5555555555557;1467.6666666666667
1688376834;611.7777777777778;28775.222222222223;1270.888888888889;1493.3333333333335
1688376835;556;28754.111111111113;716;1480.2222222222224
1688376836;530;28994.000000000004;1239.2222222222224;1574.4444444444446
1688376837;530;27978.333333333336;1254.2222222222224;1568.6666666666667
1688376838;523.3333333333334;26266.000000000004;1164.111111111111;1512.2222222222224
1688376839;530;23214.55555555556;1192;829.5555555555557
1688376840;530;25046.77777777778;1278.7777777777778;1486.3333333333335
1688376841;523.3333333333334;24712.333333333336;1296.2222222222224;1487.888888888889
1688376842;535.3333333333334;24368.88888888889;1302;1504.888888888889
1688376843;542;24071.88888888889;1277.6666666666667;1511
1688376844;535.3333333333334;23645.666666666668;1283.4444444444446;1524.1111111111113
1688376845;542;24203.222222222223;739.7777777777778;1429.888888888889
1688376846;535.3333333333334;22872.111111111113;745.5555555555557;1535.2222222222224
1688376847;535.3333333333334;22901;1277.6666666666667;1536.7777777777778
1688376848;542.6666666666667;23766.111111111113;1249.7777777777778;1542.5555555555557
1688376849;550;23097.111111111113;1163;878.4444444444445
1688376850;571.6666666666667;30153.666666666668;2220.5555555555557;906.8888888888889
1688376851;559.6666666666667;29435.666666666668;2235.888888888889;4366.555555555556
1688376852;553;29715.111111111113;2241.666666666667;4286
1688376853;559.6666666666667;29401.77777777778;2235.888888888889;4280.222222222223
1688376854;553;28465.666666666668;2241.666666666667;4304.555555555556
1688376855;559.6666666666667;29385.111111111113;2235.5555555555557;4199.222222222223
1688376856;622.1111111111112;28204.333333333336;1723.888888888889;4293.111111111111
1688376857;633.4444444444445;27852.333333333336;2294.222222222222;4287.333333333334
1688376858;632.7777777777778;27946.111111111113;2300;4300.444444444444
1688376859;618.4444444444445;24531.77777777778;1219.2222222222224;4272
1688376860;611.7777777777778;30088.88888888889;1313;842.2222222222223
1688376861;611.7777777777778;29959.77777777778;1307.2222222222224;1473.1111111111113
1688376862;611.7777777777778;30056.444444444445;1331.5555555555557;1478.888888888889
1688376863;618.4444444444445;29705.444444444445;1325.7777777777778;1454.5555555555557
1688376864;611.7777777777778;29507.77777777778;1311.1111111111113;1453
1688376865;563.6666666666667;29921.55555555556;1284.888888888889;1377.6666666666667
1688376866;545;28714.222222222223;714.5555555555557;1499.4444444444446
1688376867;545.6666666666667;29027.444444444445;1346.2222222222224;1493.6666666666667
1688376868;538.3333333333334;26680.55555555556;1352;1518
1688376869;545;21980.222222222223;1292;1489.6666666666667
1688376870;545;23928.333333333336;1385.888888888889;856.4444444444445
1688376871;545;23534;1361.5555555555557;1535.1111111111113
1688376872;571.3333333333334;23866.111111111113;1367.3333333333335;1561.6666666666667
1688376873;578.6666666666667;23614.666666666668;1361.5555555555557;1581.7777777777778
1688376874;578.3333333333334;23467.55555555556;1367.3333333333335;1629.3333333333335
1688376875;571.6666666666667;24009.88888888889;1361.5555555555557;1507.5555555555557
1688376876;571;22724;729.8888888888889;1550.2222222222224
1688376877;578.3333333333334;22245.222222222223;1254.6666666666667;1636.1111111111113
1688376878;579;24033.666666666668;1205.5555555555557;1623.3333333333335
1688376879;585.6666666666667;22669.333333333336;1111.6666666666667;1578.3333333333335
1688376880;586.3333333333334;24808.111111111113;1224.7777777777778;899.6666666666667
1688376881;621.4444444444445;24490.111111111113;1238;1598.3333333333335
1688376882;614.1111111111112;24474.666666666668;1289.1111111111113;1585.5555555555557
1688376883;600.1111111111112;24318.333333333336;1283.3333333333335;1519.4444444444446
1688376884;606.7777777777778;23989.666666666668;1289.1111111111113;1517.888888888889
1688376885;600.1111111111112;23477.77777777778;1283.3333333333335;1475.2222222222224
1688376886;655.2222222222223;24452.333333333336;777.1111111111112;1370.7777777777778
1688376887;684.5555555555557;22832.666666666668;1301.888888888889;1460.7777777777778
1688376888;677.8888888888889;24162.111111111113;1307.6666666666667;1466.5555555555557
1688376889;670.5555555555557;25717.333333333336;1194.5555555555557;1460.7777777777778
1688376890;609.1111111111112;30327.88888888889;1269.7777777777778;788.8888888888889
1688376891;609.1111111111112;31212.88888888889;1218.6666666666667;783.1111111111112
1688376892;622.4444444444445;30598.88888888889;1224.4444444444446;1459.6666666666667
1688376893;622.4444444444445;30514.111111111113;1218.6666666666667;1461.2222222222224
1688376894;629.7777777777778;30813.111111111113;1243;1467
1688376895;567.3333333333334;30383.77777777778;1218.6666666666667;1461.2222222222224
1688376896;530.6666666666667;30466.666666666668;693.8888888888889;1479.5555555555557
1688376897;530.6666666666667;28880.55555555556;1218.6666666666667;1562.2222222222224
1688376898;537.3333333333334;27485.77777777778;1245.2222222222224;1568
1688376899;537.3333333333334;23017.77777777778;1170;1514.6666666666667
1688376900;537.3333333333334;24664.88888888889;1287.4444444444446;1520.4444444444446
1688376901;524;24538.55555555556;1281.6666666666667;862.4444444444445
1688376902;542.6666666666667;24248.111111111113;1287.4444444444446;1558.1111111111113
1688376903;535.3333333333334;24140;1263.111111111111;1552.3333333333335
1688376904;535.3333333333334;23443.77777777778;1268.888888888889;1558.1111111111113
1688376905;542;22827.444444444445;1263.111111111111;1444
1688376906;542;22971.222222222223;738.3333333333334;1354
1688376907;535.3333333333334;21484.111111111113;1277.6666666666667;1436.4444444444446
1688376908;535.3333333333334;22452.222222222223;1264.4444444444446;1442.2222222222224
1688376909;535.3333333333334;20736.666666666668;1147;1459.1111111111113
1688376910;542;23518;1152.7777777777778;1446.3333333333335
1688376911;523.3333333333334;23685.88888888889;1263.888888888889;750.6666666666667
1688376912;530.6666666666667;23096.222222222223;1269.6666666666667;1455
1688376913;531.3333333333334;23411.444444444445;1263.888888888889;1470.3333333333335
1688376914;538.6666666666667;23311.222222222223;1269.6666666666667;1476.1111111111113
1688376915;545.3333333333334;22970.77777777778;1263.888888888889;1477.6666666666667
1688376916;607.7777777777778;23193.333333333336;703.7777777777778;1387.888888888889
1688376917;619.7777777777778;22911.333333333336;698;1382.1111111111113
1688376918;626.4444444444445;22974.77777777778;1262;1460.7777777777778
1688376919;619.7777777777778;23826.88888888889;1256.2222222222224;1455
1688376920;619.7777777777778;29845.333333333336;1165.5555555555557;1520.888888888889
1688376921;619.7777777777778;30355.111111111113;1275.4444444444446;933.4444444444445
1688376922;619.1111111111112;29573.000000000004;1281.2222222222224;1596.2222222222224
1688376923;612.4444444444445;29583.666666666668;1275.4444444444446;1611.5555555555557
1688376924;1306.4444444444446;29648.55555555556;1281.2222222222224;1617.3333333333335
1688376925;1244;28947.000000000004;1275.4444444444446;1640.0000000000002
1688376926;1232;28347.55555555556;1281.2222222222224;1720.1111111111113
1688376927;1225.3333333333335;28776.77777777778;717.2222222222223;1618.7777777777778
1688376928;1232;27115.55555555556;1376.6666666666667;1712.888888888889
1688376929;1246;21860;1424.3333333333335;1647.0000000000002
1688376930;1252.6666666666667;23914;1314.4444444444446;1554.4444444444446
1688376931;1252.6666666666667;25871.222222222223;1408;870.5555555555557
1688376932;1264;25228.77777777778;1413.7777777777778;855.2222222222223
1688376933;570;25181.111111111113;1426.5555555555557;1541
1688376934;570;25088.666666666668;1460.4444444444446;1567.4444444444446
1688376935;570;24849.666666666668;1454.6666666666667;1487.3333333333335
1688376936;570;23314.333333333336;1460.4444444444446;1511.6666666666667
1688376937;563.3333333333334;23533.77777777778;801;1417.5555555555557
1688376938;549.3333333333334;23541.222222222223;1263.4444444444446;1511.888888888889
1688376939;562.5555555555555;22910.111111111113;1257.6666666666667;1487.5555555555557
1688376940;555.8888888888889;22152.444444444445;1205.888888888889;1493.3333333333335
1688376941;591.3333333333334;24354.666666666668;1307.3333333333335;1487.5555555555557
1688376942;591.3333333333334;23289;1368;815.2222222222223
1688376943;591.3333333333334;24140.55555555556;1334.1111111111113;1459.2222222222224
1688376944;591.3333333333334;23248.444444444445;1339.888888888889;1485.7777777777778
1688376945;591.3333333333334;24144.111111111113;1334.1111111111113;1514.3333333333335
1688376946;667.7777777777778;21729.88888888889;1358.4444444444446;1531.3333333333335
1688376947;686.4444444444445;23036;822.1111111111112;1465.2222222222224
1688376948;659.2222222222223;22105.111111111113;1358.4444444444446;1471
1688376949;659.2222222222223;24503.111111111113;1310.888888888889;1553.6666666666667
1688376950;611.7777777777778;27647.333333333336;1209.4444444444446;1634.7777777777778
1688376951;612.4444444444445;30194.77777777778;1218.5555555555557;1643.6666666666667
1688376952;626.4444444444445;28258.333333333336;1224.3333333333335;957.8888888888889
1688376953;640.4444444444445;29428.000000000004;1218.5555555555557;1602.1111111111113
1688376954;647.7777777777778;28660.88888888889;1224.3333333333335;1555
1688376955;578;28951.55555555556;1200;1538
1688376956;560;27928.222222222223;1322;1515.5555555555557
1688376957;566.6666666666667;28870.333333333336;785.6666666666667;1502.4444444444446
1688376958;566.6666666666667;26713.444444444445;812.2222222222223;1412.4444444444446
1688376959;566.6666666666667;21902.444444444445;1355;1423.6666666666667
1688376960;559.3333333333334;22882;1272.4444444444446;1401.3333333333335
1688376961;545.3333333333334;24186.88888888889;1362.3333333333335;1395.5555555555557
1688376962;557.7777777777778;24602.222222222223;1368.1111111111113;723.2222222222223
1688376963;557.1111111111112;24784.666666666668;1362.3333333333335;1407.2222222222224
1688376964;550.4444444444445;25253.333333333336;1368.1111111111113;1413
1688376965;557.1111111111112;24321.111111111113;1246.111111111111;1399.888888888889
1688376966;584.7777777777778;22943.333333333336;1272.6666666666667;1413
1688376967;584.7777777777778;23262.333333333336;1246.111111111111;1414.5555555555557
1688376968;584.7777777777778;25756;703.3333333333334;1346.4444444444446
1688376969;584.7777777777778;27159.111111111113;3498.888888888889;2266.1111111111113
1688376970;591.4444444444445;35869;3430.1111111111113;2333.777777777778
1688376971;565;36560.11111111112;4259.222222222223;3170.2222222222226
1688376972;558.3333333333334;37179;4360.555555555556;2506.666666666667
1688376973;558.3333333333334;36743.88888888889;4354.777777777778;3181.888888888889
1688376974;558.3333333333334;36746.222222222226;4360.555555555556;3195
1688376975;530.6666666666667;36546.11111111112;4352.555555555556;3189.2222222222226
1688376976;593.1111111111112;34733.77777777778;4399.555555555556;3195
1688376977;605.1111111111112;33691.66666666667;4486.222222222223;3170.777777777778
1688376978;618.4444444444445;31059.000000000004;1690.6666666666667;2251.1111111111113
1688376979;618.4444444444445;24789.666666666668;2216.1111111111113;2272.222222222222
1688376980;611.7777777777778;27759.444444444445;1387;1465.7777777777778
1688376981;626.1111111111112;28328.111111111113;1306.1111111111113;1432.2222222222224
1688376982;640.1111111111112;29309.666666666668;1430.6666666666667;779.6666666666667
1688376983;626.1111111111112;30096.111111111113;1424.888888888889;796.5555555555557
1688376984;626.1111111111112;31340.333333333336;1440.1111111111113;1505.888888888889
1688376985;571;31296.000000000004;1393.1111111111113;1500.1111111111113
1688376986;566.3333333333334;29727.444444444445;1306.4444444444446;1527
1688376987;553;29606.444444444445;1300.6666666666667;1539.7777777777778
1688376988;553;27654.55555555556;754.1111111111112;1456.7777777777778
1688376989;559.6666666666667;23829.77777777778;1333.6666666666667;1524.2222222222224
1688376990;545.3333333333334;23925.222222222223;1319;1555.888888888889
1688376991;531.3333333333334;24793.444444444445;1194.4444444444446;1527.4444444444446
1688376992;556.6666666666667;23567.55555555556;1288.5555555555557;1531.3333333333335
1688376993;564.3333333333334;22660.666666666668;1254.7777777777778;822.0000000000001
1688376994;563.6666666666667;22853.222222222223;1279.1111111111113;1529.1111111111113
1688376995;563.6666666666667;22821.666666666668;1273.3333333333335;1520.7777777777778
1688376996;563.6666666666667;22009;1279.1111111111113;1526.5555555555557
1688376997;571;21501.77777777778;1273.3333333333335;1520.7777777777778
1688376998;564.3333333333334;22859.55555555556;693.7777777777778;1430.6666666666667
1688376999;564.3333333333334;21890.666666666668;1218.6666666666667;1406.3333333333335
1688377000;571;21707.222222222223;1243;1500.5555555555557
1688377001;545.6666666666667;22921.55555555556;1148.888888888889;1493
1688377002;592.1111111111112;23683.222222222223;1360.7777777777778;1491.4444444444446
1688377003;592.1111111111112;23956.77777777778;1359.6666666666667;784.3333333333334
1688377004;578.1111111111112;24084.111111111113;1365.4444444444446;1449.6666666666667
1688377005;578.1111111111112;23626.444444444445;1359.6666666666667;1446.1111111111113
1688377006;640.5555555555557;24283.111111111113;1384;1470.4444444444446
1688377007;665.8888888888889;23074.444444444445;1378.2222222222224;1464.6666666666667
1688377008;665.8888888888889;24573.333333333336;853.3333333333334;1470.4444444444446
1688377009;659.2222222222223;25965.111111111113;829.0000000000001;1376.2222222222224
1688377010;673.2222222222223;29852.111111111113;1365.3333333333335;1513.6666666666667
1688377011;626.4444444444445;29904.444444444445;1174.2222222222224;1653.1111111111113
1688377012;627.1111111111112;30193.222222222223;1267.3333333333335;1658.888888888889
1688377013;633.7777777777778;30283.666666666668;1289.5555555555557;975.0000000000001
1688377014;640.4444444444445;30508.666666666668;1307;1630.7777777777778
1688377015;571.3333333333334;29401.444444444445;1282.6666666666667;1606.4444444444446
1688377016;560;29167.55555555556;1288.4444444444446;1612.2222222222224
1688377017;560;28004.333333333336;1282.6666666666667;1606.4444444444446
1688377018;566.6666666666667;26897.88888888889;1309.2222222222224;1612.2222222222224
1688377019;552.6666666666667;21964.77777777778;791.8888888888889;1448.4444444444446
1688377020;552.6666666666667;22971.222222222223;1310.3333333333335;1412
1688377021;545.3333333333334;23555.111111111113;1194;1406.2222222222224
1688377022;564;23821;1260.2222222222224;1412
1688377023;564.6666666666667;24063.222222222223;1352.3333333333335;747.1111111111112
1688377024;564;24361.666666666668;1358.1111111111113;1430.888888888889
1688377025;550;24182.77777777778;1352.3333333333335;1425.1111111111113
1688377026;556.6666666666667;23455.222222222223;1358.1111111111113;1430.888888888889
1688377027;556.6666666666667;22202.88888888889;1331.5555555555557;1425.1111111111113
1688377028;556.6666666666667;24005.55555555556;1318.3333333333335;1438.2222222222224
1688377029;549.3333333333334;22162.444444444445;779.1111111111112;1336.7777777777778
1688377030;549.3333333333334;23056.77777777778;1336.4444444444446;1456.5555555555557
1688377031;531.3333333333334;23373.88888888889;1242.2222222222224;1443.4444444444446
1688377032;538;24570.77777777778;1138.4444444444446;1437.5555555555557
1688377033;545.3333333333334;24402.666666666668;1228.3333333333335;774.2222222222223
1688377034;545.3333333333334;24366.444444444445;1234.111111111111;780
1688377035;545.3333333333334;25102.666666666668;1228.3333333333335;1445
1688377036;601.1111111111112;25013.444444444445;1234.111111111111;1450.7777777777778
1688377037;607.7777777777778;24036.77777777778;1269.5555555555557;1445
1688377038;631.1111111111112;24651.88888888889;1295.7777777777778;1450.7777777777778
1688377039;637.7777777777778;26019.111111111113;738.4444444444445;1331
1688377040;630.4444444444445;30870.333333333336;1282;1398.888888888889
1688377041;616.4444444444445;28999.222222222223;1296.6666666666667;1520.4444444444446
1688377042;616.4444444444445;31378.222222222223;1206.7777777777778;1547.3333333333335
1688377043;623.1111111111112;31234.55555555556;1296.6666666666667;1541.5555555555557
1688377044;623.7777777777778;30450.444444444445;1302.4444444444446;891.8888888888889
1688377045;568;30339.77777777778;1319.3333333333335;1564.2222222222224
1688377046;561.3333333333334;29641.444444444445;1283.888888888889;1591.1111111111113
1688377047;531.3333333333334;29528.55555555556;1257.6666666666667;1603.888888888889
1688377048;531.3333333333334;27689.77777777778;1263.4444444444446;1609.6666666666667
1688377049;531.3333333333334;22705.77777777778;793.7777777777778;1549.1111111111113
1688377050;538;25135.55555555556;1316.888888888889;1427.5555555555557
1688377051;524;23102.77777777778;1311.1111111111113;1494.5555555555557
1688377052;537.2222222222223;24044.333333333336;1221.2222222222224;1500.3333333333335
1688377053;548.5555555555555;24659.88888888889;1311;1500
1688377054;548.5555555555555;24418;1312.6666666666667;869.4444444444445
1688377055;548.5555555555555;24578.222222222223;1306.888888888889;1636.4444444444446
1688377056;555.2222222222223;24132;1312.6666666666667;1642.2222222222224
1688377057;548.5555555555555;22949;1306.888888888889;1636.4444444444446
1688377058;555.2222222222223;23763.333333333336;1238.7777777777778;1634.888888888889
1688377059;548.5555555555555;22465.111111111113;716.3333333333334;1629.1111111111113
1688377060;555.2222222222223;23695.444444444445;761.7777777777778;1520.5555555555557
1688377061;542;23150.444444444445;1293.888888888889;1610.3333333333335
1688377062;577.4444444444445;24001.77777777778;1255.3333333333335;1595.3333333333335
1688377063;570.7777777777778;23585.444444444445;1338.1111111111113;1547.7777777777778
1688377064;577.4444444444445;24247;1343.888888888889;759.6666666666667
1688377065;577.4444444444445;23777;1338.1111111111113;1440.6666666666667
1688377066;639.8888888888889;24161.77777777778;1362.4444444444446;1446.4444444444446
1688377067;633.2222222222223;22734.55555555556;1356.6666666666667;1466.5555555555557
1688377068;658.5555555555557;23537.444444444445;1341.3333333333335;1472.3333333333335
1688377069;651.8888888888889;24809.77777777778;1295.888888888889;1466.5555555555557
1688377070;651.8888888888889;29369.666666666668;763.7777777777778;1431.6666666666667
1688377071;597.7777777777778;27726.444444444445;1237.2222222222224;1543.3333333333335
1688377072;604.4444444444445;29688.333333333336;1135.888888888889;1541.7777777777778
1688377073;611.1111111111112;28914.55555555556;1130.111111111111;1536
1688377074;604.4444444444445;30038.444444444445;1252.3333333333335;836.4444444444445
1688377075;548.6666666666667;28062.111111111113;1228;830.6666666666667
1688377076;548.6666666666667;28982.333333333336;1233.7777777777778;1488.7777777777778
1688377077;523.3333333333334;27099.222222222223;1228;1475.6666666666667
1688377078;530;26648.000000000004;1254.5555555555557;1481.4444444444446
1688377079;530;21761.222222222223;1267.7777777777778;1420.7777777777778
1688377080;537.3333333333334;24528.333333333336;864.8888888888889;1309.1111111111113
1688377081;544.6666666666667;22794.444444444445;1396.888888888889;1310.6666666666667
1688377082;531.3333333333334;24079;1402.6666666666667;1407.6666666666667
1688377083;603.7777777777778;23838.444444444445;1300.888888888889;1413.5555555555557
1688377084;603.7777777777778;26285.77777777778;1435.5555555555557;1466.888888888889
1688377085;617.7777777777778;24622.222222222223;1429.7777777777778;790.2222222222223
1688377086;617.7777777777778;25141.55555555556;1435.5555555555557;1536.3333333333335
1688377087;618.4444444444445;22821.333333333336;1409;1558.5555555555557
1688377088;618.4444444444445;23934.444444444445;1395.7777777777778;1564.3333333333335
1688377089;617.7777777777778;22330.444444444445;1268.2222222222224;1558.5555555555557
1688377090;603.7777777777778;23818.222222222223;736.2222222222223;1564.3333333333335
1688377091;617.7777777777778;22750.222222222223;730.4444444444445;1485.7777777777778
1688377092;559.6666666666667;22157;1253.5555555555557;1576
1688377093;559.6666666666667;22309.666666666668;1118.888888888889;1522.6666666666667
1688377094;567.3333333333334;23866.666666666668;1213.4444444444446;1528.4444444444446
1688377095;567.3333333333334;23899.444444444445;1207.6666666666667;789.6666666666667
1688377096;629.1111111111112;24427.77777777778;1213.4444444444446;1562.3333333333335
1688377097;622.4444444444445;24018;1248.888888888889;1556.5555555555557
1688377098;641.1111111111112;23634.333333333336;1275.1111111111113;1555
1688377099;648.4444444444445;25202.222222222223;1269.3333333333335;1549.2222222222224
1688377100;641.1111111111112;29912.55555555556;1275.1111111111113;1559.2222222222224
1688377101;626.7777777777778;30151.222222222223;731.5555555555557;1477.7777777777778
1688377102;653.3333333333334;28501.000000000004;1267.7777777777778;1571.888888888889
1688377103;631.6666666666667;29328.333333333336;1173.2222222222224;1588.7777777777778
1688377104;638.3333333333334;29567.88888888889;1179;1615.3333333333335
1688377105;576.5555555555555;30073.88888888889;1284.2222222222224;814.6666666666667
1688377106;583.2222222222223;29383.111111111113;1358.888888888889;867.0000000000001
1688377107;557.8888888888889;29407.444444444445;1332.6666666666667;1553.1111111111113
1688377108;557.2222222222223;27564.111111111113;1338.4444444444446;1558.888888888889
1688377109;557.2222222222223;23313.222222222223;1344.3333333333335;1530.4444444444446
1688377110;557.2222222222223;25900.333333333336;1405;1539
1688377111;524;26249.444444444445;868.7777777777778;1444.888888888889
1688377112;530.6666666666667;24672.222222222223;1405;1564.2222222222224
1688377113;542.6666666666667;26064.444444444445;1399.2222222222224;1537.6666666666667
1688377114;542;25353.77777777778;1312.5555555555557;1562
1688377115;542;25587.88888888889;1286.5555555555557;1528.2222222222224
1688377116;556.3333333333334;24873.55555555556;1292.3333333333335;849.4444444444445
1688377117;556.3333333333334;24271;1286.5555555555557;1533.4444444444446
1688377118;557;24415.55555555556;1280.6666666666667;1539.2222222222224
1688377119;557;21278.111111111113;1220;1510.2222222222224
1688377120;571;23902.444444444445;1244.3333333333335;1508.6666666666667
1688377121;571;24364.222222222223;729.2222222222223;1366.6666666666667
1688377122;606.4444444444445;22647.666666666668;1288.6666666666667;1472
1688377123;606.4444444444445;23208.333333333336;1319.2222222222224;1447.6666666666667
1688377124;607.1111111111112;23911.55555555556;1253.6666666666667;1434.888888888889
1688377125;592.7777777777778;24470.55555555556;1407.1111111111113;1449.888888888889
1688377126;655.2222222222223;23943.222222222223;1412.888888888889;784.4444444444445
1688377127;654.5555555555557;23676;1407.1111111111113;1449.5555555555557
1688377128;680.5555555555557;25055.88888888889;1412.888888888889;1561.3333333333335
1688377129;666.5555555555557;25065.222222222223;1407.1111111111113;1562.888888888889
1688377130;666.5555555555557;30484.000000000004;1410.3333333333335;1568.6666666666667
1688377131;619.1111111111112;30263.222222222223;878.7777777777778;1483.7777777777778
1688377132;612.4444444444445;29841.444444444445;829.6666666666667;1578.2222222222224
1688377133;611.7777777777778;29791.77777777778;1363.888888888889;1572.4444444444446
1688377134;618.4444444444445;29908.444444444445;1210.4444444444446;1550.1111111111113
1688377135;556;30386.333333333336;1300.4444444444446;1525.7777777777778
1688377136;549.3333333333334;29828.000000000004;1306.2222222222224;860.6666666666667
1688377137;523.3333333333334;29003.666666666668;1300.4444444444446;1431.5555555555557
1688377138;530;27106.666666666668;1308.4444444444446;1437.3333333333335
1688377139;530;21711.666666666668;1284.1111111111113;1431.5555555555557
1688377140;523.3333333333334;24408.88888888889;1262;1416.888888888889
1688377141;530;24183.222222222223;1256.2222222222224;1341
1688377142;537.3333333333334;23172.55555555556;703.4444444444445;1365.3333333333335
1688377143;560.6666666666667;23475.666666666668;1235.4444444444446;1486.888888888889
1688377144;560.6666666666667;23384.666666666668;1145.4444444444446;1485.3333333333335
1688377145;574.6666666666667;24072;1160.111111111111;1479.5555555555557
1688377146;582;24082.333333333336;1261.5555555555557;802.6666666666667
1688377147;589.3333333333334;23620.333333333336;1235;851.7777777777778
1688377148;582.6666666666667;23921.111111111113;1240.7777777777778;1528.3333333333335
1688377149;582.6666666666667;20952.444444444445;1235;1515.2222222222224
1688377150;582.6666666666667;22321.77777777778;1240.7777777777778;1520.888888888889
