Time;{instance="10.231.0.208:9100"};{instance="192.168.221.10:9100"};{instance="192.168.221.11:9100"};{instance="192.168.221.12:9100"}
1687958371;0.833333334109426;11.388888888864628;2.7777777777777715;3.611111111119186
1687958372;0.8333333328159398;12.000000000019398;3.055555555551507;3.3333333333353465
1687958373;0.9444444440305233;11.499999999978172;3.1111111110779603;3.8888888888828177
1687958374;4.1388888882162576;11.444444444451719;2.999999999984638;6.444444444433529
1687958375;8.416666666097512;11.277777777771306;2.7777777777777715;11.888888888905868
1687958376;12.749999999586066;11.444444444451719;2.7777777777777715;20.500000000002828
1687958377;16.83333333219504;11.277777777771306;2.500000000004036;27.555555555540593
1687958378;21.30555555534859;11.333333333338174;2.7777777777575636;33.7222222222307
1687958379;25.333333331056764;11.61111111111191;2.7777777777575636;39.94444444444727
1687958380;29.833333332660715;11.555555555565249;2.611111111117566;44.77777777776484
1687958381;34.333333334264665;11.222222222224644;2.4444444444573747;49.77777777778303
1687958382;38.36111111255983;13.000000000021018;2.666666666684449;56.3333333333402
1687958383;39.361111112197655;13.388888888867868;2.7222222222311103;60.388888888893334
1687958384;39.444444444961846;13.11111111111434;2.7222222222109025;61.77777777776201
1687958385;39.305555556590356;12.833333333340605;2.555555555550697;57.99999999998261
1687958386;39.138888888474966;17.000000000007276;2.444444444416945;55.88888888888606
1687958387;39.083333334161175;22.055555555562023;2.2777777777769614;57.499999999991914
1687958388;39.166666668218866;27.944444444437977;2.555555555570905;59.00000000000444
1687958389;38.916666666045785;31.777777777784237;2.444444444437167;62.94444444444404
1687958390;38.527777776794714;33.27777777776646;2.499999999983828;68.16666666665898
1687958391;38.6944444436166;35.99999999999757;2.3333333333236226;71.66666666665454
1687958392;38.583333331108506;38.388888888908276;2.2222222222303003;74.333333333339
1687958393;38.222222220307835;39.22222222220928;2.3888888888905058;76.2222222222388
1687958394;38.19444444315094;39.11111111111596;2.500000000004036;78.27777777778869
1687958395;38.08333333322985;34.55555555556202;2.500000000004036;78.88888888890304
1687958396;37.61111111121459;29.722222222234336;2.666666666684449;76.00000000000162
1687958397;37.58333333276418;26.555555555549077;2.499999999983828;75.22222222221697
1687958398;37.38888889007891;25.05555555554666;2.8333333333244326;74.55555555555596
1687958399;37.11111111204244;27.83333333334464;2.7222222222311103;72.00000000000526
1687958400;36.88888888961325;23.05555555554342;2.7222222222311103;68.27777777779274
1687958401;36.47222222191178;23.166666666656965;2.7777777777777715;69.61111111111475
1687958402;34.27777777865735;25.722222222248092;2.888888888891316;71.88888888889171
1687958403;34.166666666149254;27.888888888871094;2.888888888891316;75.27777777778384
1687958404;32.333333333695506;28.38888888889211;2.944444444437977;77.3004773004664
1687958405;28.61111111188721;30.444444444442013;2.611111111097358;79.33333333332686
1687958406;28.33333333255723;27.2222222222303;2.555555555550697;81.38888888888687
1687958407;28.05555555452075;24.833333333339795;2.3333333333438304;82.22222222221818
1687958408;28.11111111142155;20.722222222199576;2.7222222222109025;83.88888888890102
1687958409;27.972222221756553;21.166666666673933;2.8333333333446404;85.9444444444408
1687958410;28.055555557107752;18.11111111110222;2.944444444437977;83.94444444442746
1687958411;30.22222222320528;16.2222222221923;2.7222222222109025;82.94444444444606
1687958412;30.00000000077611;14.555555555570095;2.611111111097358;83.33333333333333
1687958413;31.75000000175916;14.333333333322813;2.7777777777979793;86.59770881994197
1687958414;35.33333333260896;13.55555555552806;2.7777777777777715;89.50000000000324
1687958415;35.11111111147328;15.499999999984638;2.7777777777777715;90.55555555556163
1687958416;35.16666666837409;16.833333333326863;3.055555555551507;91.94444444446061
1687958417;34.86111111059371;16.111111111119186;2.7222222222311103;92.44444444444122
1687958418;34.11111111183547;16.666666666666657;2.7777777777575636;93.6666666666598
1687958419;33.44444444454791;16.500000000006466;2.6666666666642413;95.66666666667314
1687958420;33.08333333245375;17.166666666687675;2.7777777777777715;96.22222222222061
1687958421;32.972222222532665;18.444444444422615;3.2777777777785815;95.49999999999272
1687958422;32.74999999751648;21.49999999999433;3.2222222222319203;94.55555555555799
1687958423;32.77777777596687;19.722222222238386;3.500000000005656;95.27777777778586
1687958424;31.972222222894843;19.666666666671517;3.611111111139408;95.88888888890021
1687958425;30.69444444392704;18.500000000009692;3.2777777777583736;96.3888888888909
1687958426;27.25000000015521;23.388888888904248;3.3888888888921116;96.61111111109777
1687958427;24.16666666589056;26.833333333322827;4.2777777777802015;95.7222222222299
1687958428;21.08333333291941;27.777777777757564;4.444444444440393;94.77777777777494
1687958429;17.4444444451688;28.444444444438787;4.444444444460601;94.27777777777413
1687958430;13.749999999223888;27.33333333334383;4.000000000006466;94.77777777778505
1687958431;10.194444444237476;26.222222222208472;3.888888888872714;95.7222222222198
1687958432;6.333333334057684;29.22222222223354;3.6666666666456393;95.7222222222198
1687958433;3.5833333321432974;27.444444444457375;3.7222222222125083;94.72222222221818
1687958434;1.083333332402006;27.333333333343845;3.7777777777995993;91.88888888887352
1687958435;0.8888888884232244;22.94444444442989;3.555555555552317;89.55555555557011
1687958436;0.8888888884232387;18.777777777783427;2.555555555550697;88.44444444444485
1687958437;0.8611111099728248;17.83333333334869;2.3333333333236226;86.6666666666788
1687958438;0.8888888884232244;18.22222222221575;2.3333333333236226;84.61111111110868
1687958439;0.8888888897167249;22.222222222222214;2.500000000004036;79.4444444444303
1687958440;0.7777777797956418;22.388888888902628;2.444444444437167;74.05555555554504
1687958441;0.8888888897167249;19.166666666650485;2.611111111137788;70.61111111109616
1687958442;0.7777777785021271;19.38888888889778;2.3333333333438446;68.44444444443272
1687958443;0.9444444440305233;19.33333333331069;2.555555555550697;68.88888888889697
1687958444;0.8611111112663252;18.83333333335031;2.6666666666642413;69.72222222220807
1687958445;1.0277777780882076;20.722222222219784;2.666666666664227;69.61111111109454
1687958446;0.8611111112663252;22.166666666675553;2.7777777777979793;71.11111111110706
1687958447;0.9722222224809087;19.22222222221737;2.611111111117566;71.22222222223071
1687958448;0.8888888897167249;14.777777777776961;2.555555555550697;73.83333333333817
1687958449;0.9444444427370229;12.055555555566059;2.611111111137788;76.72222222221939
1687958450;0.8888888884232244;14.16666666668283;2.3888888888702837;77.16666666667354
1687958451;0.999999999637808;19.444444444424235;2.6666666666440193;78.33333333333536
1687958452;0.8611111112663394;21.111111111107064;2.3888888888905058;78.55555555555232
1687958453;0.9444444453240237;21.166666666653725;2.3888888888904916;79.2777777777802
1687958454;0.7777777785021414;19.055555555557163;2.2222222222303003;79.77777777779112
1687958455;0.8888888910102253;19.72222222221818;2.2222222222303003;78.55555555556242
1687958456;0.8888888897167249;23.99999999999838;2.3333333333438446;80.27777777777172
1687958457;0.9166666655801237;24.888888888886456;2.3333333333438304;81.72222222222747
1687958458;0.9166666681671387;25.444444444454135;2.611111111097358;82.27777777778505
1687958459;0.9444444466175241;23.333333333317157;2.7222222222311103;82.61111111110546
1687958460;0.9444444453240237;18.166666666669087;2.611111111137788;82.27777777778505
1687958461;1.0277777780882076;20.277777777785857;2.7222222222109025;82.83333333334264
1687958462;0.9722222211874225;25.16666666666019;2.6666666666642413;83.0555555555697
1687958463;0.9722222211874083;24.944444444433117;2.8888888888913016;83.2222222222299
1687958464;1.083333332402006;22.94444444442989;2.6991002998976086;82.22222222220807
1687958465;1.0277777780882076;18.444444444442823;2.6666666666642413;80.72222222221575
1687958466;1.1111111108524199;21.055555555560403;2.499999999983828;80.22222222222504
1687958467;1.0555555539516064;22.44444444442908;2.1666666666634313;81.5000000000004
1687958468;1.0555555526580918;23.05555555556363;2.500000000004036;81.27777777777334
1687958469;1.1111111108524057;22.55555555556282;2.499999999983828;80.38888888887514
1687958470;1.0000000009313226;18.666666666669897;2.3888888888905058;79.4444444444303
1687958471;1.0000000009313226;17.555555555554747;2.3888888888905058;78.77777777775918
1687958472;1.0555555565386072;22.777777777789908;2.500000000004036;79.16666666664645
1687958473;0.9444444440305091;22.888888888903438;2.6342114037988296;80.66666666667919
1687958474;0.9166666655801237;22.944444444470307;2.6666666666642413;80.27777777778182
1687958475;0.8611111112663252;19.22222222221737;2.555555555570905;78.72222222221252
1687958476;1.0277777780882076;20.388888888899388;2.6666666666642413;78.99999999999636
1687958477;0.9166666668736383;21.611111111107874;2.2777777777769614;81.88888888889778
1687958478;0.8611111099728248;21.888888888901818;2.3333333333236226;82.50000000000202
1687958479;0.8888888884232244;21.722222222221404;2.500000000004036;82.77777777779596
1687958480;0.8888888871297098;18.277777777782617;2.499999999983828;81.77777777777413
1687958481;0.8888888884232244;17.777777777781807;2.3333333333236226;82.61111111112567
1687958482;0.8333333328159256;17.944444444442013;2.3333333333236226;83.27777777776646
1687958483;1.0000000009313226;18.277777777782617;2.444444444437167;83.49999999999353
1687958484;1.0555555552451068;18.11111111110222;2.555555555550697;84.11111111110787
1687958485;0.8055555556590264;15.888888888871904;2.3888888888905058;81.88888888887757
1687958486;0.999999999637808;14.722222222210092;2.3888888888905058;80.94444444444282
1687958487;0.9722222237744234;20.055555555538575;2.2777777777971693;83.11111111111637
1687958488;0.9444444440305233;20.33333333333252;2.3888888888905058;83.5555555555503
1687958489;0.9722222224809229;24.944444444453325;2.555555555570905;83.0555555555596
1687958490;0.9166666655801237;25.05555555554666;2.500000000004036;78.44444444443879
1687958491;0.9722222224809229;25.1666666666804;2.666666666684449;74.6666666666796
1687958492;0.8333333315224252;25.16666666666019;2.500000000004036;75.0000000000101
1687958493;0.8055555556590264;25.555555555587887;2.611111111117566;76.27777777777536
1687958494;0.999999999637808;24.944444444433117;2.7222222222311103;75.83333333335152
1687958495;0.8888888910102253;24.277777777792323;2.6666666666440193;74.22222222222545
1687958496;0.7777777785021271;23.111111111130512;2.6666666666440193;71.9444444444485
1687958497;0.8888888884232244;29.944444444441203;2.500000000004036;72.7777777777697
1687958498;0.9166666655801237;25.277777777773736;2.3888888888904916;74.44444444445253
1687958499;1.0555555565386072;20.666666666673123;2.555555555570905;76.94444444444646
1687958500;0.9722222211874083;20.499999999992724;2.3333333333236226;79.2777777777802
1687958501;1.0555555578321218;22.777777777769685;2.444444444437167;80.11111111110141
1687958502;0.9722222237744234;27.833333333324433;2.2777777777769614;80.22222222222504
1687958503;0.9166666668736099;30.222222222235146;2.555555555550697;83.27777777776646
1687958504;1.0555555539516064;30.333333333328483;2.555555555570905;84.11111111110787
1687958505;0.999999999637808;26.05555555554828;2.5000000000242437;83.66666666665373
1687958506;1.0277777780882076;22.833333333336554;2.555555555550697;82.55555555554868
1687958507;0.9444444466175241;27.77777777777777;2.499999999983828;83.11111111110625
1687958508;0.8888888884232244;34.16666666667474;2.444444444437167;84.66666666666545
1687958509;0.9722222237744234;33.49999999999352;3.1666666666650514;86.61111111110182
1687958510;0.8611111099728248;31.055555555556353;3.0000000000250537;86.22222222223475
1687958511;0.9999999983443075;28.27777777777858;3.000000000004846;85.22222222222302
1687958512;0.9722222237744234;30.833333333329293;3.000000000004846;83.72222222222061
1687958513;0.7500000000517275;32.333333333351916;3.1666666666650514;83.61111111110706
1687958514;0.916666664286609;32.44444444444525;3.2222222221914905;84.16666666667476
1687958515;0.9444444453240237;28.722222222212523;3.111111111118376;83.11111111112646
1687958516;0.9444444440305233;26.833333333343035;3.3333333333454505;82.11111111111475
1687958517;0.8888888884232244;27.333333333323623;3.111111111118376;82.16666666667152
1687958518;0.8333333328159398;27.888888888891316;2.6666666666642413;80.33333333333859
1687958519;0.9444444440305233;28.11111111111839;2.7777777777575636;80.05555555554464
1687958520;0.999999999637808;25.72222222222787;2.8888888888710937;79.88888888890466
1687958521;0.8888888884232244;21.277777777787477;2.7222222222109025;79.38888888889375
1687958522;1.0555555565386214;25.16666666666019;2.61111111111758;79.94444444444122
1687958523;0.9166666681671387;29.61111111108039;2.7222222222311103;81.88888888888768
1687958524;0.9722222224809229;31.500000000010502;2.7777777777777715;83.8888888888707
1687958525;0.9722222224809087;28.222222222211713;2.555555555550697;83.61111111110706
1687958526;0.9166666681671245;26.000000000001606;2.7222222222109025;82.16666666667152
1687958527;1.1388888905963057;27.944444444437977;2.4444444444573747;83.05555555554949
1687958528;1.0000000009313226;27.611111111097358;2.7777777777777715;82.33333333333172
1687958529;0.8888888897167249;27.611111111097358;2.8333333333446404;81.9999999999911
1687958530;0.9444444427370229;27.16666666666343;2.7222222222311103;81.27777777778343
1687958531;0.9722222211874225;24.222222222205247;2.7777777777575636;80.11111111113172
1687958532;0.9166666655801237;22.222222222242422;2.8333333333446404;79.55555555557414
1687958533;0.7777777759151263;21.94444444444848;3.000000000004846;79.44444444446061
1687958534;0.9166666668736241;22.166666666655345;3.000000000004846;79.83333333333778
1687958535;0.9444444440305233;17.72222222221494;2.8333333333446404;79.6111111111006
1687958536;0.805555554365526;18.722222222236766;2.999999999984638;78.88888888889292
1687958537;0.8611111099728106;23.6111111111111;2.61111111111758;79.88888888889454
1687958538;0.7777777785021271;25.05555555556687;2.6666666666642413;80.22222222221495
1687958539;4.611111111525034;27.77777777777777;2.8333333333446404;78.88888888890304
1687958540;8.638888889820208;27.2222222222303;2.8333333333446404;78.3888888888618
1687958541;12.75000000087958;24.444444444432307;2.6666666666642413;76.83333333332283
1687958542;16.694444446410557;24.833333333319587;4.222222222213318;75.38888888888727
1687958543;20.416666666925366;24.833333333360002;4.388888888893732;73.05555555555352
1687958544;24.277777778398658;25.05555555556687;4.444444444440393;69.77777777778505
1687958545;28.166666665735335;21.777777777768065;4.388888888893732;67.88888888889535
1687958546;31.972222222894843;20.611111111126462;4.388888888893732;67.77777777779193
1687958547;35.36111111105937;19.055555555536955;4.2777777777599795;70.33333333335273
1687958548;34.33333333426465;16.833333333326863;4.333333333306641;74.38888888888565
1687958549;34.138888887698855;15.055555555550697;4.333333333326863;76.11111111113536
1687958550;34.02777777777777;15.444444444437977;4.333333333326863;73.55555555554423
1687958551;34.11111110924847;13.333333333341415;2.499999999983828;70.55555555553939
1687958552;34.27777777607035;13.388888888867868;2.3888888888905058;69.05555555557739
1687958553;34.416666665735335;13.000000000000796;2.499999999983828;70.27777777776565
1687958554;34.41666666702885;14.555555555549887;2.444444444437167;72.99999999997655
1687958555;34.49999999979303;15.444444444437977;2.444444444437167;73.11111111109008
1687958556;35.13888888863019;15.500000000004846;2.4444444444775826;68.94444444442343
1687958557;36.38888888914757;14.944444444457375;2.2777777777769614;63.11111111109413
1687958558;36.77777777839866;15.055555555570905;2.666666666684449;60.111111111109494
1687958559;37.00000000082784;17.44444444446141;2.7222222222311103;62.833333333340605
1687958560;37.08333333359203;18.666666666669897;2.8333333333446404;65.61111111111839
1687958561;37.38888889007891;21.22222222222061;2.7222222222311103;68.9999999999903
1687958562;37.5555555569008;21.55555555554099;2.7777777777979793;71.0555555555604
1687958563;37.72222222372268;22.88888888888323;2.9444444444581848;68.44444444446304
1687958564;37.83333333364376;21.83333333333495;3.000000000004846;67.77777777778182
1687958565;38.11111111168026;23.277777777790703;2.8888888888710937;69.27777777778425
1687958566;38.19444444315094;24.11111111111191;2.7777777777777715;72.2777777777891
1687958567;38.250000000051735;24.05555555554504;2.3888888888702837;70.55555555553939
1687958568;38.11111111168024;24.16666666665857;2.555555555550697;68.3333333333495
1687958569;34.02777777907127;25.999999999981398;2.61111111111758;71.22222222224082
1687958570;29.72222222273963;26.22222222222868;2.7222222222109025;72.99999999999676
1687958571;25.611111110386744;29.88888888889454;2.555555555530489;70.38888888889939
1687958572;24.9444444430992;27.27777777779717;2.6666666666642413;70.83333333331312
1687958573;24.749999999120405;24.16666666665857;2.61111111111758;71.49999999999433
1687958574;24.277777775811643;22.94444444442989;2.8333333333446404;72.50000000001616
1687958575;23.77777777922651;21.99999999999514;2.8888888888913016;73.49999999999757
1687958576;23.38888888868192;29.277777777759994;2.9444444444581848;78.11111111111839
1687958577;20.583333331160233;31.777777777784237;2.8333333333446404;82.4999999999717
1687958578;22.05555555410683;32.44444444446546;2.7222222222109025;82.61111111108524
1687958579;25.833333332815926;29.611111111120806;3.000000000004846;83.2222222222198
1687958580;29.55555555462422;25.888888888888076;2.8888888888913016;87.22222222220606
1687958581;29.9166666667184;25.666666666661;2.555555555550697;89.0555555555693
1687958582;29.888888890855014;29.333333333326863;2.7777777777777715;89.7222222222303
1687958583;30.250000000362178;29.444444444460615;2.611111111097358;91.33333333330584
1687958584;30.027777776639496;32.999999999992724;3.000000000004846;93.16666666664888
1687958585;28.361111112301145;26.222222222248902;2.7777777777575636;94.4999999999911
1687958586;31.1944444456862;21.611111111107874;2.7222222222109025;93.83333333335031
1687958587;33.63888888982021;23.166666666656965;2.7777777777979793;92.16666666666748
1687958588;33.94444444372007;28.38888888889211;2.7777777777777715;92.16666666666748
1687958589;34.08333333338507;30.055555555554747;3.055555555551507;93.61111111112324
1687958590;32.69444444449617;36.722222222225454;3.2222222222117125;95.5555555555596
1687958591;30.19444444346138;35.50000000001697;2.944444444417755;96.9444444444485
1687958592;29.9444444451688;35.99999999999757;3.166666666685259;96.55555555556121
1687958593;30.555555556849058;35.277777777769685;2.7777777777777715;95.5555555555596
1687958594;30.611111109869356;37.72222222220686;3.166666666685259;94.61111111112486
1687958595;26.77777777684645;38.222222222227884;3.111111111118376;94.77777777778505
1687958596;22.638888888630177;33.77777777778748;2.999999999984638;95.66666666667314
1687958597;18.7222222241366;28.444444444418565;3.500000000005656;94.99999999999191
1687958598;14.888888888526694;30.33333333334869;3.3888888889123194;94.55555555555799
1687958599;12.444444445686216;24.49999999999919;3.500000000005656;93.66666666664969
1687958600;11.277777777932997;23.499999999977362;3.555555555572525;92.61111111110141
1687958601;7.388888889302805;22.611111111109494;3.2222222222117125;90.38888888889132
1687958602;3.3333333312637166;20.000000000012122;3.3333333333252426;88.16666666668122
1687958603;0.9999999983443075;17.000000000007276;3.055555555551507;86.44444444443151
1687958604;0.8888888897167391;15.833333333325243;3.2777777777785815;84.61111111110868
1687958605;1.0833333336955064;15.111111111117566;3.2222222222319203;83.44444444444687
1687958606;0.9444444427370087;17.88888888889535;2.555555555550697;84.11111111112808
1687958607;0.8888888910102253;15.444444444437977;2.7222222222109025;80.61111111112243
1687958608;0.9444444440305233;14.833333333323623;2.3888888888905058;79.00000000002667
1687958609;0.8888888871297098;13.222222222248092;2.555555555550697;77.44444444445737
1687958610;0.8333333328159398;13.333333333321207;2.6666666666642413;77.61111111109736
1687958611;0.8888888897167249;16.22222222223273;2.5000000000242437;78.61111111109898
1687958612;0.8888888910102253;16.7777777777802;2.500000000004036;80.77777777778263
1687958613;0.9999999983443217;16.666666666666657;2.2777777777567536;81.11111111110303
1687958614;0.9722222211874083;16.499999999986244;2.555555555550697;80.94444444446304
1687958615;1.0555555552451068;14.888888888890506;2.3333333333236226;77.94444444441777
1687958616;1.1388888893028053;18.277777777782617;2.2222222222303003;80.16666666664807
1687958617;1.2222222220670034;23.277777777770496;2.4444444444573747;80.88888888887595
1687958618;1.1944444462036046;24.333333333318777;2.2777777777769614;82.66666666667233
1687958619;1.2500000005173888;24.44444444445253;2.555555555550697;84.00000000003476
1687958620;1.3333333332815869;21.722222222221404;2.6666666666642413;83.50000000001374
1687958621;1.2777777763807876;23.05555555556363;2.6666666666642413;82.11111111112486
1687958622;1.0833333336955064;30.111111111121616;2.7777777777777715;83.61111111112729
1687958623;1.166666667753205;30.72222222221575;2.611111111117566;84.55555555554182
1687958624;1.1388888893028053;29.444444444440393;2.7777777777777715;84.72222222222223
1687958625;1.1666666651661899;24.777777777772926;2.555555555550697;84.50000000001536
1687958626;0.999999999637808;22.500000000016172;2.555555555550697;84.38888888890182
1687958627;0.9999999983443075;25.333333333340605;2.500000000004036;83.61111111110706
1687958628;1.0277777767947072;26.000000000001606;2.2777777777971693;82.77777777774544
1687958629;0.999999999637808;25.888888888888076;2.555555555530489;82.8888888888792
1687958630;1.0277777780882076;24.277777777772116;2.555555555570905;83.11111111110625
1687958631;1.0555555565386214;18.27777777776241;2.500000000004036;78.99999999998626
1687958632;0.9999999983443075;22.611111111109494;2.7222222222109025;74.88888888888647
1687958633;0.9444444440305233;22.666666666676363;2.6666666666642413;73.61111111111111
1687958634;0.7777777759151405;22.833333333316347;2.888888888891316;72.55555555554261
1687958635;0.9444444440304949;20.000000000012122;2.6666666666642413;71.66666666665454
1687958636;0.9166666681671245;16.27777777777939;2.888888888891316;69.94444444444525
1687958637;0.833333334109426;15.388888888891302;2.7777777777575636;70.11111111112565
1687958638;0.8055555556590264;18.27777777776241;2.500000000004036;70.00000000001212
1687958639;1.027777779381708;18.38888888889616;2.6666666666642413;70.27777777776565
1687958640;1.1111111108524057;17.722222222235146;2.7222222222311103;73.16666666665697
1687958641;1.0277777793817222;13.055555555567679;2.3888888888905058;75.61111111111434
1687958642;1.0277777780882218;13.72222222222868;2.3888888889107136;78.1111111111386
1687958643;1.111111112145906;21.555555555561213;2.2222222222303003;78.00000000000485
1687958644;1.0277777767947072;26.44444444441534;2.500000000004036;79.00000000000647
1687958645;1.1440630898224668;26.555555555549077;2.3888888888905058;82.22222222221818
1687958646;1.083333332402006;26.777777777755944;2.3888888889107136;82.33333333333172
1687958647;1.0277777780882218;23.833333333338174;2.3888888888905058;81.9999999999911
1687958648;0.9722222211874083;25.666666666640793;2.3888888888905058;81.05555555555637
1687958649;0.8611111125598256;28.555555555552317;2.555555555550697;81.44444444444363
1687958650;0.8888888897167391;28.388888888892126;2.7222222222311103;82.77777777776565
1687958651;1.0277777780882218;27.722222222210902;2.7222222222109025;82.11111111110463
1687958652;0.8611111112663394;19.499999999991104;2.888888888891316;82.11111111110463
1687958653;1.0277777780882218;18.944444444443633;2.611111111117566;81.22222222219635
1687958654;0.9392019564664196;20.44444444444605;2.8333333333446404;79.99999999998786
1687958655;0.9722222211874083;20.500000000012932;2.944444444417755;80.38888888889535
1687958656;0.9722222224809229;20.38888888887918;2.8333333333244326;81.27777777778343
1687958657;0.833333334109426;18.22222222221575;4.222222222213318;80.27777777778182
1687958658;0.8611111099728248;19.83333333333171;4.000000000006466;76.5555555555693
1687958659;0.9722222211874083;21.27777777776727;4.388888888893732;72.72222222222302
1687958660;0.8333333328159256;21.388888888901008;4.333333333326863;72.44444444442908
1687958661;0.9444444453240095;21.611111111128082;4.111111111099788;72.72222222222302
1687958662;0.805555556952541;16.83333333334707;4.499999999987054;72.50000000001616
1687958663;0.7499999987582271;14.777777777776961;4.222222222213318;70.77777777778667
1687958664;0.833333334109426;14.166666666662621;4.3333333333470705;69.1666666666505
1687958665;0.8888888897167249;14.333333333343035;4.222222222253748;70.05555555553858
1687958666;0.9166666655801237;14.222222222249698;2.944444444437977;70.7222222222198
1687958667;1.0555555552451068;9.444444444448479;2.9444444444581848;74.11111111111191
1687958668;0.8611111112663252;8.277777777786667;2.499999999983828;77.00000000000324
1687958669;0.833333334109426;11.388888888884836;2.8333333333244326;77.44444444443717
1687958670;0.9999999996378222;13.61111111111515;2.944444444437977;78.83333333332605
1687958671;0.8888888897167249;15.166666666664241;2.611111111117566;80.49999999998869
1687958672;0.9166666668736241;14.944444444437167;2.7222222222311103;82.83333333333252
1687958673;0.9444444466175241;15.722222222211713;2.499999999983828;82.55555555557899
1687958674;0.9444444440305233;19.277777777784237;2.8333333333244326;82.0555555555782
1687958675;0.9166666668736241;22.111111111088476;2.500000000004036;84.72222222224244
1687958676;0.7500000000517275;24.944444444433117;2.499999999983828;86.833333333339
1687958677;0.9166666668736241;24.666666666679603;2.3888888888905058;87.22222222222626
1687958678;0.9444444440305233;21.777777777768065;2.166666666683639;86.77777777779232
1687958679;0.8333333328159256;19.66666666665131;2.4444444444573747;85.33333333333657
1687958680;0.9444444440305233;18.72222222221656;2.444444444437167;84.94444444446951
1687958681;0.9166666668736241;20.33333333333252;2.3333333333236226;83.38888888887999
1687958682;0.8888888871297098;22.944444444470307;2.555555555570905;85.22222222222302
1687958683;0.9166666668736099;19.83333333333171;2.3333333333236226;86.99999999999919
1687958684;0.8888888897167249;18.666666666669897;2.6666666666642413;86.99999999999919
1687958685;0.9444444453240237;15.77777777779879;2.500000000004036;86.77777777777212
1687958686;0.9999999983443075;16.499999999986258;2.666666666684449;84.27777777778829
1687958687;0.8611111099728106;16.166666666665847;2.555555555550697;83.99999999999434
1687958688;0.8888888897167249;16.33333333334626;2.3888888888702837;84.11111111110787
1687958689;0.9722222211874083;16.33333333334626;2.6666666666642413;82.99999999999272
1687958690;0.9722222224809087;14.888888888890506;2.7222222222109025;82.83333333335273
1687958691;0.8888888897167249;13.222222222207662;2.499999999983828;81.4999999999903
1687958692;0.9722222224809087;14.277777777776151;2.61111111111758;80.22222222221495
1687958693;0.9166666655801237;12.722222222227074;2.2777777777769614;77.77777777775756
1687958694;0.8611111099728248;12.777777777753514;2.7222222222109025;75.27777777777374
1687958695;0.8055555556590264;12.11111111111272;2.555555555530489;76.99999999998302
1687958696;0.9166666668736241;14.777777777776961;2.6666666666642413;76.94444444445656
1687958697;0.9166666655801095;20.88888888887999;2.666666666684449;78.83333333334627
1687958698;0.8611111099728248;21.83333333333495;2.555555555550697;80.22222222221495
1687958699;0.9722222224809087;23.333333333337364;2.7777777777777715;81.11111111110303
1687958700;0.9166666668736241;23.500000000017778;2.8333333333446404;81.94444444444444
1687958701;0.8333333328159398;23.333333333317157;2.7222222222109025;80.2777777777616
1687958702;0.9722222237744091;25.388888888887266;2.888888888891316;80.88888888889616
1687958703;1.0277777780882076;25.55555555556768;2.4444444444573747;81.66666666667071
1687958704;0.9444444453240237;27.944444444437977;2.8333333333446404;83.27777777778667
1687958705;1.111111112145906;25.388888888907474;2.7222222222311103;83.99999999999434
1687958706;0.9444444453240095;19.3333333333309;2.611111111097358;82.27777777776484
1687958707;0.8888888910102253;18.22222222221575;2.500000000004036;80.8333333333495
1687958708;0.9444444440305233;19.166666666670707;2.3333333333438446;80.94444444444282
1687958709;1.0277777767947072;22.277777777768875;2.7777777777777715;80.77777777776242
1687958710;1.5277777785538689;22.666666666676363;2.944444444437977;78.61111111111919
1687958711;3.8888888873366767;22.666666666676363;2.8888888888913016;77.61111111109736
1687958712;8.055555556590349;23.4444444444307;3.055555555551507;74.72222222220606
1687958713;12.333333333178103;21.333333333354346;2.7222222222311103;70.33333333333252
1687958714;16.500000001138275;21.3888888888808;2.8888888888913016;67.55555555555475
1687958715;21.166666668270622;21.111111111127272;2.7777777777979793;64.16666666668283
1687958716;25.555555554779446;23.99999999999838;2.8888888888913016;61.05555555554424
1687958717;29.8333333352477;27.777777777757564;2.888888888891316;59.72222222222222
1687958718;34.055555556228185;27.666666666644034;2.444444444437167;58.77777777778748
1687958719;37.63888888837148;25.888888888888076;2.7222222222311103;60.88888888890425
1687958720;39.333333333747255;25.500000000000796;2.7222222222109025;57.94444444446627
1687958721;39.41666666651143;29.33333333334707;2.611111111117566;59.444444444448486
1687958722;39.277777778139956;34.5555555555418;2.7777777777777715;61.44444444445172
1687958723;39.11111111002457;38.860506441570195;2.611111111097358;63.833333333342225
1687958724;38.6388888867158;40.72222222221171;2.9444444444379627;66.99999999998707
1687958725;38.527777778088215;41.27777777777939;2.7777777777777715;72.22222222222223
1687958726;38.194444443150935;38.166666666681216;2.8333333333244326;71.83333333333495
1687958727;38.138888888837144;38.77777777779556;2.8333333333446404;71.99999999999514
1687958728;38.111111110386744;39.00000000000242;2.666666666684449;71.7222222222214
1687958729;38.277777778502134;37.444444444433124;2.7777777777979793;72.44444444444929
1687958730;38.22222222289484;37.94444444445414;2.8333333333244326;72.66666666667636
1687958731;38.416666666873624;35.9444444444307;2.7777777777777715;73.99999999999838
1687958732;38.6944444436166;33.581591818602206;3.2777777777785815;76.77777777777615
1687958733;38.888888888888886;33.11111111112646;4.388888888873524;79.6111111111208
1687958734;38.83333333198809;29.77777777776079;4.500000000007276;76.77777777777615
1687958735;38.888888888888886;29.166666666666657;4.333333333326863;74.33333333331878
1687958736;38.6944444436166;27.66666666666424;4.388888888893732;71.55555555556121
1687958737;38.833333334575094;30.27777777778182;4.333333333326863;71.7222222222012
1687958738;38.861111109144986;30.000000000008086;4.111111111099788;71.94444444442827
1687958739;38.999999998809976;25.333333333320397;4.388888888893732;69.22222222221737
1687958740;38.02777777762255;21.888888888901818;4.388888888873524;66.05555555555232
1687958741;33.583333334212924;23.999999999978172;3.8333333333260526;60.94444444445091
1687958742;29.38888888909584;26.999999999983018;2.7222222222311103;55.44444444444201
1687958743;25.22222222372268;33.11111111112646;2.8888888888710937;53.611111111098985
1687958744;24.027777777519077;30.999999999989484;3.2777777777987893;54.77777777780122
1687958745;24.027777778812577;27.444444444457375;3.1666666666650514;58.77777777778748
1687958746;23.88888888785408;24.777777777793133;2.999999999984638;60.05555555556283
1687958747;23.444444445582718;24.833333333319587;3.111111111098168;63.11111111111435
1687958748;22.97222222227397;29.944444444441203;2.8333333333446404;66.94444444444039
1687958749;23.6666666667184;31.277777777783427;3.055555555551507;70.61111111110625
1687958750;27.61111111095589;29.27777777780041;2.9444444444581848;74.61111111109251
1687958751;31.49999999958608;24.722222222226264;2.8333333333446404;79.16666666666666
1687958752;35.52777777917477;18.500000000009692;2.7222222222311103;83.00000000001293
1687958753;36.72222222149786;18.33333333332928;2.2222222222100925;85.38888888886302
1687958754;36.77777777710515;22.44444444444929;2.3888888888905058;85.05555555554263
1687958755;36.44444444346138;27.333333333323623;2.4444444444573747;85.88888888888404
1687958756;36.33333333354029;32.33333333333171;2.4444444444573747;86.61111111111192
1687958757;35.13888888863018;27.555555555570905;2.555555555530489;87.33333333331959
1687958758;31.333333332764184;28.111111111098168;2.2777777777971693;88.83333333332202
1687958759;31.44444444397878;27.27777777777696;2.555555555550697;89.61111111111677
1687958760;31.138888891372403;30.8333333333495;2.499999999983828;89.5555555555499
1687958761;31.055555552140703;33.38888888887999;2.444444444437167;90.27777777777777
1687958762;30.805555556435124;39.222222222249705;2.6666666666642413;92.33333333334788
1687958763;30.055555555089896;38.222222222207655;2.500000000004036;94.27777777778425
1687958764;29.805555556797316;35.111111111109494;2.444444444437167;94.61111111112486
1687958765;26.333333334575087;33.83333333335435;2.61111111111758;94.72222222221818
1687958766;23.6944444451688;37.61111111109332;2.500000000004036;95.055555555579
1687958767;23.41666666713232;44.38888888887757;2.555555555550697;94.11111111112405
1687958768;19.444444447031444;47.88888888888323;2.666666666684449;94.16666666667071
1687958769;15.722222221342648;45.38888888887917;2.6666666666642413;93.9999999999903
1687958770;11.805555556849058;42.88888888889535;2.666666666684449;92.72222222221495
1687958771;7.972222222532665;36.61111111111192;2.61111111111758;90.11111111111758
1687958772;4.638888889975419;33.50000000001374;2.7777777777777715;87.1666666666594
1687958773;1.3055555548311872;31.999999999991104;2.7777777777777715;84.49999999999515
1687958774;0.9444444414435083;33.27777777776646;2.444444444437167;83.88888888890102
1687958775;0.8611111099728248;34.33333333333495;2.666666666684449;84.61111111110868
1687958776;0.9722222211874225;30.666666666669087;3.3333333333252426;85.83333333333738
1687958777;0.916666664286609;27.000000000003226;3.2777777777785815;84.055555555541
1687958778;0.999999999637808;28.055555555551507;3.3888888888921116;80.44444444444201
1687958779;0.8888888897167391;28.222222222211713;3.500000000005656;78.16666666668526
1687958780;0.8888888884232244;28.55555555553211;3.611111111098978;78.27777777775837
1687958781;0.999999999637808;28.66666666664564;3.444444444418565;78.33333333334545
1687958782;0.7777777797956418;27.888888888891316;3.555555555552317;79.33333333332686
1687958783;0.9166666681671245;22.777777777769685;3.611111111119186;78.27777777775837
1687958784;1.0277777793817222;20.111111111125652;3.3333333333252426;76.94444444443636
1687958785;0.9722222237744234;18.83333333333009;2.7777777777777715;76.50000000000242
1687958786;0.9166666668736241;17.77777777778182;2.7777777777575636;77.00000000000324
1687958787;0.8888888884232244;15.777777777778581;2.7777777777777715;79.05555555557333
1687958788;1.1111111108524057;15.611111111098168;2.611111111097358;81.16666666664969
1687958789;1.0000000009313226;20.222222222239196;2.611111111117566;81.11111111112324
1687958790;0.9722222224809087;20.94444444444686;2.8888888888913016;82.61111111110546
1687958791;0.9999999983443075;22.111111111108684;2.7777777777979793;84.05555555556121
1687958792;1.0277777780882218;22.333333333355966;2.8333333333244326;85.05555555556283
1687958793;0.9444444427370087;19.166666666670707;2.944444444437977;83.88888888890102
1687958794;1.0833333336955064;19.8888888889188;2.8333333333446404;82.77777777778586
1687958795;1.1666666664597045;24.66666666665938;3.055555555551507;83.11111111112646
1687958796;1.0833333336955064;27.33333333334383;2.8888888889115236;84.61111111110868
1687958797;0.8888888897167249;27.11111111111677;2.944444444437977;84.72222222222223
1687958798;0.9722222224809229;22.666666666656155;2.8333333333244326;84.38888888888161
1687958799;0.9999999983443075;25.11111111111353;2.611111111137788;83.33333333333333
1687958800;0.9722222211874083;28.66666666666586;2.8333333333244326;83.5555555555604
1687958801;0.9166666668736241;29.2777777777802;2.7222222222311103;83.27777777778667
1687958802;0.9722222224809229;29.22222222221332;2.8888888888913016;82.44444444444525
1687958803;0.9444444440305091;24.833333333319587;2.6666666666642413;81.16666666664969
1687958804;0.8055555556590264;19.999999999991914;2.3333333333438304;79.99999999998786
1687958805;0.9166666668736241;19.8333333333115;2.499999999983828;79.22222222223354
1687958806;0.9999999996378222;20.000000000012122;2.500000000004036;78.61111111111919
1687958807;0.8888888884232244;19.72222222221818;2.4444444444573747;78.72222222221252
1687958808;1.000000002224823;16.500000000006466;2.555555555550697;78.44444444443879
1687958809;0.8888888910102253;16.611111111119996;2.3888888888702837;77.05555555554989
1687958810;0.9444444453240237;18.72222222221656;2.611111111097358;77.94444444443798
1687958811;0.9722222237744234;19.055555555557163;2.3888888888904916;80.33333333330827
1687958812;0.9166666668736241;18.83333333333009;2.611111111097358;80.72222222221575
1687958813;0.9722222237744234;19.277777777784237;2.499999999983828;79.83333333334788
1687958814;0.8888888897167391;20.777777777786667;2.2777777777769614;79.944444444421
1687958815;0.8333333328159256;20.83333333333333;2.555555555570905;80.88888888887595
1687958816;0.8994003992164608;21.166666666694155;2.7222222222109025;81.00000000000969
1687958817;0.805555554365526;20.88888888887999;2.6666666666642413;81.61111111110384
1687958818;0.9444444427370087;16.38888888889292;2.555555555570905;80.72222222221575
1687958819;0.8888888884232244;14.944444444437167;2.666666666684449;79.6111111111006
1687958820;0.888888887129724;15.388888888891302;2.7222222222109025;79.11111111112001
1687958821;0.7777777759151263;16.444444444439583;2.7222222222311103;80.61111111112243
1687958822;0.8333333315224252;15.888888888892112;2.9444444444581848;82.49999999999191
1687958823;0.916666664286609;11.722222222225454;2.8333333333446404;82.0555555555782
1687958824;0.9444444440305091;16.500000000006466;2.444444444437167;81.38888888889697
1687958825;1.045141204989065;18.111111111081996;2.500000000004036;82.94444444444606
1687958826;0.8888888884232244;21.722222222221404;2.3333333333236226;82.7222222222392
1687958827;1.0277777780882218;23.333333333317157;2.3888888888905058;81.9999999999911
1687958828;0.8611111099728248;22.277777777789083;2.555555555530489;79.33333333332686
1687958829;0.8611111112663252;21.94444444444848;2.611111111137788;78.05555555557171
1687958830;0.9166666681671387;21.166666666673933;2.666666666664227;76.22222222220847
1687958831;0.9722222224809229;21.222222222220594;2.444444444437167;75.05555555554666
1687958832;0.9166666668736241;21.44444444444767;2.7222222222109025;74.27777777777212
1687958833;0.833333334109426;17.333333333327673;2.7222222222109025;73.88888888888484
1687958834;0.7777777785021271;17.166666666667467;2.500000000004036;72.9444444444501
1687958835;0.8888888897167391;15.888888888892112;2.6666666666642413;73.22222222220363
1687958836;0.7777777772086267;14.444444444436357;2.8333333333244326;74.6666666666796
1687958837;1.000000002224823;14.222222222209282;2.5000000000242437;77.11111111113698
1687958838;0.8888888884232244;14.166666666662621;2.3888888888702837;77.33333333332362
1687958839;0.9444444440305233;16.27777777777939;2.500000000004036;77.44444444445737
1687958840;0.9444444440305091;20.555555555539385;2.666666666684449;78.88888888889294
1687958841;0.8888888897167249;22.611111111109494;2.611111111117566;80.83333333332929
1687958842;0.9444444440305233;21.99999999999514;2.7222222222311103;81.44444444444363
1687958843;0.9166666655801237;20.33333333333252;2.6666666666642413;80.99999999998948
1687958844;1.0833333336955064;18.444444444442823;2.7222222222311103;80.5000000000089
1687958845;0.9722222224809229;20.44444444446627;2.555555555570905;81.55555555555716
1687958846;0.8888888858362094;20.666666666673123;2.8888888888710937;82.11111111108443
1687958847;0.8888888884232244;20.27777777776565;2.944444444437977;83.16666666665293
1687958848;0.9444444440305233;18.111111111122426;2.7222222222311103;82.6666666666521
1687958849;0.9166666681671245;17.38888888891475;2.8333333333244326;81.66666666667071
1687958850;0.9444444440305233;16.999999999987054;2.8888888888710937;82.38888888887837
1687958851;0.8611111099728248;18.166666666669087;2.888888888891316;82.66666666667233
1687958852;0.8888888884232244;18.166666666669087;3.055555555551507;82.72222222221899
1687958853;0.888888887129724;18.000000000008882;2.8333333333244326;81.9999999999911
1687958854;0.8611111125598256;18.666666666669897;2.8333333333244326;80.77777777778263
1687958855;0.9166666681671245;19.055555555557163;2.666666666684449;80.8333333333495
1687958856;0.9166666681671245;19.500000000011312;2.555555555570905;79.83333333334788
1687958857;0.8611111112663252;19.3333333333309;2.499999999983828;80.27777777780203
1687958858;0.9166666655801237;15.722222222211713;2.3888888888905058;80.55555555555556
1687958859;0.9444444453240237;15.000000000004036;2.3888888889107136;78.38888888891233
1687958860;0.999999999637808;14.833333333323623;2.611111111117566;78.66666666668607
1687958861;0.9722222224809229;15.000000000004036;2.500000000004036;79.38888888889375
1687958862;0.805555556952541;15.055555555550697;2.611111111097358;79.72222222223435
1687958863;1.0277777767947072;12.055555555545851;2.500000000004036;79.6111111111208
1687958864;1.0277777780882218;14.22222222222949;2.3888888888904916;78.99999999998626
1687958865;1.111111109558891;14.944444444437167;2.500000000004036;79.6111111111006
1687958866;0.999999999637808;16.944444444420185;2.555555555550697;81.61111111108363
1687958867;0.9166666668736241;16.611111111119996;2.500000000004036;80.94444444444282
1687958868;1.0833333336955064;18.61111111110303;2.3888888888702837;80.99999999998948
1687958869;1.0277777793817222;18.000000000029104;2.1666666666432235;80.38888888885494
1687958870;0.999999999637808;19.555555555557973;2.3333333333438304;80.33333333332848
1687958871;1.0555555552451068;19.777777777785047;2.3333333333640525;80.88888888889616
1687958872;0.9444444453240237;19.777777777785047;2.444444444437167;80.22222222221495
1687958873;0.8888888884232244;16.944444444440393;2.2777777777567536;79.83333333334788
1687958874;0.8611111125598256;20.33333333333252;2.2222222222100925;80.44444444444201
1687958875;0.9166666681671245;21.33333333333414;2.3333333333438304;79.88888888889454
1687958876;1.0555555565386072;22.388888888862212;2.499999999983828;81.55555555555718
1687958877;0.9166666668736241;21.611111111128082;2.555555555570905;79.72222222221413
1687958878;4.055555554158559;21.777777777768065;2.5000000000242437;80.94444444446304
1687958879;8.27777777901953;20.055555555558783;2.3888888888905058;77.88888888891152
1687958880;12.583333334057684;20.055555555538575;2.6666666666642413;74.1111111110917
1687958881;16.66666666666667;21.44444444444767;2.555555555570905;71.44444444442746
1687958882;20.77777777772603;24.05555555554504;2.7777777777979793;70.5555555555596
1687958883;24.69444444480662;19.611111111124856;2.7777777777777715;67.22222222223435
1687958884;28.555555554986412;18.27777777780284;2.6666666666642413;68.38888888889616
1687958885;32.55555555483119;17.38888888889454;2.7222222222311103;65.33333333334465
1687958886;36.49999999777517;15.555555555551507;2.6666666666440193;63.666666666682026
1687958887;37.5833333353512;14.777777777756754;2.7222222222109025;59.444444444448486
1687958888;37.3888888887854;16.7777777777802;2.8333333333244326;58.555555555540195
1687958889;37.24999999912041;22.388888888902628;2.3888888888702837;62.38888888890667
1687958890;37.4722222228431;27.388888888890506;2.944444444437977;66.9444444444606
1687958891;37.63888888837148;27.61111111111758;2.7222222222109025;69.77777777776484
1687958892;37.74999999958608;27.555555555550697;2.7222222222109025;71.7222222222214
1687958893;38.05555555607295;29.444444444420185;2.8333333333244326;66.22222222223273
1687958894;38.138888888837144;34.49999999999514;2.6666666666642413;66.49999999998626
1687958895;38.444444445324024;35.83333333333738;2.666666666684449;70.05555555555878
1687958896;38.444444442737016;38.11111111111434;2.6991002998976086;75.3333333333406
1687958897;38.638888889302805;35.83333333331716;2.611111111097358;77.50000000000404
1687958898;38.583333334989014;30.72222222221575;2.7222222222311103;74.72222222222626
1687958899;38.44444444273702;30.055555555534525;2.3333333333236226;72.6111111111095
1687958900;38.250000000051735;30.111111111121616;2.7777777777777715;69.72222222223839
1687958901;38.19444444444443;34.94444444444929;2.7777777777979793;69.50000000001131
1687958902;38.02777777632905;33.05555555555959;2.7222222222311103;70.61111111110625
1687958903;37.72222222242918;31.055555555576575;2.6666666666642413;69.22222222221737
1687958904;37.69444444527228;33.99999999999433;2.666666666664227;68.6111111110828
1687958905;37.5277777797439;35.05555555558304;2.745359564299193;65.22222222219068
1687958906;37.55555555431378;36.44444444445172;2.666666666684449;65.72222222221171
1687958907;36.41666666501098;38.55555555554828;2.7777777777777715;65.11111111111757
1687958908;32.333333333695506;33.222222222240006;2.8888888888913016;63.33333333332121
1687958909;28.277777778243433;32.9999999999725;2.500000000004036;61.49999999999838
1687958910;28.333333335144232;28.833333333326053;2.8333333333244326;60.72222222220363
1687958911;28.38888889075153;27.388888888890506;2.7777777777777715;63.05555555554747
1687958912;28.527777776536013;24.49999999999919;2.7222222222311103;66.27777777777939
1687958913;28.527777777829513;19.777777777785047;2.7222222222109025;67.44444444446142
1687958914;28.4999999980856;16.444444444439583;2.555555555550697;69.44444444444444
1687958915;28.583333334730327;17.111111111120806;2.611111111097358;71.55555555556121
1687958916;29.750000001190017;19.555555555557973;2.611111111097358;77.27777777775675
1687958917;33.69444444542751;21.44444444444767;2.3333333333438446;82.27777777778505
1687958918;37.5555555556073;25.500000000021018;2.444444444437167;87.44444444443313
1687958919;37.69444444397878;24.55555555556606;2.055555555570095;90.16666666668445
1687958920;37.72222222113568;26.833333333343035;2.3888888888904916;92.16666666666748
1687958921;37.83333333364377;27.555555555550697;2.2982125013757013;93.94444444444363
1687958922;37.63888888837148;28.999999999986258;2.3333333333438446;95.88888888887999
1687958923;37.77777777803647;29.16666666664645;2.5000000000242437;96.61111111112808
1687958924;37.61111111121459;27.555555555550697;2.444444444437167;95.7222222222198
1687958925;37.4166666659423;24.11111111111191;2.4444444444573747;94.05555555557739
1687958926;37.58333333276418;24.888888888866248;2.555555555550697;92.83333333334869
1687958927;37.66666666552838;20.499999999992724;2.444444444437167;92.1111111111208
1687958928;34.361111110128036;21.277777777767255;2.611111111097358;91.72222222221333
1687958929;34.05555555493467;20.94444444444686;2.3333333333236226;90.88888888889213
1687958930;31.833333333229845;24.888888888886456;2.6465028355476647;90.66666666666505
1687958931;27.83333333467857;28.944444444459805;2.7222222222311103;90.22222222223111
1687958932;23.777777776639482;34.38888888890182;2.6111111110771503;89.5555555555499
1687958933;19.555555555659026;36.166666666657775;2.666666666684449;90.55555555557173
1687958934;15.638888887284935;36.38888888890506;2.611111111117566;92.22222222221414
1687958935;11.38888888914758;33.3888888889002;2.555555555550697;91.22222222221252
1687958936;7.555555557418188;31.27777777776322;2.7777777777979793;89.5555555555499
1687958937;6.583333332350264;30.666666666669087;2.555555555550697;87.88888888888727
1687958938;2.944444444599654;28.499999999985448;2.611111111117566;85.94444444445091
1687958939;1.0555555565386072;26.611111111095752;2.3333333333236226;83.27777777778667
1687958940;0.9166666655801237;22.44444444444929;2.2777777777769614;82.11111111110463
1687958941;0.9166666681671245;16.888888888873524;2.3333333333438304;83.44444444444687
1687958942;0.9444444440305091;14.833333333323623;2.2222222222303003;82.49999999999191
1687958943;0.8611111138533403;13.333333333321207;2.2222222222303003;79.88888888887433
1687958944;1.1111111108524057;18.277777777782617;2.3888888888905058;77.0555555555499
1687958945;0.9722222224809087;18.222222222235956;2.111111111096548;74.44444444443232
1687958946;1.0833333336955064;18.777777777783427;2.4444444444573747;74.11111111111192
1687958947;1.0833333336955064;18.611111111123236;2.2777777777769614;75.38888888888727
1687958948;0.9722222224809087;16.666666666666657;2.611111111137788;75.16666666666019
1687958949;1.1388888893028053;15.055555555550697;2.611111111097358;74.72222222222626
1687958950;0.9999999996378222;15.555555555551507;2.7222222222311103;72.38888888888242
1687958951;1.0833333336955064;21.33333333333414;2.8888888888710937;72.66666666667638
1687958952;1.1111111082654048;23.55555555554423;2.8888888888710937;75.27777777779394
1687958953;0.9722222224809229;19.3333333333309;2.7777777777777715;79.22222222221333
1687958954;0.9444444427370087;18.999999999990294;2.8333333333446404;81.55555555557739
1687958955;0.9722222237744234;18.72222222221656;2.500000000004036;82.55555555555878
1687958956;0.9444444440305091;23.05555555556363;2.7777777777979793;82.16666666665131
1687958957;0.9166666655801095;23.666666666677983;2.3888888888702837;83.77777777776727
1687958958;0.8611111099728248;23.666666666657775;2.3333333333438446;84.11111111110787
1687958959;1.0277777780882076;23.38888888888404;2.2222222222100925;84.38888888890182
1687958960;0.9444444440305091;19.166666666690915;2.2222222222303003;82.8888888888792
1687958961;0.8888888910102253;21.38888888892123;2.4444444444573747;80.99999999998948
1687958962;0.9166666655801237;26.66666666668283;2.3888888888905058;80.55555555555556
1687958963;0.9444444440305233;28.000000000004846;2.555555555550697;81.9999999999911
1687958964;1.0277777767947072;27.833333333324433;2.6666666666440193;82.66666666667233
1687958965;0.8888888897167249;23.944444444431497;2.3333333333034147;81.83333333335112
1687958966;0.9444444453240237;25.944444444434737;2.7222222222311103;82.16666666667152
1687958967;0.9166666668736241;30.944444444442823;2.7777777777777715;82.27777777776484
1687958968;0.9444444453240237;30.611111111142634;2.7222222222311103;83.16666666667314
1687958969;0.9444444440305233;29.111111111119996;2.666666666664227;83.72222222224082
1687958970;0.999999999637808;24.111111111091702;2.555555555550697;83.94444444444767
1687958971;0.9722222237744234;19.999999999971692;2.7777777777777715;83.77777777778748
1687958972;1.0277777780882076;21.277777777787477;2.611111111097358;83.3888888889002
1687958973;0.8055555556590264;21.222222222240816;2.611111111117566;83.27777777776646
1687958974;0.833333334109426;21.111111111107064;2.8888888889115236;83.61111111110706
1687958975;0.8611111099728248;17.666666666688485;2.499999999983828;82.61111111112567
1687958976;0.9166666668736241;18.500000000009692;2.6666666666642413;83.50000000001374
1687958977;0.805555554365526;23.4444444444307;2.611111111097358;84.66666666665535
1687958978;0.8888888884232244;23.555555555524023;2.6666666666642413;85.72222222220363
1687958979;0.9444444453240237;23.38888888888404;2.555555555550697;84.33333333333495
1687958980;0.8611111099728248;22.833333333336554;2.555555555550697;83.27777777776646
1687958981;0.9166666681671387;25.777777777774546;2.61111111111758;83.77777777776727
1687958982;0.999999999637808;30.11111111110141;2.61111111111758;84.05555555556121
1687958983;1.083333332402006;30.222222222235146;2.555555555550697;83.77777777776727
1687958984;1.0277777806752084;30.11111111110141;2.7222222222311103;83.11111111110625
1687958985;1.0555555552451068;26.944444444436357;2.444444444437167;80.99999999998948
1687958986;0.9444444453240237;27.8888888888913;4.444444444460615;79.38888888889375
1687958987;0.9722222224809087;28.555555555572525;4.333333333326863;79.16666666666666
1687958988;0.9166666655801095;28.444444444458995;4.388888888893732;79.72222222221413
1687958989;0.9166666668736241;27.16666666668364;4.2777777777802015;79.6111111111208
1687958990;0.9444444453240237;23.05555555556363;4.333333333326863;77.88888888889132
1687958991;0.8888888897167249;21.3888888888808;4.500000000007276;77.83333333334465
1687958992;0.8888888884232244;23.888888888884836;5.666666666669087;79.16666666668688
1687958993;0.9722222198939079;28.944444444439583;5.722222222215748;78.05555555557171
1687958994;0.9166666668736241;33.33333333333333;5.833333333329293;75.66666666668121
1687958995;1.0277777767947072;27.66666666666424;3.888888888872714;72.83333333333657
1687958996;1.111111112145906;27.11111111111677;4.111111111119996;71.61111111112808
1687958997;0.999999999637808;27.11111111111677;3.9444444444395828;71.11111111112729
1687958998;1.1111111108524057;26.944444444436357;4.166666666666657;71.16666666667393
1687958999;1.0277777767947072;25.444444444433927;4.055555555573335;72.05555555556202
1687959000;1.1111111108524057;25.388888888887266;4.055555555553127;70.99999999999353
1687959001;1.111111112145906;27.388888888890506;2.8333333333244326;71.33333333331393
1687959002;1.111111112145906;22.277777777768875;2.7777777777777715;73.83333333331797
1687959003;1.1388888880093049;17.944444444442013;2.888888888891316;77.33333333334384
1687959004;1.0833333349890069;19.3333333333309;2.8333333333446404;81.05555555555637
1687959005;0.9166666668736241;19.1666666666505;2.666666666664227;82.61111111110546
1687959006;1.0277777780882076;19.499999999991104;2.8888888888913016;82.83333333333252
1687959007;1.0555555565386072;19.83333333333171;2.7222222222311103;83.2222222222198
1687959008;1.0277777780882076;20.27777777776565;2.8888888888710937;83.77777777776727
1687959009;0.9722222224809087;20.000000000012122;2.6666666666642413;83.8888888888808
1687959010;0.8888888884232244;16.722222222213333;2.7777777777777715;84.88888888890263
1687959011;0.8055555556590264;18.055555555575765;2.8101743863358735;86.33333333333819
1687959012;0.9166666681671387;15.66666666668526;2.666666666684449;86.66666666665859
1687959013;0.916666664286609;14.555555555549887;2.8333333333244326;84.66666666665535
1687959014;1.0277777767947072;16.111111111119186;2.7777777777979793;83.16666666665293
1687959015;1.0277777767947072;20.055555555558783;2.611111111097358;84.83333333331555
1687959016;0.8611111099728248;22.611111111109494;2.666666666664227;87.3333333333398
1687959017;0.8611111099728248;22.888888888903438;2.3888888889107136;87.88888888890749
1687959018;0.8888888884232244;20.44444444442584;2.611111111117566;88.00000000000081
1687959019;0.9722222211874225;24.05555555556525;2.555555555570905;82.83333333333252
1687959020;0.9722222198939079;23.222222222203627;2.6342114037786217;78.0555555555515
1687959021;0.8333333328159256;23.111111111090082;2.7777777777575636;76.94444444443636
1687959022;0.9444444466175383;22.722222222223024;2.666666666684449;76.8888888889099
1687959023;0.8611111112663252;21.33333333333414;2.7222222222109025;76.7222222222295
1687959024;0.7777777785021271;17.16666666664726;2.8333333333446404;75.61111111111434
1687959025;0.9166666681671245;15.277777777777771;2.6666666666642413;73.94444444443151
1687959026;0.8611111125598256;19.72222222221818;3.055555555551507;74.77777777775272
1687959027;0.9166666668736241;20.3888888888994;2.8888888888710937;76.94444444443636
1687959028;0.8888888897167391;15.500000000004846;2.8888888888710937;79.6111111111006
1687959029;1.0000000009313084;15.277777777777771;2.666666666684449;81.61111111112405
1687959030;0.9722222224809087;20.166666666672327;2.7222222222311103;81.61111111112405
1687959031;0.9166666655801237;25.888888888908284;2.7222222222109025;83.11111111108605
1687959032;0.8888888884232244;28.33333333334545;2.6666666666642413;86.05555555554423
1687959033;0.9444444453240237;28.388888888912334;2.7222222222109025;86.22222222222464
1687959034;1.0555555539516064;27.66666666666424;2.8333333333244326;85.4444444444501
1687959035;1.0833333311084914;22.611111111109494;2.555555555550697;83.2222222222198
1687959036;1.0555555552451068;25.444444444433927;2.7222222222311103;81.1666666666699
1687959037;0.9722222224809087;27.277777777756754;2.555555555550697;81.66666666667071
1687959038;0.8611111125598256;27.2222222222303;2.7222222222109025;82.16666666665131
1687959039;0.9722222224809087;22.388888888902628;2.500000000004036;82.05555555553777
1687959040;1.0555555565386072;21.44444444442746;4.666666666667467;80.5000000000089
1687959041;0.9444444453240237;23.888888888884836;4.7777777777810115;78.66666666666586
1687959042;1.1111111095589052;24.277777777772116;4.72222222223435;79.05555555555313
1687959043;0.8611111112663252;24.55555555556606;4.555555555553937;79.05555555555313
1687959044;0.8888888897167249;26.000000000001606;4.7777777777810115;77.55555555557092
1687959045;0.8611111099728248;27.555555555570905;4.611111111120806;74.49999999999919
1687959046;0.999999999637808;27.055555555570095;4.944444444461411;71.22222222222061
1687959047;0.9999999983443075;27.000000000003226;4.7777777777810115;63.77777777777535
1687959048;0.9444444440305233;27.333333333303415;4.944444444441203;55.72222222221575
1687959049;0.8055555556590264;22.666666666676363;2.944444444437977;47.722222222223024
1687959050;0.9444444440305091;18.166666666669087;3.055555555551507;38.77777777777535
1687959051;0.833333334109426;18.166666666669087;3.111111111118376;29.88888888889454
1687959052;0.8888888884232244;18.33333333332928;3.3333333333252426;21.99999999999514
1687959053;0.8888888897167249;17.166666666667467;3.2777777777583736;15.277777777777771
1687959054;0.9722222224809229;12.777777777773736;3.3888888888719038;9.99999999999595
1687959055;0.8055555556590264;11.555555555545041;3.166666666665037;4.944444444441203
1687959056;0.8888888910102253;12.388888888886456;3.611111111098978;3.8333333333462605
1687959057;0.9166666655801237;12.277777777813341;3.499999999985448;3.8888888889131294
1687959058;0.8888888884232102;12.61111111111353;3.500000000005656;3.7777777777591837
1687959059;0.999999999637808;12.277777777772926;3.3888888888921116;4.166666666686865
1687959060;1.0000000009313084;12.666666666660191;3.444444444418565;4.166666666666657
1687959061;0.9722222237744234;12.5;3.5000000000258638;3.8888888888929216
1687959062;0.8611111099728248;13.00000000000081;3.500000000005656;4.055555555553127
1687959063;0.9166666668736241;12.722222222227074;3.5000000000258638;4.111111111119996
1687959064;0.9444444440305091;12.944444444454135;3.555555555552317;3.8888888888929216
1687959065;0.9999999983443075;12.500000000020208;3.2777777777987893;3.9444444444395828
1687959066;0.8611111125598256;12.888888888887266;3.444444444458995;3.944444444419375
1687959067;1.0833333336955064;12.833333333320397;3.2222222222319203;4.111111111119996
1687959068;0.9166666668736241;13.22222222222787;3.611111111119186;3.7777777777793915
1687959069;0.8611111099728248;12.61111111111353;3.5000000000258638;3.555555555552317
1687959070;0.8888888884232244;12.944444444454135;3.444444444418565;3.500000000005656
1687959071;1.0000000009313084;12.5;3.611111111139394;3.3888888888921116
1687959072;0.9166666681671245;13.055555555567679;3.6666666666456393;3.555555555552317
1687959073;0.9166666681671245;13.666666666661811;3.7222222222125225;3.7777777777793915
1687959074;0.9444444453240237;13.611111111094942;3.611111111098978;3.8333333333260526
1687959075;0.9444444440305233;13.055555555547471;3.3333333333252426;3.7777777777793915
1687959076;0.7777777772086267;13.61111111111515;3.499999999985448;3.7222222222327304
1687959077;0.9722222211874083;12.833333333320397;3.055555555551507;3.8333333333260526
1687959078;0.8611111125598399;13.055555555547471;3.1666666666448293;3.9444444444597906
1687959079;0.8888888897167249;12.388888888866248;3.0000000000250537;3.8888888888929216
1687959080;0.9444444453240237;12.5;2.8333333333244326;3.7777777777793915
1687959081;0.9166666655801095;12.222222222206042;2.8333333333244326;3.555555555552317
1687959082;0.9166666655801237;11.333333333317967;2.6666666666642413;3.3333333333454505
1687959083;0.8333333315224252;11.166666666677983;2.888888888891316;3.3888888888921116
1687959084;0.9722222224809229;11.388888888884836;2.9444444444581848;3.166666666685259
1687959085;0.9166666668736241;10.722222222223834;2.8333333333446404;3.3888888888921116
1687959086;0.8611111112663252;11.388888888905058;3.111111111098168;3.111111111098168
1687959087;0.9722222211874225;11.222222222224644;2.8888888889115236;3.2777777777583736
1687959088;0.9722222211874225;11.388888888905058;3.111111111098168;3.2222222222117125
1687959089;0.8055555543655402;11.444444444451719;2.944444444417755;3.2222222222117125
1687959090;0.8888888897167249;11.555555555545041;3.055555555571715;3.166666666685259
1687959091;0.9722222224809229;11.500000000018588;3.2222222222319203;3.111111111098168
