Time;{instance="10.231.0.208:9100"};{instance="192.168.221.10:9100"};{instance="192.168.221.11:9100"};{instance="192.168.221.12:9100"}
1687958371;0;194348.1379310345;31355.58620689655;52400.55172413793
1687958372;0;197879.1724137931;31355.58620689655;52400.55172413793
1687958373;0;198020.41379310345;31355.58620689655;65677.24137931035
1687958374;0;203811.3103448276;31355.58620689655;155083.0344827586
1687958375;0;203528.8275862069;31355.58620689655;1230777.3793103448
1687958376;0;204658.75862068965;31355.58620689655;1230777.3793103448
1687958377;0;183048.8275862069;31214.344827586207;7470821.517241379
1687958378;0;162427.58620689655;31214.344827586207;7481838.344827586
1687958379;1412.4137931034484;159037.79310344826;31214.344827586207;20524773.517241377
1687958380;1412.4137931034484;145478.62068965516;31214.344827586207;20524632.275862068
1687958381;1412.4137931034484;140958.89655172414;31214.344827586207;20524491.03448276
1687958382;1412.4137931034484;136721.6551724138;1129.9310344827586;26808461.24137931
1687958383;1412.4137931034484;141665.10344827586;1129.9310344827586;29855885.24137931
1687958384;1694.896551724138;141100.1379310345;5367.172413793103;43121275.5862069
1687958385;2259.862068965517;126128.55172413793;5367.172413793103;43121275.5862069
1687958386;2259.862068965517;128953.37931034483;5367.172413793103;43121275.5862069
1687958387;2259.862068965517;128247.1724137931;5367.172413793103;43150230.06896552
1687958388;2259.862068965517;130365.79310344828;4237.241379310345;43150230.06896552
1687958389;2259.862068965517;132060.6896551724;4237.241379310345;52267643.5862069
1687958390;2542.344827586207;130789.5172413793;4237.241379310345;64607337.93103448
1687958391;2542.344827586207;130224.55172413793;4237.241379310345;64607337.93103448
1687958392;2542.344827586207;131778.2068965517;4237.241379310345;68715767.1724138
1687958393;2542.344827586207;85592.27586206897;4237.241379310345;68732151.1724138
1687958394;2542.344827586207;84744.8275862069;4237.241379310345;74846349.2413793
1687958395;2542.344827586207;82626.20689655172;4237.241379310345;80068466.7586207
1687958396;2542.344827586207;83756.13793103448;4237.241379310345;85546372.4137931
1687958397;2542.344827586207;81920;4237.241379310345;85558519.1724138
1687958398;2542.344827586207;81072.55172413793;4237.241379310345;89833189.51724137
1687958399;2542.344827586207;82202.4827586207;4237.241379310345;91921443.31034483
1687958400;2542.344827586207;80790.06896551725;4237.241379310345;98782384.55172414
1687958401;2542.344827586207;75705.37931034483;4237.241379310345;106746279.72413793
1687958402;2542.344827586207;75987.86206896552;4237.241379310345;106731025.65517241
1687958403;2542.344827586207;69773.24137931035;4237.241379310345;110674908.68965517
1687958404;2542.344827586207;69773.24137931035;4237.241379310345;113172385.3976352
1687958405;2542.344827586207;76835.31034482758;4237.241379310345;120362654.89655173
1687958406;2542.344827586207;74857.93103448275;4237.241379310345;114135040
1687958407;2542.344827586207;73869.24137931035;4237.241379310345;114124023.1724138
1687958408;1129.9310344827586;70620.6896551724;4237.241379310345;110641010.7586207
1687958409;2259.862068965517;71185.6551724138;4237.241379310345;117004782.34482758
1687958410;2259.862068965517;69490.75862068965;4237.241379310345;120186668.13793103
1687958411;2259.862068965517;67654.62068965517;4237.241379310345;115821462.06896551
1687958412;2259.862068965517;62993.65517241379;4237.241379310345;116335580.68965517
1687958413;1977.3793103448274;61298.75862068965;0;107279324.68965517
1687958414;1694.896551724138;62993.65517241379;0;127580795.5862069
1687958415;2259.862068965517;59886.3448275862;0;129072304.55172414
1687958416;2259.862068965517;62852.41379310345;0;130975673.37931034
1687958417;2259.862068965517;59038.89655172414;0;130975673.37931034
1687958418;2259.862068965517;60027.58620689655;0;121858259.86206897
1687958419;1977.3793103448274;59886.3448275862;0;125809769.93103448
1687958420;2259.862068965517;59038.89655172414;0;137649893.5172414
1687958421;2259.862068965517;58191.448275862065;847.448275862069;136313891.31034482
1687958422;2259.862068965517;59745.10344827586;4519.724137931034;137933364.96551725
1687958423;2259.862068965517;58050.206896551725;4519.724137931034;131819166.89655173
1687958424;2259.862068965517;60027.58620689655;4519.724137931034;126597049.37931034
1687958425;2259.862068965517;58897.65517241379;4519.724137931034;136783095.1724138
1687958426;2259.862068965517;59462.620689655174;4519.724137931034;147847944.8275862
1687958427;2259.862068965517;60310.06896551724;4660.9655172413795;143572285.79310346
1687958428;2259.862068965517;59321.379310344826;4660.9655172413795;141484032
1687958429;2259.862068965517;63417.379310344826;4660.9655172413795;136409229.24137932
1687958430;2401.103448275862;63134.89655172414;4660.9655172413795;134508544
1687958431;2824.8275862068967;63982.3448275862;4660.9655172413795;141643352.27586207
1687958432;2824.8275862068967;63417.379310344826;4660.9655172413795;141560584.8275862
1687958433;2824.8275862068967;63558.620689655174;4660.9655172413795;138082572.93642855
1687958434;2824.8275862068967;55649.10344827586;4660.9655172413795;130884572.68965517
1687958435;2824.8275862068967;54236.68965517241;4660.9655172413795;130876098.20689654
1687958436;2966.0689655172414;56779.03448275862;4660.9655172413795;133919708.68965517
1687958437;2966.0689655172414;55931.58620689655;9321.931034482759;129762127.44827586
1687958438;1836.1379310344828;55084.137931034486;9321.931034482759;130943894.06896551
1687958439;1836.1379310344828;54095.448275862065;9321.931034482759;127762008.27586207
1687958440;1836.1379310344828;55790.3448275862;9321.931034482759;125843244.13793103
1687958441;1836.1379310344828;56214.06896551724;9321.931034482759;122291023.44827586
1687958442;1836.1379310344828;56920.275862068964;9321.931034482759;118077369.37931034
1687958443;1553.655172413793;55225.379310344826;9321.931034482759;97775898.48275863
1687958444;988.6896551724137;56072.8275862069;9321.931034482759;100984761.37931034
1687958445;988.6896551724137;52400.55172413793;9321.931034482759;99052438.06896551
1687958446;988.6896551724137;57202.75862068965;9321.931034482759;102092376.27586207
1687958447;988.6896551724137;55366.620689655174;9321.931034482759;105129630.89655173
1687958448;988.6896551724137;55366.620689655174;9321.931034482759;91877658.48275863
1687958449;706.2068965517242;52965.51724137931;9321.931034482759;92701801.93103448
1687958450;706.2068965517242;52541.793103448275;8474.48275862069;89884742.62068966
1687958451;706.2068965517242;50988.137931034486;4802.206896551724;88250579.86206897
1687958452;706.2068965517242;56920.275862068964;5225.931034482758;88250579.86206897
1687958453;706.2068965517242;54942.89655172414;5225.931034482758;89145767.72413793
1687958454;706.2068965517242;53954.206896551725;5225.931034482758;82763069.79310344
1687958455;706.2068965517242;55084.137931034486;5225.931034482758;77359457.10344827
1687958456;706.2068965517242;56214.06896551724;5084.689655172414;77360728.27586207
1687958457;706.2068965517242;56779.03448275862;5084.689655172414;77360728.27586207
1687958458;706.2068965517242;54377.93103448276;5084.689655172414;78613821.79310344
1687958459;564.9655172413793;54377.93103448276;5084.689655172414;75920489.93103448
1687958460;141.24137931034483;53389.24137931034;5084.689655172414;78080211.86206897
1687958461;141.24137931034483;53530.48275862069;5084.689655172414;74130820.4137931
1687958462;141.24137931034483;55084.137931034486;5084.689655172414;74043392
1687958463;141.24137931034483;52824.275862068964;5084.689655172414;74043533.2413793
1687958464;141.24137931034483;52118.06896551724;5084.163707202704;77078245.51724137
1687958465;0;48728.275862068964;5084.689655172414;85148354.20689654
1687958466;0;49434.48275862069;423.7241379310345;79748837.51724137
1687958467;0;50564.41379310345;423.7241379310345;72203299.31034483
1687958468;0;48022.06896551724;423.7241379310345;72203440.55172414
1687958469;0;46327.1724137931;423.7241379310345;75242955.03448276
1687958470;0;44914.75862068965;423.7241379310345;87783777.10344827
1687958471;0;45762.206896551725;423.7241379310345;87784765.79310344
1687958472;0;46327.1724137931;423.7241379310345;87784765.79310344
1687958473;0;44067.31034482759;423.7241379310345;83084535.1724138
1687958474;0;43502.3448275862;423.7241379310345;86122213.51724137
1687958475;0;38700.137931034486;423.7241379310345;83082275.31034483
1687958476;0;41101.24137931035;423.7241379310345;88933199.44827586
1687958477;0;42654.89655172414;423.7241379310345;85893967.44827586
1687958478;0;41948.68965517241;423.7241379310345;79528924.68965517
1687958479;0;43078.620689655174;423.7241379310345;79528924.68965517
1687958480;0;40253.793103448275;423.7241379310345;79527229.79310344
1687958481;0;36016.55172413793;0;83190466.20689654
1687958482;0;38558.89655172414;0;93088662.06896551
1687958483;0;42513.65517241379;0;83807408.55172414
1687958484;0;39971.31034482759;0;78134024.8275862
1687958485;0;38841.379310344826;0;78132753.65517241
1687958486;0;38417.65517241379;0;81171844.4137931
1687958487;0;38982.620689655174;0;85242562.20689654
1687958488;0;38841.379310344826;0;89190117.51724137
1687958489;0;39123.862068965514;0;79896576
1687958490;0;38841.379310344826;0;79895446.06896551
1687958491;0;37428.96551724138;0;79904485.51724137
1687958492;0;40677.51724137931;0;79904344.27586207
1687958493;0;43361.10344827586;0;79112121.37931034
1687958494;0;45197.24137931035;0;71827456
1687958495;0;44491.03448275862;0;71824631.1724138
1687958496;0;44349.793103448275;0;76610595.31034483
1687958497;0;46609.65517241379;0;78346028.13793103
1687958498;0;49575.724137931036;0;85702020.4137931
1687958499;0;51270.620689655174;0;76603392
1687958500;0;51411.862068965514;0;76602403.31034483
1687958501;0;51129.379310344826;0;76603956.96551724
1687958502;0;51694.3448275862;0;78220182.06896551
1687958503;0;53106.75862068965;4660.9655172413795;79527936
1687958504;0;53954.206896551725;4660.9655172413795;89837426.7586207
1687958505;0;52541.793103448275;4660.9655172413795;83609105.65517241
1687958506;0;51270.620689655174;4660.9655172413795;83610376.8275862
1687958507;0;52400.55172413793;4660.9655172413795;77311152.55172414
1687958508;0;53812.96551724138;4660.9655172413795;78885005.2413793
1687958509;0;54377.93103448276;4660.9655172413795;80349395.86206897
1687958510;0;53812.96551724138;4660.9655172413795;89372036.4137931
1687958511;0;51129.379310344826;4660.9655172413795;78579782.62068966
1687958512;0;49434.48275862069;4660.9655172413795;78579782.62068966
1687958513;0;50705.65517241379;4660.9655172413795;78579782.62068966
1687958514;0;50705.65517241379;4660.9655172413795;81619579.5862069
1687958515;0;50423.1724137931;4660.9655172413795;87061327.44827586
1687958516;0;49152;4660.9655172413795;82643438.34482759
1687958517;0;50281.93103448276;4660.9655172413795;75326004.96551724
1687958518;0;52541.793103448275;4660.9655172413795;75325157.51724137
1687958519;0;61581.24137931034;5084.689655172414;78364672
1687958520;0;61440;5084.689655172414;81392887.1724138
1687958521;0;58332.68965517241;5084.689655172414;94293874.7586207
1687958522;0;58473.93103448276;5084.689655172414;92047430.62068966
1687958523;564.9655172413793;61863.724137931036;5084.689655172414;90410584.27586207
1687958524;564.9655172413793;64688.55172413793;5084.689655172414;98202588.68965517
1687958525;564.9655172413793;62711.1724137931;5084.689655172414;93416624.55172414
1687958526;564.9655172413793;62569.93103448276;5084.689655172414;91682039.1724138
1687958527;564.9655172413793;60027.58620689655;5084.689655172414;81286673.65517241
1687958528;706.2068965517242;59745.10344827586;5084.689655172414;81839774.89655173
1687958529;706.2068965517242;59745.10344827586;5084.689655172414;90465668.4137931
1687958530;706.2068965517242;60875.03448275862;5084.689655172414;90464114.7586207
1687958531;706.2068965517242;60592.55172413793;5084.689655172414;88848878.34482759
1687958532;706.2068965517242;58615.1724137931;423.7241379310345;84503446.06896551
1687958533;706.2068965517242;59462.620689655174;423.7241379310345;77232622.34482759
1687958534;706.2068965517242;60168.8275862069;423.7241379310345;87397764.4137931
1687958535;706.2068965517242;60875.03448275862;423.7241379310345;87396493.2413793
1687958536;706.2068965517242;60310.06896551724;423.7241379310345;87397623.1724138
1687958537;706.2068965517242;57767.724137931036;423.7241379310345;85823770.48275863
1687958538;706.2068965517242;60027.58620689655;423.7241379310345;86168399.44827586
1687958539;847.448275862069;62711.1724137931;423.7241379310345;80377220.4137931
1687958540;847.448275862069;63558.620689655174;423.7241379310345;85734647.1724138
1687958541;847.448275862069;61298.75862068965;423.7241379310345;90859449.37931034
1687958542;847.448275862069;62287.448275862065;988.6896551724137;93461680.55172414
1687958543;847.448275862069;60592.55172413793;988.6896551724137;90429086.89655173
1687958544;2118.6206896551726;64264.8275862069;988.6896551724137;81948248.27586207
1687958545;2118.6206896551726;63276.13793103448;988.6896551724137;85352871.72413793
1687958546;2118.6206896551726;67230.89655172413;988.6896551724137;93452782.34482758
1687958547;2118.6206896551726;63558.620689655174;1129.9310344827586;97322654.89655173
1687958548;2118.6206896551726;54377.93103448276;706.2068965517242;101095070.89655173
1687958549;2966.0689655172414;53389.24137931034;706.2068965517242;99181956.4137931
1687958550;2966.0689655172414;55931.58620689655;706.2068965517242;86282240
1687958551;2966.0689655172414;51976.8275862069;706.2068965517242;88878821.51724137
1687958552;2401.103448275862;48445.793103448275;706.2068965517242;90164541.79310344
1687958553;2401.103448275862;45620.96551724138;706.2068965517242;85424481.10344827
1687958554;2401.103448275862;49293.24137931034;706.2068965517242;90224428.13793103
1687958555;2683.5862068965516;50140.68965517241;706.2068965517242;94535397.51724137
1687958556;2683.5862068965516;49716.96551724138;706.2068965517242;100609765.51724137
1687958557;2542.344827586207;50140.68965517241;706.2068965517242;97265028.4137931
1687958558;2542.344827586207;48304.55172413793;706.2068965517242;101074167.1724138
1687958559;2542.344827586207;49858.206896551725;706.2068965517242;101074167.1724138
1687958560;2542.344827586207;49999.448275862065;706.2068965517242;101073037.2413793
1687958561;2542.344827586207;51129.379310344826;706.2068965517242;105086552.27586207
1687958562;2542.344827586207;50705.65517241379;706.2068965517242;107150936.27586207
1687958563;2542.344827586207;49010.75862068965;706.2068965517242;107417317.51724137
1687958564;2542.344827586207;48163.31034482759;706.2068965517242;107417317.51724137
1687958565;2542.344827586207;48163.31034482759;706.2068965517242;107416187.5862069
1687958566;2542.344827586207;51129.379310344826;706.2068965517242;113491826.7586207
1687958567;2542.344827586207;51129.379310344826;706.2068965517242;111682807.1724138
1687958568;2401.103448275862;48445.793103448275;706.2068965517242;107826776.27586207
1687958569;2401.103448275862;49858.206896551725;706.2068965517242;106364221.79310344
1687958570;2401.103448275862;53248;706.2068965517242;111003436.13793103
1687958571;2401.103448275862;54942.89655172414;141.24137931034483;108401204.96551724
1687958572;2401.103448275862;56637.793103448275;141.24137931034483;108414340.4137931
1687958573;1129.9310344827586;52118.06896551724;141.24137931034483;108414340.4137931
1687958574;2259.862068965517;56214.06896551724;141.24137931034483;108396261.51724137
1687958575;2259.862068965517;50423.1724137931;141.24137931034483;103333605.51724137
1687958576;2259.862068965517;51553.10344827586;0;105538242.20689654
1687958577;2259.862068965517;52824.275862068964;0;100787305.93103448
1687958578;1412.4137931034484;55649.10344827586;0;99663165.79310344
1687958579;1694.896551724138;52965.51724137931;0;109752884.96551724
1687958580;2259.862068965517;57767.724137931036;0;117280203.03448276
1687958581;2259.862068965517;57485.24137931034;0;116984443.5862069
1687958582;2259.862068965517;59180.137931034486;0;113935465.93103448
1687958583;2259.862068965517;55649.10344827586;0;110546944
1687958584;1977.3793103448274;56355.31034482759;0;106234985.93103448
1687958585;2259.862068965517;55366.620689655174;0;104679635.86206897
1687958586;2259.862068965517;57626.48275862069;706.2068965517242;125884627.86206897
1687958587;2259.862068965517;58473.93103448276;706.2068965517242;113451855.44827586
1687958588;2259.862068965517;58191.448275862065;706.2068965517242;116121035.03448276
1687958589;2259.862068965517;61581.24137931034;706.2068965517242;116121035.03448276
1687958590;2259.862068965517;60168.8275862069;706.2068965517242;112107520
1687958591;2259.862068965517;62993.65517241379;5790.896551724138;109769127.72413793
1687958592;2259.862068965517;62146.206896551725;5790.896551724138;118513099.03448276
1687958593;2259.862068965517;62146.206896551725;5790.896551724138;122273792
1687958594;2259.862068965517;62569.93103448276;5790.896551724138;123810921.93103448
1687958595;2259.862068965517;59745.10344827586;5790.896551724138;123504286.89655173
1687958596;2259.862068965517;63982.3448275862;5790.896551724138;123504286.89655173
1687958597;2259.862068965517;62852.41379310345;5932.137931034483;123504993.10344827
1687958598;2259.862068965517;61863.724137931036;5932.137931034483;126845634.20689654
1687958599;3389.793103448276;59180.137931034486;5932.137931034483;124090297.37931034
1687958600;3389.793103448276;57202.75862068965;5932.137931034483;124090297.37931034
1687958601;3389.793103448276;57908.96551724138;5932.137931034483;124077444.4137931
1687958602;3389.793103448276;58897.65517241379;5932.137931034483;124077444.4137931
1687958603;2259.862068965517;54801.65517241379;5932.137931034483;121039059.86206897
1687958604;3107.310344827586;56637.793103448275;5932.137931034483;121039059.86206897
1687958605;3107.310344827586;56072.8275862069;5932.137931034483;118001664
1687958606;3107.310344827586;54519.1724137931;5932.137931034483;117724265.93103448
1687958607;3107.310344827586;52541.793103448275;5932.137931034483;122018992.55172414
1687958608;2824.8275862068967;53389.24137931034;5932.137931034483;114375150.34482758
1687958609;2259.862068965517;51129.379310344826;5932.137931034483;111041006.34482758
1687958610;2542.344827586207;49716.96551724138;5932.137931034483;107858838.06896551
1687958611;2542.344827586207;50140.68965517241;5932.137931034483;107858696.8275862
1687958612;2542.344827586207;50846.89655172414;5932.137931034483;111799190.06896551
1687958613;2542.344827586207;48163.31034482759;5932.137931034483;114351421.79310344
1687958614;2259.862068965517;48869.51724137931;5932.137931034483;120528189.79310344
1687958615;2259.862068965517;45762.206896551725;5225.931034482758;98663318.06896551
1687958616;2259.862068965517;47033.379310344826;5225.931034482758;98662329.37931034
1687958617;2259.862068965517;44632.275862068964;5225.931034482758;95993149.79310344
1687958618;2259.862068965517;41101.24137931035;5225.931034482758;99030545.65517241
1687958619;2259.862068965517;42513.65517241379;5225.931034482758;111593260.13793103
1687958620;2259.862068965517;41101.24137931035;141.24137931034483;108828601.37931034
1687958621;2259.862068965517;41807.448275862065;141.24137931034483;86994379.03448276
1687958622;2259.862068965517;42654.89655172414;706.2068965517242;83233686.06896551
1687958623;2259.862068965517;42372.41379310345;706.2068965517242;84734516.96551724
1687958624;2259.862068965517;40677.51724137931;706.2068965517242;82003191.1724138
1687958625;2259.862068965517;37711.448275862065;706.2068965517242;94625792
1687958626;2259.862068965517;37852.68965517241;564.9655172413793;91587689.93103448
1687958627;2259.862068965517;37146.48275862069;564.9655172413793;84351046.62068966
1687958628;1129.9310344827586;36581.51724137931;564.9655172413793;77342508.13793103
1687958629;1129.9310344827586;37993.93103448276;564.9655172413793;80380327.72413793
1687958630;1129.9310344827586;35592.8275862069;564.9655172413793;93094876.68965517
1687958631;1129.9310344827586;34745.379310344826;564.9655172413793;93097136.55172414
1687958632;1129.9310344827586;38700.137931034486;564.9655172413793;90056915.86206897
1687958633;282.48275862068965;37005.24137931035;564.9655172413793;87027288.27586207
1687958634;282.48275862068965;38558.89655172414;564.9655172413793;83990033.65517241
1687958635;282.48275862068965;37711.448275862065;564.9655172413793;82206437.51724137
1687958636;282.48275862068965;40818.75862068965;564.9655172413793;77911710.89655173
1687958637;282.48275862068965;39971.31034482759;564.9655172413793;80357729.10344827
1687958638;282.48275862068965;38558.89655172414;564.9655172413793;76074443.03448276
1687958639;0;40112.55172413793;564.9655172413793;79645166.34482759
1687958640;0;41242.48275862069;564.9655172413793;89592796.68965517
1687958641;0;42372.41379310345;564.9655172413793;86849606.62068966
1687958642;0;45338.48275862069;564.9655172413793;84297374.89655173
1687958643;0;47315.862068965514;564.9655172413793;73603283.86206897
1687958644;0;47598.3448275862;564.9655172413793;73603283.86206897
1687958645;0;47033.379310344826;564.9655172413793;76565680.55172414
1687958646;0;47033.379310344826;564.9655172413793;89249156.4137931
1687958647;0;49434.48275862069;564.9655172413793;86211760.55172414
1687958648;0;48587.03448275862;564.9655172413793;73650176
1687958649;0;47880.8275862069;564.9655172413793;73650176
1687958650;0;49293.24137931034;564.9655172413793;76687571.86206897
1687958651;0;50564.41379310345;0;89338138.48275863
1687958652;0;49716.96551724138;0;86300177.65517241
1687958653;0;51553.10344827586;0;83263629.2413793
1687958654;0;52118.06896551724;0;70641028.4137931
1687958655;0;54801.65517241379;0;73682944
1687958656;0;56072.8275862069;0;80938231.1724138
1687958657;0;55931.58620689655;706.2068965517242;86401588.96551724
1687958658;0;54942.89655172414;706.2068965517242;83363769.37931034
1687958659;0;56072.8275862069;706.2068965517242;70651197.79310344
1687958660;0;57908.96551724138;706.2068965517242;70648937.93103448
1687958661;0;59038.89655172414;706.2068965517242;70648937.93103448
1687958662;0;58897.65517241379;706.2068965517242;70641310.89655173
1687958663;0;58756.41379310345;706.2068965517242;75433630.89655173
1687958664;0;58756.41379310345;706.2068965517242;75436032
1687958665;0;57202.75862068965;706.2068965517242;78473427.86206897
1687958666;0;63841.10344827586;1412.4137931034484;76619352.27586207
1687958667;0;63841.10344827586;1412.4137931034484;86770370.20689654
1687958668;0;62287.448275862065;1412.4137931034484;83199646.89655173
1687958669;0;61298.75862068965;1412.4137931034484;73250604.13793103
1687958670;0;61581.24137931034;1412.4137931034484;70641875.86206897
1687958671;0;59180.137931034486;1412.4137931034484;72472787.86206897
1687958672;0;57344;1412.4137931034484;86428848.55172414
1687958673;0;59886.3448275862;1412.4137931034484;86428848.55172414
1687958674;0;59180.137931034486;1412.4137931034484;83466310.62068966
1687958675;0;60027.58620689655;1412.4137931034484;70782834.7586207
1687958676;0;58897.65517241379;1412.4137931034484;72378862.34482759
1687958677;0;59321.379310344826;1412.4137931034484;77639680
1687958678;0;58191.448275862065;1412.4137931034484;86349047.1724138
1687958679;0;57061.51724137931;1412.4137931034484;83310521.37931034
1687958680;0;57061.51724137931;1412.4137931034484;70659954.7586207
1687958681;0;58473.93103448276;1412.4137931034484;73698056.8275862
1687958682;0;57767.724137931036;5367.172413793103;75662018.20689654
1687958683;0;53812.96551724138;5367.172413793103;75662018.20689654
1687958684;0;52965.51724137931;5367.172413793103;76289977.37931034
1687958685;0;50281.93103448276;5367.172413793103;74107939.31034483
1687958686;0;53389.24137931034;4660.9655172413795;72288467.86206897
1687958687;0;50988.137931034486;4660.9655172413795;72295812.4137931
1687958688;0;51694.3448275862;4802.206896551724;72286349.2413793
1687958689;0;49716.96551724138;4802.206896551724;72286349.2413793
1687958690;0;45903.448275862065;4802.206896551724;74601436.68965517
1687958691;0;47880.8275862069;4802.206896551724;76962851.31034483
1687958692;0;47033.379310344826;5225.931034482758;75018663.72413793
1687958693;0;47880.8275862069;5225.931034482758;79644742.62068966
1687958694;0;46609.65517241379;5225.931034482758;79644601.37931034
1687958695;0;39971.31034482759;4519.724137931034;79642765.2413793
1687958696;0;40960;4519.724137931034;73140294.62068966
1687958697;0;44067.31034482759;4519.724137931034;79667058.7586207
1687958698;0;41948.68965517241;4519.724137931034;79665646.34482759
1687958699;0;39971.31034482759;4519.724137931034;79665646.34482759
1687958700;0;39265.10344827586;4519.724137931034;80872130.20689654
1687958701;0;40395.03448275862;4519.724137931034;69952476.68965517
1687958702;0;39971.31034482759;4519.724137931034;76721893.51724137
1687958703;0;39123.862068965514;4519.724137931034;83158404.4137931
1687958704;0;41524.96551724138;4519.724137931034;83158404.4137931
1687958705;0;40112.55172413793;4519.724137931034;81562518.06896551
1687958706;0;43219.862068965514;4519.724137931034;76452687.44827586
1687958707;0;51976.8275862069;5932.137931034483;70638486.06896551
1687958708;0;52965.51724137931;5932.137931034483;83143009.10344827
1687958709;0;50705.65517241379;5932.137931034483;83143997.79310344
1687958710;0;51553.10344827586;5932.137931034483;80105895.72413793
1687958711;0;54801.65517241379;1977.3793103448274;83033547.03448276
1687958712;0;55084.137931034486;1977.3793103448274;83278177.10344827
1687958713;0;54801.65517241379;1977.3793103448274;79607031.1724138
1687958714;0;58615.1724137931;1977.3793103448274;83632834.20689654
1687958715;1129.9310344827586;57202.75862068965;1977.3793103448274;79988806.62068966
1687958716;1129.9310344827586;58615.1724137931;1977.3793103448274;79981462.06896551
1687958717;1129.9310344827586;58897.65517241379;1836.1379310344828;86062892.13793103
1687958718;1129.9310344827586;59745.10344827586;1836.1379310344828;86171506.7586207
1687958719;1129.9310344827586;59321.379310344826;1836.1379310344828;99657374.89655173
1687958720;1977.3793103448274;60168.8275862069;1836.1379310344828;97295960.27586207
1687958721;1977.3793103448274;60310.06896551724;1412.4137931034484;94447969.10344827
1687958722;1977.3793103448274;60875.03448275862;1412.4137931034484;92859286.06896551
1687958723;1977.3793103448274;61572.748586401874;1412.4137931034484;89822031.44827586
1687958724;1977.3793103448274;63699.862068965514;1412.4137931034484;92866065.65517241
1687958725;1977.3793103448274;64264.8275862069;1412.4137931034484;94031872
1687958726;2259.862068965517;63276.13793103448;1412.4137931034484;95009121.10344827
1687958727;2259.862068965517;64406.06896551724;1412.4137931034484;95013217.10344827
1687958728;2259.862068965517;67230.89655172413;1412.4137931034484;98050612.96551724
1687958729;2259.862068965517;66383.44827586207;1412.4137931034484;104128653.2413793
1687958730;2259.862068965517;67089.6551724138;1412.4137931034484;101091539.86206897
1687958731;2259.862068965517;64829.793103448275;1412.4137931034484;94365342.89655173
1687958732;2259.862068965517;66807.1724137931;3389.793103448276;100668804.4137931
1687958733;2259.862068965517;67937.10344827586;9745.655172413793;102757058.20689654
1687958734;2259.862068965517;68925.79310344828;9745.655172413793;102757058.20689654
1687958735;2259.862068965517;66100.96551724138;9745.655172413793;108643292.68965517
1687958736;2259.862068965517;59745.10344827586;9180.689655172413;105748126.89655173
1687958737;2259.862068965517;59462.620689655174;9180.689655172413;104679070.89655173
1687958738;2259.862068965517;61722.48275862069;10451.862068965516;104678082.20689654
1687958739;2259.862068965517;63417.379310344826;10451.862068965516;105876091.5862069
1687958740;2259.862068965517;59038.89655172414;10451.862068965516;105859848.8275862
1687958741;2259.862068965517;59603.862068965514;10451.862068965516;110422792.8275862
1687958742;2259.862068965517;59180.137931034486;10451.862068965516;110422792.8275862
1687958743;2259.862068965517;57344;10451.862068965516;104625399.1724138
1687958744;1129.9310344827586;56637.793103448275;10451.862068965516;107706438.62068966
1687958745;2259.862068965517;56072.8275862069;11158.068965517241;107712229.51724137
1687958746;2259.862068965517;56779.03448275862;11158.068965517241;107705873.65517241
1687958747;2259.862068965517;57767.724137931036;11158.068965517241;110634513.65517241
1687958748;2259.862068965517;64547.31034482759;11158.068965517241;100908067.31034483
1687958749;1412.4137931034484;62569.93103448276;11158.068965517241;104852797.79310344
1687958750;1694.896551724138;64123.58620689655;11158.068965517241;105728494.34482758
1687958751;2259.862068965517;64123.58620689655;11158.068965517241;116043493.51724137
1687958752;2259.862068965517;63284.8668781901;11158.068965517241;127434752
1687958753;2259.862068965517;62852.41379310345;11158.068965517241;121353463.1724138
1687958754;2259.862068965517;61157.51724137931;11158.068965517241;120109974.06896551
1687958755;1977.3793103448274;60592.55172413793;11158.068965517241;114358483.86206897
1687958756;2259.862068965517;61440;11158.068965517241;114354387.86206897
1687958757;2259.862068965517;60027.58620689655;11158.068965517241;111316992
1687958758;2259.862068965517;62569.93103448276;11158.068965517241;102201555.86206897
1687958759;2259.862068965517;60733.793103448275;11158.068965517241;128361860.4137931
1687958760;2259.862068965517;60592.55172413793;11158.068965517241;128318640.55172414
1687958761;2259.862068965517;59180.137931034486;9180.689655172413;117221022.89655173
1687958762;2259.862068965517;55225.379310344826;2824.8275862068967;115132769.10344827
1687958763;2259.862068965517;55931.58620689655;2824.8275862068967;115132627.86206897
1687958764;2259.862068965517;57626.48275862069;2824.8275862068967;135270682.4827586
1687958765;2259.862068965517;55366.620689655174;1977.3793103448274;136677729.10344827
1687958766;2259.862068965517;55225.379310344826;1977.3793103448274;125242262.06896551
1687958767;2259.862068965517;53954.206896551725;706.2068965517242;125242262.06896551
1687958768;2259.862068965517;52541.793103448275;706.2068965517242;125881661.79310344
1687958769;2259.862068965517;53389.24137931034;706.2068965517242;125041840.55172414
1687958770;3389.793103448276;54377.93103448276;4660.9655172413795;131468182.06896551
1687958771;3389.793103448276;53106.75862068965;4660.9655172413795;131468182.06896551
1687958772;3389.793103448276;53248;4660.9655172413795;128166523.5862069
1687958773;3389.793103448276;52400.55172413793;4660.9655172413795;125085484.13793103
1687958774;2259.862068965517;54377.93103448276;3954.758620689655;128121608.8275862
1687958775;3107.310344827586;53530.48275862069;4237.241379310345;123724764.68965517
1687958776;3107.310344827586;54801.65517241379;4943.448275862069;122359949.2413793
1687958777;3107.310344827586;48163.31034482759;4943.448275862069;127831922.7586207
1687958778;3107.310344827586;49010.75862068965;4943.448275862069;123888180.96551724
1687958779;2824.8275862068967;52824.275862068964;4943.448275862069;123021241.37931034
1687958780;2259.862068965517;52259.31034482759;4943.448275862069;109666445.2413793
1687958781;2542.344827586207;53389.24137931034;4943.448275862069;103740945.65517241
1687958782;2542.344827586207;54236.68965517241;4943.448275862069;103740945.65517241
1687958783;2542.344827586207;54095.448275862065;4943.448275862069;100703267.31034483
1687958784;2542.344827586207;53530.48275862069;4943.448275862069;101990682.48275863
1687958785;2259.862068965517;53106.75862068965;4943.448275862069;103592924.68965517
1687958786;2259.862068965517;54236.68965517241;4943.448275862069;108065332.96551724
1687958787;2259.862068965517;52683.03448275862;4943.448275862069;120565760
1687958788;2259.862068965517;53389.24137931034;4943.448275862069;94404325.51724137
1687958789;2259.862068965517;54377.93103448276;4943.448275862069;94405737.93103448
1687958790;2259.862068965517;57344;4943.448275862069;92762253.2413793
1687958791;2259.862068965517;58756.41379310345;4943.448275862069;94121984
1687958792;2259.862068965517;57061.51724137931;4943.448275862069;108427617.10344827
1687958793;2259.862068965517;54660.41379310345;4943.448275862069;82251211.03448276
1687958794;2259.862068965517;55366.620689655174;4943.448275862069;80845859.31034483
1687958795;2259.862068965517;55225.379310344826;4943.448275862069;80845859.31034483
1687958796;2259.862068965517;57202.75862068965;4943.448275862069;83888481.10344827
1687958797;2259.862068965517;54660.41379310345;4943.448275862069;91148288
1687958798;2259.862068965517;57626.48275862069;4943.448275862069;90743207.72413793
1687958799;1129.9310344827586;56779.03448275862;988.6896551724137;79510422.06896551
1687958800;1129.9310344827586;59180.137931034486;988.6896551724137;79510422.06896551
1687958801;1129.9310344827586;58615.1724137931;988.6896551724137;82549654.06896551
1687958802;1129.9310344827586;58473.93103448276;988.6896551724137;82550642.7586207
1687958803;1129.9310344827586;56779.03448275862;988.6896551724137;90908318.89655173
1687958804;282.48275862068965;54801.65517241379;706.2068965517242;89232913.65517241
1687958805;282.48275862068965;56637.793103448275;0;87560474.48275863
1687958806;282.48275862068965;56779.03448275862;0;76014132.96551724
1687958807;282.48275862068965;57061.51724137931;423.7241379310345;79052658.7586207
1687958808;282.48275862068965;52118.06896551724;423.7241379310345;82081015.1724138
1687958809;282.48275862068965;53106.75862068965;423.7241379310345;94638503.72413793
1687958810;0;52683.03448275862;423.7241379310345;89172744.8275862
1687958811;0;51694.3448275862;423.7241379310345;89172744.8275862
1687958812;0;50846.89655172414;423.7241379310345;86133230.34482759
1687958813;0;50140.68965517241;423.7241379310345;86136055.1724138
1687958814;0;51976.8275862069;423.7241379310345;85788742.62068966
1687958815;0;55931.58620689655;1129.9310344827586;93874670.34482758
1687958816;0;57061.51724137931;1129.9310344827586;81374243.31034483
1687958817;0;58191.448275862065;1129.9310344827586;81374243.31034483
1687958818;0;57767.724137931036;1129.9310344827586;81372830.89655173
1687958819;0;55790.3448275862;1129.9310344827586;84411356.68965517
1687958820;0;55084.137931034486;1129.9310344827586;83521818.48275863
1687958821;0;54519.1724137931;1129.9310344827586;79215368.8275862
1687958822;0;58615.1724137931;1129.9310344827586;83643144.8275862
1687958823;0;56920.275862068964;1129.9310344827586;83641449.93103448
1687958824;0;57344;1129.9310344827586;83642579.86206897
1687958825;0;54942.89655172414;1129.9310344827586;82321972.96551724
1687958826;0;57344;1129.9310344827586;85816990.89655173
1687958827;0;55931.58620689655;1129.9310344827586;82186381.2413793
1687958828;0;54942.89655172414;1836.1379310344828;82192737.10344827
1687958829;0;55084.137931034486;1836.1379310344828;82195561.93103448
1687958830;0;54660.41379310345;1836.1379310344828;79156329.93103448
1687958831;0;56779.03448275862;1836.1379310344828;84975757.2413793
1687958832;0;57202.75862068965;1836.1379310344828;73576165.51724137
1687958833;0;58050.206896551725;1836.1379310344828;76610595.31034483
1687958834;0;55225.379310344826;1836.1379310344828;78817350.62068966
1687958835;0;57344;1836.1379310344828;81338085.51724137
1687958836;0;59745.10344827586;1412.4137931034484;79646720
1687958837;0;59886.3448275862;1412.4137931034484;89183337.93103448
1687958838;0;58897.65517241379;1412.4137931034484;76625849.37931034
1687958839;0;58050.206896551725;1412.4137931034484;76627261.79310344
1687958840;0;58332.68965517241;5367.172413793103;76627261.79310344
1687958841;0;60733.793103448275;5367.172413793103;79664940.13793103
1687958842;0;61298.75862068965;5367.172413793103;89071898.48275863
1687958843;0;59603.862068965514;5367.172413793103;87816968.8275862
1687958844;0;52965.51724137931;4660.9655172413795;75259904
1687958845;0;52400.55172413793;5084.689655172414;75259904
1687958846;0;59321.379310344826;5225.931034482758;78298994.7586207
1687958847;0;60310.06896551724;5225.931034482758;89701835.03448276
1687958848;0;59462.620689655174;5225.931034482758;87644654.34482759
1687958849;0;58191.448275862065;5225.931034482758;87175591.72413793
1687958850;0;58756.41379310345;5225.931034482758;77176408.27586207
1687958851;0;57061.51724137931;5225.931034482758;74391834.48275863
1687958852;0;59180.137931034486;5225.931034482758;75786028.13793103
1687958853;0;60310.06896551724;5225.931034482758;87633213.79310344
1687958854;0;59745.10344827586;5225.931034482758;85913882.48275863
1687958855;0;58332.68965517241;5225.931034482758;73321648.55172414
1687958856;0;62711.1724137931;5225.931034482758;73320801.10344827
1687958857;0;63982.3448275862;4519.724137931034;76353394.7586207
1687958858;0;63276.13793103448;4519.724137931034;88925572.4137931
1687958859;0;62993.65517241379;4519.724137931034;88926561.10344827
1687958860;0;61722.48275862069;4519.724137931034;83106145.10344827
1687958861;0;64123.58620689655;4519.724137931034;83106286.34482759
1687958862;0;64971.03448275862;4519.724137931034;83106568.8275862
1687958863;0;64829.793103448275;4519.724137931034;93436257.10344827
1687958864;0;62569.93103448276;4519.724137931034;91030068.96551724
1687958865;0;58332.68965517241;4519.724137931034;89681920
1687958866;0;60592.55172413793;4519.724137931034;77108047.44827586
1687958867;0;60733.793103448275;4519.724137931034;80146149.51724137
1687958868;0;61722.48275862069;4519.724137931034;92630051.31034483
1687958869;0;60592.55172413793;564.9655172413793;92810275.31034483
1687958870;0;59886.3448275862;564.9655172413793;89772455.72413793
1687958871;0;64688.55172413793;564.9655172413793;77322875.5862069
1687958872;0;63699.862068965514;564.9655172413793;77322875.5862069
1687958873;0;66242.20689655172;564.9655172413793;80358859.03448276
1687958874;0;66242.20689655172;141.24137931034483;92996148.96551724
1687958875;0;57485.24137931034;0;89957058.20689654
1687958876;0;59462.620689655174;0;78554359.1724138
1687958877;0;60592.55172413793;0;85467136
1687958878;0;65959.72413793103;0;85570665.93103448
1687958879;0;66100.96551724138;0;85575609.37931034
1687958880;0;64688.55172413793;706.2068965517242;83932407.1724138
1687958881;0;64547.31034482759;706.2068965517242;84308815.44827586
1687958882;0;64547.31034482759;706.2068965517242;76795056.55172414
1687958883;1271.1724137931035;63699.862068965514;706.2068965517242;81449101.2413793
1687958884;1271.1724137931035;64406.06896551724;706.2068965517242;88362443.03448276
1687958885;1271.1724137931035;57626.48275862069;706.2068965517242;93479476.96551724
1687958886;1271.1724137931035;59180.137931034486;706.2068965517242;90439397.51724137
1687958887;1271.1724137931035;58332.68965517241;5084.689655172414;83107275.03448276
1687958888;1553.655172413793;59321.379310344826;5084.689655172414;85836199.72413793
1687958889;2118.6206896551726;60451.31034482759;5084.689655172414;89183479.1724138
1687958890;2118.6206896551726;58332.68965517241;5084.689655172414;92196016.55172414
1687958891;2118.6206896551726;57908.96551724138;5084.689655172414;95264344.27586207
1687958892;2118.6206896551726;64971.03448275862;5084.689655172414;94216756.96551724
1687958893;2118.6206896551726;64829.793103448275;5084.689655172414;95413071.44827586
1687958894;2401.103448275862;66665.93103448275;5084.689655172414;95415048.8275862
1687958895;2401.103448275862;63558.620689655174;5084.689655172414;98552867.31034483
1687958896;2401.103448275862;65818.4827586207;5084.163707202704;95926483.86206897
1687958897;2401.103448275862;65677.24137931035;5084.689655172414;89005091.31034483
1687958898;2401.103448275862;65677.24137931035;5084.689655172414;101588568.27586207
1687958899;2401.103448275862;65112.275862068964;5084.689655172414;101590545.65517241
1687958900;2401.103448275862;61298.75862068965;5084.689655172414;101590404.4137931
1687958901;2401.103448275862;61440;5084.689655172414;106219308.13793103
1687958902;2401.103448275862;61863.724137931036;5084.689655172414;107665761.10344827
1687958903;2401.103448275862;62146.206896551725;5084.689655172414;107515339.03448276
1687958904;2401.103448275862;62711.1724137931;5084.689655172414;108119428.4137931
1687958905;2401.103448275862;59038.89655172414;5225.931034482758;108119287.1724138
1687958906;2401.103448275862;58615.1724137931;5225.931034482758;101796616.8275862
1687958907;2401.103448275862;58473.93103448276;5225.931034482758;106197274.48275863
1687958908;2401.103448275862;57485.24137931034;5225.931034482758;110966713.37931034
1687958909;2401.103448275862;58897.65517241379;4519.724137931034;117004782.34482758
1687958910;2401.103448275862;57767.724137931036;4943.448275862069;115247739.5862069
1687958911;2401.103448275862;57908.96551724138;5790.896551724138;110913182.89655173
1687958912;2259.862068965517;58756.41379310345;5790.896551724138;112334071.1724138
1687958913;2259.862068965517;61298.75862068965;5790.896551724138;108457984
1687958914;2259.862068965517;62004.96551724138;5790.896551724138;109416589.2413793
1687958915;2259.862068965517;59180.137931034486;5790.896551724138;111852438.06896551
1687958916;2259.862068965517;59745.10344827586;1412.4137931034484;109574355.86206897
1687958917;2259.862068965517;59038.89655172414;1977.3793103448274;111266145.10344827
1687958918;2259.862068965517;60168.8275862069;1977.3793103448274;127278821.51724137
1687958919;2259.862068965517;58332.68965517241;1977.3793103448274;124958225.65517241
1687958920;2259.862068965517;58332.68965517241;1977.3793103448274;120515336.8275862
1687958921;2259.862068965517;50564.41379310345;1976.9021270727753;110026469.51724137
1687958922;2259.862068965517;52683.03448275862;1977.3793103448274;113260190.89655173
1687958923;2259.862068965517;52400.55172413793;1977.3793103448274;128876967.72413793
1687958924;2259.862068965517;52400.55172413793;1977.3793103448274;133756433.65517241
1687958925;2259.862068965517;49858.206896551725;1977.5838879884125;133349234.7586207
1687958926;2259.862068965517;50988.137931034486;1977.3793103448274;129507610.48275863
1687958927;2259.862068965517;51129.379310344826;1977.3793103448274;116743909.51724137
1687958928;2259.862068965517;51129.379310344826;1977.3793103448274;116741932.13793103
1687958929;2259.862068965517;50140.68965517241;1977.3793103448274;133248105.93103448
1687958930;2259.862068965517;51270.620689655174;1977.3793103448274;141144770.20689654
1687958931;2259.862068965517;49999.448275862065;1977.3793103448274;136661203.86206895
1687958932;2259.862068965517;49575.724137931036;1977.3793103448274;124174336
1687958933;2259.862068965517;49575.724137931036;1977.3793103448274;125160765.79310344
1687958934;2259.862068965517;51976.8275862069;1836.1379310344828;128328527.44827586
1687958935;2824.8275862068967;51411.862068965514;1836.1379310344828;139910461.79310346
1687958936;2824.8275862068967;49293.24137931034;1836.1379310344828;135405144.27586207
1687958937;2824.8275862068967;50281.93103448276;1836.1379310344828;130630761.93103448
1687958938;2824.8275862068967;51411.862068965514;1836.1379310344828;124592692.96551724
1687958939;2824.8275862068967;53671.724137931036;1412.4137931034484;127618789.51724137
1687958940;2824.8275862068967;51694.3448275862;564.9655172413793;128962701.2413793
1687958941;1836.1379310344828;52683.03448275862;564.9655172413793;122885084.68965517
1687958942;1836.1379310344828;49716.96551724138;4802.206896551724;133404742.62068966
1687958943;1836.1379310344828;55931.58620689655;4802.206896551724;127328962.20689654
1687958944;1836.1379310344828;56214.06896551724;4802.206896551724;124894243.31034483
1687958945;1836.1379310344828;55366.620689655174;4802.206896551724;121930999.1724138
1687958946;1553.655172413793;57767.724137931036;4237.241379310345;117516923.5862069
1687958947;988.6896551724137;55366.620689655174;4237.241379310345;104152523.03448276
1687958948;988.6896551724137;57344;4378.482758620689;103460440.27586207
1687958949;988.6896551724137;57626.48275862069;4378.482758620689;104842204.68965517
1687958950;988.6896551724137;57908.96551724138;4379.53988893871;106879470.34482758
1687958951;988.6896551724137;56496.55172413793;4378.482758620689;104163539.86206897
1687958952;706.2068965517242;56496.55172413793;4378.482758620689;88544785.65517241
1687958953;706.2068965517242;56496.55172413793;4378.482758620689;97511635.86206897
1687958954;706.2068965517242;57767.724137931036;4378.482758620689;97507116.13793103
1687958955;706.2068965517242;56637.793103448275;5084.689655172414;95784818.7586207
1687958956;706.2068965517242;59603.862068965514;5084.689655172414;95786231.1724138
1687958957;706.2068965517242;59321.379310344826;5084.689655172414;97073363.86206897
1687958958;706.2068965517242;59321.379310344826;5084.689655172414;80567190.06896551
1687958959;706.2068965517242;60310.06896551724;5084.689655172414;85346657.10344827
1687958960;706.2068965517242;59462.620689655174;5084.689655172414;85346515.86206897
1687958961;706.2068965517242;59321.379310344826;5084.689655172414;85347787.03448276
1687958962;706.2068965517242;61016.275862068964;5084.689655172414;83757267.86206897
1687958963;706.2068965517242;60733.793103448275;5084.689655172414;80589647.44827586
1687958964;141.24137931034483;60875.03448275862;5084.689655172414;70960092.68965517
1687958965;141.24137931034483;59180.137931034486;5084.689655172414;82928322.20689654
1687958966;141.24137931034483;59180.137931034486;5084.689655172414;82929452.13793103
1687958967;141.24137931034483;58191.448275862065;5084.689655172414;82929452.13793103
1687958968;141.24137931034483;55084.137931034486;5084.689655172414;79898412.13793103
1687958969;141.24137931034483;56496.55172413793;5084.689655172414;82195561.93103448
1687958970;0;54660.41379310345;5084.689655172414;90701824
1687958971;0;53954.206896551725;847.448275862069;77148160
1687958972;0;50564.41379310345;847.448275862069;77148160
1687958973;0;50281.93103448276;847.448275862069;80184425.93103448
1687958974;0;54660.41379310345;847.448275862069;83222669.2413793
1687958975;0;51976.8275862069;847.448275862069;86252296.8275862
1687958976;0;53530.48275862069;847.448275862069;87765415.72413793
1687958977;0;52683.03448275862;706.2068965517242;87765415.72413793
1687958978;0;51976.8275862069;706.2068965517242;92110283.03448276
1687958979;0;52259.31034482759;706.2068965517242;89073028.4137931
1687958980;0;51694.3448275862;4660.9655172413795;87244235.03448276
1687958981;0;50988.137931034486;4660.9655172413795;94456726.06896551
1687958982;0;52118.06896551724;4660.9655172413795;77472591.44827586
1687958983;0;51976.8275862069;4660.9655172413795;85158523.5862069
1687958984;0;51129.379310344826;3954.758620689655;85158523.5862069
1687958985;0;49152;4378.482758620689;85157111.1724138
1687958986;0;49999.448275862065;4802.206896551724;86266985.93103448
1687958987;0;52541.793103448275;4802.206896551724;98768260.4137931
1687958988;0;50281.93103448276;4802.206896551724;81463225.37931034
1687958989;0;55084.137931034486;4802.206896551724;81463225.37931034
1687958990;0;53954.206896551725;4802.206896551724;81461954.20689654
1687958991;0;52259.31034482759;4802.206896551724;83082557.79310344
1687958992;0;50846.89655172414;5508.413793103448;83082416.55172414
1687958993;0;50988.137931034486;5508.413793103448;90738123.03448276
1687958994;0;50423.1724137931;5508.413793103448;80869305.37931034
1687958995;0;50281.93103448276;5508.413793103448;80875520
1687958996;0;50564.41379310345;5508.413793103448;80878344.8275862
1687958997;0;52259.31034482759;5508.413793103448;80869729.10344827
1687958998;0;52541.793103448275;5508.413793103448;77228667.5862069
1687958999;0;53248;5508.413793103448;72972641.10344827
1687959000;0;54519.1724137931;5508.413793103448;76006647.1724138
1687959001;0;55225.379310344826;5508.413793103448;77589539.31034483
1687959002;0;55790.3448275862;5508.413793103448;79049833.93103448
1687959003;0;51694.3448275862;5508.413793103448;79048562.7586207
1687959004;0;54519.1724137931;5508.413793103448;77773294.34482759
1687959005;0;53106.75862068965;5508.413793103448;83401198.34482759
1687959006;0;53671.724137931036;5508.413793103448;83401198.34482759
1687959007;0;55507.862068965514;5508.413793103448;76011590.62068966
1687959008;0;54519.1724137931;5508.413793103448;76011590.62068966
1687959009;0;57344;1553.655172413793;79049833.93103448
1687959010;0;58050.206896551725;1553.655172413793;75425721.37931034
1687959011;0;58897.65517241379;1553.494466089715;75425721.37931034
1687959012;0;57908.96551724138;1553.655172413793;79049833.93103448
1687959013;0;58050.206896551725;1553.655172413793;79049833.93103448
1687959014;0;57767.724137931036;1129.9310344827586;79049833.93103448
1687959015;0;58050.206896551725;706.2068965517242;79691211.03448276
1687959016;0;55366.620689655174;706.2068965517242;71772795.5862069
1687959017;0;56496.55172413793;5084.689655172414;80887666.7586207
1687959018;0;50705.65517241379;5084.689655172414;80888796.68965517
1687959019;0;52541.793103448275;5084.689655172414;80888796.68965517
1687959020;0;52541.793103448275;5084.689655172414;79276950.06896551
1687959021;0;52683.03448275862;4378.482758620689;79276950.06896551
1687959022;0;52259.31034482759;4378.482758620689;74172910.34482759
1687959023;0;53389.24137931034;4519.724137931034;72073498.48275863
1687959024;0;54377.93103448276;4519.724137931034;77822163.86206897
1687959025;0;56920.275862068964;4519.724137931034;77822022.62068966
1687959026;0;59321.379310344826;4519.724137931034;79296582.62068966
1687959027;0;58473.93103448276;4519.724137931034;93565492.96551724
1687959028;0;58615.1724137931;4519.724137931034;89315257.37931034
1687959029;0;56920.275862068964;4519.724137931034;86278002.7586207
1687959030;0;55084.137931034486;4519.724137931034;84696381.79310344
1687959031;0;54660.41379310345;4519.724137931034;81660963.31034483
1687959032;0;55931.58620689655;4519.724137931034;78622437.51724137
1687959033;0;52259.31034482759;4519.724137931034;86917261.2413793
1687959034;0;55790.3448275862;4519.724137931034;80911254.06896551
1687959035;0;54095.448275862065;4519.724137931034;80912666.48275863
1687959036;0;55225.379310344826;4519.724137931034;80912666.48275863
1687959037;0;55366.620689655174;4519.724137931034;80912666.48275863
1687959038;0;53106.75862068965;4519.724137931034;80912384
1687959039;0;52400.55172413793;4519.724137931034;89947877.51724137
1687959040;0;51553.10344827586;5226.471703969376;89949148.68965517
1687959041;0;51976.8275862069;5225.931034482758;78639104
1687959042;0;51976.8275862069;5225.931034482758;78639245.2413793
1687959043;0;53530.48275862069;5225.931034482758;81678194.7586207
1687959044;0;56355.31034482759;5225.931034482758;82446689.10344827
1687959045;0;58473.93103448276;5225.931034482758;85459226.48275863
1687959046;0;60168.8275862069;847.448275862069;76350146.20689654
1687959047;0;60168.8275862069;847.448275862069;76374863.44827586
1687959048;0;62428.68965517241;847.448275862069;76374863.44827586
1687959049;0;60875.03448275862;847.448275862069;76366106.48275863
1687959050;0;61298.75862068965;847.448275862069;76366106.48275863
1687959051;0;61298.75862068965;847.448275862069;70290608.55172414
1687959052;0;62711.1724137931;706.2068965517242;70296540.68965517
1687959053;0;60875.03448275862;706.2068965517242;64540530.75862069
1687959054;0;57061.51724137931;706.2068965517242;64537847.17241379
1687959055;0;53812.96551724138;706.2068965517242;63064699.5862069
1687959056;0;54942.89655172414;706.2068965517242;48795789.24137931
1687959057;0;54801.65517241379;706.2068965517242;48795789.24137931
1687959058;0;57767.724137931036;706.2068965517242;48797766.62068965
1687959059;0;55366.620689655174;706.2068965517242;48796495.448275864
1687959060;0;56214.06896551724;706.2068965517242;47334223.448275864
1687959061;0;54519.1724137931;706.2068965517242;47334223.448275864
1687959062;0;59886.3448275862;706.2068965517242;37277413.51724138
1687959063;0;55507.862068965514;706.2068965517242;30146842.48275862
1687959064;0;58332.68965517241;706.2068965517242;30145430.068965517
1687959065;0;55366.620689655174;4660.9655172413795;30145430.068965517
1687959066;0;59180.137931034486;4660.9655172413795;30145430.068965517
1687959067;0;58473.93103448276;4660.9655172413795;27107469.24137931
1687959068;0;62146.206896551725;5367.172413793103;14483597.24137931
1687959069;0;60027.58620689655;4660.9655172413795;14482326.068965517
1687959070;0;61298.75862068965;4660.9655172413795;14482326.068965517
1687959071;0;66807.1724137931;4660.9655172413795;14482184.827586208
1687959072;0;67937.10344827586;4660.9655172413795;11443235.310344828
1687959073;0;63134.89655172414;4660.9655172413795;7636356.413793104
1687959074;0;62004.96551724138;4660.9655172413795;40960
1687959075;0;59180.137931034486;5084.689655172414;35169.10344827586
1687959076;0;63982.3448275862;5084.689655172414;9321.931034482759
1687959077;0;60592.55172413793;5084.689655172414;35310.3448275862
1687959078;0;66100.96551724138;5084.689655172414;35310.3448275862
1687959079;0;63982.3448275862;5084.689655172414;35310.3448275862
1687959080;0;65253.51724137931;5084.689655172414;35310.3448275862
1687959081;0;64123.58620689655;5084.689655172414;29378.206896551725
1687959082;0;66665.93103448275;5084.689655172414;29378.206896551725
1687959083;0;65112.275862068964;5084.689655172414;30649.379310344826
1687959084;0;65959.72413793103;5084.689655172414;29236.96551724138
1687959085;0;62993.65517241379;5084.689655172414;29236.96551724138
1687959086;0;66665.93103448275;5084.689655172414;29236.96551724138
1687959087;0;64406.06896551724;5084.689655172414;27259.58620689655
1687959088;0;66100.96551724138;5084.689655172414;27259.58620689655
1687959089;0;65959.72413793103;5084.689655172414;27259.58620689655
1687959090;0;67089.6551724138;5084.689655172414;27259.58620689655
1687959091;0;62287.448275862065;5084.689655172414;27259.58620689655
