Time;{instance="10.231.0.208:9100"};{instance="192.168.221.10:9100"};{instance="192.168.221.11:9100"};{instance="192.168.221.12:9100"}
1687958371;0;8615.724137931034;1412.4137931034484;2967905.103448276
1687958372;0;8615.724137931034;1412.4137931034484;2967905.103448276
1687958373;0;8615.724137931034;1412.4137931034484;2978074.4827586208
1687958374;1833030.6206896552;8615.724137931034;1412.4137931034484;3002509.2413793104
1687958375;5533554.75862069;8615.724137931034;1412.4137931034484;3002932.9655172415
1687958376;8975607.172413792;3954.758620689655;1412.4137931034484;2998413.2413793104
1687958377;11844925.793103447;0;0;3000673.103448276
1687958378;15165934.344827587;0;0;3003215.448275862
1687958379;18878322.75862069;0;0;1697015.1724137932
1687958380;22909916.689655174;0;0;1458034.7586206896
1687958381;26644197.517241377;0;0;176692.9655172414
1687958382;30460539.586206894;0;0;49858.206896551725
1687958383;34087053.24137931;0;0;81213.79310344828
1687958384;38071331.31034483;0;0;81213.79310344828
1687958385;42133009.655172415;0;0;81213.79310344828
1687958386;46038051.31034483;0;0;81213.79310344828
1687958387;50105803.034482755;0;0;81213.79310344828
1687958388;54282028.137931034;0;0;81213.79310344828
1687958389;58187069.79310345;0;0;81213.79310344828
1687958390;62092111.448275864;0;0;81213.79310344828
1687958391;66159863.17241379;0;0;81213.79310344828
1687958392;70046825.93103448;0;0;81213.79310344828
1687958393;73825315.31034483;0;0;81496.27586206897
1687958394;77902106.48275863;0;0;86016
1687958395;82006016;0;0;88558.3448275862
1687958396;86105405.79310344;0;0;88558.3448275862
1687958397;90010447.44827586;0;0;88558.3448275862
1687958398;93915489.10344827;0;0;88558.3448275862
1687958399;97965161.93103448;0;0;88558.3448275862
1687958400;102159465.93103448;0;0;88558.3448275862
1687958401;105919876.4137931;0;0;88558.3448275862
1687958402;107556016.55172414;0;0;78388.96551724138
1687958403;109609807.44827586;0;0;53954.206896551725
1687958404;107983130.48275863;0;0;53655.07256368713
1687958405;104541078.06896551;0;0;485164.1379310345
1687958406;106101089.10344827;0;0;1834301.7931034483
1687958407;106829753.37931034;0;0;2844177.6551724137
1687958408;107167037.79310344;0;0;3778065.6551724137
1687958409;107185116.68965517;0;0;4785964.137931034
1687958410;107355877.51724137;0;0;5771828.9655172415
1687958411;107589208.27586207;0;0;6750349.24137931
1687958412;108012367.44827586;0;0;7768558.344827586
1687958413;108077762.20689654;0;0;8941991.72413793
1687958414;108065756.68965517;0;0;9775598.344827587
1687958415;108110953.93103448;0;0;10746915.310344828
1687958416;108101914.48275863;0;0;11815830.068965517
1687958417;107921125.51724137;0;0;12803248.551724138
1687958418;107776494.34482758;0;0;13795892.965517242
1687958419;107487232;0;0;14615799.172413792
1687958420;107324521.93103448;0;0;15652510.896551725
1687958421;107387798.06896551;0;0;16616059.586206896
1687958422;107758415.44827586;0;0;17602206.896551725
1687958423;107722257.65517241;0;0;18623805.79310345
1687958424;106809273.37931034;0;0;19520547.310344826
1687958425;105336973.2413793;0;0;20154014.896551725
1687958426;101456648.8275862;0;0;21212619.03448276
1687958427;97551607.1724138;0;0;22748619.03448276
1687958428;93501934.34482758;0;0;24324449.103448275
1687958429;89307630.34482759;0;0;26076830.896551725
1687958430;85547219.86206897;0;0;27351675.586206894
1687958431;83911079.72413793;0;0;28927223.172413792
1687958432;80024258.20689654;0;0;30161955.310344826
1687958433;77950411.03448276;0;0;32225606.015660033
1687958434;77950411.03448276;0;0;33554573.24137931
1687958435;73521081.37931034;0;0;33900473.37931035
1687958436;69471408.55172414;0;0;34673346.20689655
1687958437;65421735.72413793;0;0;35394100.96551724
1687958438;61372062.89655172;0;0;35529127.72413793
1687958439;57467021.24137931;0;0;34547217.655172415
1687958440;53417348.4137931;0;0;33595674.48275862
1687958441;49367675.5862069;0;0;33759655.72413793
1687958442;45318002.75862069;0;0;34168267.034482755
1687958443;41268329.93103448;0;0;35108228.4137931
1687958444;37318091.034482755;0;0;35773051.5862069
1687958445;33259378.75862069;0;0;36512167.72413793
1687958446;29263942.620689657;0;0;37232922.48275862
1687958447;25503532.137931034;0;0;37853819.5862069
1687958448;21887752.827586208;0;0;38774430.89655172
1687958449;17982711.172413792;0;0;39153381.51724138
1687958450;14032472.275862068;0;0;39798854.62068965
1687958451;9883365.51724138;0;0;40363396.4137931
1687958452;5842732.137931034;0;0;40973417.93103448
1687958453;2651806.896551724;0;0;41632591.448275864
1687958454;24717.241379310344;0;0;42653484.137931034
1687958455;0;0;0;43280737.10344827
1687958456;0;0;0;43690619.5862069
1687958457;0;0;0;43800646.62068965
1687958458;0;0;0;43688924.68965517
1687958459;0;0;0;44088214.06896552
1687958460;0;0;0;44171405.24137931
1687958461;0;0;0;44676766.89655172
1687958462;0;0;0;44277195.034482755
1687958463;0;0;0;44326064.551724136
1687958464;0;0;0;43753613.24137931
1687958465;0;0;0;43289635.31034483
1687958466;0;0;0;43225935.448275864
1687958467;0;0;0;43756296.827586204
1687958468;0;0;0;45365883.5862069
1687958469;0;0;0;46757958.62068965
1687958470;0;0;0;46962758.62068965
1687958471;0;0;0;46989735.72413793
1687958472;0;0;0;46857110.06896552
1687958473;0;0;0;46968125.79310345
1687958474;0;0;0;46656123.5862069
1687958475;0;0;0;46434939.5862069
1687958476;0;0;0;46357963.034482755
1687958477;0;0;0;46145112.27586207
1687958478;0;0;0;46198219.034482755
1687958479;0;0;0;46294404.4137931
1687958480;0;0;0;46329856
1687958481;0;0;0;46347934.89655172
1687958482;141.24137931034483;0;0;46329008.551724136
1687958483;141.24137931034483;0;0;46410222.344827585
1687958484;141.24137931034483;0;0;46383104
1687958485;141.24137931034483;0;0;46202738.75862069
1687958486;141.24137931034483;0;0;46035508.96551724
1687958487;141.24137931034483;0;0;46012910.344827585
1687958488;141.24137931034483;0;0;45961357.24137931
1687958489;141.24137931034483;0;0;45474498.20689655
1687958490;141.24137931034483;0;0;43734404.4137931
1687958491;141.24137931034483;0;0;42390210.20689655
1687958492;141.24137931034483;0;0;42392328.827586204
1687958493;141.24137931034483;0;0;43292883.862068966
1687958494;141.24137931034483;0;0;43652766.89655172
1687958495;141.24137931034483;0;0;43779319.172413796
1687958496;141.24137931034483;0;0;43588643.31034483
1687958497;141.24137931034483;0;0;43724235.034482755
1687958498;141.24137931034483;0;0;43656439.172413796
1687958499;141.24137931034483;0;0;43801070.344827585
1687958500;141.24137931034483;0;0;43992876.137931034
1687958501;141.24137931034483;0;0;44412928
1687958502;141.24137931034483;0;0;44457842.75862069
1687958503;141.24137931034483;0;0;44744986.48275862
1687958504;141.24137931034483;0;0;44773658.48275862
1687958505;141.24137931034483;0;0;44800918.06896552
1687958506;141.24137931034483;0;0;45160094.89655172
1687958507;141.24137931034483;0;0;45385516.137931034
1687958508;141.24137931034483;0;0;45388764.68965517
1687958509;141.24137931034483;0;3107.310344827586;45320545.10344827
1687958510;141.24137931034483;0;3107.310344827586;45189473.10344827
1687958511;0;0;3107.310344827586;45331279.448275864
1687958512;0;0;3107.310344827586;45326759.72413793
1687958513;0;0;3107.310344827586;45371956.96551724
1687958514;0;0;3107.310344827586;45218851.31034483
1687958515;0;0;3107.310344827586;44507842.20689655
1687958516;0;0;3107.310344827586;44620835.31034483
1687958517;0;0;3107.310344827586;45023090.75862069
1687958518;0;0;3107.310344827586;45464752.551724136
1687958519;0;0;3107.310344827586;47265015.17241379
1687958520;0;0;3107.310344827586;48606949.51724138
1687958521;0;0;3107.310344827586;48341133.24137931
1687958522;0;0;3107.310344827586;48033227.034482755
1687958523;0;0;3107.310344827586;48055966.89655172
1687958524;0;0;3107.310344827586;47997210.48275862
1687958525;0;0;3107.310344827586;48290851.31034483
1687958526;0;0;3107.310344827586;48272772.4137931
1687958527;0;0;3107.310344827586;48726157.24137931
1687958528;0;0;3107.310344827586;48637457.655172415
1687958529;0;0;3107.310344827586;48222631.72413793
1687958530;0;0;3107.310344827586;47874612.96551724
1687958531;0;0;3107.310344827586;47732241.655172415
1687958532;0;0;3107.310344827586;47621367.17241379
1687958533;0;0;3107.310344827586;47676027.5862069
1687958534;0;0;3107.310344827586;47743823.448275864
1687958535;0;0;3107.310344827586;47592553.93103448
1687958536;0;0;3107.310344827586;47701733.51724138
1687958537;0;0;3107.310344827586;47795800.27586207
1687958538;0;0;0;47506820.4137931
1687958539;192370.75862068965;0;0;46528441.37931035
1687958540;698156.1379310344;0;0;44888770.20689655
1687958541;3395301.5172413792;0;0;43187235.31034483
1687958542;5920556.137931034;0;0;41483299.31034483
1687958543;8639735.172413792;0;0;40227522.20689655
1687958544;11887015.72413793;0;0;39419904
1687958545;15792057.379310345;0;0;37698030.344827585
1687958546;19841730.20689655;0;0;35673193.93103448
1687958547;23312878.344827585;0;0;34059652.4137931
1687958548;26060870.620689657;0;0;32259389.79310345
1687958549;29983991.172413792;0;0;30607430.620689657
1687958550;34160216.27586207;0;0;29054340.413793102
1687958551;38065257.93103448;0;0;27336845.24137931
1687958552;42114930.75862069;0;0;25632909.24137931
1687958553;46309234.75862069;0;0;24159479.172413792
1687958554;50214276.4137931;0;0;22409922.20689655
1687958555;54119318.06896552;0;0;20712624.551724136
1687958556;58024359.72413793;0;0;18907842.20689655
1687958557;61929401.37931035;0;0;17423677.79310345
1687958558;66268336.551724136;0;0;16162533.51724138
1687958559;70173378.20689654;0;0;14449558.068965517
1687958560;74078419.86206897;0;0;12824434.758620689
1687958561;78272723.86206897;0;0;11154820.413793104
1687958562;82322396.68965517;0;0;9584640
1687958563;86227438.34482759;0;0;7953019.586206896
1687958564;90132480;0;0;6217445.517241379
1687958565;94037521.65517241;0;0;4414075.586206896
1687958566;97942563.31034483;0;0;2611553.103448276
1687958567;102136867.31034483;0;0;1382329.3793103448
1687958568;105464514.20689654;0;0;1020892.6896551724
1687958569;104981751.1724138;0;0;981627.5862068966
1687958570;102284605.79310344;0;0;952108.1379310344
1687958571;99759351.1724138;0;0;955215.448275862
1687958572;100746345.93103448;0;0;1048717.2413793104
1687958573;101404107.03448276;0;0;2043056.551724138
1687958574;101548738.20689654;0;0;3064655.448275862
1687958575;101539698.7586207;0;0;4087525.5172413792
1687958576;102027828.96551724;0;0;5086384.551724138
1687958577;100391688.8275862;0;0;5710247.724137931
1687958578;97969116.68965517;0;0;5710247.724137931
1687958579;97878722.20689654;0;0;6570972.689655173
1687958580;97932958.89655173;0;0;7547233.1034482755
1687958581;97932958.89655173;0;0;8605554.758620689
1687958582;97788327.72413793;0;0;9468822.068965517
1687958583;97933100.13793103;0;0;10438585.379310345
1687958584;97354575.44827586;0;0;11288576
1687958585;95763632.55172414;0;0;11767525.51724138
1687958586;95908263.72413793;0;0;12608194.206896551
1687958587;95619001.37931034;0;0;13509455.448275862
1687958588;95619001.37931034;0;0;14423993.379310345
1687958589;95763632.55172414;0;0;15362259.862068966
1687958590;94028058.48275863;0;0;16259001.379310345
1687958591;91135435.03448276;0;0;16452784.551724138
1687958592;91126395.5862069;0;0;17082297.379310343
1687958593;91280066.20689654;0;0;18191042.20689655
1687958594;89595904;0;0;19167302.620689657
1687958595;85690862.34482759;0;0;20789883.586206898
1687958596;81496558.34482759;0;0;22489299.862068966
1687958597;77976540.68965517;0;0;23747760.551724136
1687958598;77953518.34482759;0;0;25449295.44827586
1687958599;77953518.34482759;0;0;26909166.344827585
1687958600;77953518.34482759;0;0;28515080.827586208
1687958601;74247344.55172414;0;0;29678486.068965517
1687958602;70342302.89655173;0;0;30221276.689655174
1687958603;66292630.06896552;0;0;30776920.275862068
1687958604;62256798.89655172;0;0;31403749.517241377
1687958605;58297520.551724136;0;0;32324643.310344826
1687958606;57185668.4137931;0;0;33481551.44827586
1687958607;55685120;0;0;33991997.79310345
1687958608;51599289.37931035;0;0;34726876.68965517
1687958609;47640011.034482755;0;0;35261757.79310345
1687958610;43590338.20689655;0;0;36016551.72413793
1687958611;39540665.37931035;0;0;36678267.5862069
1687958612;35490851.31034483;0;0;37430942.89655172
1687958613;32172385.103448275;0;0;38224013.24137931
1687958614;29858286.344827585;0;0;39191375.448275864
1687958615;25808613.517241377;0;0;39891932.68965517
1687958616;21758940.689655174;0;0;40488395.034482755
1687958617;17853899.03448276;0;0;41141212.68965517
1687958618;13804226.206896551;0;0;42008858.48275862
1687958619;11345496.275862068;0;0;42867606.06896552
1687958620;10188446.896551725;0;0;44406430.89655172
1687958621;6292444.689655173;0;0;45663479.172413796
1687958622;2233732.4137931033;0;0;46710642.75862069
1687958623;12852.965517241379;0;0;47421934.344827585
1687958624;12852.965517241379;0;0;47360918.06896552
1687958625;12852.965517241379;0;0;47155553.10344827
1687958626;12852.965517241379;0;0;47404137.93103448
1687958627;12852.965517241379;0;0;47562328.27586207
1687958628;12852.965517241379;0;0;47833511.72413793
1687958629;12852.965517241379;0;0;47869669.51724138
1687958630;12852.965517241379;0;0;47819952.551724136
1687958631;12852.965517241379;0;0;46538610.75862069
1687958632;12852.965517241379;0;0;44952187.5862069
1687958633;8050.758620689655;0;0;43923950.344827585
1687958634;8050.758620689655;0;0;43617739.034482755
1687958635;8050.758620689655;0;0;43558982.62068965
1687958636;8050.758620689655;0;0;44588349.79310345
1687958637;8050.758620689655;0;0;44852188.68965517
1687958638;8050.758620689655;0;0;44796398.344827585
1687958639;8050.758620689655;0;0;44474791.72413793
1687958640;8050.758620689655;0;0;44445978.48275862
1687958641;8050.758620689655;0;0;44315047.72413793
1687958642;0;0;0;44631428.4137931
1687958643;0;0;0;44683405.24137931
1687958644;0;0;0;44665891.31034483
1687958645;0;0;0;44503181.24137931
1687958646;0;0;0;44518152.827586204
1687958647;0;0;0;44292166.62068965
1687958648;0;0;0;44242449.655172415
1687958649;0;0;0;44091603.862068966
1687958650;0;0;0;43723811.31034483
1687958651;0;0;0;43122970.48275862
1687958652;0;0;0;43098676.96551724
1687958653;0;0;0;43280172.137931034
1687958654;0;0;0;43444012.137931034
1687958655;0;0;0;43479322.48275862
1687958656;0;0;0;43285256.827586204
1687958657;0;0;0;42674670.344827585
1687958658;0;0;0;41029490.75862069
1687958659;0;0;0;39479649.10344827
1687958660;0;0;0;40837402.48275862
1687958661;0;0;0;42431028.96551724
1687958662;0;0;0;43445707.034482755
1687958663;0;0;0;43310256.551724136
1687958664;0;0;0;43106868.96551724
1687958665;0;0;0;43072123.5862069
1687958666;0;0;0;42765064.827586204
1687958667;0;0;0;42846843.5862069
1687958668;0;0;0;43199382.06896552
1687958669;0;0;0;43398108.68965517
1687958670;0;0;0;43396272.551724136
1687958671;0;0;0;42994017.10344827
1687958672;0;0;0;43066332.68965517
1687958673;0;0;0;43115484.68965517
1687958674;0;0;0;43482712.27586207
1687958675;0;0;0;43532005.51724138
1687958676;0;0;0;43622400
1687958677;0;0;0;43437091.31034483
1687958678;0;0;0;43504322.20689655
1687958679;0;0;0;43652908.137931034
1687958680;0;0;0;44158834.75862069
1687958681;0;0;0;44247816.827586204
1687958682;0;0;0;44109259.034482755
1687958683;1836.1379310344828;0;0;43661665.10344827
1687958684;1836.1379310344828;0;0;41942475.034482755
1687958685;1836.1379310344828;0;0;40283877.51724138
1687958686;1836.1379310344828;0;0;39163409.655172415
1687958687;1836.1379310344828;0;0;40715511.172413796
1687958688;1836.1379310344828;0;0;42396424.827586204
1687958689;1836.1379310344828;0;0;42500378.48275862
1687958690;1836.1379310344828;0;0;42684980.96551724
1687958691;1836.1379310344828;0;0;42671563.034482755
1687958692;1836.1379310344828;0;0;43087236.4137931
1687958693;1836.1379310344828;0;0;43368024.27586207
1687958694;1836.1379310344828;0;0;43640337.655172415
1687958695;1836.1379310344828;0;0;43694574.344827585
1687958696;1836.1379310344828;0;0;43674235.5862069
1687958697;1836.1379310344828;0;0;43856578.20689655
1687958698;1836.1379310344828;0;0;43838499.31034483
1687958699;1836.1379310344828;0;0;44120417.10344827
1687958700;1836.1379310344828;0;0;44272816.551724136
1687958701;1836.1379310344828;0;0;44338352.551724136
1687958702;1836.1379310344828;0;0;44320273.655172415
1687958703;1836.1379310344828;0;0;43929176.27586207
1687958704;1836.1379310344828;0;0;44230302.89655172
1687958705;1836.1379310344828;0;0;44261234.75862069
1687958706;1836.1379310344828;0;0;44619281.655172415
1687958707;1836.1379310344828;0;0;44599649.10344827
1687958708;1836.1379310344828;0;0;44491599.448275864
1687958709;1836.1379310344828;0;0;43885673.93103448
1687958710;1836.1379310344828;0;0;42134987.034482755
1687958711;170619.58620689655;0;0;41052230.62068965
1687958712;1955910.6206896552;0;0;40228228.4137931
1687958713;5774230.068965517;0;0;40253651.862068966
1687958714;9545233.655172413;0;0;40244188.68965517
1687958715;13447874.206896551;0;0;40244188.68965517
1687958716;17350091.03448276;0;0;38692087.172413796
1687958717;21544395.03448276;0;0;37005523.862068966
1687958718;25594067.862068966;0;0;35288028.68965517
1687958719;29634701.24137931;0;0;33509799.724137932
1687958720;33548782.344827585;0;0;31887642.48275862
1687958721;37643652.4137931;0;0;30172972.137931034
1687958722;41503496.827586204;0;0;28373556.96551724
1687958723;45553169.655172415;0;0;26596175.44827586
1687958724;49693236.96551724;0;0;24987012.413793102
1687958725;53757316.4137931;0;0;23470221.24137931
1687958726;57707555.31034483;0;0;21446373.517241377
1687958727;61657794.20689655;0;0;19584670.896551725
1687958728;65951532.137931034;0;0;17686528
1687958729;69856573.79310344;0;0;15943185.655172413
1687958730;73716418.20689654;0;0;14313966.344827587
1687958731;77666657.10344827;0;0;12759181.24137931
1687958732;81336673.10344827;0;0;11323180.137931034
1687958733;85476740.4137931;0;0;9398766.344827587
1687958734;89381782.06896551;0;0;7676468.9655172415
1687958735;93431454.89655173;0;0;5795275.0344827585
1687958736;97472088.27586207;0;0;4165773.2413793104
1687958737;101241538.20689654;0;0;2606468.4137931033
1687958738;105291211.03448276;0;0;1162557.7931034483
1687958739;109395120.55172414;0;0;1166371.3103448276
1687958740;111991702.06896551;0;0;646744.275862069
1687958741;110204574.89655173;0;0;353527.1724137931
1687958742;106386255.44827586;0;0;321606.6206896552
1687958743;102615251.86206897;0;0;321606.6206896552
1687958744;101695629.2413793;0;0;618213.5172413792
1687958745;101843085.2413793;0;0;1666789.5172413792
1687958746;101698454.06896551;0;0;2580621.2413793104
1687958747;101653256.8275862;0;0;3579480.275862069
1687958748;101707493.51724137;0;0;4515063.172413793
1687958749;101843085.2413793;282.48275862068965;0;5499798.068965517
1687958750;101653256.8275862;282.48275862068965;0;6251767.172413793
1687958751;101843085.2413793;282.48275862068965;0;7037069.24137931
1687958752;101942519.1724138;282.5217271347772;0;8008809.931034483
1687958753;101662296.27586207;282.48275862068965;0;9048346.48275862
1687958754;101738284.13793103;282.48275862068965;0;9920653.24137931
1687958755;101837718.06896551;282.48275862068965;0;10957647.448275862
1687958756;101937152;282.48275862068965;0;11956082.758620689
1687958757;100536037.51724137;282.48275862068965;0;12724294.620689655
1687958758;96775627.03448276;282.48275862068965;0;12912145.655172413
1687958759;96965455.44827586;282.48275862068965;0;13314966.068965517
1687958760;97064889.37931034;282.48275862068965;0;14345463.172413792
1687958761;97299915.03448276;282.48275862068965;0;15337401.379310345
1687958762;97209520.55172414;282.48275862068965;0;16391203.310344826
1687958763;97064889.37931034;282.48275862068965;0;17267747.310344826
1687958764;96655006.89655173;282.48275862068965;0;17797967.44827586
1687958765;92637678.34482758;282.48275862068965;0;19262358.068965517
1687958766;88868228.4137931;282.48275862068965;0;21084936.827586208
1687958767;84818555.5862069;282.48275862068965;0;22691840
1687958768;80714646.06896551;282.48275862068965;0;24370776.275862068
1687958769;77949281.10344827;282.48275862068965;0;25900844.137931034
1687958770;77949281.10344827;282.48275862068965;0;27394189.24137931
1687958771;77949281.10344827;282.48275862068965;0;29107164.689655174
1687958772;77949281.10344827;282.48275862068965;0;30729745.655172415
1687958773;74966263.1724138;282.48275862068965;0;32064759.172413792
1687958774;70916590.34482759;282.48275862068965;0;32728028.689655174
1687958775;66866917.51724138;282.48275862068965;0;33516014.344827585
1687958776;62862441.93103448;282.48275862068965;0;34306966.06896552
1687958777;58767571.862068966;282.48275862068965;0;34487896.27586207
1687958778;54717899.034482755;0;0;33908382.89655172
1687958779;50812857.37931035;0;0;33612764.68965517
1687958780;46763184.551724136;0;0;34628007.72413793
1687958781;42614077.79310345;0;0;35278848
1687958782;38754233.37931035;0;0;36132934.62068965
1687958783;34614166.06896552;0;0;36951993.37931035
1687958784;30564493.24137931;0;0;37779102.89655172
1687958785;26514820.413793102;0;0;38841238.06896552
1687958786;23622196.96551724;0;0;39103382.06896552
1687958787;23477565.79310345;0;0;40357323.034482755
1687958788;19427892.96551724;0;0;41889085.79310345
1687958789;15378220.137931034;0;0;42481169.655172415
1687958790;11473178.48275862;0;0;42994723.31034483
1687958791;7423505.655172414;0;0;43705308.68965517
1687958792;3663095.172413793;0;0;44479170.20689655
1687958793;23304.827586206895;0;0;45928589.24137931
1687958794;0;0;0;46233388.137931034
1687958795;0;0;0;46277455.448275864
1687958796;0;0;0;46245817.37931035
1687958797;0;0;0;46176609.10344827
1687958798;0;0;0;46270534.62068965
1687958799;0;0;0;46392567.17241379
1687958800;0;0;0;46482961.655172415
1687958801;0;0;0;46537904.551724136
1687958802;0;0;0;46253161.93103448
1687958803;0;0;0;45875341.24137931
1687958804;0;0;0;45877036.137931034
1687958805;0;0;0;45759523.31034483
1687958806;0;0;0;46288331.034482755
1687958807;0;0;0;47680264.827586204
1687958808;0;0;0;48726157.24137931
1687958809;0;0;0;48348336.551724136
1687958810;0;0;0;48474888.827586204
1687958811;0;0;0;48217405.79310345
1687958812;0;0;0;47967832.27586207
1687958813;0;0;0;47601734.62068965
1687958814;0;0;0;47228009.93103448
1687958815;0;0;0;47259648
1687958816;0;0;0;47553430.06896552
1687958817;0;0;0;47388177.655172415
1687958818;0;0;0;47446934.06896552
1687958819;0;0;0;47478148.4137931
1687958820;0;0;0;47371087.448275864
1687958821;0;0;0;47181117.79310345
1687958822;0;0;0;46803862.06896552
1687958823;0;0;0;46854002.75862069
1687958824;0;0;0;46667987.862068966
1687958825;0;0;0;46768128
1687958826;0;0;0;46278585.37931035
1687958827;0;0;0;45844833.10344827
1687958828;0;0;0;44545836.137931034
1687958829;0;0;0;44396685.24137931
1687958830;0;0;0;44518011.5862069
1687958831;0;0;0;44847951.448275864
1687958832;0;0;0;45145547.034482755
1687958833;0;0;0;45037356.137931034
1687958834;0;0;0;44752613.51724138
1687958835;0;0;0;44729873.655172415
1687958836;0;0;0;44496401.655172415
1687958837;0;0;0;44265895.72413793
1687958838;0;0;0;44642021.51724138
1687958839;0;0;0;44623942.62068965
1687958840;0;0;0;44574225.655172415
1687958841;0;0;0;44325640.827586204
1687958842;0;0;0;44280443.5862069
1687958843;0;0;0;44437786.48275862
1687958844;0;0;0;44866877.79310345
1687958845;0;0;0;44675778.20689655
1687958846;0;0;0;44481430.06896552
1687958847;0;0;0;44648659.862068966
1687958848;0;0;0;44766172.68965517
1687958849;0;0;0;44804449.10344827
1687958850;0;0;0;45306562.20689655
1687958851;0;0;0;45159529.93103448
1687958852;0;0;0;44558406.62068965
1687958853;0;0;0;43936097.10344827
1687958854;0;0;0;43935673.37931035
1687958855;0;0;0;44577332.96551724
1687958856;0;0;0;44822245.51724138
1687958857;0;0;0;46039887.448275864
1687958858;0;0;0;46125762.20689655
1687958859;0;0;0;46059943.72413793
1687958860;0;0;0;46245252.4137931
1687958861;0;0;0;46438611.862068966
1687958862;0;0;0;46380702.89655172
1687958863;0;0;0;46443979.034482755
1687958864;0;0;0;46403301.51724138
1687958865;0;0;0;46623779.31034483
1687958866;0;0;0;47184225.10344827
1687958867;0;0;0;47125609.93103448
1687958868;0;0;0;47009227.034482755
1687958869;0;0;0;47027305.93103448
1687958870;0;0;0;47393403.5862069
1687958871;0;0;0;47751450.48275862
1687958872;0;0;0;47565576.827586204
1687958873;0;0;0;47845093.51724138
1687958874;0;0;0;47733371.5862069
1687958875;0;0;0;47819246.344827585
1687958876;0;0;0;47584220.68965517
1687958877;0;0;0;46613609.93103448
1687958878;562281.9310344828;0;0;45219275.034482755
1687958879;3076096;0;0;43653896.827586204
1687958880;5731292.689655173;0;0;42198969.37931035
1687958881;9041284.413793104;0;0;40980762.48275862
1687958882;12214978.206896551;0;0;39926678.06896552
1687958883;15463953.655172413;0;0;38245905.655172415
1687958884;18923943.724137932;0;0;36484201.93103448
1687958885;22908928;0;0;35066844.68965517
1687958886;26791653.517241377;0;0;33439744
1687958887;30982285.24137931;0;0;31707700.96551724
1687958888;35024896;0;0;29974669.24137931
1687958889;38905926.62068965;0;0;28112542.896551725
1687958890;42605038.344827585;0;0;26287563.03448276
1687958891;45205574.62068965;0;0;24741817.379310343
1687958892;49107791.448275864;0;0;23304262.620689657
1687958893;53001533.79310345;0;0;21756115.862068966
1687958894;57049370.48275862;0;0;20149777.655172415
1687958895;61243250.75862069;0;0;18147539.862068966
1687958896;65146315.034482755;0;0;16407304.827586208
1687958897;69144293.51724137;0;0;14792633.379310345
1687958898;73170802.7586207;0;0;13188131.310344828
1687958899;77172594.7586207;0;0;11628826.48275862
1687958900;81267464.8275862;0;0;9815428.413793104
1687958901;85317137.65517241;0;0;8159090.75862069
1687958902;89222179.31034483;0;0;6399646.896551724
1687958903;92982589.79310344;0;0;4967035.586206896
1687958904;97175905.10344827;0;0;3299257.379310345
1687958905;101225012.96551724;0;0;1691789.2413793104
1687958906;105030620.68965517;0;0;1008180.9655172414
1687958907;106808708.4137931;0;0;698579.8620689656
1687958908;104294894.34482758;0;0;297878.0689655172
1687958909;101639697.65517241;0;0;297454.3448275862
1687958910;102280792.27586207;0;0;884877.2413793104
1687958911;103048297.93103448;0;0;1830629.5172413792
1687958912;103713403.5862069;0;0;2774404.4137931033
1687958913;104303086.34482758;0;0;3681880.275862069
1687958914;104223143.72413793;0;0;4579186.75862069
1687958915;104390091.03448276;0;0;5211948.137931034
1687958916;104293905.65517241;0;0;6116881.655172414
1687958917;104111139.31034483;0;0;7002747.586206896
1687958918;104135150.34482758;0;0;7762061.24137931
1687958919;104485711.44827586;0;0;8778999.172413792
1687958920;105934848;0;0;9832094.896551725
1687958921;106082304;0;0;10623329.103448275
1687958922;106183997.79310344;0;0;11651707.586206896
1687958923;106095439.44827586;0;0;12285033.931034483
1687958924;106095863.1724138;0;0;13458608.551724138
1687958925;106097840.55172414;0;0;14471732.965517242
1687958926;106104337.65517241;0;0;15411835.586206896
1687958927;106028067.31034483;0;0;16392615.72413793
1687958928;102749431.1724138;0;0;16844588.137931034
1687958929;102414971.5862069;0;0;17305600
1687958930;100005252.4137931;0;0;18234262.068965517
1687958931;96100210.7586207;0;0;19827464.827586208
1687958932;92339800.27586207;0;0;21630693.517241377
1687958933;88146484.96551724;0;0;23474317.24137931
1687958934;84097377.10344827;0;0;25207348.96551724
1687958935;80291769.37931034;0;0;26595045.517241377
1687958936;77951399.72413793;0;0;28241213.79310345
1687958937;77951399.72413793;0;0;29768456.827586208
1687958938;77951399.72413793;0;0;31350360.275862068
1687958939;74000313.37931034;0;0;32268570.48275862
1687958940;70059113.93103448;0;0;33143560.827586208
1687958941;66145032.827586204;0;0;33807960.27586207
1687958942;62095360;0;0;34372925.79310345
1687958943;58190318.344827585;0;0;35237181.79310345
1687958944;54140645.51724138;0;0;34724475.5862069
1687958945;50046199.17241379;0;0;33814457.37931035
1687958946;46186354.75862069;0;0;34169820.68965517
1687958947;42281313.10344827;0;0;35317830.62068965
1687958948;38231640.27586207;0;0;36013868.137931034
1687958949;34181967.448275864;0;0;36868096
1687958950;30132294.620689657;0;0;37812718.344827585
1687958951;26136858.48275862;0;0;38481637.51724138
1687958952;22177580.137931034;0;0;39988541.79310345
1687958953;17983276.137931034;0;0;40425260.137931034
1687958954;14078234.48275862;0;0;41097992.827586204
1687958955;10073758.896551725;0;0;41983858.75862069
1687958956;6123520;0;0;42670998.06896552
1687958957;5400364.137931034;0;0;43873244.68965517
1687958958;1639953.6551724137;0;0;45143287.172413796
1687958959;0;0;0;45654016
1687958960;0;0;0;45640456.827586204
1687958961;0;0;0;45482266.48275862
1687958962;0;0;0;45188484.4137931
1687958963;0;0;0;45067440.551724136
1687958964;0;0;0;45508254.89655172
1687958965;0;0;0;45267720.827586204
1687958966;0;0;0;45471532.137931034
1687958967;0;0;0;45688478.89655172
1687958968;0;0;0;46014887.72413793
1687958969;0;0;0;45875764.96551724
1687958970;0;0;0;46020396.137931034
1687958971;0;0;0;46183106.20689655
1687958972;0;0;0;46073926.62068965
1687958973;0;0;0;47327867.5862069
1687958974;0;0;0;49064995.31034483
1687958975;0;0;0;49663293.79310345
1687958976;0;0;0;49224880.551724136
1687958977;0;0;0;49238439.72413793
1687958978;0;0;0;48994374.62068965
1687958979;0;0;0;48894799.448275864
1687958980;0;0;0;48836184.27586207
1687958981;0;0;0;48372771.31034483
1687958982;0;0;0;48308224
1687958983;0;0;0;47385211.5862069
1687958984;0;0;0;47306963.862068966
1687958985;0;0;0;47270664.827586204
1687958986;0;0;0;47370098.75862069
1687958987;0;0;0;46888041.93103448
1687958988;0;0;0;47240580.4137931
1687958989;0;0;0;47267698.75862069
1687958990;0;0;0;47231399.72413793
1687958991;0;0;0;47251738.48275862
1687958992;0;0;0;47257529.37931035
1687958993;0;0;0;45961922.20689655
1687958994;0;0;0;44558265.37931035
1687958995;0;0;0;43392317.79310345
1687958996;0;0;0;43297403.5862069
1687958997;0;0;0;43020994.20689655
1687958998;0;0;0;43097829.51724138
1687958999;0;0;0;43152066.20689655
1687959000;0;0;0;43148111.448275864
1687959001;0;0;0;43224946.75862069
1687959002;0;0;0;43611524.4137931
1687959003;0;0;0;43602484.96551724
1687959004;0;0;0;43579886.344827585
1687959005;0;0;847.448275862069;43638642.75862069
1687959006;0;0;847.448275862069;43679320.27586207
1687959007;0;0;847.448275862069;43701918.89655172
1687959008;0;0;847.448275862069;44053892.4137931
1687959009;3107.310344827586;0;847.448275862069;44117027.31034483
1687959010;3107.310344827586;0;847.448275862069;43943724.137931034
1687959011;3107.310344827586;0;847.3606178671173;44165190.62068965
1687959012;3107.310344827586;0;847.448275862069;44830578.75862069
1687959013;3107.310344827586;0;847.448275862069;44896114.75862069
1687959014;3107.310344827586;0;847.448275862069;44938769.655172415
1687959015;3107.310344827586;0;847.448275862069;44785099.034482755
1687959016;3107.310344827586;0;847.448275862069;44498520.27586207
1687959017;3107.310344827586;0;847.448275862069;44399086.344827585
1687959018;3107.310344827586;0;847.448275862069;44505723.5862069
1687959019;3107.310344827586;0;847.448275862069;42896843.034482755
1687959020;3107.310344827586;0;847.448275862069;41789934.344827585
1687959021;3107.310344827586;0;847.448275862069;42014649.37931035
1687959022;3107.310344827586;0;847.448275862069;43022971.5862069
1687959023;3107.310344827586;0;847.448275862069;44697811.862068966
1687959024;3107.310344827586;0;847.448275862069;45888194.20689655
1687959025;3107.310344827586;0;847.448275862069;46050904.27586207
1687959026;3107.310344827586;0;847.448275862069;46108813.24137931
1687959027;3107.310344827586;0;847.448275862069;45729156.4137931
1687959028;3107.310344827586;0;847.448275862069;45735512.27586207
1687959029;3107.310344827586;0;847.448275862069;45866019.31034483
1687959030;3107.310344827586;0;847.448275862069;45856979.862068966
1687959031;3107.310344827586;0;847.448275862069;45578875.5862069
1687959032;3107.310344827586;0;847.448275862069;45605993.93103448
1687959033;3107.310344827586;0;847.448275862069;45297381.51724138
1687959034;3107.310344827586;0;0;45431984.551724136
1687959035;3107.310344827586;0;0;45326900.96551724
1687959036;3107.310344827586;0;0;45358539.034482755
1687959037;3107.310344827586;0;0;45075632.551724136
1687959038;0;0;0;44867725.24137931
1687959039;0;0;0;44618857.93103448
1687959040;0;0;0;44550497.10344827
1687959041;0;0;0;44717726.89655172
1687959042;0;0;0;44667162.48275862
1687959043;0;0;0;44665326.344827585
1687959044;0;0;0;44182563.31034483
1687959045;0;0;0;43225652.96551724
1687959046;0;0;0;41545163.034482755
1687959047;0;0;0;40335995.5862069
1687959048;0;0;0;40381192.827586204
1687959049;0;0;0;39927101.79310345
1687959050;0;0;0;38078534.62068965
1687959051;0;0;0;36537308.68965517
1687959052;0;0;0;34869106.75862069
1687959053;0;0;0;33153871.44827586
1687959054;0;0;0;31287225.379310343
1687959055;0;0;0;29673683.862068966
1687959056;0;0;0;28290648.275862068
1687959057;0;0;0;26471883.03448276
1687959058;0;0;0;24704670.896551725
1687959059;0;0;0;23171636.96551724
1687959060;0;0;0;21689167.44827586
1687959061;0;0;0;19930994.75862069
1687959062;0;0;0;18422678.068965517
1687959063;0;0;0;16762809.379310345
1687959064;0;0;0;15110991.448275862
1687959065;0;0;0;13393496.275862068
1687959066;0;0;0;11674871.172413792
1687959067;0;0;0;10153701.51724138
1687959068;0;0;0;8720666.48275862
1687959069;0;0;0;7012775.724137931
1687959070;0;0;0;5417313.1034482755
1687959071;0;0;0;3654620.689655172
1687959072;0;0;0;1982181.5172413792
1687959073;0;0;0;865527.172413793
1687959074;0;0;0;860018.7586206896
1687959075;0;0;0;848578.2068965518
1687959076;0;0;0;335307.0344827586
1687959077;0;0;0;290109.7931034483
1687959078;0;0;0;378244.4137931034
1687959079;0;0;0;378244.4137931034
1687959080;0;0;0;378244.4137931034
1687959081;0;0;0;369628.6896551724
1687959082;0;0;0;330928.5517241379
1687959083;0;0;0;330928.5517241379
1687959084;0;0;0;330928.5517241379
1687959085;0;0;0;330928.5517241379
1687959086;0;0;0;330928.5517241379
1687959087;0;0;0;330928.5517241379
1687959088;0;0;0;123868.6896551724
1687959089;141.24137931034483;0;0;128388.41379310345
1687959090;141.24137931034483;0;0;128388.41379310345
1687959091;141.24137931034483;0;0;130648.27586206896
