Time;{instance="10.231.0.208:9100"};{instance="192.168.221.10:9100"};{instance="192.168.221.11:9100"};{instance="192.168.221.12:9100"}
1687958371;14.297749032845896;24.798761671425652;14.75363580184358;14.115892611955271
1687958372;14.297749032845896;24.80959108530597;14.752840982476222;14.104069673865737
1687958373;14.297749032845896;24.809392380464136;14.746581779958234;14.116190669218032
1687958374;14.866540202243495;24.80899497078045;14.747376599325602;14.671570702163294
1687958375;14.364068171294564;24.828964807385457;14.747376599325602;14.727903524825193
1687958376;14.297649454559934;24.82787193075534;14.746581779958234;14.854279804235993
1687958377;14.50795879450527;24.832740199380442;14.75303968731806;14.996651823414986
1687958378;14.692477358387235;24.851418454513485;14.752840982476222;15.132565935234144
1687958379;14.432777188606249;24.863042687761173;14.75363580184358;15.17896351580399
1687958380;14.642986950265623;24.86930189027916;14.759895004361567;15.201516515352932
1687958381;14.568303235796398;24.867215489439833;14.759895004361567;15.248112800764613
1687958382;14.456974712094283;24.866420670072465;14.759100184994212;14.874050935999161
1687958383;14.580750521541274;24.854697084403853;14.758305365626844;15.365249305029815
1687958384;14.34325630952914;24.854399027141096;14.770823770662822;15.391478344152809
1687958385;14.566212091791265;24.854399027141096;14.771618590030178;15.409659837181255
1687958386;14.497901387623413;24.853008093248206;14.770823770662822;15.44314160303144
1687958387;14.373826843318549;24.852610683564524;14.772413409397544;15.160782022775553
1687958388;14.379004914188409;24.851716511776246;14.784931814433522;15.240661369195585
1687958389;14.38239057591102;24.851120397250714;14.784136995066156;15.2582467476985
1687958390;14.415251410277474;24.851120397250714;14.785726633800888;15.311102235628171
1687958391;14.23740459155477;24.856485427980424;14.785726633800888;15.333754587598037
1687958392;14.537633123721038;24.86751354670259;14.785726633800888;15.408169550867445
1687958393;14.49501361733061;24.86632131765155;14.785925338642725;15.541500499742678
1687958394;14.35082425926203;24.86622196523063;14.784335699908002;15.991964376195956
1687958395;14.681722903503658;24.869202537858236;14.784335699908002;16.08883298659338
1687958396;14.35948757014045;24.869202537858236;14.778076497390014;16.088634281751546
1687958397;14.55137492718338;24.880826771105934;14.778076497390014;16.145066456834357
1687958398;14.51124487794192;24.905664876336044;14.778175849810937;15.734740958432935
1687958399;14.591305819852918;24.91788522410926;14.778175849810937;15.77209746869902
1687958400;14.306213187152405;24.918878748318463;14.778175849810937;15.83786877134835
1687958401;14.59399443357382;24.918878748318463;14.777381030443571;15.854758682904823
1687958402;14.634721952531027;24.925038598415526;14.777381030443571;16.2784967581305
1687958403;14.615503343340952;24.911725374012185;14.778970669178292;15.816011238745853
1687958404;14.276140544792803;24.911427316749425;14.778970669178292;15.838365533452958
1687958405;14.282413976808217;24.916593642637284;14.778175849810937;15.851976815119052
1687958406;14.440544294911051;24.916295585374527;14.778175849810937;15.814520952432042
1687958407;14.606640875890609;24.916295585374527;14.778970669178292;15.777065089745046
1687958408;14.248258624724297;24.954645619849813;14.787614329798371;15.78590745520696
1687958409;14.36556184558395;24.954645619849813;14.78244800391051;15.803989595814482
1687958410;14.398323101664456;24.9535527432197;14.78244800391051;15.748749649782711
1687958411;14.440145981767216;24.9535527432197;14.781653184543153;15.77388581227559
1687958412;14.291475600830484;24.9535527432197;14.78244800391051;15.78322493984211
1687958413;14.366458050157583;24.9535527432197;14.78244800391051;15.770805887227057
1687958414;14.60245858788033;24.95395015290337;14.781653184543153;15.782529472895668
1687958415;14.352118776979495;24.961004174788727;14.78791238706113;15.758982949137524
1687958416;14.440743451482973;24.947392893122622;14.78791238706113;15.784019759209478
1687958417;14.312785354025703;24.940338871237277;14.787117567693775;15.792564067408632
1687958418;14.370042868452105;24.941133690604644;14.788707206428498;15.763453808078943
1687958419;14.377511239899032;24.941133690604644;14.788707206428498;15.846015669863823
1687958420;14.47718910414395;24.94004081397452;14.78791238706113;15.779449547847136
1687958421;14.27922747165753;24.94004081397452;14.787117567693775;15.817501525059663
1687958422;14.548586735176528;24.94520713986238;14.786918862851927;15.823562022735803
1687958423;14.282513555094178;24.946796778597104;14.793972884737283;15.803989595814482
1687958424;14.563822212928246;24.946001959229736;14.793972884737283;15.86360104836675
1687958425;14.543309086020706;24.94560454954606;14.793178065369917;15.834888198720742
1687958426;14.49581024361828;24.939345347028073;14.793178065369917;15.823065260631209
1687958427;14.49581024361828;24.93984210913267;14.80023208725527;15.814123542748371
1687958428;14.49581024361828;24.93984210913267;14.806391937352338;15.836577189876389
1687958429;14.494316569328891;24.93864988008163;14.80559711798497;15.78650356973248
1687958430;14.496507291619986;24.94490908259962;14.80559711798497;15.816110591166776
1687958431;14.49411741275698;24.944809730178697;14.800927554201715;15.831708921251286
1687958432;14.49411741275698;24.95623525858455;14.799337915466982;15.80895721686051
1687958433;14.50019168820047;24.95623525858455;14.793078712949004;15.812037141909041
1687958434;14.50019168820047;24.957725544898356;14.793078712949004;15.78590745520696
1687958435;14.50019168820047;24.964580861941865;14.79387353231636;15.75798942492832
1687958436;14.506465120215884;24.96448150952094;14.793078712949004;15.734045491486492
1687958437;14.506465120215884;24.95722878279375;14.792880008107156;15.718844571085667
1687958438;14.506465120215884;24.96974718782973;14.799139210625146;15.756399786193587
1687958439;14.502382410491565;24.97044265477617;14.799139210625146;15.76007582576765
1687958440;14.499992531628559;24.97550962824311;14.799139210625146;15.74686195378523
1687958441;14.499992531628559;24.97550962824311;14.8061932325105;15.752028279673091
1687958442;14.493519943041221;24.981967535602944;14.805398413143134;15.743682676315773
1687958443;14.493519943041221;24.969449130566968;14.804802298617615;15.755108204721624
1687958444;14.493519943041221;24.96289187078622;14.804802298617615;15.747656773152595
1687958445;14.493519943041221;24.96209705141885;14.804007479250247;15.72589859297101
1687958446;14.493519943041221;24.962792518365294;14.806391937352338;15.72917722286139
1687958447;14.493519943041221;24.969051720883286;14.806391937352338;15.745769077155103
1687958448;14.493519943041221;24.969051720883286;14.812651139870326;15.720136152557629
1687958449;14.493519943041221;24.969051720883286;14.812651139870326;15.687548558495724
1687958450;14.493519943041221;24.968753663620525;14.812651139870326;15.700464373215384
1687958451;14.493519943041221;24.968753663620525;14.811856320502958;15.681488060819582
1687958452;14.493519943041221;24.9725290556155;14.812651139870326;15.671751523569377
1687958453;14.493519943041221;24.9725290556155;14.812651139870326;15.68774726333757
1687958454;14.493519943041221;24.974118694350224;14.811856320502958;15.68238223260786
1687958455;14.493519943041221;24.967859491832233;14.811856320502958;15.694602580381078
1687958456;14.499793375056635;24.96746208214855;14.799337915466982;15.68655503428652
1687958457;14.499793375056635;24.97292646529918;14.799337915466982;15.683971871342584
1687958458;14.499793375056635;24.978887610554402;14.797748276732259;15.699967611110777
1687958459;14.499793375056635;24.985941632439758;14.80559711798497;15.681984822924179
1687958460;14.499793375056635;24.99140601559038;14.80678934703602;15.721924496134198
1687958461;14.499793375056635;24.972628408036424;14.80559711798497;15.699669553848016
1687958462;14.499793375056635;24.97223099835274;14.804802298617615;15.650490105492398
1687958463;14.499793375056635;24.971436178985375;14.811061501135603;15.599025551455615
1687958464;14.499793375056635;24.973025817720096;14.811856320502958;15.61482258638196
1687958465;14.506066807072049;24.979285020238084;14.811856320502958;15.610351727440541
1687958466;14.506066807072049;24.978092791187045;14.811856320502958;15.638667167402865
1687958467;14.506066807072049;24.970939416880768;14.811856320502958;15.632805374568559
1687958468;14.506066807072049;24.971734236248132;14.811856320502958;15.62773840110162
1687958469;14.506066807072049;24.971734236248132;14.799337915466982;15.625453295420455
1687958470;14.506066807072049;24.977198619398756;14.799437267887905;15.624658476053089
1687958471;14.506066807072049;24.977596029082438;14.798642448520539;15.662809805686539
1687958472;14.506066807072049;24.976602504873235;14.798642448520539;15.65347067812002
1687958473;14.506066807072049;24.958619716686638;14.799437267887905;15.635587242354331
1687958474;14.506066807072049;24.958619716686638;14.798642448520539;15.623068837318355
1687958475;14.506066807072049;24.953155333536014;14.798642448520539;15.637474938351826
1687958476;14.506066807072049;24.95275792385233;14.798642448520539;15.64333673118613
1687958477;14.506066807072049;24.951863752064053;14.798642448520539;15.645025722341776
1687958478;14.506066807072049;24.952658571431407;14.798642448520539;15.636878823826306
1687958479;14.506066807072049;24.95782489731927;14.797847629153182;15.661518224214566
1687958480;14.506066807072049;24.95722878279375;14.797847629153182;15.64393284571165
1687958481;14.506066807072049;24.957030077951913;14.799437267887905;15.682580937449709
1687958482;14.506066807072049;24.963487985311737;14.797847629153182;15.6592331185334
1687958483;14.506066807072049;24.963885394995422;14.798245038836866;15.677116554299076
1687958484;14.506066807072049;24.963885394995422;14.798245038836866;15.67155281872753
1687958485;14.506066807072049;24.957427487635584;14.798245038836866;15.680693241452214
1687958486;14.506066807072049;24.95057217059208;14.794370294420967;15.666485845260592
1687958487;14.506066807072049;24.956433963426385;14.794370294420967;15.68446863344719
1687958488;14.506066807072049;24.96259381352346;14.794370294420967;15.742490447264723
1687958489;14.506066807072049;24.962196403839776;14.794370294420967;15.710399615307423
1687958490;14.506066807072049;24.962295756260687;14.7935754750536;15.7103002628865
1687958491;14.506066807072049;24.96140158447241;14.7935754750536;15.712684720988602
1687958492;14.506066807072049;24.968157549094993;14.7935754750536;15.689038844809533
1687958493;14.506066807072049;24.988028033279086;14.7935754750536;15.708511919309942
1687958494;14.506066807072049;24.987630623595404;14.7935754750536;15.700762430478143
1687958495;14.506066807072049;24.987630623595404;14.7935754750536;15.7370260641141
1687958496;14.506066807072049;24.98812738570001;14.799039858204221;15.698676029638815
1687958497;14.506066807072049;24.96925042572512;14.799834677571589;15.688442730284013
1687958498;14.506066807072049;24.968455606357765;14.800132734834348;15.70602810878693
1687958499;14.506066807072049;24.967859491832233;14.800132734834348;15.711393139516627
1687958500;14.506066807072049;24.968853016041436;14.799337915466982;15.744676200524976
1687958501;14.506066807072049;24.967561434569475;14.811856320502958;15.689038844809533
1687958502;14.506066807072049;24.97372128466654;14.812651139870326;15.679103602717493
1687958503;14.506066807072049;24.97312517014102;14.812651139870326;15.723017372764325
1687958504;14.512340239087463;24.968256901515918;14.811657615661122;15.725103773603655
1687958505;14.485951993308344;24.973423227403778;14.811657615661122;15.743682676315773
1687958506;14.485951993308344;24.966468557939347;14.81245243502849;15.756201081351751
1687958507;14.485951993308344;24.96587244341383;14.811657615661122;15.733548729381885
1687958508;14.485951993308344;24.966170500676586;14.817320703653591;15.746762601364306
1687958509;14.485951993308344;24.971535531406296;14.815731064918857;15.749445116729156
1687958510;14.473205972705594;24.971535531406296;14.80947186240087;15.719043275927502
1687958511;14.473205972705594;24.971535531406296;14.80947186240087;15.755008852300701
1687958512;14.473205972705594;24.97133682656445;14.808677043033502;15.752425689356775
1687958513;14.473205972705594;24.97282711287826;14.808677043033502;15.792663419829555
1687958514;14.473205972705594;24.97282711287826;14.808677043033502;15.78620551246972
1687958515;14.473205972705594;24.97282711287826;14.808677043033502;15.765639561339196
1687958516;14.473205972705594;24.877846198478316;14.797549571890423;15.765043446813664
1687958517;14.473205972705594;24.884204753417226;14.796158637997536;15.739509874637115
1687958518;14.473205972705594;24.876753321848188;14.796158637997536;15.718049751718299
1687958519;14.473205972705594;24.883012524366176;14.790396197584144;15.737522826218708
1687958520;14.473205972705594;24.876057854901745;14.789899435479548;15.749544469150079
1687958521;14.479479404721008;24.875263035534388;14.789899435479548;15.749842526412838
1687958522;14.479479404721008;24.87625655974359;14.78910461611218;15.710200910465588
1687958523;14.479479404721008;24.876455264585427;14.78910461611218;15.762261579027893
1687958524;14.479280248149085;24.875163683113467;14.78910461611218;15.779151490584375
1687958525;14.479280248149085;24.881820295315137;14.790694254846903;15.743185914211166
1687958526;14.479280248149085;24.89483546245571;14.790694254846903;15.721924496134198
1687958527;14.479280248149085;24.90079660771094;14.79148907421427;15.778754080900692
1687958528;14.479280248149085;24.90745321991261;14.798543096099625;15.765142799234589
1687958529;14.479280248149085;24.912122783695867;14.797748276732259;15.751233460305725
1687958530;14.479280248149085;24.911725374012185;14.797748276732259;15.77507804132663
1687958531;14.479280248149085;24.910831202223903;14.798543096099625;15.777959261533326
1687958532;14.485553680164498;24.91401047969336;14.797748276732259;15.753021803882294
1687958533;14.485553680164498;24.913016955484157;14.803212659882881;15.75739331040279
1687958534;14.485553680164498;24.91222213611679;14.796953457364893;15.829225110728274
1687958535;14.485553680164498;24.9127188982214;14.797748276732259;15.795643992457165
1687958536;14.485553680164498;24.912917603063235;14.797748276732259;15.784019759209478
1687958537;14.485553680164498;24.911824726433107;14.804007479250247;15.774382574380185
1687958538;14.485553680164498;24.91043379254022;14.804007479250247;15.7856093979442
1687958539;14.664695016604679;24.91192407885403;14.804007479250247;16.291313220429238
1687958540;14.639900023400898;24.910632497382068;14.803212659882881;16.324298224174825
1687958541;14.153957987921151;24.910632497382068;14.803212659882881;16.345658994672718
1687958542;14.484060005875122;24.9098376780147;14.803013955041045;16.328967787958092
1687958543;14.436362006900772;24.915997528111767;14.797946981574094;16.270647916877788
1687958544;14.506664276787806;24.91490465148164;14.796953457364893;16.288829409906235
1687958545;14.430387309743242;24.916494290216374;14.798543096099625;16.26468677162256
1687958546;14.056869159111162;24.91579882326993;14.784435052328915;16.321118946705372
1687958547;14.297549876273985;24.9152027087444;14.784435052328915;15.84472408839186
1687958548;14.427599117736388;24.915401413586245;14.786124043484572;15.867972554887244
1687958549;14.3816935279093;24.9152027087444;14.786124043484572;15.863004933841218
1687958550;14.374225156462384;24.915699470849006;14.786124043484572;15.9017523780002
1687958551;14.365661423869913;24.915699470849006;14.785329224117206;15.945964205309792
1687958552;14.318361738039398;24.915699470849006;14.785329224117206;15.939009535845361
1687958553;14.352716246695241;24.915699470849006;14.786124043484572;15.99842228355578
1687958554;14.228442545818453;24.915699470849006;14.785428576538129;15.93930759310812
1687958555;14.412761953128506;24.92086579673687;14.785428576538129;15.998223578713944
1687958556;14.22804423267462;24.920667091895034;14.785428576538129;15.9834200679968
1687958557;14.235910917265382;24.921461911262387;14.785527928959041;15.991368261670436
1687958558;14.402405811388764;24.91669299505821;14.783938290224318;16.009052992594274
1687958559;14.169492200530753;24.91510335632349;14.785527928959041;16.033692392982534
1687958560;14.340268960950375;24.91430853695612;14.785527928959041;16.041243176972497
1687958561;14.39364292222438;24.91430853695612;14.79178713147703;16.077804867871215
1687958562;14.4710152504145;24.914705946639803;14.790992312109674;16.098768228685433
1687958563;14.053483497388564;24.907651924754447;14.790992312109674;16.076314581557405
1687958564;14.174769849686575;24.907651924754447;14.79178713147703;16.0704527887231
1687958565;14.300636803138712;24.907552572333536;14.792581950844397;16.054059639271234
1687958566;14.125080284993052;24.9127188982214;14.792581950844397;16.066379339465364
1687958567;14.135834739876618;24.912420840958628;14.798841153362385;16.144172285046064
1687958568;14.268970908203759;24.91401047969336;14.798046333995018;16.13622409137243
1687958569;14.031277539619714;24.9190774531603;14.798046333995018;16.11635360718835
1687958570;14.031277539619714;24.925336655678286;14.798046333995018;16.1161549023465
1687958571;14.036455610489574;24.925038598415526;14.798046333995018;16.11963223707872
1687958572;14.262697476188347;24.925734065361972;14.809968624505476;16.13950272126281
1687958573;14.104069266655717;24.926528884729336;14.80976991966363;16.109696994986678
1687958574;14.138224618739637;24.932490029984557;14.816029122181618;16.12142058065529
1687958575;14.002897728121411;24.9316952106172;14.815234302814261;16.128673307382478
1687958576;14.172778283967402;24.92543600809921;14.816823941548984;16.156392632819284
1687958577;14.200560625749947;24.918680043476616;14.816823941548984;16.453953133476006
1687958578;13.982782914357694;24.919276158002145;14.816823941548984;16.476605485445862
1687958579;13.984376166933043;24.91848133863478;14.816029122181618;16.121321228234365
1687958580;14.06174849512315;24.91818328137202;14.816029122181618;16.173580601638516
1687958581;14.142008593606082;24.917388462004652;14.816029122181618;16.162850540179107
1687958582;14.022415072169359;24.917388462004652;14.816029122181618;16.160168024814258
1687958583;14.02848934761286;24.924343131469083;14.816029122181618;16.191265332562356
1687958584;13.859106683196664;24.92325025483896;14.816823941548984;16.173481249217602
1687958585;13.953009006855964;24.929708162198793;14.816823941548984;16.451568675373917
1687958586;13.915268836477512;24.928615285568668;14.816029122181618;16.166327874911325
1687958587;13.918953233057996;24.93020492430339;14.817420056074504;16.177455346054415
1687958588;13.886391133549413;24.93477513566573;14.816625236707148;16.181926204995833
1687958589;13.915169258191561;24.940934985762798;14.816625236707148;16.17189161048287
1687958590;13.876333726667568;24.947194188280786;14.817022646390821;16.230211481563174
1687958591;13.965854605744676;24.954645619849813;14.817718113337264;16.496475969629955
1687958592;13.875039208950103;24.715206285431556;14.82387796343434;16.19891546897323
1687958593;14.00618381155805;24.685499911576347;14.82387796343434;16.209049415907117
1687958594;13.833216328847332;24.684506387367144;14.816823941548984;16.186099006674493
1687958595;13.84247710944152;24.678247184849155;14.816029122181618;16.196332306029305
1687958596;13.84247710944152;24.670895105701042;14.816823941548984;16.193053676138923
1687958597;13.84247710944152;24.671689925068407;14.816823941548984;16.172189667745627
1687958598;13.84247710944152;24.67715430821903;14.816029122181618;16.18699317846278
1687958599;13.841083013438094;24.67695560337718;14.815929769760706;16.196729715712987
1687958600;13.841083013438094;24.68371156799978;14.815929769760706;16.20815524411884
1687958601;13.841083013438094;24.68371156799978;14.815929769760706;16.204081794861093
1687958602;13.841083013438094;24.68291674863241;14.81672458912806;16.177753403317176
1687958603;13.839589339148706;24.68927530357132;14.81672458912806;16.175269592794173
1687958604;13.839589339148706;24.688977246308564;14.817519408495428;16.1676194563833
1687958605;13.83660199056994;24.688977246308564;14.81672458912806;16.166923989436853
1687958606;13.83660199056994;24.688977246308564;14.81672458912806;16.160664786918865
1687958607;13.83660199056994;24.688778541466718;14.81672458912806;16.13075970822181
1687958608;13.83660199056994;24.682519338948726;14.81672458912806;16.10621966025446
1687958609;13.836203677426095;24.68222128168597;14.815929769760706;16.15629328039836
1687958610;13.836004520854184;24.681426462318612;14.815929769760706;16.11853936044859
1687958611;13.836004520854184;24.68192322442321;14.815929769760706;16.128573954961556
1687958612;13.836004520854184;24.681823872002283;14.815929769760706;16.117645188660312
1687958613;13.842875422585355;24.681227757476766;14.815929769760706;16.097476647213462
1687958614;13.842875422585355;24.682817396211497;14.81672458912806;16.109001528040235
1687958615;13.842875422585355;24.682022576844133;14.81672458912806;16.091813559221002
1687958616;13.849148854600768;24.681724519581373;14.81672458912806;16.103040382785004
1687958617;13.855422286616182;24.681625167160448;14.815929769760706;16.084064070389203
1687958618;13.855422286616182;24.67457114527509;14.815929769760706;16.074824295243605
1687958619;13.855422286616182;24.67457114527509;14.815929769760706;16.078301629975822
1687958620;13.855422286616182;24.685996673680943;14.815134950393338;16.094992836690448
1687958621;13.855422286616182;24.679737471162955;14.815134950393338;16.135926034109673
1687958622;13.855422286616182;24.67626013643075;14.815134950393338;16.09002521564443
1687958623;13.855422286616182;24.654501956249163;14.81672458912806;16.096383770583333
1687958624;13.861695718631594;24.654501956249163;14.823182496487897;16.112975624877045
1687958625;13.861695718631594;24.660463101504394;14.818711637546468;16.118042598343997
1687958626;13.861695718631594;24.66125792087176;14.811955672923883;16.104232611836057
1687958627;13.861695718631594;24.654700661091013;14.811260205977439;16.099165638369108
1687958628;13.861695718631594;24.654700661091013;14.810465386610073;16.109696994986678
1687958629;13.861695718631594;24.65976763455795;14.810465386610073;16.124301800861986
1687958630;13.861695718631594;24.65976763455795;14.810465386610073;16.096085713320573
1687958631;13.861695718631594;24.661357273292683;14.812055025344806;16.11158469098416
1687958632;13.861695718631594;24.66006569182071;14.811260205977439;16.110491814354045
1687958633;13.861695718631594;24.67268344927761;14.810465386610073;16.100357867420158
1687958634;13.861695718631594;24.67268344927761;14.809670567242716;16.109796347407602
1687958635;13.861695718631594;24.67357762106589;14.809670567242716;16.102841677943168
1687958636;13.861695718631594;24.66702036128514;14.810465386610073;16.12897136464524
1687958637;13.861695718631594;24.66702036128514;14.810465386610073;16.130561003379974
1687958638;13.861695718631594;24.659966339399798;14.810465386610073;16.138111787369922
1687958639;13.861695718631594;24.66702036128514;14.815929769760706;16.144370989887914
1687958640;13.861695718631594;24.665828132234104;14.815929769760706;16.131852584851934
1687958641;13.861695718631594;24.665828132234104;14.815929769760706;16.142085884206736
1687958642;13.861695718631594;24.664735255603976;14.81672458912806;16.141688474523065
1687958643;13.861695718631594;24.671391867805646;14.817519408495428;16.123109571810936
1687958644;13.861695718631594;24.671093810542878;14.817519408495428;16.138509197053608
1687958645;13.861695718631594;24.670199638754596;14.81672458912806;16.124401153282896
1687958646;13.861695718631594;24.663940436236608;14.81672458912806;16.092509026167445
1687958647;13.861695718631594;24.663642378973847;14.815929769760706;16.103040382785004
1687958648;13.861695718631594;24.670895105701042;14.81672458912806;16.11277692003521
1687958649;13.861695718631594;24.671689925068407;14.822983791646049;16.09419801732309
1687958650;13.861695718631594;24.677054955798106;14.822188972278683;16.175965059740616
1687958651;13.861695718631594;24.67775042274455;14.828448174796671;16.140595597892936
1687958652;13.861695718631594;24.67695560337718;14.835502196682027;16.14009883578833
1687958653;13.861695718631594;24.67149122022656;14.835502196682027;16.11853936044859
1687958654;13.861695718631594;24.67059704843828;14.836694425733077;16.184906777623453
1687958655;13.861695718631594;24.668908057282636;14.835502196682027;16.13354157600758
1687958656;13.861695718631594;24.668908057282636;14.83470737731466;16.132945461482063
1687958657;13.861695718631594;24.668908057282636;14.834508672472824;16.17725664121258
1687958658;13.861695718631594;24.669404819387232;14.83291903373809;16.17695858394982
1687958659;13.861695718631594;24.66910676212447;14.83470737731466;16.174375421005884
1687958660;13.861695718631594;24.68083034779308;14.829441699005875;16.183416491309643
1687958661;13.861695718631594;24.686692140627386;14.827454650587468;16.16165831112807
1687958662;13.861695718631594;24.686692140627386;14.829044289322201;16.14278135115318
1687958663;13.861695718631594;24.688977246308564;14.829044289322201;16.15152436419418
1687958664;13.861695718631594;24.687486959994754;14.83530349184019;16.164539531334764
1687958665;13.861695718631594;24.686394083364625;14.836893130574913;16.16344665470464
1687958666;13.861695718631594;24.686394083364625;14.829640403847721;16.157584861870333
1687958667;13.861695718631594;24.686394083364625;14.829640403847721;16.15897579576322
1687958668;13.861695718631594;24.686394083364625;14.836098311207547;16.16652657975317
1687958669;13.861695718631594;24.686890845469232;14.827554003008391;16.165632407964882
1687958670;13.861695718631594;24.6930506955663;14.827554003008391;16.160267377235183
1687958671;13.861695718631594;24.69225587619893;14.828348822375759;16.142980055995025
1687958672;13.861695718631594;24.700104717451655;14.828348822375759;16.165930465227653
1687958673;13.867969150647008;24.699011840821527;14.827554003008391;16.166923989436853
1687958674;13.874242582662422;24.698217021454163;14.827554003008391;16.21540797084603
1687958675;13.874242582662422;24.698713783558766;14.827554003008391;16.177554698475337
1687958676;13.874242582662422;24.691461056831578;14.828348822375759;16.16612917006949
1687958677;13.874242582662422;24.691461056831578;14.834608024893747;16.179541746893744
1687958678;13.874242582662422;24.68649343578555;14.847126429929713;16.19653101087114
1687958679;13.874242582662422;24.678942651795598;14.859843539807539;16.198418706868633
1687958680;13.874242582662422;24.67864459453284;14.852590813080347;16.176561174266133
1687958681;13.874242582662422;24.67864459453284;14.847126429929713;16.16732139912054
1687958682;13.874242582662422;24.67775042274455;14.84792124929708;16.17695858394982
1687958683;13.872948064944957;24.665232017708572;14.84792124929708;16.211334521588284
1687958684;13.872948064944957;24.671987982331167;14.847126429929713;16.212228693376574
1687958685;13.872948064944957;24.6711931629638;14.847126429929713;16.194543962452734
1687958686;13.872948064944957;24.6711931629638;14.847126429929713;16.19464331487366
1687958687;13.872948064944957;24.670398343596432;14.846331610562357;16.20189604160085
1687958688;13.872948064944957;24.67178927748932;14.847821896876157;16.214712503899587
1687958689;13.872948064944957;24.671689925068407;14.847821896876157;16.163049245020954
1687958690;13.872948064944957;24.671689925068407;14.847821896876157;16.17695858394982
1687958691;13.872948064944957;24.67298150654037;14.847027077508802;16.171792258061956
1687958692;13.872948064944957;24.671391867805646;14.847027077508802;16.163247949862793
1687958693;13.872948064944957;24.6838109204207;14.847027077508802;16.175965059740616
1687958694;13.872948064944957;24.683016101053333;14.847027077508802;16.160267377235183
1687958695;13.872948064944957;24.6838109204207;14.846232258141434;16.17974045173559
1687958696;13.872948064944957;24.67834653727007;14.839973055623446;16.19653101087114
1687958697;13.872948064944957;24.676061431588902;14.839973055623446;16.24004737123429
1687958698;13.872948064944957;24.676061431588902;14.839178236256078;16.184708072781607
1687958699;13.872948064944957;24.675167259800624;14.840767874990812;16.23855708492049
1687958700;13.872948064944957;24.676756898535345;14.840767874990812;16.095588951215976
1687958701;13.872948064944957;24.676458841272584;14.840767874990812;16.073930123455316
1687958702;13.872948064944957;24.681724519581373;14.834508672472824;16.048297198857842
1687958703;13.872948064944957;24.681724519581373;14.834508672472824;16.094992836690448
1687958704;13.872948064944957;24.681327109897687;14.840767874990812;16.088932339014306
1687958705;13.872948064944957;24.680532290530323;14.840767874990812;16.06926055967206
1687958706;13.872948064944957;24.680234233267562;14.841562694358167;16.061908480523947
1687958707;13.872948064944957;24.680234233267562;14.840569170148965;16.060517546631058
1687958708;13.872948064944957;24.67447179285418;14.840569170148965;16.075420409769126
1687958709;13.872948064944957;24.68222128168597;14.852491460659422;16.066677396728124
1687958710;13.993636947527222;24.681724519581373;14.853087575184942;16.0738307710344
1687958711;14.467131697262092;24.68679149304831;14.853087575184942;16.646696830061657
1687958712;14.48834187217135;24.681525814739523;14.853087575184942;16.39106305103336
1687958713;14.208327732054748;24.618735084717812;14.853087575184942;16.424246759620786
1687958714;14.230135376679765;24.611581710411535;14.852292755817576;16.411231592480213
1687958715;14.315374389460633;24.611581710411535;14.852292755817576;16.460808450519515
1687958716;14.214202850926327;24.62410011544751;14.840569170148965;16.420670072467658
1687958717;14.207033214337283;24.62350400092199;14.840569170148965;15.927087245334903
1687958718;14.453589050371674;24.62380205818475;14.840569170148965;15.946063557730717
1687958719;14.223662788092428;24.61654933145756;14.839178236256078;15.993255957667918
1687958720;14.332203119787701;24.61595321693204;14.840767874990812;15.940996584263766
1687958721;14.169093887386918;24.623007238817387;14.841562694358167;15.935234143850385
1687958722;14.241885614422923;24.622907886396472;14.841562694358167;15.979445971159977
1687958723;14.247163263578743;24.6226098291337;14.840767874990812;16.001998970708918
1687958724;14.351222572405863;24.621715657345423;14.847027077508802;15.948646720674642
1687958725;14.105961254088928;24.62251047671279;14.847027077508802;15.963350878970871
1687958726;14.542711616304949;24.621417600082662;14.833713853105458;15.992957900405159
1687958727;14.293865479693501;24.62131824766174;14.83023651837324;15.988288336621903
1687958728;14.288289095679795;24.62131824766174;14.829044289322201;16.02027981615828
1687958729;14.301134694568507;24.60870049020485;14.829044289322201;16.005476305441135
1687958730;14.193291410874942;24.60989271925589;14.828249469954836;16.05694085947792
1687958731;14.372134012457238;24.6152577499856;14.828249469954836;16.022564921839454
1687958732;14.236807121839012;24.615158397564674;14.827454650587468;16.00716529659678
1687958733;14.120897996982773;24.614661635460067;14.827454650587468;16.00567501028297
1687958734;14.323539808909269;24.614860340301913;14.827454650587468;15.985903878519803
1687958735;14.190801953725973;24.61505904514375;14.827454650587468;16.068267035462856
1687958736;14.543508242592617;24.61287329188351;14.82656047879919;16.007463353859542
1687958737;14.385278346203823;24.614562283039156;14.82656047879919;15.996832644821058
1687958738;14.308005596299667;24.60879984262576;14.828150117533912;15.963946993496393
1687958739;14.197573277171182;24.61952990408517;14.828150117533912;16.031904049405977
1687958740;14.29535915398288;24.620920837978055;14.828050765112998;16.01789535805619
1687958741;14.314677341458925;24.619331199243334;14.834309967630976;16.030413763092167
1687958742;14.320950773474339;24.61952990408517;14.834309967630976;16.034884622033584
1687958743;14.32692547063188;24.61863573229689;14.835104786998343;16.034884622033584
1687958744;14.249254407583878;24.6249942872358;14.834309967630976;16.049688132750727
1687958745;14.21619441664551;24.625590401761322;14.834309967630976;16.081182850182508
1687958746;14.139120823313267;24.62459687755212;14.83411126278914;16.072638541983352
1687958747;14.158239854217392;24.624696229973033;14.833316443421774;16.0514764763273
1687958748;14.10347179693996;24.611979120095217;14.83411126278914;16.03170534456413
1687958749;14.120300527267027;24.61297264430442;14.83411126278914;16.048595256120603
1687958750;14.33987064780654;24.618933789559648;14.833316443421774;16.054457048954905
1687958751;14.051790666527253;24.618138970192284;14.833316443421774;16.04432310202103
1687958752;14.080270056311516;24.618735084717812;14.833316443421774;16.06300135715407
1687958753;14.034364466484439;24.619132494401484;14.833316443421774;16.054457048954905
1687958754;14.108351132951945;24.624298820289358;14.83411126278914;16.05266870537835
1687958755;14.085248970609465;24.623305296080144;14.834210615210065;16.093303845534802
1687958756;14.134938535302988;24.61833767503413;14.834210615210065;16.048893313383374
1687958757;14.35002763297435;24.61774156050861;14.83262097647533;16.074526237980848
1687958758;14.33638540779798;24.617542855666763;14.83262097647533;16.376756302420826
1687958759;13.98158797492619;24.629266441335375;14.833415795842697;16.109895699828513
1687958760;14.017237001299499;24.63572434869521;14.83500543457742;16.10612030783354
1687958761;13.994533152100852;24.64238096089687;14.834210615210065;16.038163251923965
1687958762;14.025601577320046;24.642480313317794;14.834210615210065;16.06866444514653
1687958763;13.935781963385063;24.642182256055033;14.834210615210065;16.05306611506202
1687958764;13.950021658277201;24.641586141529515;14.834210615210065;16.034884622033584
1687958765;13.97730610862995;24.64118873184583;14.833415795842697;16.043230225390904
1687958766;13.975912012626523;24.641884198792276;14.83500543457742;16.022465569418532
1687958767;13.982185444641937;24.640095855215705;14.83500543457742;16.047502379490485
1687958768;13.982185444641937;24.64148678910859;14.834210615210065;16.045614683492992
1687958769;13.982185444641937;24.641288084266755;14.833415795842697;16.051675181169145
1687958770;13.982185444641937;24.642182256055033;14.833415795842697;16.056444097373323
1687958771;13.982185444641937;24.64804404888934;14.833415795842697;16.032202106668734
1687958772;13.982185444641937;24.640791322162148;14.833415795842697;16.059225965159097
1687958773;13.988458876657361;24.635128234169677;14.833415795842697;16.042137348760775
1687958774;13.988458876657361;24.628670326809853;14.83262097647533;16.034884622033584
1687958775;13.988458876657361;24.628670326809853;14.834210615210065;16.040647062446965
1687958776;13.988060563513516;24.6211195428199;14.834011910368217;16.036076851084637
1687958777;13.988060563513516;24.62231177187094;14.834011910368217;16.08903169143523
1687958778;13.988060563513516;24.621516952503587;14.833217091000861;16.034884622033584
1687958779;13.988060563513516;24.62042407587346;14.834011910368217;16.070552141144024
1687958780;13.988060563513516;24.62042407587346;14.834806729735583;16.054755106217677
1687958781;13.988060563513516;24.621218895240816;14.834011910368217;16.067571568516414
1687958782;13.988060563513516;24.6211195428199;14.840271112886205;16.055847982847794
1687958783;13.988060563513516;24.620523428294373;14.835204139419266;16.06081560389382
1687958784;13.988060563513516;24.608303080521164;14.833217091000861;16.1161549023465
1687958785;13.988060563513516;24.6075082611538;14.84583484845775;16.099066285948194
1687958786;13.988060563513516;24.608005023258407;14.84583484845775;16.097377294792548
1687958787;13.988060563513516;24.60721020389104;14.840370465307128;16.088932339014306
1687958788;13.99433399552894;24.608005023258407;14.839575645939762;16.103239087626854
1687958789;13.99433399552894;24.614860340301913;14.839575645939762;16.06538581525616
1687958790;13.99433399552894;24.614562283039156;14.846033553299598;16.050184894855335
1687958791;13.99433399552894;24.613469406409028;14.84583484845775;16.05753697400345
1687958792;13.99433399552894;24.614264225776395;14.846629667825118;16.03389109782438
1687958793;13.99433399552894;24.613469406409028;14.846629667825118;16.058331793370805
1687958794;13.99433399552894;24.613568758829953;14.84583484845775;16.025048732362457
1687958795;13.99433399552894;24.61327070156718;14.84583484845775;16.05902726031725
1687958796;13.99433399552894;24.612177824937064;14.845040029090384;16.014418023323973
1687958797;13.99433399552894;24.61297264430442;14.844344562143942;16.06141171841934
1687958798;13.99433399552894;24.611879767674296;14.844443914564865;16.028824124357442
1687958799;13.99433399552894;24.605620565156315;14.846033553299598;16.044819864125625
1687958800;13.99433399552894;24.612277177357978;14.852292755817576;16.016007662058705
1687958801;13.99433399552894;24.612078472516142;14.852292755817576;16.038163251923965
1687958802;14.000607427544354;24.611283653148774;14.853087575184942;16.053562877166627
1687958803;14.000607427544354;24.605819269998154;14.853087575184942;16.08068608807791
1687958804;14.000607427544354;24.605024450630786;14.853087575184942;16.04193864391894
1687958805;14.000607427544354;24.603534164316986;14.852292755817576;16.037467784977522
1687958806;14.000607427544354;24.609793366834964;14.851497936450219;16.08217637439171
1687958807;14.000607427544354;24.609793366834964;14.851497936450219;16.090919387432713
1687958808;14.000607427544354;24.612078472516142;14.852292755817576;16.031208582459534
1687958809;14.000607427544354;24.610886243465092;14.852292755817576;16.0242539129951
1687958810;14.000607427544354;24.61058818620233;14.858551958335564;16.087442052700496
1687958811;14.000607427544354;24.6113830055697;14.858551958335564;16.051377123906374
1687958812;14.000607427544354;24.61058818620233;14.864811160853552;16.056742154636083
1687958813;14.000607427544354;24.61058818620233;14.858949368019248;16.016603776584226
1687958814;14.000607427544354;24.62191436218726;14.859744187386614;16.048098494016006
1687958815;14.000607427544354;24.62191436218726;14.845934200878673;16.05038359969717
1687958816;14.000607427544354;24.618536379875966;14.845139381511308;16.018590825002633
1687958817;14.000607427544354;24.616449979036638;14.845139381511308;16.042137348760775
1687958818;14.000607427544354;24.621815009766344;14.840469817728053;16.075420409769126
1687958819;14.000607427544354;24.62231177187094;14.840469817728053;16.03289757361518
1687958820;14.000607427544354;24.62231177187094;14.846729020246041;16.03647426076831
1687958821;14.000607427544354;24.62857097438893;14.846729020246041;16.034387859928977
1687958822;14.000607427544354;24.628074212284336;14.846729020246041;16.044819864125625
1687958823;14.000607427544354;24.628074212284336;14.845934200878673;16.00557565786206
1687958824;14.000607427544354;24.627279392916968;14.845934200878673;16.01342449911477
1687958825;14.000607427544354;24.627180040496043;14.845934200878673;16.013027089431088
1687958826;14.000607427544354;24.633240538172195;14.846729020246041;16.030513115513088
1687958827;14.000607427544354;24.63463147206508;14.845934200878673;16.0155108999541
1687958828;14.000607427544354;24.63483017690692;14.845934200878673;16.019882406474593
1687958829;14.000607427544354;24.639002978585577;14.845040029090384;16.020478521000125
1687958830;14.000607427544354;24.63989715037387;14.846629667825118;16.021670750051165
1687958831;14.000607427544354;24.6391023310065;14.846629667825118;16.01253032732649
1687958832;14.000607427544354;24.63880427374374;14.84583484845775;16.024055208153253
1687958833;14.006880859559768;24.631750251858385;14.845040029090384;16.033493688140698
1687958834;14.006880859559768;24.63304183333035;14.845040029090384;15.966232099177557
1687958835;14.006880859559768;24.63304183333035;14.845040029090384;15.887942391492249
1687958836;14.006880859559768;24.63194895670022;14.84583484845775;15.929968465541599
1687958837;14.006880859559768;24.63194895670022;14.845040029090384;15.916953298401026
1687958838;14.006880859559768;24.632545071225753;14.84583484845775;15.937320544689715
1687958839;14.01315429157518;24.63214766154207;14.84583484845775;15.942486870577577
1687958840;14.01315429157518;24.630756727649185;14.845040029090384;15.904832303048732
1687958841;14.01315429157518;24.632346366383906;14.846629667825118;15.911687620092241
1687958842;14.01315429157518;24.630756727649185;14.846629667825118;15.915761069349976
1687958843;14.01315429157518;24.630756727649185;14.846629667825118;15.911886324934077
1687958844;14.01315429157518;24.632048309121146;14.846629667825118;15.948149958570045
1687958845;14.01315429157518;24.631253489753778;14.845139381511308;15.949242835200161
1687958846;14.01315429157518;24.6249942872358;14.846629667825118;15.925994368704776
1687958847;14.01315429157518;24.625789106603158;14.84583484845775;15.935134791429462
1687958848;14.01315429157518;24.626285868707765;14.84583484845775;15.979048561476294
1687958849;14.01315429157518;24.625491049340397;14.839575645939762;15.95550203771815
1687958850;14.01315429157518;24.625391696919475;14.838780826572407;15.956495561927353
1687958851;14.019427723590594;24.625093639656715;14.839973055623446;15.935532201113144
1687958852;14.025701155606008;24.625093639656715;14.841165284674496;15.906521294204378
1687958853;14.025701155606008;24.63184960427931;14.839178236256078;15.934339972062094
1687958854;14.025701155606008;24.63184960427931;14.839178236256078;15.934538676903943
1687958855;14.025701155606008;24.630259965544575;14.839178236256078;15.918145527452065
1687958856;14.025701155606008;24.63731398742993;14.837588597521357;15.887246924545806
1687958857;14.025701155606008;24.636320463220727;14.845437438774066;15.928776236490549
1687958858;14.025701155606008;24.63602240595797;14.847027077508802;15.938810831003513
1687958859;14.025701155606008;24.642480313317794;14.847027077508802;15.933048390590132
1687958860;14.025701155606008;24.647944696468414;14.846232258141434;15.894996413377605
1687958861;14.025701155606008;24.655495480458367;14.846232258141434;15.917847470189306
1687958862;14.025701155606008;24.654700661091013;14.847027077508802;15.902745902209404
1687958863;14.025701155606008;24.635923053537045;14.846232258141434;15.910396038620277
1687958864;14.025701155606008;24.637115282588095;14.846232258141434;15.932452276064613
1687958865;14.025701155606008;24.63006126070274;14.846232258141434;15.887942391492249
1687958866;14.025701155606008;24.63006126070274;14.846232258141434;15.943281689944943
1687958867;14.025701155606008;24.629266441335375;14.840370465307128;15.917847470189306
1687958868;14.025701155606008;24.630558022807346;14.840767874990812;15.894300946431162
1687958869;14.025701155606008;24.631054784911942;14.839973055623446;15.9402017648964
1687958870;14.025701155606008;24.629763203439982;14.839178236256078;15.922318329130725
1687958871;14.03197458762142;24.630259965544575;14.839178236256078;15.899169215056263
1687958872;14.03197458762142;24.630259965544575;14.839178236256078;15.92370926302361
1687958873;14.03197458762142;24.62906773649354;14.840767874990812;15.904732950627809
1687958874;14.03197458762142;24.636221110799806;14.839973055623446;15.918542937135749
1687958875;14.03197458762142;24.642281608475958;14.839973055623446;15.918046175031142
1687958876;14.03197458762142;24.622907886396472;14.839973055623446;15.911588267671316
1687958877;14.03197458762142;24.622808533975547;14.839973055623446;16.349831796351378
1687958878;14.384182985058281;24.62131824766174;14.839973055623446;16.44352112927936
1687958879;14.424113877727818;24.620523428294373;14.840767874990812;16.487534251747114
1687958880;14.347239440967508;24.62042407587346;14.83977435078161;16.487434899326193
1687958881;14.416446349708977;24.6264845735496;14.838979531414243;16.49478697847431
1687958882;14.491926690465872;24.625590401761322;14.838979531414243;16.50452351572451
1687958883;14.378507022758614;24.625590401761322;14.838979531414243;16.040050947921447
1687958884;14.410172917693565;24.625987811445004;14.838979531414243;16.041640586656168
1687958885;14.360981244429837;24.632346366383906;14.83977435078161;16.029122181620203
1687958886;14.387966959924714;24.632843128488513;14.83977435078161;16.054158991692148
1687958887;14.372532325601084;24.632048309121146;14.839575645939762;15.99991256986959
1687958888;14.210916767489678;24.627875507442486;14.839575645939762;16.043329577811825
1687958889;14.259013079607863;24.625391696919475;14.832521624054419;15.995044301244487
1687958890;14.26219958475855;24.62489493481488;14.833316443421774;16.04849590369969
1687958891;14.164015394803009;24.631054784911942;14.833316443421774;16.089429101118903
1687958892;14.448908870931609;24.630856080070107;14.832521624054419;16.01402061364029
1687958893;14.376017565609644;24.61108494830694;14.832521624054419;16.01610701447962
1687958894;14.377312083327109;24.610687538623253;14.831726804687051;16.106319012675385
1687958895;14.337381190657561;24.616946741141245;14.830931985319683;16.078500334817658
1687958896;14.397526475376775;24.616946741141245;14.832521624054419;16.085951766386696
1687958897;14.261203801898958;24.615853864511116;14.832521624054419;16.060318841789222
1687958898;14.172977440539313;24.61565515966928;14.833316443421774;16.08336860344276
1687958899;14.50447355449671;24.617344150824927;14.833316443421774;16.08932974869799
1687958900;14.32533221805653;24.616449979036638;14.839575645939762;16.09986110531555
1687958901;14.083456561462205;24.622411124291865;14.840370465307128;16.070651493564945
1687958902;14.373428530174714;24.623106591238308;14.839575645939762;16.093303845534802
1687958903;14.139220401599228;24.623106591238308;14.839575645939762;16.0923103213256
1687958904;14.372432747315123;24.623007238817387;14.839575645939762;16.103934554573296
1687958905;14.148580760479367;24.627378745337893;14.839575645939762;16.12241410486449
1687958906;14.214899898928035;24.62886903165169;14.83798600720504;16.145960628622635
1687958907;14.291376022544522;24.62886903165169;14.83977435078161;16.06777027335825
1687958908;14.303325416859602;24.628670326809853;14.84583484845775;16.084660184914725
1687958909;14.303325416859602;24.62857097438893;14.84583484845775;16.084362127651964
1687958910;14.13852335359751;24.627776155021575;14.845040029090384;16.130958413063656
1687958911;14.174969006258497;24.629266441335375;14.844940676669472;16.141489769681215
1687958912;13.943051178260069;24.62827291712617;14.845536791194991;16.101550096471197
1687958913;14.096600895208788;24.628173564705246;14.845536791194991;16.123705686336454
1687958914;14.050197413951915;24.62797485986341;14.845536791194991;16.139403368841887
1687958915;14.021419289309778;24.6226098291337;14.845536791194991;16.172289020166552
1687958916;13.907800465030595;24.62251047671279;14.845536791194991;16.115956197504666
1687958917;13.992043694951883;24.62876967923078;14.845338086353156;16.103636497310525
1687958918;13.943349913117942;24.632843128488513;14.846132905720511;16.12917006948709
1687958919;13.97989514406488;24.633737300276792;14.845338086353156;16.087342700279585
1687958920;13.862890658063098;24.639201683427427;14.844543266985788;16.126487554122228
1687958921;14.02082181959402;24.639201683427427;14.844543266985788;16.106319012675385
1687958922;13.967945749749811;24.63492952932784;14.845338086353156;16.134336395374948
1687958923;13.996425139534075;24.63343924301403;14.845338086353156;16.12499726780843
1687958924;13.94235413025836;24.63343924301403;14.845338086353156;16.116254254767426
1687958925;14.02002519330635;24.632644423646667;14.85179599371298;16.165135645860286
1687958926;14.270265425921224;24.633141185751274;14.851597288871144;16.15152436419418
1687958927;14.18801376171912;24.63393600511864;14.850802469503776;16.117744541081237
1687958928;14.283111024809925;24.633141185751274;14.850802469503776;16.42643251288104
1687958929;14.32363938719523;24.633141185751274;14.851597288871144;16.150828897247738
1687958930;14.05408096710431;24.638208159218213;14.850802469503776;16.176759879107973
1687958931;14.053583075674513;24.645162828682643;14.85000765013641;16.14605998104356
1687958932;14.053583075674513;24.64506347626173;14.85000765013641;16.163744711967396
1687958933;14.053583075674513;24.64416930447344;14.85000765013641;16.17099743869459
1687958934;14.053583075674513;24.643672542368844;14.850802469503776;16.1569887473448
1687958935;14.059856507689938;24.643672542368844;14.850802469503776;16.218388543473637
1687958936;14.058561989972462;24.637115282588095;14.852392108238499;16.183217786467807
1687958937;14.058561989972462;24.637115282588095;14.852392108238499;16.212924160323016
1687958938;14.058561989972462;24.636320463220727;14.851597288871144;16.182323614679518
1687958939;14.058561989972462;24.625093639656715;14.851597288871144;16.16384406438832
1687958940;14.058561989972462;24.636717872904413;14.851597288871144;16.16235377807451
1687958941;14.05746662882692;24.642182256055033;14.851597288871144;16.163049245020954
1687958942;14.05746662882692;24.642182256055033;14.851597288871144;16.13205128969377
1687958943;14.05746662882692;24.64267901815963;14.851597288871144;16.1341376905331
1687958944;14.063740060842333;24.64267901815963;14.850802469503776;16.137813730107165
1687958945;14.063740060842333;24.637015930167173;14.85000765013641;16.137813730107165
1687958946;14.063740060842333;24.637015930167173;14.85000765013641;16.202690860968204
1687958947;14.063740060842333;24.63751269227177;14.85000765013641;16.15927385302598
1687958948;14.063740060842333;24.63751269227177;14.857757138968209;16.117049074134794
1687958949;14.063740060842333;24.6429770754224;14.856962319600841;16.150232782722217
1687958950;14.063740060842333;24.655098070774695;14.856962319600841;16.15718745218665
1687958951;14.063740060842333;24.655793537721138;14.856962319600841;16.156193927977448
1687958952;14.063740060842333;24.655694185300213;14.857757138968209;16.15430623197995
1687958953;14.070013492857747;24.643175780264237;14.857757138968209;16.119830941920565
1687958954;14.07628692487316;24.641586141529515;14.857757138968209;16.154902346505473
1687958955;14.063142591126576;24.642082903634112;14.857757138968209;16.174375421005884
1687958956;14.063142591126576;24.63463147206508;14.85755843412636;16.158578386079537
1687958957;14.063142591126576;24.63463147206508;14.85755843412636;16.16344665470464
1687958958;14.063142591126576;24.63463147206508;14.858353253493728;16.194842019715495
1687958959;14.063142591126576;24.633538595434956;14.858353253493728;16.168811685434335
1687958960;14.063142591126576;24.64108937942491;14.85755843412636;16.152120478719702
1687958961;14.063142591126576;24.63989715037387;14.85755843412636;16.176263117003376
1687958962;14.063142591126576;24.64565959078725;14.85755843412636;16.147848324620128
1687958963;14.063142591126576;24.644765418998958;14.863817636644349;16.159472557867815
1687958964;14.063142591126576;24.646752467417375;14.864612456011717;16.179839804156504
1687958965;14.063142591126576;24.652514907830756;14.864612456011717;16.143774875362393
1687958966;14.063142591126576;24.646255705312768;14.845040029090384;16.176263117003376
1687958967;14.063142591126576;24.64526218110357;14.845040029090384;16.18838411235567
1687958968;14.063142591126576;24.645560238366325;14.845040029090384;16.16076413933978
1687958969;14.063142591126576;24.652216850568;14.843450390355661;16.158180976395855
1687958970;14.063142591126576;24.652018145726164;14.845040029090384;16.172885134692073
1687958971;14.063142591126576;24.65102462151695;14.845040029090384;16.160664786918865
1687958972;14.063142591126576;24.650627211833275;14.845040029090384;16.209148768328042
1687958973;14.063142591126576;24.656985766772177;14.850504412241017;16.13652214863519
1687958974;14.063142591126576;24.669504171808153;14.85119987918746;16.03031441067124
1687958975;14.063142591126576;24.67576337432614;14.838681474151482;16.00021062713235
1687958976;14.063142591126576;24.676061431588902;14.845735496036827;15.977458922741572
1687958977;14.063142591126576;24.66344367413201;14.844940676669472;15.991467614091349
1687958978;14.063142591126576;24.66304626444833;14.844940676669472;15.98699675514993
1687958979;14.063142591126576;24.662648854764647;14.844145857302104;15.99812422629302
1687958980;14.063142591126576;24.668013885494343;14.844145857302104;15.994746243981728
1687958981;14.06941602314199;24.667715828231586;14.844940676669472;16.023856503311418
1687958982;14.06941602314199;24.66761647581066;14.844940676669472;16.005873715124817
1687958983;14.06941602314199;24.64963368762406;14.844145857302104;15.99663393997921
1687958984;14.06941602314199;24.65102462151695;14.844145857302104;15.996733292400133
1687958985;14.06941602314199;24.650130449728668;14.844145857302104;15.989977327777549
1687958986;14.06941602314199;24.650031097307746;14.844741971827624;16.02564484688799
1687958987;14.06941602314199;24.644268656894365;14.844741971827624;16.00100544649972
1687958988;14.06941602314199;24.644268656894365;14.844741971827624;15.993255957667918
1687958989;14.06941602314199;24.643473837526997;14.844741971827624;15.974875759797635
1687958990;14.06941602314199;24.648540810993946;14.843947152460268;15.994646891560805
1687958991;14.06941602314199;24.64953433520315;14.844741971827624;16.01729924353067
1687958992;14.06941602314199;24.648540810993946;14.844543266985788;16.01789535805619
1687958993;14.06941602314199;24.647547286784732;14.84374844761842;16.0383619567658
1687958994;14.06941602314199;24.64685181983829;14.844543266985788;16.027830600148228
1687958995;14.06941602314199;24.647646639205657;14.844543266985788;16.0242539129951
1687958996;14.06941602314199;24.647348581942897;14.845437438774066;16.026737723518114
1687958997;14.06941602314199;24.647348581942897;14.845437438774066;16.005973067545742
1687958998;14.06941602314199;24.646454410154618;14.845437438774066;16.03289757361518
1687958999;14.06941602314199;24.647447934363818;14.845437438774066;16.040647062446965
1687959000;14.06941602314199;24.646255705312768;14.844642619406711;16.01700118626791
1687959001;14.06941602314199;24.645858295629086;14.850901821924701;16.05157582874822
1687959002;14.06941602314199;24.645758943208172;14.850901821924701;16.0242539129951
1687959003;14.06941602314199;24.64655376257553;14.850901821924701;16.044124397179182
1687959004;14.06941602314199;24.647050524680136;14.850901821924701;16.002396380392604
1687959005;14.06941602314199;24.646255705312768;14.850901821924701;16.020875930683797
1687959006;14.06941602314199;24.647050524680136;14.84941153561089;16.048396551278763
1687959007;14.06941602314199;24.64595764805001;14.848616716243523;16.006271124808503
1687959008;14.06941602314199;24.64595764805001;14.850206354978257;16.013821908798455
1687959009;14.067225300850893;24.64595764805001;14.850206354978257;16.04402504475827
1687959010;14.067225300850893;24.65142203120063;14.84941153561089;16.015610252375023
1687959011;14.067225300850893;24.652713612672606;14.849510888031814;15.993454662509766
1687959012;14.067225300850893;24.652713612672606;14.849510888031814;15.999018398081311
1687959013;14.067225300850893;24.62757745017973;14.849510888031814;15.991070204407675
1687959014;14.067225300850893;24.626881983233282;14.850305707399169;16.017497948372505
1687959015;14.067225300850893;24.627378745337893;14.850305707399169;16.028526067094674
1687959016;14.067225300850893;24.627180040496043;14.856465557496234;16.0155108999541
1687959017;14.067225300850893;24.626285868707765;14.855670738128879;16.031605992143206
1687959018;14.067225300850893;24.625491049340397;14.855670738128879;15.999018398081311
1687959019;14.067225300850893;24.6264845735496;14.856465557496234;15.997428759346576
1687959020;14.067225300850893;24.631352842174703;14.856465557496234;16.018988234686315
1687959021;14.067225300850893;24.631352842174703;14.855770090549791;16.01074198374992
1687959022;14.067225300850893;24.631352842174703;14.855770090549791;16.05574863042688
1687959023;14.067225300850893;24.631054784911942;14.855670738128879;16.02564484688799
1687959024;14.067225300850893;24.632644423646667;14.856465557496234;15.995640415770007
1687959025;14.067225300850893;24.62767680260065;14.856465557496234;16.00408537154825
1687959026;14.067225300850893;24.6123765297789;14.850405059820094;16.018491472581708
1687959027;14.073498732866307;24.613568758829953;14.850206354978257;16.000409331974197
1687959028;14.079772164881721;24.612773939462585;14.850206354978257;16.0014028561834
1687959029;14.079772164881721;24.611979120095217;14.844344562143942;16.00537695302021
1687959030;14.079772164881721;24.618238322613205;14.843152333092902;16.008754935331503
1687959031;14.079772164881721;24.622709181554626;14.843152333092902;16.022068159734847
1687959032;14.079772164881721;24.62459687755212;14.842357513725535;16.006271124808503
1687959033;14.079772164881721;24.62459687755212;14.842357513725535;16.01700118626791
1687959034;14.079772164881721;24.62350400092199;14.843947152460268;15.993057252826082
1687959035;14.066627831135147;24.62350400092199;14.844741971827624;16.0028931424972
1687959036;14.066627831135147;24.630259965544575;14.851001174345612;15.999813217448667
1687959037;14.066627831135147;24.630259965544575;14.851001174345612;16.01074198374992
1687959038;14.066627831135147;24.623205943659233;14.850206354978257;16.00945040227795
1687959039;14.066627831135147;24.623205943659233;14.850206354978257;15.983221363154954
1687959040;14.066627831135147;24.62380205818475;14.856167500233475;16.006370477229414
1687959041;14.066627831135147;24.622709181554626;14.856962319600841;15.990970851986752
1687959042;14.066627831135147;24.615456454827434;14.856167500233475;15.99812422629302
1687959043;14.066627831135147;24.616151921773877;14.856167500233475;16.022068159734847
1687959044;14.066627831135147;24.591214464122846;14.855372680866118;16.47720159997139
1687959045;14.066627831135147;24.59101575928101;14.854577861498752;16.478195124180594
1687959046;14.066627831135147;24.592307340752974;14.86083706401674;16.527473924957125
1687959047;14.066627831135147;24.585452023709465;14.862426702751463;16.37367637737229
1687959048;14.066627831135147;24.58525331886762;14.862426702751463;16.368311346642585
1687959049;14.066627831135147;24.584259794658415;14.862426702751463;16.365330774014975
1687959050;14.066627831135147;24.58505461402578;14.861631883384108;16.365330774014975
1687959051;14.066627831135147;24.58505461402578;14.874150288420074;15.948249310990958
1687959052;14.066627831135147;24.583961737395654;14.875739927154807;15.950037654567527
1687959053;14.066627831135147;24.583961737395654;14.875739927154807;15.922020271867964
1687959054;14.066627831135147;24.58445849950026;14.875739927154807;15.919834518607711
1687959055;14.066627831135147;24.58992288265088;14.875739927154807;15.932452276064613
1687959056;14.066627831135147;24.584359147079336;14.862426702751463;15.932452276064613
1687959057;14.066627831135147;24.583067565607376;14.855372680866118;15.938612126161678
1687959058;14.066627831135147;24.583365622870133;14.856167500233475;15.937817306794312
1687959059;14.066627831135147;24.576510305826627;14.856167500233475;15.911190857987634
1687959060;14.066627831135147;24.582769508344615;14.856167500233475;15.917648765347469
1687959061;14.066627831135147;24.582769508344615;14.855372680866118;15.911886324934077
1687959062;14.066627831135147;24.58406108981658;14.855372680866118;15.922914443656245
1687959063;14.066627831135147;24.58406108981658;14.855372680866118;15.921225452500599
1687959064;14.066627831135147;24.58296821318645;14.856167500233475;15.913177906406052
1687959065;14.066627831135147;24.58376303255382;14.856167500233475;15.913177906406052
1687959066;14.066627831135147;24.58267015592369;14.856167500233475;15.919635813765876
1687959067;14.066627831135147;24.581875336556326;14.862426702751463;15.92967040827884
1687959068;14.066627831135147;24.580981164768044;14.856564909917157;15.926590483230306
1687959069;14.066627831135147;24.582372098660933;14.854379156656904;15.926590483230306
1687959070;14.066627831135147;24.58286886076553;14.855173976024272;15.92579566386294
1687959071;14.066627831135147;24.601050353793973;14.855173976024272;15.926590483230306
1687959072;14.066627831135147;24.60184517316133;14.854379156656904;15.926590483230306
1687959073;14.066627831135147;24.588134539074314;14.860638359174894;15.925398254179257
1687959074;14.066627831135147;24.557633345851738;14.862227997909628;15.924603434811901
1687959075;14.066627831135147;24.557633345851738;14.863022817276994;15.922417681551648
1687959076;14.066627831135147;24.55107608607099;14.86948072463682;15.921920919447041
1687959077;14.066627831135147;24.55028126670362;14.869282019794971;15.933843209957498
1687959078;14.066627831135147;24.56220355721408;14.869282019794971;15.923013796077168
1687959079;14.066627831135147;24.56220355721408;14.868487200427616;15.9222189767098
1687959080;14.066627831135147;24.56061391847936;14.868487200427616;15.9222189767098
1687959081;14.066627831135147;24.568462759732068;14.881999129672796;15.921424157342445
1687959082;14.066627831135147;24.569754341204032;14.873951583578238;15.93443932448302
1687959083;14.066627831135147;24.568959521836664;14.873951583578238;15.93443932448302
1687959084;14.066627831135147;24.569754341204032;14.873951583578238;15.933147743011055
1687959085;14.066627831135147;24.568959521836664;14.87315676421087;15.931558104276322
1687959086;14.066627831135147;24.57492066709189;14.862227997909628;15.931558104276322
1687959087;14.066627831135147;24.57492066709189;14.862227997909628;15.938810831003513
1687959088;14.066627831135147;24.57571548645926;14.855173976024272;15.937817306794312
1687959089;14.066627831135147;24.5754174291965;14.855173976024272;15.934638029324866
1687959090;14.066627831135147;24.574622609829134;14.855173976024272;15.934638029324866
1687959091;14.066627831135147;24.580086992979755;14.850107002557333;15.933147743011055
