Time;{instance="10.231.0.208:9100"};{instance="192.168.221.10:9100"};{instance="192.168.221.11:9100"};{instance="192.168.221.12:9100"}
1687958371;11252.222222222223;34864;12012;12864.555555555557
1687958372;11254;40643.333333333336;12007.555555555557;12420.88888888889
1687958373;11255.333333333334;40985.222222222226;12006.222222222223;12917.333333333334
1687958374;5917156.111111112;44396.55555555556;12020.666666666668;12988
1687958375;19000859.555555556;38394.444444444445;12129.111111111111;23420.77777777778
1687958376;31874313.444444448;40533.77777777778;12128.111111111111;42980.55555555556
1687958377;44280870.77777778;42568.444444444445;12125.111111111111;59446.77777777778
1687958378;57398922.333333336;40351;12002.77777777778;75366.11111111111
1687958379;70504991.44444445;45694.11111111112;12127;92363.44444444445
1687958380;83521849.44444445;46231.333333333336;12126.77777777778;110377.33333333334
1687958381;96612898.33333334;45351.333333333336;12129.88888888889;128922.66666666667
1687958382;109397977.66666667;45765.55555555556;12128.222222222223;144258.44444444447
1687958383;116572791.33333334;49275.55555555556;12133.333333333334;158501.8888888889
1687958384;116523683.11111112;49628.77777777778;12001.88888888889;154221.6666666667
1687958385;116678408.55555557;47517.66666666667;11999.88888888889;153151
1687958386;117483969.55555557;48372.333333333336;11999.555555555557;154901.6666666667
1687958387;117471294.66666667;47625.88888888889;11997.77777777778;157637.6666666667
1687958388;117390990.22222222;48261.333333333336;11871.333333333334;157741
1687958389;117214285.55555557;48288.55555555556;11994.333333333334;157302.6666666667
1687958390;117249928.77777779;43070.11111111112;11993.222222222223;155121.77777777778
1687958391;117162110.8888889;43528.88888888889;11993.222222222223;157994.8888888889
1687958392;116758929.44444445;39061;11973.77777777778;157938
1687958393;116026569.22222222;39585.88888888889;11975;156820.22222222222
1687958394;116159186.00000001;39903.11111111112;11978;152860.6666666667
1687958395;115930905.00000001;33516;11979.111111111111;151590.8888888889
1687958396;115845026.8888889;35308;11981.444444444445;150904.8888888889
1687958397;115691618.66666667;29234.666666666668;11983.77777777778;152022
1687958398;115916735.44444445;31400.444444444445;11859.222222222223;151864.44444444447
1687958399;115546836.77777779;35538.222222222226;11934.222222222223;153105.55555555556
1687958400;115988730.11111112;33582.11111111112;11984.666666666668;151637.55555555556
1687958401;115396794.8888889;29323.88888888889;11984;153994.6666666667
1687958402;108968557.33333334;28450.111111111113;11985.77777777778;145363.33333333334
1687958403;108487524.66666667;29004.444444444445;11984.222222222223;145072
1687958404;103930005.22222222;28116.666666666668;11982.555555555557;143145.96514596516
1687958405;90910506.66666667;26867.55555555556;11998.555555555557;127170.44444444445
1687958406;91200386.66666667;28498.88888888889;11997.333333333334;118271.77777777778
1687958407;91003847.22222222;25992.333333333336;11999.222222222223;117054.66666666667
1687958408;91193396.44444445;21093.666666666668;11958.555555555557;113636.66666666667
1687958409;91139656.8888889;23475.111111111113;11917.333333333334;111434.22222222223
1687958410;92055699.44444445;23212.55555555556;12101.88888888889;108367.55555555556
1687958411;99165543;22994.222222222223;12099.333333333334;118540.00000000001
1687958412;99642772.33333334;22833.666666666668;12097.88888888889;119796.44444444445
1687958413;104304402.77777779;23221.77777777778;12117.77777777778;119003.67033700368
1687958414;117118951.55555557;23189.111111111113;12099.333333333334;129563.33333333334
1687958415;116988947.33333334;21732.222222222223;12099.555555555557;135820.6666666667
1687958416;117201641.77777779;24849;12171.111111111111;135820.44444444447
1687958417;117206841.77777779;23899.88888888889;12136.444444444445;136826.44444444447
1687958418;116009062.44444445;23662.666666666668;12135.88888888889;136238.44444444447
1687958419;114688084.33333334;24078.444444444445;11949.333333333334;128705.77777777778
1687958420;114441691.11111112;25874;12097.444444444445;125926.88888888889
1687958421;114467321.33333334;25006.222222222223;12099;125530.88888888889
1687958422;114270268.77777779;26357.000000000004;12080.77777777778;126352.66666666667
1687958423;114326944.66666667;25992.77777777778;12081.666666666668;129271.55555555556
1687958424;111646841.66666667;27248.222222222223;12084.222222222223;127899.77777777778
1687958425;107838238.00000001;23643.222222222223;12011.555555555557;116167.55555555556
1687958426;95738185.8888889;25163.444444444445;12013.333333333334;105152.88888888889
1687958427;83850547.55555557;25057.222222222223;12005.444444444445;90503.33333333334
1687958428;72169886.11111112;26618.666666666668;12007.444444444445;82380
1687958429;59432441.11111111;30498.222222222223;11858.222222222223;68627.11111111111
1687958430;46249816.888888896;30620.77777777778;11919.111111111111;53562.66666666667
1687958431;33358912.222222224;28564.444444444445;12072.666666666668;38454.222222222226
1687958432;20487688.333333336;28951.666666666668;12071.77777777778;23006
1687958433;10135560.88888889;27584.55555555556;12069.77777777778;14319.000000000002
1687958434;862751.4444444445;29071.55555555556;12076.77777777778;14177.333333333334
1687958435;11260;28853.77777777778;12075.666666666668;14304.77777777778
1687958436;11263.222222222223;30470.55555555556;12084;14306.222222222223
1687958437;11263.333333333334;27332.000000000004;12084.333333333334;14296.88888888889
1687958438;11267.555555555557;21541.55555555556;12087.77777777778;14230.77777777778
1687958439;11266.77777777778;22264.77777777778;12027.444444444445;14230.222222222223
1687958440;11266.555555555557;24513.77777777778;11939.88888888889;14299.111111111111
1687958441;11264.88888888889;23508.55555555556;12031.666666666668;14297.222222222223
1687958442;11263;24202;12159;14290.222222222223
1687958443;11250.555555555557;23630.222222222223;12152;14284.333333333334
1687958444;11248.333333333334;23573.111111111113;12152.333333333334;14140.555555555557
1687958445;11246.444444444445;21052.222222222223;12143.88888888889;14204.333333333334
1687958446;11246.333333333334;25034;12144.666666666668;14321.666666666668
1687958447;11237.88888888889;25161.666666666668;12143.444444444445;14322.77777777778
1687958448;11237.444444444445;24413;12143.111111111111;14450.111111111111
1687958449;11245.88888888889;22568.77777777778;12077;14378.222222222223
1687958450;11244.444444444445;23917.222222222223;12044.333333333334;14375.555555555557
1687958451;11245;23780.55555555556;12008.666666666668;14375.222222222223
1687958452;11245;22911.111111111113;12007.222222222223;14374.444444444445
1687958453;11246.555555555557;23733.666666666668;12007.555555555557;14371.222222222223
1687958454;11247.88888888889;22887.333333333336;12007.555555555557;14307.333333333334
1687958455;11265.111111111111;20773.111111111113;12006;14191.77777777778
1687958456;11284;22734.222222222223;12007.111111111111;14348.444444444445
1687958457;11284.111111111111;23568.88888888889;12006.88888888889;14221.555555555557
1687958458;11275.444444444445;26215.333333333336;12004.666666666668;14222.222222222223
1687958459;11275;27462.77777777778;11948.333333333334;14223.111111111111
1687958460;11274.88888888889;27923.000000000004;11910.88888888889;14225.666666666668
1687958461;11275.88888888889;28314.666666666668;11914;14223.77777777778
1687958462;11276.222222222223;28370.111111111113;11989.222222222223;14225.111111111111
1687958463;11276.111111111111;28217.55555555556;12002;14226.111111111111
1687958464;11269.111111111111;27963.88888888889;11997.112073753193;14225.111111111111
1687958465;11250.666666666668;24986.77777777778;11999;14069.666666666668
1687958466;11252.222222222223;25004.111111111113;12018;14101.333333333334
1687958467;11251.555555555557;24940.88888888889;12018.88888888889;14183.666666666668
1687958468;11254.555555555557;21906.88888888889;12052.111111111111;14190.77777777778
1687958469;11253.333333333334;21519;12011;14186.333333333334
1687958470;11257.333333333334;21440.333333333336;12088.77777777778;14186.666666666668
1687958471;11255.77777777778;20661.444444444445;12010.77777777778;14186.666666666668
1687958472;11255.333333333334;22225;12015.77777777778;14200.444444444445
1687958473;11245;21390.222222222223;12110.147827053463;14264.333333333334
1687958474;11245.77777777778;22793.55555555556;12105.555555555557;14260.88888888889
1687958475;11245.666666666668;21465.333333333336;12084.88888888889;14228.88888888889
1687958476;11246.666666666668;20891.666666666668;12087.333333333334;14209.222222222223
1687958477;11243.88888888889;22667.77777777778;12049.88888888889;14202.555555555557
1687958478;11244;22053.77777777778;12035.111111111111;14322.333333333334
1687958479;11248.666666666668;22264.444444444445;11956;14321.555555555557
1687958480;11250.77777777778;21151.333333333336;11958.444444444445;14321.333333333334
1687958481;11248.77777777778;20983;11986.88888888889;14307.666666666668
1687958482;11246.222222222223;21572.88888888889;11897.333333333334;14244.88888888889
1687958483;11245.88888888889;22936.222222222223;11986.88888888889;14246.000000000002
1687958484;11244.555555555557;22614.333333333336;11988.222222222223;14247.88888888889
1687958485;11244.333333333334;21144.333333333336;11985.444444444445;14186.88888888889
1687958486;11245.555555555557;21380.77777777778;11988.666666666668;14233.77777777778
1687958487;11244.666666666668;22431.77777777778;11989.444444444445;14114.444444444445
1687958488;11234.555555555557;25089.55555555556;11989.666666666668;14204.333333333334
1687958489;11231.77777777778;28844.444444444445;11989.555555555557;14207.000000000002
1687958490;11233.111111111111;27850.000000000004;11943.555555555557;14205.77777777778
1687958491;11235.222222222223;27889.111111111113;11991;14206.666666666668
1687958492;11237;28031.222222222223;11903.555555555557;14206.555555555557
1687958493;11236.77777777778;30713.222222222223;11992.333333333334;14213.111111111111
1687958494;11247.222222222223;30762.88888888889;11994.666666666668;14279.666666666668
1687958495;11253.666666666668;28491.666666666668;11994.333333333334;14234.555555555557
1687958496;11262.444444444445;28835.444444444445;12002.333333333334;14300.111111111111
1687958497;11263.77777777778;27206.88888888889;12001.444444444445;14211.222222222223
1687958498;11271.88888888889;24883.77777777778;12049.77777777778;14211.333333333334
1687958499;11279;25628.77777777778;12049.666666666668;14305.000000000002
1687958500;11277.77777777778;25450.88888888889;12054.111111111111;14306.000000000002
1687958501;11277.444444444445;23526.55555555556;12096.111111111111;14306.111111111111
1687958502;11278;23032.77777777778;12016;14298.111111111111
1687958503;11266.77777777778;23258.111111111113;12013.222222222223;14230.555555555557
1687958504;11261.555555555557;24300.444444444445;12096.222222222223;14231.222222222223
1687958505;11255.222222222223;23014.111111111113;12089.88888888889;14168.555555555557
1687958506;11253.444444444445;22962.333333333336;12090.222222222223;14246.555555555557
1687958507;11247.333333333334;21925;12040.88888888889;14252.111111111111
1687958508;11238.77777777778;24004.55555555556;12041.444444444445;14158.333333333334
1687958509;11248.555555555557;22895;11989.77777777778;14247.444444444445
1687958510;11249.111111111111;23873.77777777778;11948.111111111111;14250.333333333334
1687958511;11250;22914;11943.111111111111;14250.222222222223
1687958512;11250.77777777778;22386.222222222223;11988.88888888889;14249.88888888889
1687958513;11249.111111111111;23393.666666666668;11907.111111111111;14248.77777777778
1687958514;11245.88888888889;23503;11991.333333333334;14249.444444444445
1687958515;11246.333333333334;22569.333333333336;11994.222222222223;14181.88888888889
1687958516;11245.333333333334;22709.88888888889;11996.88888888889;14231.000000000002
1687958517;11245;21866.222222222223;11997.333333333334;14233.555555555557
1687958518;11234.555555555557;24685.666666666668;11998.222222222223;14142.333333333334
1687958519;11231.88888888889;28697.55555555556;11997.77777777778;14231.222222222223
1687958520;11231.555555555557;28334.55555555556;11996.222222222223;14232.111111111111
1687958521;11230.666666666668;27566.77777777778;11953.444444444445;14303.88888888889
1687958522;11231;27954.444444444445;12002.222222222223;14302.444444444445
1687958523;11232.88888888889;27591.333333333336;11916.555555555557;14300.333333333334
1687958524;11246.77777777778;29345.666666666668;12005.77777777778;14299.666666666668
1687958525;11249.444444444445;28592.55555555556;12004;14243.111111111111
1687958526;11252.77777777778;27931.222222222223;12023.77777777778;14255.555555555557
1687958527;11254.111111111111;26314.000000000004;12023;14437.222222222223
1687958528;11253.77777777778;21388.77777777778;12057.444444444445;14384.666666666668
1687958529;11252.88888888889;22700.77777777778;12070.333333333334;14385.111111111111
1687958530;11257.222222222223;23528.666666666668;12077;14404.333333333334
1687958531;11258.111111111111;22059.88888888889;12049.88888888889;14403.555555555557
1687958532;11257.444444444445;22739.88888888889;12116.222222222223;14418.111111111111
1687958533;11244.555555555557;22660.88888888889;12025.555555555557;14432.666666666668
1687958534;11242.444444444445;23531.222222222223;12025.666666666668;14455.111111111111
1687958535;11238.88888888889;22941.333333333336;12096.555555555557;14441.88888888889
1687958536;11238.88888888889;23149.444444444445;12097.222222222223;14259.000000000002
1687958537;11240.444444444445;24330.111111111113;12062.666666666668;14295.444444444445
1687958538;11240;23222.88888888889;12048.77777777778;14294.88888888889
1687958539;7407725.333333334;24052.111111111113;12042.88888888889;14393.111111111111
1687958540;20537179.222222224;24351.55555555556;12019.77777777778;22232.222222222223
1687958541;33403427.222222224;23037.88888888889;11955.111111111111;38681.555555555555
1687958542;46643000.44444445;23584.88888888889;11954;56388.444444444445
1687958543;59472531.11111111;23458.222222222223;12000.333333333334;73555.77777777778
1687958544;72533959.11111112;24439.111111111113;11910;91194.44444444445
1687958545;85692226.77777779;24734.88888888889;12000.555555555557;108404.44444444445
1687958546;98555884.66666667;26564.000000000004;11999.88888888889;125981.55555555556
1687958547;109433799.11111112;25360.444444444445;11997.88888888889;142966.22222222222
1687958548;111320563.22222222;27896.666666666668;11996.333333333334;145611.55555555556
1687958549;111187579.00000001;30008.333333333336;11997.666666666668;144524.44444444447
1687958550;111248285.22222222;31820.111111111113;11996.222222222223;145388.22222222222
1687958551;111277269.77777779;28820.77777777778;11995.77777777778;145223.77777777778
1687958552;111283511.33333334;30662.666666666668;11947.444444444445;146142.6666666667
1687958553;111279868.22222222;28828.333333333336;11992.333333333334;146384.6666666667
1687958554;111044678.55555557;27323.444444444445;11907.444444444445;146508.22222222222
1687958555;110991245.66666667;25439.111111111113;11990.333333333334;145788.22222222222
1687958556;113191556.77777779;27798.77777777778;11991.88888888889;145638.8888888889
1687958557;116705117.66666667;24885.333333333336;11998.111111111111;156839.55555555556
1687958558;116536607.77777779;21732.666666666668;11995.666666666668;156555.55555555556
1687958559;116778282.8888889;21629.222222222223;11997.666666666668;158246.8888888889
1687958560;116315754.33333334;22860.666666666668;11998;159427.33333333334
1687958561;116236354.55555557;21604.111111111113;12007.222222222223;158570.22222222222
1687958562;116165841.77777779;22151.77777777778;11961.555555555557;157246
1687958563;116334514.77777779;23962.444444444445;11987.111111111111;155545.33333333334
1687958564;116435730.00000001;22961.666666666668;11903.222222222223;155959.55555555556
1687958565;116333658.00000001;21664.666666666668;11901.222222222223;156472.22222222222
1687958566;116572995.33333334;24005.333333333336;11977.555555555557;157335.77777777778
1687958567;116733884.22222222;28507.444444444445;11999.666666666668;159534
1687958568;116197643.8888889;27475.000000000004;11998.444444444445;158066.8888888889
1687958569;104026280.8888889;27198.333333333336;11998;147425.77777777778
1687958570;91269908.44444445;27929.222222222223;11990.88888888889;130196.66666666667
1687958571;78282639.77777778;27510.222222222223;11991.555555555557;113640.22222222223
1687958572;75659218.55555557;27479.222222222223;11963.111111111111;104606.66666666667
1687958573;75743036.44444445;28686.222222222223;12004.666666666668;102409.11111111112
1687958574;75670719.22222222;29759.222222222223;12005.88888888889;99197.77777777778
1687958575;75548151.33333334;25942.88888888889;11922.77777777778;96414.66666666667
1687958576;75698869.22222222;22614.222222222223;11977.444444444445;92690.66666666667
1687958577;66252029.55555556;23434.88888888889;11992.444444444445;84831.77777777778
1687958578;70668547.55555557;28252.111111111113;11994.333333333334;76773.11111111111
1687958579;83773106.44444445;29073.000000000004;11994.77777777778;90833.55555555556
1687958580;96627202.8888889;30897.666666666668;11994.111111111111;104967.33333333334
1687958581;99214456.8888889;29445.333333333336;11989.333333333334;113820.88888888889
1687958582;99310271.33333334;29499.666666666668;11950.111111111111;114851.55555555556
1687958583;99601167.66666667;28855.444444444445;12003.77777777778;117029.33333333334
1687958584;97421898;31180.333333333336;12005.333333333334;115773.77777777778
1687958585;91936362.11111112;29497.222222222223;11928;104103.11111111112
1687958586;101521283.22222222;31728.111111111113;11978.111111111111;105799.77777777778
1687958587;109526471.44444445;26113.666666666668;12073.444444444445;121941.77777777778
1687958588;109249237.33333334;25862.55555555556;12152.555555555557;123357.55555555556
1687958589;109353858.8888889;24090.444444444445;12174.333333333334;123968.66666666667
1687958590;104173078;23340.111111111113;12192.333333333334;120943.11111111112
1687958591;95072299.11111112;24552.55555555556;12212.222222222223;105312.88888888889
1687958592;94541618.66666667;23824.666666666668;12161;96852.44444444445
1687958593;97030116.33333334;22999.333333333336;12163.444444444445;98610.44444444445
1687958594;97581240.22222222;24543.55555555556;12223.222222222223;110936.44444444445
1687958595;84810771.11111112;21025.333333333336;12160.333333333334;100350.88888888889
1687958596;71754399.33333334;23825.333333333336;12065.333333333334;84159.77777777778
1687958597;58927076.222222224;21275.444444444445;12005.444444444445;68666.44444444445
1687958598;45968356.66666667;22115.55555555556;12073.444444444445;53921.55555555556
1687958599;38093572.222222224;23250;12057.77777777778;41511.333333333336
1687958600;34103280.11111111;21142.77777777778;12037.555555555557;41054.222222222226
1687958601;21439230.333333336;22020.88888888889;12036.333333333334;33183.11111111112
1687958602;8216421.666666667;22295;12033.77777777778;16808.88888888889
1687958603;11265.88888888889;22274.666666666668;11975.88888888889;13933.666666666668
1687958604;11264.111111111111;23475.88888888889;12029.333333333334;13932.555555555557
1687958605;11271.88888888889;20556.333333333336;12028.222222222223;13931.222222222223
1687958606;11271.77777777778;22302.222222222223;12009.77777777778;13932.555555555557
1687958607;11272.666666666668;22298.222222222223;11921;13856.666666666668
1687958608;11254.555555555557;24304;12011.555555555557;13925.222222222223
1687958609;11254.555555555557;28131.55555555556;12011.111111111111;13933.555555555557
1687958610;11254.666666666668;26785.55555555556;12010.88888888889;13939.88888888889
1687958611;11251.666666666668;27529.111111111113;12007.111111111111;13848.666666666668
1687958612;11261.88888888889;26586.77777777778;12006.555555555557;13932.444444444445
1687958613;11271.111111111111;27874.77777777778;11949.666666666668;13937.222222222223
1687958614;11273.666666666668;28442.111111111113;12012.333333333334;13938.555555555557
1687958615;11279;27539.333333333336;12011.111111111111;13939.111111111111
1687958616;11285.222222222223;27247.666666666668;12011;13948.000000000002
1687958617;11285.555555555557;25466.444444444445;11927.111111111111;13894.333333333334
1687958618;11283.666666666668;21741.55555555556;11928.666666666668;13886.444444444445
1687958619;11281.111111111111;22581.444444444445;12029.77777777778;13945.555555555557
1687958620;11279.555555555557;21452;12033;13946.222222222223
1687958621;11269;21354.111111111113;12034.333333333334;13864.222222222223
1687958622;11261.555555555557;20777;12043.88888888889;13932.444444444445
1687958623;11250;21354.55555555556;11981.555555555557;13956.555555555557
1687958624;11278.333333333334;21200.111111111113;12019.222222222223;13956.77777777778
1687958625;11268.77777777778;21671.444444444445;12018.222222222223;13947.555555555557
1687958626;11267.77777777778;21692;12012.77777777778;13928.333333333334
1687958627;11274.444444444445;22713.333333333336;12012.555555555557;13928.333333333334
1687958628;11273.77777777778;21890.333333333336;11912.555555555557;13871.666666666668
1687958629;11283.77777777778;23043.666666666668;12002.222222222223;13917.111111111111
1687958630;11283;22726.333333333336;12002.444444444445;13916.555555555557
1687958631;11281.333333333334;21899.666666666668;11993.88888888889;13842.77777777778
1687958632;11279.77777777778;22474.666666666668;11993.111111111111;13818.111111111111
1687958633;11244.666666666668;21884.666666666668;11956;13906.222222222223
1687958634;11244.77777777778;23098.111111111113;12010.111111111111;13903.88888888889
1687958635;11243.555555555557;22259.77777777778;12005.88888888889;13905.333333333334
1687958636;11242.111111111111;23473.666666666668;12005.555555555557;13911.333333333334
1687958637;11241.88888888889;23590.333333333336;12005.333333333334;13901.222222222223
1687958638;11232.222222222223;25234;11914.666666666668;13855.88888888889
1687958639;11239.333333333334;28678.000000000004;12002;13901.555555555557
1687958640;11239.555555555557;29661.111111111113;12004;13898.555555555557
1687958641;11240.666666666668;28700.000000000004;12003.77777777778;13901.000000000002
1687958642;11241;30391.55555555556;12004.444444444445;13812.77777777778
1687958643;11249.333333333334;29245.88888888889;11949.77777777778;13964.000000000002
1687958644;11268;30513.55555555556;11952.88888888889;13964.666666666668
1687958645;11258.358325002777;28587.55555555556;11997.333333333334;13958.555555555557
1687958646;11269.333333333334;30615.666666666668;11996.222222222223;13969.88888888889
1687958647;11269.77777777778;28399.222222222223;12015.88888888889;13968.444444444445
1687958648;11261.88888888889;25560.111111111113;11951.222222222223;13931.000000000002
1687958649;11269.444444444445;24995.77777777778;11957.333333333334;13989.111111111111
1687958650;11280.555555555557;24823.88888888889;12076.333333333334;13987.88888888889
1687958651;11278.333333333334;25175.333333333336;12140.555555555557;13986.88888888889
1687958652;11271;23665;12159.88888888889;13853.666666666668
1687958653;11252.444444444445;23238.666666666668;12160.222222222223;13971.000000000002
1687958654;11255.974213626765;30992.111111111113;12115.222222222223;13992.555555555557
1687958655;11246;33726.66666666667;12406.444444444445;14088.222222222223
1687958656;11251.333333333334;34926.77777777778;12386.88888888889;14090.88888888889
1687958657;11253.666666666668;34588.222222222226;12363.555555555557;14087.333333333334
1687958658;11245.444444444445;34131.77777777778;12357.444444444445;14034.444444444445
1687958659;11251.88888888889;33773.333333333336;12239.77777777778;14090.444444444445
1687958660;11251.666666666668;32926.88888888889;12326.77777777778;14091.333333333334
1687958661;11251.444444444445;34092.333333333336;12310.555555555557;14077.333333333334
1687958662;11251.555555555557;33418.444444444445;12313;13959.000000000002
1687958663;11251.444444444445;26328.444444444445;12313.222222222223;13935.444444444445
1687958664;11250.555555555557;21809.666666666668;12025.222222222223;13929.666666666668
1687958665;11245.222222222223;20765;12083.222222222223;13927.666666666668
1687958666;11244.88888888889;23101.333333333336;12083.666666666668;13922.555555555557
1687958667;11245.333333333334;23171.333333333336;12082.77777777778;13920.000000000002
1687958668;11227.444444444445;25454.222222222223;12083.444444444445;13863.77777777778
1687958669;11227.77777777778;27434.222222222223;11931.111111111111;13911.555555555557
1687958670;11226.88888888889;27647.77777777778;12020.222222222223;13909.222222222223
1687958671;11229.111111111111;28049.222222222223;12017.77777777778;13912.111111111111
1687958672;11230.111111111111;27078.77777777778;12018.222222222223;13914.444444444445
1687958673;11231.555555555557;29055.111111111113;12014.77777777778;13816.222222222223
1687958674;11241.333333333334;27313.111111111113;11957.555555555557;13922.555555555557
1687958675;11242;26181.55555555556;12021.88888888889;13922.444444444445
1687958676;11251.111111111111;28779.333333333336;12029.88888888889;13923.333333333334
1687958677;11252.111111111111;27053.000000000004;12028.77777777778;13931.111111111111
1687958678;11250.666666666668;24520.666666666668;12029.444444444445;13902.666666666668
1687958679;11251.222222222223;23038.55555555556;11937.88888888889;13902.555555555557
1687958680;11249.666666666668;23450.55555555556;12021.222222222223;13954.111111111111
1687958681;11249.77777777778;23016.666666666668;12021.666666666668;13952.555555555557
1687958682;11250.222222222223;22525.111111111113;12028.555555555557;13950.000000000002
1687958683;11239.77777777778;22890.666666666668;12029.555555555557;13845.666666666668
1687958684;11238.77777777778;23108.55555555556;11965.111111111111;13937.88888888889
1687958685;11231.555555555557;19823.88888888889;11954.111111111111;13949.222222222223
1687958686;11230.444444444445;23470.222222222223;12002.333333333334;13950.111111111111
1687958687;11231.77777777778;22686.55555555556;12003.444444444445;13935.333333333334
1687958688;11233.77777777778;23830.55555555556;12051.88888888889;13937.666666666668
1687958689;11245.111111111111;22867.666666666668;11973.77777777778;13884.000000000002
1687958690;11246.88888888889;23538.88888888889;12021.88888888889;13948.555555555557
1687958691;11254;22301;12103.333333333334;13950.222222222223
1687958692;11263.555555555557;23809.222222222223;12101.77777777778;13948.111111111111
1687958693;11262.666666666668;23657.666666666668;12101.88888888889;13864.444444444445
1687958694;11269.555555555557;24565.222222222223;12103.444444444445;13985.444444444445
1687958695;11270.111111111111;20565.444444444445;12053.444444444445;13978.222222222223
1687958696;11272.333333333334;22429.666666666668;12115.88888888889;13980.666666666668
1687958697;11280.222222222223;23699.77777777778;12066.77777777778;13982.666666666668
1687958698;11269.555555555557;25883.111111111113;12060.444444444445;13982.000000000002
1687958699;11270.111111111111;28204.111111111113;12009.88888888889;13918.77777777778
1687958700;11265.111111111111;27819.88888888889;11921.77777777778;13974.666666666668
1687958701;11264.555555555557;26389.77777777778;12010.222222222223;13973.77777777778
1687958702;11267;27412.222222222223;12008.111111111111;13964.77777777778
1687958703;11258.555555555557;26214.222222222223;12008.222222222223;13833.555555555557
1687958704;11270.88888888889;28186.444444444445;12011.333333333334;13904.555555555557
1687958705;11278.666666666668;27263.444444444445;11946.333333333334;13901.222222222223
1687958706;11270.88888888889;28574.444444444445;12001.222222222223;13949.88888888889
1687958707;11270.666666666668;27057.333333333336;12000.555555555557;13964.77777777778
1687958708;11270.222222222223;24262.111111111113;12016.666666666668;13964.333333333334
1687958709;11280;24726.77777777778;12026.88888888889;13907.000000000002
1687958710;12990;24435.222222222223;11975.88888888889;13949.555555555557
1687958711;5624283.111111112;24137.55555555556;12066.111111111111;14225.222222222223
1687958712;18474153.88888889;25326.222222222223;12127;19817.333333333336
1687958713;31292697.77777778;24844.222222222223;12124;36973.11111111112
1687958714;44305274.55555556;25124.55555555556;12126.444444444445;53206.222222222226
1687958715;57219324.333333336;22623.77777777778;12074.444444444445;70767.11111111111
1687958716;70075222.77777778;23313.111111111113;12136.333333333334;89610.66666666667
1687958717;83035332.44444445;25292.111111111113;12122.333333333334;106854.22222222223
1687958718;95911079.55555557;24896.88888888889;12112.555555555557;125349.55555555556
1687958719;109106596.22222222;24972;12075.222222222223;140905.11111111112
1687958720;116555737.22222222;27341.222222222223;12042.222222222223;158758.6666666667
1687958721;116670797.77777779;26186.88888888889;12056.555555555557;157782.6666666667
1687958722;116815965.33333334;25222.666666666668;12072.555555555557;156936.44444444447
1687958723;116956396.22222222;26594.51354953354;12072.222222222223;159044.44444444447
1687958724;116777215.55555557;25544.77777777778;12071.444444444445;156793.55555555556
1687958725;116973802.33333334;27513.222222222223;12011.555555555557;154993.55555555556
1687958726;117130646.44444445;26791.000000000004;12068.111111111111;154680.44444444447
1687958727;117360836.00000001;27490.111111111113;12069;154408
1687958728;117184542.00000001;32037.666666666668;12071.111111111111;156154.22222222222
1687958729;116682892.33333334;30224.111111111113;12014.77777777778;154836.44444444447
1687958730;116293002.77777779;31187.333333333336;11990.77777777778;154225.11111111112
1687958731;116403149.55555557;30565.88888888889;11990.77777777778;153742
1687958732;115462236.55555557;29764.78434859938;12086.88888888889;152402.22222222222
1687958733;115850991.77777779;31656.77777777778;12085.222222222223;153878.44444444447
1687958734;115491266.66666667;29376.222222222223;12084.444444444445;154840.22222222222
1687958735;115486255.55555557;28123.444444444445;12036;156274
1687958736;115278609.8888889;30500.111111111113;12098.77777777778;155053.77777777778
1687958737;115073549.33333334;26218.333333333336;12099;154890.8888888889
1687958738;115431687.11111112;24526.88888888889;12097;155220.8888888889
1687958739;115834914.44444445;25028.333333333336;12109.444444444445;154210.22222222222
1687958740;113734405.8888889;24744.111111111113;12097;155736.44444444447
1687958741;101522305.55555557;24306.55555555556;12001.444444444445;143393.11111111112
1687958742;88398684.22222222;22703.111111111113;12009.555555555557;126589.77777777778
1687958743;75705926.8888889;23966.444444444445;12094.88888888889;108606.22222222223
1687958744;71106544.44444445;22877.333333333336;12087.88888888889;94302.22222222223
1687958745;71284667.66666667;20238.444444444445;12024.222222222223;91818.44444444445
1687958746;71360489.55555557;23036.444444444445;12068.333333333334;89055.33333333334
1687958747;71462771.44444445;23232.333333333336;12073.555555555557;87454
1687958748;71561139.77777778;23181.222222222223;12010.222222222223;86811.33333333334
1687958749;73607142.22222222;23813.77777777778;12015.444444444445;84027.33333333334
1687958750;86736153.22222222;23226.111111111113;12021.111111111111;94886.66666666667
1687958751;99661558.33333334;23276.666666666668;12012.77777777778;107226.66666666667
1687958752;112589589.11111112;21849.666666666668;11927.666666666668;121407.11111111112
1687958753;117088736.55555557;23732;12015.666666666668;134793.33333333334
1687958754;117074399.33333334;22996.444444444445;12015.88888888889;135145.77777777778
1687958755;117304370.44444445;20620.444444444445;11977.222222222223;136647.55555555556
1687958756;117348653.8888889;23840.77777777778;12013.444444444445;136412.8888888889
1687958757;113445790.22222222;22598.55555555556;12059.444444444445;133745.55555555556
1687958758;101045138.44444445;26178.77777777778;12051.555555555557;119996.22222222223
1687958759;100899545.33333334;28538.333333333336;12043.222222222223;109516.88888888889
1687958760;100932754.44444445;28439.111111111113;12041.111111111111;112911.55555555556
1687958761;101084130;27208.333333333336;12040.444444444445;114570.44444444445
1687958762;101052918.66666667;26632.444444444445;11948.333333333334;113220.22222222223
1687958763;100074355.11111112;28168.000000000004;12036.333333333334;111785.11111111112
1687958764;98669604.8888889;27763.444444444445;12028.333333333334;103789.11111111112
1687958765;87070933.55555557;24122.222222222223;11989.111111111111;97329.11111111112
1687958766;77897169;27015.55555555556;11942.88888888889;84425.77777777778
1687958767;77278467.22222222;22380.333333333336;11987.88888888889;83596.44444444445
1687958768;64295055.11111111;22424.666666666668;12003.77777777778;78575.55555555556
1687958769;51336438.222222224;22308.88888888889;12011.555555555557;62840.88888888889
1687958770;38257035.11111111;23778.111111111113;12019.555555555557;46984.444444444445
1687958771;25276539.555555556;22656.333333333336;12037.111111111111;30888.222222222223
1687958772;13193014.777777778;23179.55555555556;11973.77777777778;17469.111111111113
1687958773;1476093.3333333335;23559.111111111113;12022.111111111111;13628.000000000002
1687958774;11277.666666666668;23495.222222222223;12110.77777777778;13637.222222222223
1687958775;11272.444444444445;20223.88888888889;12110.333333333334;13635.000000000002
1687958776;11262.666666666668;24055.333333333336;12066.111111111111;13544.666666666668
1687958777;11253.88888888889;22342.111111111113;12115.444444444445;13531.444444444445
1687958778;11254.222222222223;23215.333333333336;12109.333333333334;13639.88888888889
1687958779;11262;23231.222222222223;12100.77777777778;13639.333333333334
1687958780;11260.111111111111;23591.77777777778;12105.111111111111;13586.111111111111
1687958781;11261.222222222223;23026.77777777778;12078.111111111111;13649.666666666668
1687958782;11260.111111111111;23029.222222222223;12029.111111111111;13619.555555555557
1687958783;11258.333333333334;23716.88888888889;11939.666666666668;13612.000000000002
1687958784;11262.444444444445;24049.666666666668;12030.111111111111;13613.88888888889
1687958785;11262.222222222223;21601;12028.77777777778;13614.000000000002
1687958786;11271;22466;11964.111111111111;13610.555555555557
1687958787;11271.333333333334;23307;12022.222222222223;13509.444444444445
1687958788;11259.444444444445;25011.111111111113;12022.666666666668;13514.222222222223
1687958789;11260.222222222223;29023.222222222223;12003.88888888889;13610.88888888889
1687958790;11258.666666666668;28900.666666666668;12007.222222222223;13587.88888888889
1687958791;11259.222222222223;28412.55555555556;12010.555555555557;13660.77777777778
1687958792;11260.111111111111;28641.444444444445;12011.555555555557;13719.333333333334
1687958793;11254;29382.77777777778;11923.333333333334;13766.666666666668
1687958794;11265;29530.55555555556;12000.555555555557;13765.77777777778
1687958795;11299.111111111111;27231.222222222223;12024.111111111111;13766.555555555557
1687958796;11305.222222222223;29235.77777777778;11982.333333333334;13755.555555555557
1687958797;11304.222222222223;26691.77777777778;11981.88888888889;13748.77777777778
1687958798;11305.222222222223;23892;12074.222222222223;13660.88888888889
1687958799;11305.222222222223;23445.77777777778;12079.222222222223;13709.000000000002
1687958800;11305.222222222223;23693.444444444445;12122.666666666668;13635.111111111111
1687958801;11306;23561;12131.333333333334;13582.111111111111
1687958802;11307.77777777778;22852.88888888889;12187.666666666668;13603.333333333334
1687958803;11298;23765.88888888889;12118.77777777778;13602.88888888889
1687958804;11257;24266.111111111113;12096.88888888889;13601.222222222223
1687958805;11249.222222222223;21879.77777777778;12173;13601.88888888889
1687958806;11248.88888888889;23255.111111111113;12176;13602.000000000002
1687958807;11247;23876.77777777778;12083.333333333334;13600.555555555557
1687958808;11247.444444444445;23604;12140.555555555557;13510.666666666668
1687958809;11257.555555555557;24857.55555555556;12145.666666666668;13660.77777777778
1687958810;11258.111111111111;24650.77777777778;12160.444444444445;13654.000000000002
1687958811;11255.666666666668;25383.333333333336;12105.444444444445;13586.444444444445
1687958812;11254.555555555557;23537.444444444445;12096.666666666668;13641.88888888889
1687958813;11260.88888888889;24563.55555555556;12093.111111111111;13643.111111111111
1687958814;11267.333333333334;23443.222222222223;12000.222222222223;13642.333333333334
1687958815;11272.666666666668;23113.111111111113;11998;13640.333333333334
1687958816;11271.70775038863;23234;12096.333333333334;13631.000000000002
1687958817;11279;24994.88888888889;12040.77777777778;13630.333333333334
1687958818;11268;26195.333333333336;12046.111111111111;13481.666666666668
1687958819;11265.111111111111;28380.55555555556;12023.333333333334;13487.000000000002
1687958820;11266.111111111111;29413.444444444445;12020.555555555557;13578.77777777778
1687958821;11266;28825.444444444445;12023.111111111111;13523.555555555557
1687958822;11257.77777777778;29617.88888888889;12086.444444444445;13591.000000000002
1687958823;11252.444444444445;29216.77777777778;12088.77777777778;13618.222222222223
1687958824;11256.444444444445;29069.55555555556;12088.333333333334;13620.77777777778
1687958825;11257.171447631756;27093.77777777778;11988.666666666668;13659.666666666668
1687958826;11256.666666666668;28005.222222222223;12072.88888888889;13661.444444444445
1687958827;11257.111111111111;25840.333333333336;12023.88888888889;13669.333333333334
1687958828;11258.88888888889;23555.666666666668;12080.111111111111;13673.77777777778
1687958829;11259.666666666668;22514.77777777778;12085.88888888889;13580.88888888889
1687958830;11259.111111111111;24296.444444444445;12085;13669.444444444445
1687958831;11262.111111111111;22700.222222222223;12029;13606.111111111111
1687958832;11262.111111111111;23605.88888888889;12046.333333333334;13582.555555555557
1687958833;11253.222222222223;23401.88888888889;12055.77777777778;13659.77777777778
1687958834;11255;23814.666666666668;12063.555555555557;13631.555555555557
1687958835;11248.111111111111;21365.444444444445;11971.77777777778;13631.77777777778
1687958836;11249.333333333334;23086.444444444445;12067.444444444445;13627.444444444445
1687958837;11248.444444444445;23997.333333333336;12010.666666666668;13647.88888888889
1687958838;11246.88888888889;23677.111111111113;12006.444444444445;13648.666666666668
1687958839;11266.555555555557;23100.444444444445;12060.111111111111;13601.222222222223
1687958840;11264.444444444445;23701.222222222223;12075.444444444445;13680.77777777778
1687958841;11264.77777777778;24074.77777777778;12057.444444444445;13707.77777777778
1687958842;11270.555555555557;24007.88888888889;12057.555555555557;13628.666666666668
1687958843;11268.555555555557;24637.77777777778;12091.666666666668;13701.77777777778
1687958844;11268.111111111111;23897.444444444445;12092.111111111111;13701.666666666668
1687958845;11266;21784.444444444445;11995.222222222223;13706.77777777778
1687958846;11266.77777777778;22817.222222222223;12094;13676.111111111111
1687958847;11266.666666666668;23749.77777777778;12130.555555555557;13717.111111111111
1687958848;11246;26325.000000000004;12077.222222222223;13678.77777777778
1687958849;11254.666666666668;28540.111111111113;12111.555555555557;13602.222222222223
1687958850;11262.333333333334;27190.88888888889;12111.666666666668;13575.77777777778
1687958851;11256.88888888889;27979.333333333336;12104.111111111111;13666.88888888889
1687958852;11257.444444444445;28261.666666666668;12061.333333333334;13585.333333333334
1687958853;11266.77777777778;30035.666666666668;12060.111111111111;13653.555555555557
1687958854;11288.333333333334;29845.55555555556;12060.77777777778;13653.666666666668
1687958855;11295.222222222223;27733.88888888889;11968.444444444445;13653.666666666668
1687958856;11298;29173.666666666668;12056.222222222223;13611.77777777778
1687958857;11298.77777777778;26499.666666666668;12054.666666666668;13606.555555555557
1687958858;11289.88888888889;24881.88888888889;12006.333333333334;13609.333333333334
1687958859;11281.222222222223;25357;12062.666666666668;13606.444444444445
1687958860;11286;24306.55555555556;12061.111111111111;13516.555555555557
1687958861;11286.77777777778;24458.666666666668;12076.222222222223;13524.222222222223
1687958862;11277.88888888889;24240.222222222223;12076.333333333334;13545.111111111111
1687958863;11256.444444444445;24641.88888888889;12078;13599.111111111111
1687958864;11256.111111111111;24562.333333333336;12072.666666666668;13594.111111111111
1687958865;11253.88888888889;21875.666666666668;11948;13594.000000000002
1687958866;11255.77777777778;24387.77777777778;12038.555555555557;13593.666666666668
1687958867;11255.444444444445;23129.111111111113;12038.77777777778;13605.333333333334
1687958868;11256.555555555557;24293.88888888889;12018.333333333334;13616.222222222223
1687958869;11252.444444444445;23111.55555555556;12080.222222222223;13617.77777777778
1687958870;11270.555555555557;23204.333333333336;12080.77777777778;13614.222222222223
1687958871;11270.666666666668;23457.77777777778;12080.333333333334;13594.444444444445
1687958872;11271.555555555557;23304.111111111113;12072.555555555557;13629.555555555557
1687958873;11265.222222222223;24238.55555555556;12069.555555555557;13740.77777777778
1687958874;11265.222222222223;24776.55555555556;12112.222222222223;13741.000000000002
1687958875;11266.444444444445;21955.333333333336;12038.111111111111;13742.111111111111
1687958876;11268.111111111111;25501.333333333336;12123.222222222223;13721.88888888889
1687958877;11267.555555555557;24511.666666666668;12094.666666666668;14017.222222222223
1687958878;5937894.222222223;31918.55555555556;12033.222222222223;14186.111111111111
1687958879;18995330.444444444;33825.88888888889;12074.88888888889;22751
1687958880;31946549.222222224;32503.444444444445;12074.444444444445;41729.444444444445
1687958881;45089107.222222224;32455.222222222226;12076.111111111111;59802.77777777778
1687958882;58132065.333333336;33929;12080.222222222223;76540.11111111111
1687958883;71050364.22222222;33362.444444444445;12039.77777777778;93767.22222222223
1687958884;83859443;34238.222222222226;12025.333333333334;110286.11111111112
1687958885;97064727.77777779;29808.111111111113;11934.444444444445;128654.77777777778
1687958886;109784190.77777779;32633.222222222226;11928.111111111111;145136.11111111112
1687958887;117070722.66666667;26081.111111111113;12018.666666666668;160772.22222222222
1687958888;116757866.22222222;23248.666666666668;11963.88888888889;158870.44444444447
1687958889;116861132.00000001;24319.333333333336;11965.222222222223;157640
1687958890;116723739.33333334;24838;12019.555555555557;158486.44444444447
1687958891;116746724.11111112;21841.55555555556;12036.666666666668;158758
1687958892;116472259.11111112;24331;12033.77777777778;159479.11111111112
1687958893;116596929.55555557;23603.111111111113;12042.222222222223;159534.22222222222
1687958894;116395880.22222222;28452.55555555556;12070.555555555557;158598.44444444447
1687958895;116710870.66666667;25488.111111111113;12070;158406.8888888889
1687958896;116459405.8888889;27499.000000000004;11976.007997334222;158020.44444444447
1687958897;116767492.66666667;27528.222222222223;12077.111111111111;156367.55555555556
1687958898;116685919.55555557;26514.444444444445;12078.88888888889;156283.33333333334
1687958899;116624159.22222222;26105;12023.666666666668;154614.6666666667
1687958900;116425251.77777779;26860.444444444445;12080;155002.22222222222
1687958901;116995641.66666667;24533.222222222223;12080.222222222223;154908.8888888889
1687958902;117006705.55555557;24946.222222222223;12073.666666666668;154317.33333333334
1687958903;116862196.33333334;22413.77777777778;12046.333333333334;153470.44444444447
1687958904;116837879.22222222;22214.111111111113;12053.222222222223;155179.55555555556
1687958905;116668701.77777779;22103.444444444445;12056.685561853952;155976.8888888889
1687958906;116085424.00000001;23279.666666666668;11955.88888888889;157186.8888888889
1687958907;112761246.11111112;24178.333333333336;12064.111111111111;155756.44444444447
1687958908;99817858;25975.666666666668;12064.333333333334;142082.44444444447
1687958909;86950821.8888889;29681.666666666668;11990.333333333334;124681.33333333334
1687958910;85175965.66666667;30046.222222222223;12036.88888888889;113744.66666666667
1687958911;84828044.44444445;30696.88888888889;12093.555555555557;112590.88888888889
1687958912;84807396.55555557;29385.666666666668;12092.77777777778;110213.33333333334
1687958913;84591446.44444445;32546.222222222226;12086.666666666668;105809.11111111112
1687958914;85071974.55555557;29920.55555555556;12087.222222222223;100751.77777777778
1687958915;85305424.22222222;28040.333333333336;12085.555555555557;98629.55555555556
1687958916;88853392.44444445;28814.444444444445;11983.444444444445;97350.44444444445
1687958917;101671259.11111112;27446.444444444445;11984.666666666668;107282.22222222223
1687958918;114149725.44444445;23891.333333333336;12073.222222222223;118872.00000000001
1687958919;115931107.66666667;23725.111111111113;12033.77777777778;127547.33333333334
1687958920;116344818.66666667;23885.111111111113;12038.555555555557;128819.33333333334
1687958921;116503077.22222222;22917.88888888889;12036.527145553457;130269.55555555556
1687958922;116577356.33333334;21404.88888888889;12052.222222222223;131679.33333333334
1687958923;116245757.44444445;22845.77777777778;12060.222222222223;131603.77777777778
1687958924;116416224.00000001;23657.333333333336;12058.555555555557;130423.77777777778
1687958925;116394160.11111112;21521.77777777778;12050.555555555557;131876.6666666667
1687958926;116598701.77777779;22674.444444444445;12049;132873.77777777778
1687958927;116683326.55555557;22407.55555555556;11959.333333333334;136889.33333333334
1687958928;105538256.66666667;22586.88888888889;12044;128052.66666666667
1687958929;104818503.66666667;22314.333333333336;11986.333333333334;118024.00000000001
1687958930;98547273.22222222;22479.666666666668;12003.00233514956;114667.55555555556
1687958931;85678809.33333334;21710;12042.111111111111;98761.55555555556
1687958932;72737364.55555557;21357.77777777778;12032.444444444445;86028.88888888889
1687958933;59864043.333333336;21888.222222222223;12032.88888888889;71817.11111111111
1687958934;46689408.77777778;23816.55555555556;12032.77777777778;55428.222222222226
1687958935;33666986.11111111;21879.333333333336;12031.111111111111;40939.333333333336
1687958936;21103898;24290.666666666668;12032.77777777778;25299.77777777778
1687958937;19028220;24070.55555555556;11949.111111111111;18568.222222222223
1687958938;6737371.000000001;26270.444444444445;11944.222222222223;13279.222222222223
1687958939;11267;30340.55555555556;12019.111111111111;13298.88888888889
1687958940;11268.666666666668;30153.111111111113;11962;13363.88888888889
1687958941;11270.111111111111;30512.55555555556;12019.666666666668;13365.000000000002
1687958942;11269.222222222223;30016.222222222223;12021.222222222223;13258.555555555557
1687958943;11269;29310.77777777778;12020.77777777778;13348.111111111111
1687958944;11269.77777777778;30468.666666666668;12023.77777777778;13348.222222222223
1687958945;11280;27088.000000000004;12022.555555555557;13313.111111111111
1687958946;11280.88888888889;29880.88888888889;12015.88888888889;13372.333333333334
1687958947;11280.444444444445;26066.77777777778;12014;13379.111111111111
1687958948;11279.333333333334;24789.88888888889;11923.88888888889;13357.88888888889
1687958949;11278.333333333334;23619.333333333336;12059.222222222223;13294.666666666668
1687958950;11280.88888888889;23661.77777777778;12003.666666666668;13293.000000000002
1687958951;11281.77777777778;23118.222222222223;12045.666666666668;13290.000000000002
1687958952;11281.77777777778;23466;12074.444444444445;13202.333333333334
1687958953;11281.88888888889;23395.88888888889;12080.111111111111;13302.000000000002
1687958954;11272.111111111111;24139.88888888889;12079.77777777778;13293.77777777778
1687958955;11270.77777777778;21653.444444444445;12077.88888888889;13238.444444444445
1687958956;11269.88888888889;25033.111111111113;12077.333333333334;13286.77777777778
1687958957;11276.77777777778;23113;12076.222222222223;13307.88888888889
1687958958;11277.555555555557;23674.666666666668;11943.222222222223;13302.666666666668
1687958959;11274.111111111111;24204.333333333336;12032.88888888889;13311.77777777778
1687958960;11318;24527.111111111113;12010.555555555557;13315.111111111111
1687958961;11316.555555555557;29775.88888888889;12148.77777777778;13312.77777777778
1687958962;11314.111111111111;33422.11111111112;12279.333333333334;13268.77777777778
1687958963;11312;34734.222222222226;12286.444444444445;13288.333333333334
1687958964;11311.666666666668;34398.88888888889;12289.333333333334;13376.111111111111
1687958965;11311.88888888889;32436.77777777778;12290.88888888889;13322.77777777778
1687958966;11305.444444444445;33041;12291.88888888889;13355.000000000002
1687958967;11303;34615.222222222226;12297.88888888889;13415.111111111111
1687958968;11301.666666666668;35366;12207.88888888889;13405.555555555557
1687958969;11256;38931;12286.666666666668;13403.111111111111
1687958970;11254.222222222223;31548.55555555556;12121.77777777778;13409.000000000002
1687958971;11254.444444444445;26602.111111111113;11984;13351.666666666668
1687958972;11253.555555555557;27478.444444444445;12032.555555555557;13332.000000000002
1687958973;11253.444444444445;27432.55555555556;12039.444444444445;13250.444444444445
1687958974;11253.77777777778;27449.666666666668;12039.666666666668;13338.77777777778
1687958975;11262.333333333334;26549.77777777778;12042.333333333334;13285.333333333334
1687958976;11264.333333333334;26728.333333333336;12049.555555555557;13226.88888888889
1687958977;11263.555555555557;25241.333333333336;12057.555555555557;13282.444444444445
1687958978;11264.666666666668;21357.222222222223;12004.77777777778;13284.000000000002
1687958979;11266.111111111111;23240.77777777778;12094.222222222223;13285.333333333334
1687958980;11267;23036.333333333336;12093;13295.555555555557
1687958981;11269.77777777778;21438.111111111113;12035.333333333334;13294.555555555557
1687958982;11269.555555555557;22910.666666666668;12034;13293.222222222223
1687958983;11268.555555555557;23284;12098.77777777778;13204.111111111111
1687958984;11259.88888888889;23472.222222222223;12095.111111111111;13331.77777777778
1687958985;11257.444444444445;21857.444444444445;12080.555555555557;13332.555555555557
1687958986;11256.111111111111;23184.111111111113;12113.222222222223;13278.88888888889
1687958987;11256;24636.111111111113;12085.77777777778;13341.111111111111
1687958988;11255.666666666668;23905.111111111113;11996.555555555557;13333.111111111111
1687958989;11254.88888888889;24795;12006.111111111111;13324.333333333334
1687958990;11263.555555555557;23588.88888888889;12111.77777777778;13326.111111111111
1687958991;11264.444444444445;22360.222222222223;12103;13317.222222222223
1687958992;11262.333333333334;21798.444444444445;12036.222222222223;13324.000000000002
1687958993;11258.555555555557;22145.55555555556;12089.333333333334;13198.000000000002
1687958994;11260.333333333334;23503.88888888889;12090.555555555557;13272.666666666668
1687958995;11267.444444444445;20804.111111111113;12050.666666666668;13286.88888888889
1687958996;11265.444444444445;22485.88888888889;12032.555555555557;13222.88888888889
1687958997;11264.88888888889;22611.88888888889;12037.77777777778;13279.000000000002
1687958998;11263.111111111111;23493.77777777778;12029.666666666668;13280.111111111111
1687958999;11254.222222222223;28142.222222222223;11923.444444444445;13285.000000000002
1687959000;11253.555555555557;28281.111111111113;12014;13311.444444444445
1687959001;11252.333333333334;28363.55555555556;12016.111111111111;13303.88888888889
1687959002;11254.555555555557;29133.88888888889;11963.111111111111;13363.222222222223
1687959003;11252.333333333334;28462.000000000004;12014.333333333334;13288.222222222223
1687959004;11247;30189.666666666668;12020.333333333334;13281.77777777778
1687959005;11260.222222222223;26907.222222222223;12064.222222222223;13374.77777777778
1687959006;11261.222222222223;29647.222222222223;12054.666666666668;13318.555555555557
1687959007;11263;28911.111111111113;12052.77777777778;13380.555555555557
1687959008;11261.444444444445;25048.333333333336;12072.333333333334;13383.666666666668
1687959009;11261.444444444445;24511.77777777778;11982.333333333334;13359.88888888889
1687959010;11261.77777777778;24089.77777777778;12070.333333333334;13356.555555555557
1687959011;11260.444444444445;22789.444444444445;12064.756192380319;13295.111111111111
1687959012;11261.555555555557;23417.88888888889;12014.111111111111;13295.444444444445
1687959013;11260.111111111111;23292.222222222223;12055.555555555557;13287.000000000002
1687959014;11245.88888888889;23810.77777777778;12017.88888888889;13213.000000000002
1687959015;11243.77777777778;21508.333333333336;12019.333333333334;13289.222222222223
1687959016;11244.333333333334;21278.77777777778;12019.555555555557;13242.111111111111
1687959017;11246.111111111111;24126.111111111113;12001.555555555557;13289.555555555557
1687959018;11244;23196.444444444445;12002.444444444445;13295.88888888889
1687959019;11246.111111111111;23977.77777777778;11913.88888888889;13298.88888888889
1687959020;11254.88888888889;23551;11918.750694676004;13301.88888888889
1687959021;11260.666666666668;22738.222222222223;12006.111111111111;13301.111111111111
1687959022;11260.88888888889;22724.666666666668;11956;13307.111111111111
1687959023;11263.444444444445;23578.88888888889;11956.444444444445;13296.444444444445
1687959024;11263.88888888889;23353.88888888889;12004.88888888889;13220.444444444445
1687959025;11262.111111111111;22849.111111111113;12007.111111111111;13206.555555555557
1687959026;11259.444444444445;22223.55555555556;12009.666666666668;13248.77777777778
1687959027;11260.111111111111;23942.55555555556;12016.555555555557;13312.666666666668
1687959028;11265.555555555557;22984.55555555556;12018.555555555557;13312.444444444445
1687959029;11257.555555555557;29176.222222222223;12020;13310.333333333334
1687959030;11251.555555555557;28438.55555555556;11932.222222222223;13311.555555555557
1687959031;11251.666666666668;26842.55555555556;12024.222222222223;13303.111111111111
1687959032;11250.77777777778;26979.88888888889;12019.555555555557;13295.88888888889
1687959033;11250.88888888889;27313.666666666668;11973.88888888889;13297.222222222223
1687959034;11251.77777777778;29017.77777777778;12086.444444444445;13307.000000000002
1687959035;11262.88888888889;26104.333333333336;12102.88888888889;13206.77777777778
1687959036;11263.88888888889;28180.111111111113;12102.77777777778;13137.666666666668
1687959037;11258.77777777778;28506.111111111113;12101.333333333334;13236.222222222223
1687959038;11259.222222222223;22807.333333333336;12119.666666666668;13282.000000000002
1687959039;11260.222222222223;23379.111111111113;12118.444444444445;13290.88888888889
1687959040;11265.666666666668;24829.222222222223;12028.222222222223;13299.666666666668
1687959041;11265.222222222223;23404.77777777778;12100.333333333334;13297.666666666668
1687959042;11265.666666666668;23398.111111111113;12119.555555555557;13296.666666666668
1687959043;11264.333333333334;23897.666666666668;12009.77777777778;13286.555555555557
1687959044;11252.77777777778;25765.222222222223;12048;13590.666666666668
1687959045;11250;22476.77777777778;12038.111111111111;13590.222222222223
1687959046;11249.333333333334;25173.222222222223;12036;13492.88888888889
1687959047;11249.444444444445;24595.88888888889;12018;13573.88888888889
1687959048;11248.222222222223;26023.444444444445;12018.333333333334;13570.666666666668
1687959049;11242.444444444445;25044.111111111113;12025.88888888889;13524.666666666668
1687959050;11252.555555555557;25954.666666666668;11958.333333333334;13487.444444444445
1687959051;11251.444444444445;24402.77777777778;11937.77777777778;13447.88888888889
1687959052;11258.555555555557;24363.77777777778;12030;13412.222222222223
1687959053;11257.666666666668;23437.111111111113;11974.444444444445;13123.555555555557
1687959054;11257.77777777778;24552.222222222223;12032.77777777778;13077.666666666668
1687959055;11256.555555555557;22020.444444444445;12033.222222222223;13035.111111111111
1687959056;11255;25809.333333333336;12033.111111111111;12877.222222222223
1687959057;11255;23505.55555555556;12039.222222222223;12920.666666666668
1687959058;11255.111111111111;25134.444444444445;12030.666666666668;12962.111111111111
1687959059;11245.111111111111;28798.444444444445;12023.666666666668;13014.111111111111
1687959060;11247.77777777778;30740.111111111113;12023.222222222223;13028.444444444445
1687959061;11242.444444444445;27858.77777777778;11926.666666666668;13030.88888888889
1687959062;11244.111111111111;30445.222222222223;11983.666666666668;12978.555555555557
1687959063;11245.88888888889;29815.333333333336;12017.555555555557;12988.77777777778
1687959064;11248.111111111111;30066.000000000004;12074.111111111111;13033.333333333334
1687959065;11260.666666666668;26871.111111111113;12092.222222222223;13034.222222222223
1687959066;11259.666666666668;30546.77777777778;12085.222222222223;12945.444444444445
1687959067;11261.333333333334;29199.55555555556;12084.666666666668;12992.555555555557
1687959068;11260.88888888889;26530.666666666668;12105.111111111111;12995.77777777778
1687959069;11257.666666666668;24696.666666666668;12108.444444444445;12982.88888888889
1687959070;11256.444444444445;26613.88888888889;12108.77777777778;12969.111111111111
1687959071;11255.444444444445;23109.333333333336;12053.555555555557;12967.222222222223
1687959072;11255.111111111111;25000;11971.444444444445;12965.222222222223
1687959073;11254.555555555557;24825.77777777778;12014.111111111111;12923.111111111111
1687959074;11241;25403.333333333336;11995.555555555557;12933.88888888889
1687959075;11240.88888888889;21848.333333333336;12043.88888888889;12926.111111111111
1687959076;11239.333333333334;25024;12043.77777777778;12837.88888888889
1687959077;11239;22642.77777777778;12022.555555555557;12781.666666666668
1687959078;11239.77777777778;29379.111111111113;12048.666666666668;13287.77777777778
1687959079;11239.666666666668;27437.88888888889;12048;13297.666666666668
1687959080;11249.444444444445;28509.88888888889;12042.111111111111;13300.666666666668
1687959081;11249.111111111111;26357.55555555556;12032.444444444445;13299.222222222223
1687959082;11248.555555555557;27125.666666666668;11934.111111111111;13359.77777777778
1687959083;11249.88888888889;26701.333333333336;12016.444444444445;13340.88888888889
1687959084;11249.77777777778;28332.666666666668;11975.333333333334;13347.444444444445
1687959085;11251.333333333334;26685.000000000004;12039.333333333334;13345.111111111111
1687959086;11253.222222222223;29533.88888888889;12039.222222222223;13351.444444444445
1687959087;11254.444444444445;23412.88888888889;12016.88888888889;12841.88888888889
1687959088;11254;25419.111111111113;12016.77777777778;12928.77777777778
1687959089;11244.555555555557;30374.111111111113;12019.666666666668;12988.333333333334
1687959090;11252.666666666668;31656.444444444445;12022;12985.88888888889
1687959091;11252.77777777778;29340.666666666668;12021.88888888889;12932.77777777778
