Time;{instance="10.231.0.208:9100"};{instance="192.168.221.10:9100"};{instance="192.168.221.11:9100"};{instance="192.168.221.12:9100"}
1687958371;530.6666666666667;34864;1860.3333333333335;6967.000000000001
1687958372;524;40643.333333333336;1866.1111111111113;2274
1687958373;530.6666666666667;40985.222222222226;1860.3333333333335;4410.444444444444
1687958374;6060518.666666667;44396.55555555556;1909.5555555555557;211645.33333333334
1687958375;18989581.555555556;38394.444444444445;1278.6666666666667;13081034.222222224
1687958376;31863028.444444448;40533.77777777778;1284.4444444444446;26089735.555555556
1687958377;44269586.44444445;42568.444444444445;1278.6666666666667;38946297.77777778
1687958378;57387628.888888896;40351;665.6666666666667;51579717.55555556
1687958379;70493689.11111112;45694.11111111112;1276.5555555555557;64667720.222222224
1687958380;83510524.22222222;46231.333333333336;1282.3333333333335;77598055.22222222
1687958381;96611716.8888889;45351.333333333336;1276.5555555555557;90834341.44444445
1687958382;109386639.33333334;45765.55555555556;1282.3333333333335;103770704.11111112
1687958383;116410697.77777779;49275.55555555556;1910.7777777777778;116475514.55555557
1687958384;116512350.8888889;49628.77777777778;1881.2222222222224;116742885.44444445
1687958385;116667082.8888889;47517.66666666667;1875.4444444444446;116676007.22222222
1687958386;117472643.77777779;48372.333333333336;1881.2222222222224;116984180.11111112
1687958387;117459970.66666667;47625.88888888889;1875.4444444444446;117344141.44444445
1687958388;117388545.55555557;48261.333333333336;1264.5555555555557;117460994.77777779
1687958389;117221673.11111112;48288.55555555556;1875.0000000000002;117451465.33333334
1687958390;117232335.33333334;43070.11111111112;1880.7777777777778;117036041.33333334
1687958391;117150800.8888889;43528.88888888889;1875.0000000000002;117372103.33333334
1687958392;116972856.44444445;39061;1203.111111111111;116712737.33333334
1687958393;116015258.8888889;39585.88888888889;1197.3333333333335;116492587.33333334
1687958394;116157061.11111112;39903.11111111112;1203.111111111111;116202413.11111112
1687958395;115920400.00000001;33516;1197.3333333333335;116015918.22222222
1687958396;115833716.66666667;35308;1203.111111111111;116042646.22222222
1687958397;115671431.55555557;29234.666666666668;1197.3333333333335;115964884.44444445
1687958398;115886738.8888889;31400.444444444445;586.8888888888889;115752335.33333334
1687958399;115536987.55555557;35538.222222222226;588.4444444444445;115970967.33333334
1687958400;115977438.00000001;33582.11111111112;1203;115600854.00000001
1687958401;115156396.00000001;29323.88888888889;1197.2222222222224;116308498.22222222
1687958402;108957274.00000001;28450.111111111113;1203;109645103.33333334
1687958403;108488814.22222222;29004.444444444445;1197.2222222222224;108553746.44444445
1687958404;103917907.44444445;28116.666666666668;1203;107900215.56221557
1687958405;90899221.44444445;26867.55555555556;1216.2222222222224;96677417.44444445
1687958406;91189100.33333334;28498.88888888889;1222;90628832.77777779
1687958407;90992551.8888889;25992.333333333336;1216.2222222222224;91162124.11111112
1687958408;91358034.11111112;21093.666666666668;1283.6666666666667;91435007.44444445
1687958409;91135605;23475.111111111113;691.7777777777778;91286804.33333334
1687958410;92071618.77777779;23212.55555555556;1456.6666666666667;91253889.66666667
1687958411;99154234.11111112;22994.222222222223;1450.888888888889;98039549.66666667
1687958412;99616952.33333334;22833.666666666668;1456.6666666666667;99476648.77777779
1687958413;104293109.33333334;23221.77777777778;1469.888888888889;100328107.55199645
1687958414;117107649.77777779;23189.111111111113;1456.6666666666667;111417213.11111112
1687958415;117013880.66666667;21732.222222222223;1450.888888888889;117397074.44444445
1687958416;117306326.66666667;24849;1583.4444444444446;116943226.44444445
1687958417;117014304.22222222;23899.88888888889;1508.6666666666667;116661889.77777779
1687958418;115990522.44444445;23662.666666666668;1546.6666666666667;116533190.8888889
1687958419;114649568.66666667;24078.444444444445;781.7777777777778;114747156.44444445
1687958420;114430406.8888889;25874;1396.4444444444446;114833652.8888889
1687958421;114456037.77777779;25006.222222222223;1390.6666666666667;114498082.44444445
1687958422;114258978.66666667;26357.000000000004;1377.4444444444446;114451386.66666667
1687958423;114315661.55555557;25992.77777777778;1371.6666666666667;114303019.11111112
1687958424;111599331.11111112;27248.222222222223;1377.4444444444446;114203280.8888889
1687958425;107710983.77777779;23643.222222222223;1244.888888888889;109732111.11111112
1687958426;95726904.11111112;25163.444444444445;1250.6666666666667;101769466.11111112
1687958427;83839276.55555557;25057.222222222223;1190;89142223.66666667
1687958428;72158625.8888889;26618.666666666668;1195.7777777777778;77998454.77777778
1687958429;59421175.888888896;30498.222222222223;581.1111111111112;64873049.66666667
1687958430;46231305.44444445;30620.77777777778;1124.6666666666667;52211262.77777778
1687958431;33347656.55555556;28564.444444444445;1314.1111111111113;39074184.55555556
1687958432;20476433.222222224;28951.666666666668;1319.888888888889;26343713.444444448
1687958433;10124303.88888889;27584.55555555556;1314.1111111111113;13385093.666666668
1687958434;851483.6666666667;29071.55555555556;1340.6666666666667;5068583.444444445
1687958435;542;28853.77777777778;1334.888888888889;1403.888888888889
1687958436;535.3333333333334;30470.55555555556;1363.3333333333335;1417
1687958437;542;27332.000000000004;1357.5555555555557;1411.2222222222224
1687958438;542.6666666666667;21541.55555555556;1363.3333333333335;1307.1111111111113
1687958439;549.3333333333334;22264.77777777778;819.7777777777778;1301.3333333333335
1687958440;552.6666666666667;24513.77777777778;1215.6666666666667;1415.6666666666667
1687958441;559.3333333333334;23508.55555555556;1295.6666666666667;1409.888888888889
1687958442;552.6666666666667;24202;1336.7777777777778;1397.2222222222224
1687958443;540.6666666666667;23630.222222222223;1310.2222222222224;1372.888888888889
1687958444;534;23573.111111111113;1316;761.4444444444445
1687958445;594.7777777777778;21052.222222222223;1287.5555555555557;1342.1111111111113
1687958446;650.5555555555557;25034;1293.3333333333335;1508.1111111111113
1687958447;649.8888888888889;25161.666666666668;1287.5555555555557;1502.3333333333335
1687958448;643.2222222222223;24413;1293.3333333333335;1543.4444444444446
1687958449;658.5555555555557;22568.77777777778;702.2222222222223;1429.1111111111113
1687958450;651.8888888888889;23917.222222222223;1152.5555555555557;1434.888888888889
1687958451;658.5555555555557;23780.55555555556;1199.7777777777778;1429.1111111111113
1687958452;651.8888888888889;22911.111111111113;1205.5555555555557;1434.888888888889
1687958453;658.5555555555557;23733.666666666668;1199.7777777777778;1429.1111111111113
1687958454;597.7777777777778;22887.333333333336;1205.5555555555557;848.4444444444445
1687958455;722.6666666666667;20773.111111111113;1199.7777777777778;682.4444444444445
1687958456;740;22734.222222222223;1205.5555555555557;1336.2222222222224
1687958457;746.6666666666667;23568.88888888889;1199.7777777777778;1295.1111111111113
1687958458;721.3333333333334;26215.333333333336;1205.5555555555557;1300.888888888889
1687958459;728;27462.77777777778;669.4444444444445;1295.1111111111113
1687958460;721.3333333333334;27923.000000000004;1117.3333333333335;1300.888888888889
1687958461;728;28314.666666666668;1111.5555555555557;1295.1111111111113
1687958462;721.3333333333334;28370.111111111113;1124.6666666666667;1300.888888888889
1687958463;728;28217.55555555556;1201.3333333333335;1295.1111111111113
1687958464;559.3333333333334;27963.88888888889;1206.7088748195047;1300.888888888889
1687958465;542;24986.77777777778;1201.3333333333335;647.1111111111112
1687958466;535.3333333333334;25004.111111111113;1226.111111111111;1191.7777777777778
1687958467;542;24940.88888888889;1220.3333333333335;1221.7777777777778
1687958468;535.3333333333334;21906.88888888889;1295.1111111111113;1308.5555555555557
1687958469;542;21519;804.7777777777778;1302.7777777777778
1687958470;542;21440.333333333336;1446.5555555555557;1308.5555555555557
1687958471;548.6666666666667;20661.444444444445;1433.4444444444446;1302.7777777777778
1687958472;542;22225;1375.7777777777778;1349.7777777777778
1687958473;530;21390.222222222223;1466.2665332888741;1491.888888888889
1687958474;523.3333333333334;22793.55555555556;1471.5555555555557;1497.6666666666667
1687958475;530;21465.333333333336;1446.7777777777778;953.0000000000001
1687958476;585.7777777777778;20891.666666666668;1452.5555555555557;1491.888888888889
1687958477;592.4444444444445;22667.77777777778;1377.7777777777778;1405.1111111111113
1687958478;585.7777777777778;22053.77777777778;1337.6666666666667;1529.4444444444446
1687958479;604.4444444444445;22264.444444444445;695.8888888888889;1523.6666666666667
1687958480;597.7777777777778;21151.333333333336;701.6666666666667;1529.4444444444446
1687958481;604.4444444444445;20983;1214.5555555555557;1482.4444444444446
1687958482;597.7777777777778;21572.88888888889;1124.5555555555557;1340.3333333333335
1687958483;604.4444444444445;22936.222222222223;1214.4444444444446;1334.5555555555557
1687958484;597.7777777777778;22614.333333333336;1220.2222222222224;1340.3333333333335
1687958485;535.3333333333334;21144.333333333336;1214.4444444444446;765.6666666666667
1687958486;535.3333333333334;21380.77777777778;1220.2222222222224;1304.4444444444446
1687958487;542;22431.77777777778;1214.4444444444446;1180.111111111111
1687958488;516.6666666666667;25089.55555555556;1220.2222222222224;1274.2222222222224
1687958489;523.3333333333334;28844.444444444445;1214.4444444444446;1268.4444444444446
1687958490;516.6666666666667;27850.000000000004;682.5555555555557;1274.2222222222224
1687958491;523.3333333333334;27889.111111111113;1207.3333333333335;1268.4444444444446
1687958492;516.6666666666667;28031.222222222223;1117.4444444444446;1274.2222222222224
1687958493;523.3333333333334;30713.222222222223;1228.111111111111;1286.888888888889
1687958494;542;30762.88888888889;1233.888888888889;1427
1687958495;549.3333333333334;28491.666666666668;1228.111111111111;888.2222222222223
1687958496;550;28835.444444444445;1256.5555555555557;1435.6666666666667
1687958497;556.6666666666667;27206.88888888889;1250.7777777777778;1341.5555555555557
1687958498;557.3333333333334;24883.77777777778;1396.4444444444446;1347.3333333333335
1687958499;571.3333333333334;25628.77777777778;1390.6666666666667;1429.888888888889
1687958500;564.6666666666667;25450.88888888889;981.8888888888889;1435.6666666666667
1687958501;571.3333333333334;23526.55555555556;1512.888888888889;1429.888888888889
1687958502;564.6666666666667;23032.77777777778;1457.1111111111113;1417.2222222222224
1687958503;552.6666666666667;23258.111111111113;1451.3333333333335;1277.1111111111113
1687958504;538.6666666666667;24300.444444444445;1545.888888888889;1282.888888888889
1687958505;531.3333333333334;23014.111111111113;1517.4444444444446;735.4444444444445
1687958506;675.4444444444445;22962.333333333336;1523.2222222222224;1291.7777777777778
1687958507;689.1111111111112;21925;1377.5555555555557;1340.888888888889
1687958508;675.1111111111112;24004.55555555556;1383.3333333333335;1258.3333333333335
1687958509;700.4444444444445;22895;1261.5555555555557;1347.2222222222224
1687958510;693.7777777777778;23873.77777777778;730.5555555555557;1353
1687958511;700.4444444444445;22914;669.8888888888889;1347.2222222222224
1687958512;693.7777777777778;22386.222222222223;1206.111111111111;1353
1687958513;700.4444444444445;23393.666666666668;1111.5555555555557;1347.2222222222224
1687958514;700.4444444444445;23503;1206;1353
1687958515;556.3333333333334;22569.333333333336;1200.2222222222224;817.4444444444445
1687958516;535.3333333333334;22709.88888888889;1206;1292.5555555555557
1687958517;542;21866.222222222223;1200.2222222222224;1286.7777777777778
1687958518;516.6666666666667;24685.666666666668;1206;1197.888888888889
1687958519;523.3333333333334;28697.55555555556;1200.2222222222224;1280.4444444444446
1687958520;516.6666666666667;28334.55555555556;1206;1286.2222222222224
1687958521;523.3333333333334;27566.77777777778;669.7777777777778;1396
1687958522;516.6666666666667;27954.444444444445;1198.6666666666667;1401.7777777777778
1687958523;523.3333333333334;27591.333333333336;1104.2222222222224;1396
1687958524;535.3333333333334;29345.666666666668;1198.2222222222224;1402.1111111111113
1687958525;542;28592.55555555556;1192.4444444444446;872.1111111111112
1687958526;535.3333333333334;27931.222222222223;1217.2222222222224;921.6666666666667
1687958527;542;26314.000000000004;1211.4444444444446;1490.1111111111113
1687958528;535.3333333333334;21388.77777777778;1286.2222222222224;1435.4444444444446
1687958529;542;22700.77777777778;1326.3333333333335;1429.6666666666667
1687958530;556.3333333333334;23528.666666666668;1353.2222222222224;1415.5555555555557
1687958531;563;22059.88888888889;888.7777777777778;1409.7777777777778
1687958532;556.3333333333334;22739.88888888889;1444;1459
1687958533;544.3333333333334;22660.88888888889;1350;1496.2222222222224
1687958534;537.6666666666667;23531.222222222223;1355.7777777777778;1568.888888888889
1687958535;544.3333333333334;22941.333333333336;1426.6666666666667;1519.3333333333335
1687958536;635.2222222222223;23149.444444444445;1432.4444444444446;950.8888888888889
1687958537;641.8888888888889;24330.111111111113;1357.6666666666667;1467.7777777777778
1687958538;670.3333333333334;23222.88888888889;1317.5555555555557;1473.5555555555557
1687958539;7396480.000000001;24052.111111111113;1290.6666666666667;1641735.888888889
1687958540;20525931.77777778;24351.55555555556;1232;14645641.666666668
1687958541;33392166.666666668;23037.88888888889;676.7777777777778;27666503.666666668
1687958542;46634803.11111111;23584.88888888889;682.5555555555557;40650537.44444445
1687958543;59461269.55555556;23458.222222222223;1214.5555555555557;53707839.44444445
1687958544;72563490;24439.111111111113;1124.6666666666667;66814963.222222224
1687958545;85680955.33333334;24734.88888888889;1214.4444444444446;79770481
1687958546;98544602.22222222;26564.000000000004;1220.2222222222224;92919046.55555557
1687958547;109422505.11111112;25360.444444444445;1214.4444444444446;105795357.66666667
1687958548;111309443.55555557;27896.666666666668;1220.2222222222224;111160094.00000001
1687958549;111176284.00000001;30008.333333333336;1214.4444444444446;111253193.55555557
1687958550;111236992.66666667;31820.111111111113;1220.2222222222224;111104265.11111112
1687958551;111265002.44444445;28820.77777777778;1214.4444444444446;111254488.8888889
1687958552;111272206.22222222;30662.666666666668;682.4444444444445;111281182.8888889
1687958553;111227766.8888889;28828.333333333336;1214.5555555555557;111162804.66666667
1687958554;111033360.00000001;27323.444444444445;1145.5555555555557;111170042.8888889
1687958555;110985246.00000001;25439.111111111113;1235.4444444444446;110981326.44444445
1687958556;113180241.33333334;27798.77777777778;1241.2222222222224;110927568.22222222
1687958557;116698782.8888889;24885.333333333336;1258.111111111111;116827747.11111112
1687958558;116537053.33333334;21732.666666666668;1263.888888888889;116631846.66666667
1687958559;116766970.00000001;21629.222222222223;1258.111111111111;116782360.8888889
1687958560;116302343.55555557;22860.666666666668;1263.888888888889;116574078.66666667
1687958561;116437388.44444445;21604.111111111113;1313;116395532.8888889
1687958562;116154516.00000001;22151.77777777778;780.8888888888889;116346482.8888889
1687958563;116323208.66666667;23962.444444444445;1292.1111111111113;116317228.44444445
1687958564;116425565.11111112;22961.666666666668;1202.2222222222224;116132339.55555557
1687958565;116322361.55555557;21664.666666666668;1196.4444444444446;116286130.66666667
1687958566;116567016.66666667;24005.333333333336;1275.1111111111113;116458923.55555557
1687958567;116710823.33333334;28507.444444444445;1968.888888888889;116679816.8888889
1687958568;116237893.22222222;27475.000000000004;1974.6666666666667;116566629.11111112
1687958569;104014980;27198.333333333336;1968.888888888889;109774839.11111112
1687958570;91046264.8888889;27929.222222222223;1919.7777777777778;96869388.8888889
1687958571;78271356.22222222;27510.222222222223;1914.0000000000002;83929693.33333334
1687958572;75647934.22222222;27479.222222222223;1382;75751783.77777778
1687958573;75725299.77777778;28686.222222222223;1914.0000000000002;75885470.8888889
1687958574;75666684.44444445;29759.222222222223;1919.7777777777778;75730028.22222222
1687958575;75526395.33333334;25942.88888888889;1818.4444444444446;75652936.66666667
1687958576;75687590.44444445;22614.222222222223;1139.3333333333335;75736058.22222222
1687958577;66189198.77777778;23434.88888888889;1216;71761034.44444445
1687958578;70664514;28252.111111111113;1221.7777777777778;65648882.00000001
1687958579;83761815.55555557;29073.000000000004;1216;77895987.77777778
1687958580;96623151.77777779;30897.666666666668;1221.7777777777778;90956490.22222222
1687958581;99203148.44444445;29445.333333333336;1216;99282509.55555557
1687958582;99306211.77777779;29499.666666666668;684;99325756.8888889
1687958583;99582606;28855.444444444445;1226.2222222222224;99763007.33333334
1687958584;97410578.44444445;31180.333333333336;1232;99411985.77777779
1687958585;91925036;29497.222222222223;1211.5555555555557;92371996
1687958586;101531701.55555557;31728.111111111113;1261.6666666666667;95972488
1687958587;109507901.11111112;26113.666666666668;1282.2222222222224;108931239.77777779
1687958588;109237915.33333334;25862.55555555556;1445.4444444444446;109620899.77777779
1687958589;109340613.33333334;24090.444444444445;1562;109345342.22222222
1687958590;104161752.44444445;23340.111111111113;1612.1111111111113;108157069.33333334
1687958591;95053725.77777779;24552.55555555556;1673.2222222222224;97084139.11111112
1687958592;94558961.77777779;23824.666666666668;1131;94624269.11111112
1687958593;97026046.66666667;22999.333333333336;1125.2222222222224;94975620
1687958594;97569920.77777779;24543.55555555556;1676.0000000000002;101914375.11111112
1687958595;84777716.77777779;21025.333333333336;1543.4444444444446;90466691.8888889
1687958596;71743095.44444445;23825.333333333336;1522.888888888889;77485889.66666667
1687958597;58915779.66666667;21275.444444444445;1378.6666666666667;64549104.11111111
1687958598;45951745.44444445;22115.55555555556;1357.7777777777778;51764165
1687958599;38082280.55555556;23250;1307.6666666666667;39870834.77777778
1687958600;34091989;21142.77777777778;1246.5555555555557;37991890.11111111
1687958601;21399279.444444448;22020.88888888889;1240.7777777777778;27193588.555555556
1687958602;8197896.111111112;22295;1246.5555555555557;14191089.666666668
1687958603;611.7777777777778;22274.666666666668;695.7777777777778;1087190.5555555557
1687958604;605.1111111111112;23475.88888888889;1239.3333333333335;1317.888888888889
1687958605;556.6666666666667;20556.333333333336;1233.5555555555557;1312.1111111111113
1687958606;550;22302.222222222223;1220.3333333333335;1317.888888888889
1687958607;556.6666666666667;22298.222222222223;1118.888888888889;735.4444444444445
1687958608;524;24304;1213;1291.5555555555557
1687958609;530.6666666666667;28131.55555555556;1207.2222222222224;1285.7777777777778
1687958610;524;26785.55555555556;1213;1291.5555555555557
1687958611;530.6666666666667;27529.111111111113;1207.2222222222224;1197.4444444444446
1687958612;538;26586.77777777778;1213;1291.5555555555557
1687958613;552;27874.77777777778;669.4444444444445;1304.2222222222224
1687958614;556.6666666666667;28442.111111111113;1226.4444444444446;1310
1687958615;570.6666666666667;27539.333333333336;1220.6666666666667;1304.2222222222224
1687958616;571.3333333333334;27247.666666666668;1226.4444444444446;1328.5555555555557
1687958617;578;25466.444444444445;1155;784.1111111111112
1687958618;571.3333333333334;21741.55555555556;1160.7777777777778;789.8888888888889
1687958619;571.3333333333334;22581.444444444445;1250.6666666666667;1341.7777777777778
1687958620;571.3333333333334;21452;1256.4444444444446;1347.5555555555557
1687958621;564;21354.111111111113;1250.6666666666667;1253.4444444444446
1687958622;550;20777;1311.3333333333335;1248.111111111111
1687958623;552.3333333333334;21354.55555555556;754.3333333333334;1330.6666666666667
1687958624;599.6666666666667;21200.111111111113;1297.888888888889;1336.4444444444446
1687958625;599;21671.444444444445;1292.1111111111113;1312.1111111111113
1687958626;708.8888888888889;21692;1275.2222222222224;1306.2222222222224
1687958627;722.8888888888889;22713.333333333336;1269.4444444444446;1300.4444444444446
1687958628;722.8888888888889;21890.333333333336;1179.5555555555557;803.4444444444445
1687958629;741.5555555555557;23043.666666666668;1280.7777777777778;1355.3333333333335
1687958630;734.8888888888889;22726.333333333336;1286.5555555555557;1361.1111111111113
1687958631;754.7777777777778;21899.666666666668;1225.888888888889;1348
1687958632;733.7777777777778;22474.666666666668;1231.6666666666667;1265.4444444444446
1687958633;679.1111111111112;21884.666666666668;688.1111111111112;1355.3333333333335
1687958634;672.4444444444445;23098.111111111113;1239;1361.1111111111113
1687958635;562.5555555555555;22259.77777777778;1233.2222222222224;1355.3333333333335
1687958636;555.8888888888889;23473.666666666668;1239;1381.888888888889
1687958637;562.5555555555555;23590.333333333336;1233.2222222222224;1321.2222222222224
1687958638;537.2222222222223;25234;1132;769.3333333333334
1687958639;565.5555555555555;28678.000000000004;1222.3333333333335;1321.2222222222224
1687958640;545.6666666666667;29661.111111111113;1228.111111111111;1327
1687958641;552.3333333333334;28700.000000000004;1222.3333333333335;1321.2222222222224
1687958642;545.6666666666667;30391.55555555556;1228.111111111111;1231.3333333333335
1687958643;559.6666666666667;29245.88888888889;677.2222222222223;1430.7777777777778
1687958644;579;30513.55555555556;683;1436.5555555555557
1687958645;578.1406197934023;28587.55555555556;1215;1410
1687958646;579;30615.666666666668;1220.7777777777778;1436.888888888889
1687958647;585.6666666666667;28399.222222222223;1226.6666666666667;1431.1111111111113
1687958648;557.3333333333334;25560.111111111113;1198;901.8888888888889
1687958649;571.3333333333334;24995.77777777778;1214.888888888889;1446.4444444444446
1687958650;578.6666666666667;24823.88888888889;1406.3333333333335;1452.2222222222224
1687958651;585.3333333333334;25175.333333333336;1537.888888888889;1446.4444444444446
1687958652;571.3333333333334;23665;1562.6666666666667;1290.1111111111113
1687958653;566.3333333333334;23238.666666666668;1556.888888888889;1407.1111111111113
1687958654;559.8532844281427;30992.111111111113;1024.888888888889;1517
1687958655;559;33726.66666666667;4637.222222222223;3123.3333333333335
1687958656;622.1111111111112;34926.77777777778;4631.333333333334;3129.1111111111113
1687958657;628.7777777777778;34588.222222222226;4563.88888888889;3100.666666666667
1687958658;614.7777777777778;34131.77777777778;4547;2556.1111111111113
1687958659;633.4444444444445;33773.333333333336;4355.555555555556;3093.3333333333335
1687958660;626.7777777777778;32926.88888888889;4420.88888888889;3099.1111111111113
1687958661;633.4444444444445;34092.333333333336;4396.111111111111;3050.2222222222226
1687958662;612.4444444444445;33418.444444444445;4401.88888888889;2933.2222222222226
1687958663;619.1111111111112;26328.444444444445;4396.111111111111;2823.3333333333335
1687958664;612.4444444444445;21809.666666666668;783.7777777777778;1291.5555555555557
1687958665;549.3333333333334;20765;1308.4444444444446;1285.7777777777778
1687958666;542.6666666666667;23101.333333333336;1314.2222222222224;1291.5555555555557
1687958667;549.3333333333334;23171.333333333336;1308.4444444444446;1285.7777777777778
1687958668;516.6666666666667;25454.222222222223;1314.2222222222224;748.5555555555557
1687958669;523.3333333333334;27434.222222222223;1111.5555555555557;1300.5555555555557
1687958670;516.6666666666667;27647.77777777778;1205.6666666666667;1306.3333333333335
1687958671;523.3333333333334;28049.222222222223;1199.888888888889;1300.5555555555557
1687958672;516.6666666666667;27078.77777777778;1205.6666666666667;1306.3333333333335
1687958673;523.3333333333334;29055.111111111113;1199.888888888889;1204.888888888889
1687958674;535.3333333333334;27313.111111111113;675.2222222222223;1337.4444444444446
1687958675;542;26181.55555555556;1220.6666666666667;1331.6666666666667
1687958676;542.6666666666667;28779.333333333336;1249.111111111111;1337.4444444444446
1687958677;549.3333333333334;27053.000000000004;1243.3333333333335;1350.2222222222224
1687958678;542.6666666666667;24520.666666666668;1249.111111111111;809.8888888888889
1687958679;549.3333333333334;23038.55555555556;1155;804.1111111111112
1687958680;542.6666666666667;23450.55555555556;1249.111111111111;1367.5555555555557
1687958681;549.3333333333334;23016.666666666668;1243.3333333333335;1361.7777777777778
1687958682;542.6666666666667;22525.111111111113;1304;1367.5555555555557
1687958683;530.6666666666667;22890.666666666668;1298.2222222222224;1235
1687958684;524;23108.55555555556;752.7777777777778;1329.5555555555557
1687958685;523.3333333333334;19823.88888888889;724.3333333333334;1342.7777777777778
1687958686;633.2222222222223;23470.222222222223;1280.5555555555557;1330
1687958687;639.8888888888889;22686.55555555556;1274.7777777777778;1367.4444444444446
1687958688;633.2222222222223;23830.55555555556;1333.5555555555557;1373.2222222222224
1687958689;658.5555555555557;22867.666666666668;1260.5555555555557;809.7777777777778
1687958690;651.8888888888889;23538.88888888889;1294.3333333333335;1376.1111111111113
1687958691;665.8888888888889;22301;1324.888888888889;1370.3333333333335
1687958692;666.5555555555557;23809.222222222223;1330.6666666666667;1376.1111111111113
1687958693;673.2222222222223;23657.666666666668;1324.888888888889;1300.1111111111113
1687958694;673.8888888888889;24565.222222222223;1330.6666666666667;1404.5555555555557
1687958695;564;20565.444444444445;774.4444444444445;1398.7777777777778
1687958696;557.3333333333334;22429.666666666668;1318;1370.4444444444446
1687958697;571.3333333333334;23699.77777777778;1259.2222222222224;1364.6666666666667
1687958698;546;25883.111111111113;1243.888888888889;1370.4444444444446
1687958699;552.6666666666667;28204.111111111113;1210.111111111111;804.1111111111112
1687958700;538.6666666666667;27819.88888888889;1124.6666666666667;1366.4444444444446
1687958701;545.3333333333334;26389.77777777778;1207.5555555555557;1360.6666666666667
1687958702;538.6666666666667;27412.222222222223;1213.3333333333335;1347.888888888889
1687958703;538;26214.222222222223;1207.5555555555557;1224.4444444444446
1687958704;550;28186.444444444445;1213.3333333333335;1237.5555555555557
1687958705;564;27263.444444444445;669.7777777777778;1292.3333333333335
1687958706;550;28574.444444444445;1206;1414.3333333333335
1687958707;556.6666666666667;27057.333333333336;1200.2222222222224;1452.3333333333335
1687958708;550;24262.111111111113;1247.2222222222224;1458.1111111111113
1687958709;570.6666666666667;24726.77777777778;1261.888888888889;895.7777777777778
1687958710;1711.2222222222224;24435.222222222223;1280.5555555555557;1451.888888888889
1687958711;5623162.777777778;24137.55555555556;1363;1995.3333333333335
1687958712;18464160.111111112;25326.222222222223;1415.7777777777778;12670508.444444446
1687958713;31455034.77777778;24844.222222222223;1410;25694388
1687958714;44296243.888888896;25124.55555555556;1415.7777777777778;38494768.66666667
1687958715;57210458.11111111;22623.77777777778;879.5555555555557;51426437.55555556
1687958716;70063918.55555557;23313.111111111113;1415.7777777777778;64237572.66666667
1687958717;83024018.55555557;25292.111111111113;1368.7777777777778;77157664.8888889
1687958718;95905406.77777779;24896.88888888889;1354.1111111111113;90249297.11111112
1687958719;109095271.11111112;24972;1246.7777777777778;103132085.55555557
1687958720;116534242.66666667;27341.222222222223;1912.1111111111113;116294990.22222222
1687958721;116667035.11111112;26186.88888888889;1866.6666666666667;116866388.22222222
1687958722;116631002.44444445;25222.666666666668;1953.4444444444446;116547126.00000001
1687958723;116942799.55555557;26594.51354953354;1947.6666666666667;116930558.44444445
1687958724;116763445.11111112;25544.77777777778;1953.4444444444446;116819622.00000001
1687958725;116962457.77777779;27513.222222222223;1417.2222222222224;117048162.66666667
1687958726;117119302.00000001;26791.000000000004;1952.4444444444446;117162665.11111112
1687958727;117347722.00000001;27490.111111111113;1946.6666666666667;117199231.11111112
1687958728;117173208.00000001;32037.666666666668;1952.4444444444446;117119935.33333334
1687958729;116671560.22222222;30224.111111111113;1198.888888888889;117115864.00000001
1687958730;116272802.8888889;31187.333333333336;1204.6666666666667;116279250.44444445
1687958731;116391822.66666667;30565.88888888889;1220.111111111111;116524717.55555557
1687958732;115456390.00000001;29764.78434859938;1325.7777777777778;116022496.8888889
1687958733;115839667.55555557;31656.77777777778;1320;115742956.00000001
1687958734;115479933.77777779;29376.222222222223;1325.7777777777778;115712347.11111112
1687958735;115480410.44444445;28123.444444444445;811.3333333333334;115535618.22222222
1687958736;115269051.11111112;30500.111111111113;1370.2222222222224;115432782.44444445
1687958737;115069966.8888889;26218.333333333336;1364.4444444444446;115345994.66666667
1687958738;115420362.22222222;24526.88888888889;1370.2222222222224;115079054.66666667
1687958739;115823587.77777779;25028.333333333336;1472.6666666666667;115706584.66666667
1687958740;113723078.55555557;24744.111111111113;1376.2222222222224;115920958.66666667
1687958741;101505505;24306.55555555556;1270.5555555555557;106798759.66666667
1687958742;88387367.66666667;22703.111111111113;1331.2222222222224;94257554.11111112
1687958743;75694628.33333334;23966.444444444445;1484.7777777777778;81248505.8888889
1687958744;71089766.11111112;22877.333333333336;1469.7777777777778;71256108.77777778
1687958745;71267741.66666667;20238.444444444445;910.8888888888889;71183651.66666667
1687958746;71341457.22222222;23036.444444444445;1454.4444444444446;71390645.44444445
1687958747;71451482.77777778;23232.333333333336;1448.6666666666667;71549981
1687958748;71549861;23181.222222222223;1338.888888888889;71613845.8888889
1687958749;73595852.22222222;23813.77777777778;1351.6666666666667;71455561.66666667
1687958750;86724856.22222222;23226.111111111113;1378.5555555555557;81099796.8888889
1687958751;99655894;23276.666666666668;1317.888888888889;93806835.77777779
1687958752;112578280.00000001;21849.666666666668;1164.3333333333335;106915534.22222222
1687958753;117084669.55555557;23732;1254.111111111111;116921651.11111112
1687958754;117063086.22222222;22996.444444444445;1259.888888888889;117042090.22222222
1687958755;117293056.00000001;20620.444444444445;739;117290190.44444445
1687958756;117337343.11111112;23840.77777777778;780.1111111111112;117398687.55555557
1687958757;113434477.77777779;22598.55555555556;1309.5555555555557;116943766.44444445
1687958758;101033845.77777779;26178.77777777778;1296.7777777777778;106239664
1687958759;100888251.77777779;28538.333333333336;1269.888888888889;100691846.44444445
1687958760;100915831.11111112;28439.111111111113;1275.6666666666667;101129328.66666667
1687958761;101078652.8888889;27208.333333333336;1269.888888888889;101052690.8888889
1687958762;101034394.66666667;26632.444444444445;1180.111111111111;101234678.66666667
1687958763;100063077.77777779;28168.000000000004;1269.888888888889;100641794.22222222
1687958764;98658317.11111112;27763.444444444445;1253;98804171.11111112
1687958765;87059642.22222222;24122.222222222223;1211.888888888889;92866867.77777779
1687958766;77885871.33333334;27015.55555555556;682.4444444444445;80227088.22222222
1687958767;77267159.55555557;22380.333333333336;1214.4444444444446;77924993.55555557
1687958768;64283749.55555556;22424.666666666668;1261.4444444444446;70269202.22222222
1687958769;51325132.44444445;22308.88888888889;1276.1111111111113;57124675.333333336
1687958770;38239924.66666667;23778.111111111113;1305.1111111111113;44092606.44444445
1687958771;25265234.666666668;22656.333333333336;1336.4444444444446;31039027.333333336
1687958772;13181710.444444446;23179.55555555556;1284.2222222222224;18558587.111111112
1687958773;1464808.4444444445;23559.111111111113;1338.5555555555557;7224377.555555556
1687958774;574;23495.222222222223;1440;1451.2222222222224
1687958775;573.3333333333334;20223.88888888889;1434.2222222222224;1445.4444444444446
1687958776;607.4444444444445;24055.333333333336;902.2222222222223;1400.1111111111113
1687958777;606.7777777777778;22342.111111111113;1407.6666666666667;1313
1687958778;585.7777777777778;23215.333333333336;1393;1426
1687958779;597.7777777777778;23231.222222222223;1364;1420.2222222222224
1687958780;597.7777777777778;23591.77777777778;1344.3333333333335;857.0000000000001
1687958781;604.4444444444445;23026.77777777778;1301;1438.888888888889
1687958782;597.7777777777778;23029.222222222223;1246.6666666666667;1368.2222222222224
1687958783;604.4444444444445;23716.88888888889;1145.2222222222224;1342
1687958784;605.1111111111112;24049.666666666668;1248.111111111111;1347.7777777777778
1687958785;549.3333333333334;21601;1242.3333333333335;1342
1687958786;550;22466;695.6666666666667;1347.7777777777778
1687958787;556.6666666666667;23307;1227.6666666666667;1253.3333333333335
1687958788;538;25011.111111111113;1233.4444444444446;1277.6666666666667
1687958789;538;29023.222222222223;1216;1371.4444444444446
1687958790;576.6666666666667;28900.666666666668;1221.7777777777778;823.7777777777778
1687958791;583.3333333333334;28412.55555555556;1216;1415.2222222222224
1687958792;576.6666666666667;28641.444444444445;1221.7777777777778;1528.4444444444446
1687958793;576;29382.77777777778;1118.888888888889;1558
1687958794;588;29530.55555555556;1132;1563.7777777777778
1687958795;642;27231.222222222223;1230.888888888889;1558
1687958796;642.6666666666667;29235.77777777778;744.7777777777778;1545.2222222222224
1687958797;649.3333333333334;26691.77777777778;739;1520.888888888889
1687958798;642.6666666666667;23892;1299.7777777777778;1450.3333333333335
1687958799;604;23445.77777777778;1314.7777777777778;1498.6666666666667
1687958800;597.3333333333334;23693.444444444445;1348.6666666666667;907.2222222222223
1687958801;604;23561;1365.5555555555557;814.4444444444445
1687958802;597.3333333333334;22852.88888888889;1473.2222222222224;1354
1687958803;585.3333333333334;23765.88888888889;1460.1111111111113;1348.2222222222224
1687958804;524;24266.111111111113;1361.2222222222224;1354
1687958805;523.3333333333334;21879.77777777778;1398.2222222222224;1348.2222222222224
1687958806;633.2222222222223;23255.111111111113;1404;1354
1687958807;647.6666666666667;23876.77777777778;843.2222222222223;1379.888888888889
1687958808;641;23604;1366;1297.3333333333335
1687958809;666.3333333333334;24857.55555555556;1358;1488.1111111111113
1687958810;659.6666666666667;24650.77777777778;1464.888888888889;1473.4444444444446
1687958811;666.3333333333334;25383.333333333336;1357.2222222222224;898.5555555555557
1687958812;659.6666666666667;23537.444444444445;1363;1473.4444444444446
1687958813;673.6666666666667;24563.55555555556;1357.2222222222224;1467.6666666666667
1687958814;674.3333333333334;23443.222222222223;1274.3333333333335;1473.4444444444446
1687958815;571.1111111111112;23113.111111111113;1268.5555555555557;1467.6666666666667
1687958816;563.6242504996669;23234;1373.888888888889;1418.5555555555557
1687958817;570.6666666666667;24994.88888888889;853.0000000000001;1412.7777777777778
1687958818;545.3333333333334;26195.333333333336;1369.6666666666667;1222
1687958819;552;28380.55555555556;1240.111111111111;1238.888888888889
1687958820;545.3333333333334;29413.444444444445;1245.888888888889;1333
1687958821;552;28825.444444444445;1240.111111111111;758.1111111111112
1687958822;538;29617.88888888889;1354.5555555555557;1353.3333333333335
1687958823;537.3333333333334;29216.77777777778;1348.7777777777778;1387
1687958824;542.6666666666667;29069.55555555556;1354.5555555555557;1392.7777777777778
1687958825;542.361574382922;27093.77777777778;1249.2222222222224;1415
1687958826;542.6666666666667;28005.222222222223;1321.1111111111113;1420.7777777777778
1687958827;549.3333333333334;25840.333333333336;799.3333333333334;1436.1111111111113
1687958828;542.6666666666667;23555.666666666668;1356;1441.888888888889
1687958829;549.3333333333334;22514.77777777778;1370.6666666666667;1347.7777777777778
1687958830;542.6666666666667;24296.444444444445;1376.4444444444446;1443.3333333333335
1687958831;549.3333333333334;22700.222222222223;1280.5555555555557;848.1111111111112
1687958832;542.6666666666667;23605.88888888889;1305.3333333333335;814.4444444444445
1687958833;530.6666666666667;23401.88888888889;1318.1111111111113;1414.888888888889
1687958834;524;23814.666666666668;1342.4444444444446;1413.4444444444446
1687958835;523.3333333333334;21365.444444444445;1247.888888888889;1407.6666666666667
1687958836;579.1111111111112;23086.444444444445;1328.4444444444446;1392.3333333333335
1687958837;585.7777777777778;23997.333333333336;771.7777777777778;1401.4444444444446
1687958838;579.1111111111112;23677.111111111113;757.1111111111112;1407.2222222222224
1687958839;611.7777777777778;23100.444444444445;1296.4444444444446;1347
1687958840;605.1111111111112;23701.222222222223;1295.3333333333335;1388.2222222222224
1687958841;611.7777777777778;24074.77777777778;1270.5555555555557;1505.5555555555557
1687958842;612.4444444444445;24007.88888888889;1276.3333333333335;905.1111111111112
1687958843;619.1111111111112;24637.77777777778;1287.3333333333335;1487.888888888889
1687958844;612.4444444444445;23897.444444444445;1293.1111111111113;1493.6666666666667
1687958845;556.6666666666667;21784.444444444445;1212.2222222222224;1506.4444444444446
1687958846;550;22817.222222222223;1334;1474.6666666666667
1687958847;556.6666666666667;23749.77777777778;1363.5555555555557;1504.1111111111113
1687958848;524;26325.000000000004;824.2222222222223;1474.5555555555557
1687958849;538;28540.111111111113;1351.888888888889;1451.888888888889
1687958850;538.6666666666667;27190.88888888889;1357.6666666666667;1334.5555555555557
1687958851;538;27979.333333333336;1333.3333333333335;1424.3333333333335
1687958852;531.3333333333334;28261.666666666668;1303.7777777777778;820.7777777777778
1687958853;545.3333333333334;30035.666666666668;1298;1412.4444444444446
1687958854;564.6666666666667;29845.55555555556;1304.1111111111113;1420.4444444444446
1687958855;578.6666666666667;27733.88888888889;1203.111111111111;1414.6666666666667
1687958856;572;29173.666666666668;1302;1385.2222222222224
1687958857;578.6666666666667;26499.666666666668;1296.2222222222224;1379.4444444444446
1687958858;564.6666666666667;24881.88888888889;780.1111111111112;1389.888888888889
1687958859;564;25357;1312.1111111111113;1384.1111111111113
1687958860;564;24306.55555555556;1317.888888888889;1294.3333333333335
1687958861;570.6666666666667;24458.666666666668;1387.7777777777778;1309
1687958862;556.6666666666667;24240.222222222223;1393.5555555555557;813.4444444444445
1687958863;544;24641.88888888889;1389.6666666666667;1363.3333333333335
1687958864;537.3333333333334;24562.333333333336;1374.6666666666667;1361.7777777777778
1687958865;544;21875.666666666668;1240.4444444444446;1356
1687958866;668.2222222222223;24387.77777777778;1334.5555555555557;1361.7777777777778
1687958867;674.8888888888889;23129.111111111113;1326;1351.7777777777778
1687958868;668.2222222222223;24293.88888888889;828.2222222222223;1412.4444444444446
1687958869;681.4444444444445;23111.55555555556;1361.6666666666667;1406.6666666666667
1687958870;700.7777777777778;23204.333333333336;1331.4444444444446;1414.6666666666667
1687958871;707.4444444444445;23457.77777777778;1325.6666666666667;1452.3333333333335
1687958872;694.1111111111112;23304.111111111113;1308.7777777777778;988.5555555555557
1687958873;693.4444444444445;24238.55555555556;1303;1601.888888888889
1687958874;696.7777777777778;24776.55555555556;1316.1111111111113;1607.6666666666667
1687958875;572.5555555555555;21955.333333333336;1324.2222222222224;1601.888888888889
1687958876;565.8888888888889;25501.333333333336;1400.7777777777778;1588.6666666666667
1687958877;572.5555555555555;24511.666666666668;1383.4444444444446;2693.444444444445
1687958878;5926628.333333334;31918.55555555556;850.0000000000001;267420.7777777778
1687958879;18984080.77777778;33825.88888888889;1335;13137318.333333334
1687958880;31935290.111111112;32503.444444444445;1340.7777777777778;26409916.333333336
1687958881;45081868.11111111;32455.222222222226;1335;39211447
1687958882;58126106.11111111;33929;1340.7777777777778;52444826.333333336
1687958883;71039085;33362.444444444445;1327.6666666666667;64859048.333333336
1687958884;83848159.44444445;34238.222222222226;1231.2222222222224;78123156.33333334
1687958885;97065362.55555557;29808.111111111113;1134.2222222222224;91212279.22222222
1687958886;109772881.66666667;32633.222222222226;1117.3333333333335;103823130.44444445
1687958887;117065363.77777779;26081.111111111113;1199.7777777777778;116827061.77777779
1687958888;116746538.44444445;23248.666666666668;675.1111111111112;116814744.44444445
1687958889;116849812.66666667;24319.333333333336;669.3333333333334;116460364.44444445
1687958890;116708390.8888889;24838;1205.5555555555557;116655368.22222222
1687958891;116730089.33333334;21841.55555555556;1211.4444444444446;116463401.11111112
1687958892;116466254.00000001;24331;1217.2222222222224;116989414.22222222
1687958893;116846796.44444445;23603.111111111113;1230;116434865.55555557
1687958894;116372637.77777779;28452.55555555556;1997.6666666666667;116601567.55555557
1687958895;116699564.00000001;25488.111111111113;1991.888888888889;116845083.55555557
1687958896;116442140.8888889;27499.000000000004;1908.8081750527601;116596367.77777779
1687958897;116756191.33333334;27528.222222222223;2003.1111111111113;116673650.44444445
1687958898;116674612.00000001;26514.444444444445;2008.8888888888891;116873130.22222222
1687958899;116622359.33333334;26105;1472.6666666666667;116813835.33333334
1687958900;116413933.55555557;26860.444444444445;2008.8888888888891;116706944.22222222
1687958901;117012216.8888889;24533.222222222223;2003.1111111111113;116815615.77777779
1687958902;116739837.11111112;24946.222222222223;1990.3333333333335;117106385.11111112
1687958903;116855225.11111112;22413.77777777778;1222.6666666666667;116826756.22222222
1687958904;116849763.11111112;22214.111111111113;1247;116860935.55555557
1687958905;116660761.77777779;22103.444444444445;1241.6361009225297;116748021.11111112
1687958906;116074100.00000001;23279.666666666668;1147.5555555555557;116368767.77777779
1687958907;112749930.11111112;24178.333333333336;1257.888888888889;115701501.11111112
1687958908;99797043.8888889;25975.666666666668;1263.6666666666667;105569491.66666667
1687958909;86939533.22222222;29681.666666666668;715.7777777777778;92634965.8888889
1687958910;85131466.33333334;30046.222222222223;1259.3333333333335;85280975.8888889
1687958911;84816753.22222222;30696.88888888889;1369.1111111111113;84830209.8888889
1687958912;85045443.66666667;29385.666666666668;1374.888888888889;84907197.22222222
1687958913;84561458.77777779;32546.222222222226;1350.5555555555557;84805934.33333334
1687958914;85057297.66666667;29920.55555555556;1356.3333333333335;84785961.22222222
1687958915;85299919.8888889;28040.333333333336;1350.5555555555557;85413519.8888889
1687958916;88855288;28814.444444444445;1261;85898163.8888889
1687958917;101667185.11111112;27446.444444444445;1255.2222222222224;95946008.8888889
1687958918;114141136.66666667;23891.333333333336;1363;108487951.55555557
1687958919;115919773.77777779;23725.111111111113;842.6666666666667;115747456.66666667
1687958920;116327850.22222222;23885.111111111113;1278;116306707.33333334
1687958921;116238056.66666667;22917.88888888889;1291.995114910625;116390639.77777779
1687958922;116568764.00000001;21404.88888888889;1353.6666666666667;116586724.8888889
1687958923;116234429.11111112;22845.77777777778;1370.5555555555557;116841992.8888889
1687958924;116399106.00000001;23657.333333333336;1376.3333333333335;116124565.11111112
1687958925;116376880.8888889;21521.77777777778;1349.7777777777778;116404155.33333334
1687958926;116587391.55555557;22674.444444444445;1355.5555555555557;116577534.66666667
1687958927;116676515.77777779;22407.55555555556;1247.7777777777778;117197392.66666667
1687958928;105526942.44444445;22586.88888888889;1319.1111111111113;111503829.11111112
1687958929;104807192;22314.333333333336;788.6666666666667;104884744.22222222
1687958930;98535950.44444445;22479.666666666668;813.9664183253642;104382399.11111112
1687958931;85660244.66666667;21710;1283.1111111111113;91396490.66666667
1687958932;72726054.66666667;21357.77777777778;1266.2222222222224;78254201.11111112
1687958933;59852739.77777778;21888.222222222223;1260.4444444444446;65788440.888888896
1687958934;46670862.44444445;23816.55555555556;1266.2222222222224;52573800
1687958935;33648437.333333336;21879.333333333336;1260.4444444444446;39547353.77777778
1687958936;21085361.555555556;24290.666666666668;1266.2222222222224;26385530.88888889
1687958937;19016937.77777778;24070.55555555556;1194.3333333333335;19124685.555555556
1687958938;6726087.777777778;26270.444444444445;1179.6666666666667;12634948.88888889
1687958939;531.1111111111112;30340.55555555556;1222.4444444444446;1420.2222222222224
1687958940;524.4444444444445;30153.111111111113;697.7777777777778;1549.4444444444446
1687958941;531.1111111111112;30512.55555555556;1222.4444444444446;1543.6666666666667
1687958942;516.6666666666667;30016.222222222223;1228.2222222222224;1431.2222222222224
1687958943;523.3333333333334;29310.77777777778;1222.4444444444446;1521
1687958944;516.6666666666667;30468.666666666668;1228.2222222222224;1526.7777777777778
1687958945;542;27088.000000000004;1222.4444444444446;946.2222222222223
1687958946;535.3333333333334;29880.88888888889;1205.5555555555557;1547.2222222222224
1687958947;542;26066.77777777778;1199.7777777777778;1562.5555555555557
1687958948;535.3333333333334;24789.88888888889;1117.3333333333335;1508.6666666666667
1687958949;542;23619.333333333336;1309.888888888889;1379.4444444444446
1687958950;542;23661.77777777778;785.2222222222223;1385.2222222222224
1687958951;548.6666666666667;23118.222222222223;1309.888888888889;1379.4444444444446
1687958952;542;23466;1353.2222222222224;1289.6666666666667
1687958953;548.6666666666667;23395.88888888889;1366;1383.3333333333335
1687958954;523.3333333333334;24139.88888888889;1371.7777777777778;1368.6666666666667
1687958955;530;21653.444444444445;1366;767.6666666666667
1687958956;585.7777777777778;25033.111111111113;1371.7777777777778;1340.2222222222224
1687958957;599.7777777777778;23113;1366;1353.4444444444446
1687958958;593.1111111111112;23674.666666666668;1173.4444444444446;1359.2222222222224
1687958959;593.1111111111112;24204.333333333336;1256.2222222222224;1372
1687958960;659.7777777777778;24527.111111111113;743.2222222222223;1377.7777777777778
1687958961;666.4444444444445;29775.88888888889;2079.777777777778;1372
1687958962;659.7777777777778;33422.11111111112;4303.777777777778;2159.888888888889
1687958963;666.4444444444445;34734.222222222226;4316.555555555556;2844.2222222222226
1687958964;659.7777777777778;34398.88888888889;4322.333333333334;2945.666666666667
1687958965;604;32436.77777777778;4316.555555555556;2352
1687958966;590;33041;4322.333333333334;2954
1687958967;596.6666666666667;34615.222222222226;4337;3063.777777777778
1687958968;590;35366;4254.222222222223;3051
1687958969;523.3333333333334;38931;4336.222222222223;3045.2222222222226
1687958970;516.6666666666667;31548.55555555556;2962.1111111111113;3069.5555555555557
1687958971;523.3333333333334;26602.111111111113;719.5555555555557;2182.222222222222
1687958972;516.6666666666667;27478.444444444445;1229.888888888889;1497.888888888889
1687958973;523.3333333333334;27432.55555555556;1232.7777777777778;1417.2222222222224
1687958974;516.6666666666667;27449.666666666668;1238.5555555555557;1518.6666666666667
1687958975;542;26549.77777777778;1232.7777777777778;897.6666666666667
1687958976;535.3333333333334;26728.333333333336;1293.7777777777778;787.8888888888889
1687958977;542;25241.333333333336;1342.888888888889;1370
1687958978;535.3333333333334;21357.222222222223;1307.7777777777778;1375.7777777777778
1687958979;542;23240.77777777778;1397.6666666666667;1374.6666666666667
1687958980;535.3333333333334;23036.333333333336;1403.4444444444446;1400.888888888889
1687958981;542;21438.111111111113;874.5555555555557;1395.1111111111113
1687958982;535.3333333333334;22910.666666666668;892.4444444444445;1435
1687958983;542;23284;1455.888888888889;1333.5555555555557
1687958984;516.6666666666667;23472.222222222223;1461.6666666666667;1465.888888888889
1687958985;523.3333333333334;21857.444444444445;1380.2222222222224;1460.1111111111113
1687958986;633.2222222222223;23184.111111111113;1345.7777777777778;878.0000000000001
1687958987;639.8888888888889;24636.111111111113;1396.3333333333335;1467.4444444444446
1687958988;633.2222222222223;23905.111111111113;1306.4444444444446;1450
1687958989;639.8888888888889;24795;1321.1111111111113;1423.7777777777778
1687958990;651.8888888888889;23588.88888888889;1465.1111111111113;1429.5555555555557
1687958991;658.5555555555557;22360.222222222223;1438.5555555555557;1368.888888888889
1687958992;651.8888888888889;21798.444444444445;875.1111111111112;1397.3333333333335
1687958993;658.5555555555557;22145.55555555556;1407.1111111111113;1265
1687958994;651.8888888888889;23503.88888888889;1412.888888888889;1278.1111111111113
1687958995;548.6666666666667;20804.111111111113;1392.4444444444446;1353.3333333333335
1687958996;542;22485.88888888889;1283.3333333333335;763.8888888888889
1687958997;561.8888888888889;22611.88888888889;1300.2222222222224;1346
1687958998;583.8888888888889;23493.77777777778;1285.5555555555557;1351.7777777777778
1687958999;571.8888888888889;28142.222222222223;1141.5555555555557;1364.4444444444446
1687959000;565.2222222222223;28281.111111111113;1242.888888888889;1418.7777777777778
1687959001;571.8888888888889;28363.55555555556;1237.111111111111;1390.3333333333335
1687959002;573;29133.88888888889;705.1111111111112;1513
1687959003;579.6666666666667;28462.000000000004;1258.2222222222224;1499.888888888889
1687959004;566.3333333333334;30189.666666666668;1285.1111111111113;1445.1111111111113
1687959005;591.6666666666667;26907.222222222223;1307.3333333333335;1541.2222222222224
1687959006;571.7777777777778;29647.222222222223;1290.4444444444446;959.1111111111112
1687959007;549.7777777777778;28911.111111111113;1284.6666666666667;1563.2222222222224
1687959008;543.1111111111112;25048.333333333336;1309.4444444444446;1571.6666666666667
1687959009;549.7777777777778;24511.77777777778;1208.111111111111;1517.3333333333335
1687959010;543.1111111111112;24089.77777777778;1309.6666666666667;1523.1111111111113
1687959011;542;22789.444444444445;1303.4544040875264;1400.4444444444446
1687959012;535.3333333333334;23417.88888888889;750.7777777777778;1406.2222222222224
1687959013;556.3333333333334;23292.222222222223;1280.2222222222224;1380
1687959014;531;23810.77777777778;1276.5555555555557;1295.5555555555557
1687959015;537.6666666666667;21508.333333333336;1270.7777777777778;1304.4444444444446
1687959016;593.4444444444445;21278.77777777778;1276.5555555555557;781.2222222222223
1687959017;600.1111111111112;24126.111111111113;1251.7777777777778;1349.5555555555557
1687959018;593.4444444444445;23196.444444444445;1257.5555555555557;1373.888888888889
1687959019;600.1111111111112;23977.77777777778;1156;1368.1111111111113
1687959020;612.1111111111112;23551;1162.1651661665;1373.888888888889
1687959021;626.1111111111112;22738.222222222223;1251.6666666666667;1368.1111111111113
1687959022;605.1111111111112;22724.666666666668;701.1111111111112;1394.6666666666667
1687959023;611.7777777777778;23578.88888888889;695.3333333333334;1395.7777777777778
1687959024;605.1111111111112;23353.88888888889;1245.2222222222224;1386.888888888889
1687959025;549.3333333333334;22849.111111111113;1239.4444444444446;1300.2222222222224
1687959026;542.6666666666667;22223.55555555556;1245.2222222222224;818.1111111111112
1687959027;549.3333333333334;23942.55555555556;1259.888888888889;1381.6666666666667
1687959028;550;22984.55555555556;1265.6666666666667;1394.7777777777778
1687959029;538;29176.222222222223;1259.888888888889;1389
1687959030;524;28438.55555555556;1170;1406
1687959031;530.6666666666667;26842.55555555556;1259.888888888889;1379.4444444444446
1687959032;524;26979.88888888889;1247.111111111111;1366.6666666666667
1687959033;530.6666666666667;27313.666666666668;697.2222222222223;1360.888888888889
1687959034;524;29017.77777777778;1350.3333333333335;1387.4444444444446
1687959035;549.3333333333334;26104.333333333336;1356.2222222222224;1274.3333333333335
1687959036;542.6666666666667;28180.111111111113;1362.3333333333335;692.2222222222223
1687959037;542;28506.111111111113;1356.5555555555557;786
1687959038;535.3333333333334;22807.333333333336;1440.4444444444446;1387
1687959039;542;23379.111111111113;1434.6666666666667;1393.2222222222224
1687959040;542;24829.222222222223;1344.7777777777778;1419.4444444444446
1687959041;548.6666666666667;23404.77777777778;1346.3333333333335;1413.6666666666667
1687959042;542;23398.111111111113;1454.3333333333335;1419.4444444444446
1687959043;548.6666666666667;23897.666666666668;823.8888888888889;1392.888888888889
1687959044;523.3333333333334;25765.222222222223;1348.4444444444446;1898.2222222222224
1687959045;530;22476.77777777778;1321.888888888889;1892.4444444444446
1687959046;585.7777777777778;25173.222222222223;1327.6666666666667;1791.3333333333335
1687959047;646.5555555555557;24595.88888888889;1243.7777777777778;1390.7777777777778
1687959048;639.8888888888889;26023.444444444445;1249.5555555555557;1960.0000000000002
1687959049;639.8888888888889;25044.111111111113;1262.3333333333335;1933.7777777777778
1687959050;651.8888888888889;25954.666666666668;1281.2222222222224;1939.5555555555557
1687959051;658.5555555555557;24402.77777777778;1173.2222222222224;1933.7777777777778
1687959052;659.2222222222223;24363.77777777778;1255.888888888889;1962.2222222222224
1687959053;665.8888888888889;23437.111111111113;719.6666666666667;1565.5555555555557
1687959054;659.2222222222223;24552.222222222223;1255.888888888889;1564
1687959055;760.1111111111112;22020.444444444445;1250.111111111111;1558.2222222222224
1687959056;699.3333333333334;25809.333333333336;1255.888888888889;1384.6666666666667
1687959057;706;23505.55555555556;1272.7777777777778;901.7777777777778
1687959058;699.3333333333334;25134.444444444445;1260;1495.3333333333335
1687959059;687.3333333333334;28798.444444444445;1233.7777777777778;1543.3333333333335
1687959060;680.6666666666667;30740.111111111113;1239.5555555555557;1590.3333333333335
1687959061;680;27858.77777777778;1134.2222222222224;1580.4444444444446
1687959062;673.3333333333334;30445.222222222223;1248.3333333333335;1477.5555555555557
1687959063;680;29815.333333333336;797.8888888888889;1497.6666666666667
1687959064;516.6666666666667;30066.000000000004;1326.6666666666667;1535.3333333333335
1687959065;542;26871.111111111113;1349.3333333333335;1528.888888888889
1687959066;535.3333333333334;30546.77777777778;1332.4444444444446;1425.1111111111113
1687959067;542;29199.55555555556;1326.6666666666667;923.1111111111112
1687959068;535.3333333333334;26530.666666666668;1351.4444444444446;1463
1687959069;542;24696.666666666668;1345.6666666666667;1416
1687959070;535.3333333333334;26613.88888888889;1351.4444444444446;1395.888888888889
1687959071;542;23109.333333333336;1237.3333333333335;1390.1111111111113
1687959072;535.3333333333334;25000;1175.888888888889;1377.3333333333335
1687959073;542;24825.77777777778;753.8888888888889;1339.6666666666667
1687959074;516.6666666666667;25403.333333333336;731.2222222222223;1336.6666666666667
1687959075;523.3333333333334;21848.333333333336;1255.888888888889;1323.5555555555557
1687959076;579.1111111111112;25024;1261.6666666666667;1237.7777777777778
1687959077;585.7777777777778;22642.77777777778;1236.888888888889;644.1111111111112
1687959078;579.1111111111112;29379.111111111113;2007.8888888888891;3915.0000000000005
1687959079;585.7777777777778;27437.88888888889;2002.1111111111113;3916.5555555555557
1687959080;597.7777777777778;28509.88888888889;2007.8888888888891;3922.3333333333335
1687959081;604.4444444444445;26357.55555555556;1983.5555555555557;3916.5555555555557
1687959082;597.7777777777778;27125.666666666668;1882.5555555555557;4060.3333333333335
1687959083;604.4444444444445;26701.333333333336;1965.4444444444446;4042.888888888889
1687959084;597.7777777777778;28332.666666666668;1459.3333333333335;4056.0000000000005
1687959085;542;26685.000000000004;1991.3333333333335;4050.2222222222226
1687959086;535.3333333333334;29533.88888888889;1997.1111111111113;4074.5555555555557
1687959087;542;23412.88888888889;1246.5555555555557;803.6666666666667
1687959088;535.3333333333334;25419.111111111113;1252.3333333333335;905.1111111111112
1687959089;523.3333333333334;30374.111111111113;1246.5555555555557;1520.6666666666667
1687959090;524;31656.444444444445;1252.3333333333335;1526.4444444444446
1687959091;530.6666666666667;29340.666666666668;1246.5555555555557;1401.2222222222224
