Time;{mode="idle"};{mode="iowait"};{mode="irq"};{mode="nice"};{mode="softirq"};{mode="steal"};{mode="system"};{mode="user"}
1687958371;1.9157894736840957;0.0026315789473660275;0;0;0.0010526315789475328;0.004736842105263338;0.02684210526315143;0.043157894736874654
1687958372;1.9315789473684593;0.0005263157894732055;0;0;0.0005263157894739534;0.003157894736842225;0.021578947368419376;0.03578947368417797
1687958373;1.9278947368420631;0.001052631578946411;0;0;0.0010526315789479068;0.004210526315788636;0.023157894736844976;0.037894736842094726
1687958374;1.902631578947445;0.004210526315791627;0;0;0.0015789473684214863;0.003684210526314682;0.03157894736842225;0.0478947368420976
1687958375;1.8542105263157662;0.005263157894738038;0;0;0.003157894736842225;0.0036842105263154303;0.04263157894737153;0.07894736842105263
1687958376;1.7710526315788324;0.005263157894738038;0;0;0.005789473684210496;0.0036842105263154303;0.06210526315789808;0.13894736842104594
1687958377;1.704210526315843;0.00736842105263086;0;0;0.008947368421052721;0.006315789473683702;0.08105263157895143;0.17473684210524784
1687958378;1.6447368421051674;0.008421052631577271;0;0;0.011052631578947413;0.009473684210525926;0.09631578947368039;0.21210526315790526
1687958379;1.5836842105264193;0.014210526315788514;0;0;0.017894736842105442;0.012105263157894945;0.10789473684210286;0.24210526315788994
1687958380;1.539473684210526;0.014210526315788514;0;0;0.019473684210526553;0.012105263157894198;0.11736842105262654;0.27157894736843735
1687958381;1.4915789473684287;0.014210526315788514;0;0;0.022631578947368405;0.01263157894736815;0.126315789473683;0.3042105263158
1687958382;1.424736842105152;0.030526315789469852;0;0;0.025263157894736675;0.015263157894736423;0.13578947368420669;0.33526315789473105
1687958383;1.3621052631579482;0.036842105263154304;0;0;0.028947368421052857;0.015789473684210374;0.15315789473684044;0.3684210526315789
1687958384;1.3010526315791044;0.04578947368420478;0;0;0.032105263157894706;0.020526315789472963;0.1647368421052629;0.40210526315788797
1687958385;1.2521052631578449;0.04578947368420478;0;0;0.034210526315789774;0.02473684210526235;0.17157894736842055;0.4300000000000038
1687958386;1.2068421052632687;0.04578947368420478;0;0;0.03631578947368446;0.032105263157894706;0.18157894736842345;0.45999999999996455
1687958387;1.1305263157895462;0.07368421052631459;0;0;0.038421052631579154;0.03631578947368409;0.19105263157895308;0.4905263157894584
1687958388;1.0584210526316096;0.10210526315789162;0;0;0.04052631578947384;0.04210526315789458;0.20052631578947677;0.5184210526315502
1687958389;0.9773684210526162;0.13210526315789425;0;0;0.043684210526316075;0.04631578947368396;0.21315789473684568;0.5463157894736899
1687958390;0.8800000000001569;0.17789473684210502;0;0;0.045789473684210394;0.04789473684210508;0.22368421052632176;0.5799999999999751
1687958391;0.7773684210526546;0.23526315789473828;0;0;0.04789473684210509;0.0494736842105262;0.23368421052631866;0.6126315789473856
1687958392;0.6947368421052057;0.2794736842105294;0;0;0.04947368421052582;0.04947368421052695;0.24263157894736315;0.6363157894736918
1687958393;0.6399999999998967;0.301578947368416;0;0;0.05105263157894693;0.04947368421052695;0.24421052631578874;0.662631578947376
1687958394;0.6231578947368497;0.30263157894736836;0;0;0.053157894736842376;0.05105263157894731;0.2515789473684196;0.6721052631578937
1687958395;0.6536842105263196;0.30684210526315403;0;0;0.053157894736841994;0.05263157894736842;0.24315789473684235;0.6452631578947243
1687958396;0.6715789473683367;0.3063157894736868;0;0;0.05263157894736842;0.05105263157894806;0.2357894736842055;0.6357894736842307
1687958397;0.6652631578948975;0.3284210526315794;0;0;0.051578947368420884;0.04842105263157978;0.2278947368421074;0.6278947368420966
1687958398;0.649473684210534;0.35157894736841844;0;0;0.04631578947368434;0.04842105263157903;0.2252631578947354;0.6268421052631741
1687958399;0.6221052631578794;0.3768421052631562;0;0;0.047368421052631504;0.055263157894736695;0.22736842105263422;0.623684210526311
1687958400;0.6021052631578258;0.396842105263156;0;0;0.047368421052631504;0.061578947368421136;0.2278947368421074;0.6194736842105253
1687958401;0.5689473684210258;0.4331578947368431;0;0;0.047894736842105455;0.0636842105263162;0.2284210526315806;0.6142105263158172
1687958402;0.5310526315788593;0.5084210526315772;0;0;0.04578947368421002;0.0636842105263162;0.2142105263157861;0.5947368421052728
1687958403;0.4952631578945377;0.544210526315797;0;0;0.045263157894736436;0.05947368421052682;0.2121052631578933;0.5984210526315972
1687958404;0.47082960702819243;0.5670997948340306;0;0;0.045767794202745564;0.056815192803408826;0.21621337261297352;0.5997159240359877
1687958405;0.4494736842104765;0.6042105263157964;0;0;0.045263157894736436;0.05052631578947335;0.2136842105263129;0.5873684210526477
1687958406;0.438947368421156;0.579999999999999;0;0;0.045263157894736436;0.05000000000000014;0.22473684210525618;0.6121052631578765
1687958407;0.4294736842106144;0.551578947368422;0;0;0.046842105263157546;0.04947368421052619;0.23210526315789304;0.6384210526315847
1687958408;0.42368421052618177;0.5236842105263122;0;0;0.04684210526315792;0.0494736842105262;0.24105263157894952;0.6636842105263225
1687958409;0.43368421052620854;0.4784210526315746;0;0;0.05000000000000014;0.04894736842105224;0.25157894736841957;0.6878947368421138
1687958410;0.45263157894738754;0.42210526315788777;0;0;0.05105263157894731;0.04736842105263113;0.25736842105263086;0.718947368421045
1687958411;0.4494736842104765;0.3878947368420995;0;0;0.05105263157894731;0.04631578947368397;0.2647368421052617;0.7473684210526219
1687958412;0.42789473684206314;0.3800000000000014;0;0;0.05157894736842126;0.04736842105263113;0.27157894736841937;0.773157894736821
1687958413;0.3921052631578373;0.39631578947368273;0;0;0.051578947368420884;0.04789473684210582;0.2721052631578985;0.7899999999999876
1687958414;0.34894736842110624;0.4026315789473732;0;0;0.05210526315789522;0.05000000000000014;0.28315789473684183;0.8131578947368564
1687958415;0.30105263157900863;0.4147368421052569;0;0;0.05105263157894693;0.04894736842105224;0.2915789473684251;0.8431578947368411
1687958416;0.27105263157883247;0.4026315789473732;0;0;0.05210526315789446;0.04894736842105224;0.3005263157894756;0.8731578947368257
1687958417;0.2542105263156899;0.381578947368427;0;0;0.053157894736841994;0.04789473684210508;0.31263157894736526;0.9015789473684268
1687958418;0.2284210526315866;0.3768421052631562;0;0;0.053684210526315945;0.04157894736842138;0.32105263157894853;0.9273684210526257
1687958419;0.19315789473694167;0.3821052631578942;0;0;0.054736842105263486;0.038421052631579154;0.33052631578946623;0.9457894736842238
1687958420;0.19736842105263158;0.3394736842105287;0;0;0.05789473684210533;0.037368421052631245;0.3400000000000019;0.9757894736842085
1687958421;0.20421052631584308;0.27000000000000574;0;0;0.05947368421052644;0.041052631578947424;0.35526315789473684;1.0152631578947349
1687958422;0.20947368421050333;0.23368421052631266;0;0;0.061052631578947934;0.04421052631578965;0.3615789473684212;1.0331578947368478
1687958423;0.17850560791941442;0.2295824337844249;0;0;0.06160813016692164;0.04370491285345756;0.37070191143172887;1.06260860407563
1687958424;0.14421052631568224;0.2142105263157921;0;0;0.06210526315789472;0.04894736842105224;0.381578947368421;1.0963157894737043
1687958425;0.12894736842089943;0.24421052631578877;0;0;0.0636842105263162;0.053157894736842376;0.3768421052631622;1.0778947368421061
1687958426;0.11789473684209377;0.26999999999999974;0;0;0.06210526315789509;0.05473684210526274;0.3752631578947366;1.0673684210526422
1687958427;0.11631578947373399;0.2836842105263151;0;0;0.0589473684210525;0.0563157894736846;0.3705263157894717;1.0642105263157788
1687958428;0.10947368421061822;0.3036842105263148;0;0;0.0542105263157899;0.0563157894736846;0.3673684210526325;1.0563157894736928
1687958429;0.09947368421039994;0.31789473684210934;0;0;0.05105263157894806;0.062105263157895094;0.36999999999999855;1.0452631578947433
1687958430;0.09210526315789473;0.34631578947368635;0;0;0.04894736842105336;0.06631578947368447;0.3642105263157933;1.0331578947368238
1687958431;0.09210526315789473;0.35631578947368325;0;0;0.04736842105263188;0.06842105263157955;0.3631578947368409;1.0205263157894908
1687958432;0.09210526315789473;0.3852631578947394;0;0;0.043684210526316075;0.06578947368421052;0.35631578947368325;1.005263157894756
1687958433;0.09473684210522486;0.38894736842104594;0;0;0.04052631578947347;0.062105263157895094;0.3484210526315792;1.0121052631578957
1687958434;0.11631578947373399;0.3757894736842098;0;0;0.038947368421053105;0.0626315789473683;0.34947368421053154;1.0094736842105176
1687958435;0.1405263157894775;0.36473684210525453;0;0;0.03736842105263162;0.062105263157894344;0.34999999999999876;1.0036842105263244
1687958436;0.15421052631580479;0.35789473684209683;0;0;0.03526315789473656;0.061052631578947185;0.34578947368421314;1.0036842105263004
1687958437;0.17578947368412245;0.3410526315789483;0;0;0.03263157894736828;0.06052631578947323;0.3421052631578947;1.0057894736842172
1687958438;0.20421052631574732;0.33263157894736506;0;0;0.029473684210526062;0.057368421052631006;0.3378947368421091;0.9989473684210297
1687958439;0.2510526315790661;0.37263157894736454;0;0;0.023157894736841985;0.05368421052631632;0.3184210526315765;0.9426315789473607
1687958440;0.2952631578947675;0.40999999999999803;0;0;0.020000000000000132;0.0499999999999994;0.3005263157894756;0.8889473684210458
1687958441;0.3189473684212173;0.40842105263157846;0;0;0.015789473684210374;0.05157894736842126;0.3000000000000024;0.8715789473684181
1687958442;0.348947368421202;0.3899999999999983;0;0;0.01263157894736815;0.05421052631578953;0.29736842105263633;0.866315789473686
1687958443;0.3721052631579751;0.368421052631573;0;0;0.010526315789473833;0.0505263157894741;0.29526315789473756;0.8699999999999866
1687958444;0.3931578947369991;0.33684210526316266;0;0;0.007368421052631609;0.042631578947367785;0.3021052631578952;0.886842105263153
1687958445;0.4100000000000459;0.3110526315789517;0;0;0.005789473684210495;0.036315789473684836;0.3052631578947404;0.9036842105263196
1687958446;0.4089473684210756;0.30736842105263323;0;0;0.005789473684210495;0.031052631578946797;0.30736842105263323;0.9084210526315665
1687958447;0.4273684210524822;0.2900000000000055;0;0;0.006315789473684075;0.03157894736842075;0.30894736842105286;0.9115789473684057
1687958448;0.44473684210530146;0.2763157894736842;0;0;0.0073684210526312344;0.026842105263157418;0.3105263157894725;0.9094736842105129
1687958449;0.4663157894738106;0.24315789473684232;0;0;0.009473684210525551;0.02736842105263137;0.3157894736842105;0.9136842105263464
1687958450;0.4947368421053397;0.21578947368421172;0;0;0.008421052631578394;0.02999999999999964;0.3173684210526361;0.9142105263157836
1687958451;0.513684210526423;0.17894736842104544;0;0;0.008947368421052346;0.036315789473684086;0.3242105263157878;0.9210526315789473
1687958452;0.5252631578948095;0.17263157894737297;0;0;0.008947368421052721;0.03999999999999952;0.3268421052631598;0.9115789473684296
1687958453;0.5126315789473569;0.1878947368421079;0;0;0.008947368421052721;0.042631578947368534;0.322105263157889;0.9068421052631588
1687958454;0.5026315789474258;0.19210526315789953;0;0;0.009473684210526676;0.04526315789473681;0.3236842105263146;0.9089473684210516
1687958455;0.5026315789473301;0.19263157894737273;0;0;0.010000000000000253;0.04473684210526285;0.32526315789474014;0.9063157894736975
1687958456;0.48789473684212825;0.19684210526315837;0;0;0.010000000000000253;0.04473684210526285;0.3268421052631538;0.9200000000000248
1687958457;0.4721052631578603;0.19210526315789953;0;0;0.008947368421053094;0.0442105263157889;0.33157894736841864;0.9357894736842209
1687958458;0.43947368421044974;0.14894736842105477;0;0;0.010000000000000253;0.04789473684210508;0.353157894736838;0.9852631578947502
1687958459;0.4136842105263464;0.1015789473684244;0;0;0.010526315789473833;0.04789473684210582;0.3757894736842098;1.0352631578947407
1687958460;0.4031578947367387;0.09789473684210598;0;0;0.011052631578947786;0.042631578947368534;0.37736842105262935;1.049473684210529
1687958461;0.38894736842092625;0.10684210526315646;0;0;0.011578947368421365;0.038947368421053105;0.37842105263158177;1.0499999999999905
1687958462;0.37842105263151;0.12210526315789737;0;0;0.011578947368421365;0.036315789473684836;0.3805263157894746;1.0442105263157733
1687958463;0.37473684210511377;0.12421052631578419;0;0;0.011052631578947411;0.040526315789474215;0.3752631578947306;1.0484210526315827
1687958464;0.3831578947367808;0.13999999999999235;0;0;0.011052631578947038;0.04368421052631495;0.3731578947368378;1.02263157894736
1687958465;0.39684210526320385;0.1384210526315787;0;0;0.01210526315789457;0.04684210526315792;0.3684210526315789;1.0142105263157886
1687958466;0.386842105263177;0.14631578947368276;0;0;0.011052631578947038;0.04789473684210582;0.36368421052632005;1.0147368421052736
1687958467;0.36684210526312344;0.16631578947368253;0;0;0.00999999999999988;0.05105263157894805;0.36052631578947486;1.0205263157894908
1687958468;0.3705263157895196;0.1605263157894713;0;0;0.008421052631578767;0.0505263157894741;0.3621052631578945;1.023157894736821
1687958469;0.3726315789474603;0.1626315789473641;0;0;0.009473684210526674;0.05263157894736842;0.3615789473684212;1.0173684210526517
1687958470;0.37842105263160575;0.15789473684210525;0;0;0.00999999999999988;0.0494736842105262;0.3584210526315761;1.0168421052631427
1687958471;0.37631578947376076;0.1605263157894713;0;0;0.01052631578947346;0.04894736842105224;0.3615789473684213;1.0115789473684345
1687958472;0.3757894736842756;0.15842105263157846;0;0;0.01052631578947346;0.04789473684210508;0.3626315789473677;1.0157894736842201
1687958473;0.3747368421052095;0.16157894736841769;0;0;0.010000000000000253;0.04789473684210583;0.36105263157894807;1.0163157894736812
1687958474;0.38052631578954643;0.1615789473684177;0;0;0.009473684210525926;0.05210526315789447;0.3573684210526237;1.013157894736842
1687958475;0.40157894736847466;0.15368421052631365;0;0;0.009473684210525551;0.05526315789473744;0.35947368421052844;0.986842105263134
1687958476;0.3926315789474182;0.16789473684210215;0;0;0.010526315789473458;0.05789473684210571;0.35736842105263567;0.982105263157887
1687958477;0.3742105263158201;0.19263157894736674;0;0;0.0094736842105263;0.05789473684210571;0.34894736842105833;0.9826315789473483
1687958478;0.37368421052633494;0.19894736842104518;0;0;0.00999999999999988;0.061578947368421136;0.3405263157894811;0.9789473684210717
1687958479;0.3736842105262392;0.19578947368420596;0;0;0.00999999999999988;0.06421052631578941;0.3394736842105287;0.9815789473684018
1687958480;0.38631578947388334;0.1863157894736823;0;0;0.0094736842105263;0.06736842105263088;0.3410526315789423;0.9789473684210478
1687958481;0.3800000000000613;0.19315789473683995;0;0;0.0094736842105263;0.06789473684210409;0.3384210526315763;0.9826315789473723
1687958482;0.37421052631591584;0.20421052631579523;0;0;0.011052631578947411;0.06789473684210484;0.3357894736842163;0.9763157894736938
1687958483;0.3684210526315789;0.1884210526315871;0;0;0.010526315789474206;0.06473684210526412;0.3368421052631627;0.9931578947368602
1687958484;0.36947368421054927;0.177894736842111;0;0;0.00999999999999988;0.06105263157894793;0.34263157894736795;1.000526315789485
1687958485;0.3768421052633417;0.1668421052631617;0;0;0.00999999999999988;0.061052631578947185;0.34315789473683517;1.0042105263157857
1687958486;0.3794736842105761;0.1652631578947361;0;0;0.010526315789473833;0.06105263157894719;0.3442105263157875;1.0010526315789223
1687958487;0.3563157894736114;0.1884210526315811;0;0;0.010000000000000628;0.06052631578947398;0.3405263157894751;1.0047368421052707
1687958488;0.3436842105261588;0.19736842105263755;0;0;0.009999999999999879;0.05368421052631557;0.3389473684210495;1.0157894736841961
1687958489;0.3521052631579215;0.20631578947368803;0;0;0.008947368421052721;0.049999999999999406;0.33631578947368945;1.0063157894736783
1687958490;0.3831578947367808;0.24736842105263396;0;0;0.007894736842105187;0.04684210526315792;0.3157894736842105;0.9594736842105033
1687958491;0.4168421052629703;0.2736842105263182;0;0;0.008421052631578767;0.04473684210526285;0.30263157894736836;0.9157894736842153
1687958492;0.42210526315791763;0.2663157894736873;0;0;0.007894736842104814;0.04210526315789384;0.30526315789474046;0.912631578947376
1687958493;0.4073684210527158;0.26526315789474086;0;0;0.007368421052631609;0.038947368421053105;0.3131578947368445;0.9242105263157865
1687958494;0.4042105263157091;0.2668421052631665;0;0;0.007368421052631609;0.03631578947368409;0.3142105263157909;0.9268421052631646
1687958495;0.4247368421052478;0.24052631578948228;0;0;0.006842105263157655;0.038947368421053105;0.3152631578947373;0.9289473684210574
1687958496;0.45052631578944685;0.2142105263157921;0;0;0.0073684210526312344;0.03999999999999952;0.3194736842105229;0.9263157894736793
1687958497;0.4357894736841492;0.2200000000000093;0;0;0.007368421052631608;0.038947368421052356;0.319473684210517;0.9373684210526048
1687958498;0.4310526315790699;0.23842105263158347;0;0;0.007894736842105187;0.04052631578947273;0.3173684210526361;0.9321052631578965
1687958499;0.4289473684209377;0.23894736842105668;0;0;0.008421052631578767;0.04210526315789533;0.31789473684210334;0.9336842105263281
1687958500;0.4484210526315061;0.2168421052631581;0;0;0.008947368421052346;0.0442105263157904;0.32263157894737415;0.930526315789489
1687958501;0.4521052631579024;0.2021052631578904;0;0;0.0073684210526312344;0.040000000000000265;0.32526315789473415;0.9484210526315779
1687958502;0.43842105263157505;0.21421052631578613;0;0;0.007894736842105187;0.040000000000000265;0.3263157894736806;0.9521052631578784
1687958503;0.41210526315789087;0.23684210526315788;0;0;0.008421052631579141;0.040000000000000265;0.32526315789474014;0.9547368421052564
1687958504;0.40368421052622383;0.24421052631578877;0;0;0.0094736842105263;0.03999999999999952;0.33368421052631747;0.951052631578932
1687958505;0.42473684210534357;0.22421052631579497;0;0;0.008947368421052346;0.03631578947368409;0.33736842105263587;0.9505263157894708
1687958506;0.441052631579001;0.2026315789473696;0;0;0.0094736842105263;0.032631578947367915;0.3400000000000019;0.9557894736842028
1687958507;0.43526315789485553;0.20631578947368204;0;0;0.008421052631579141;0.032105263157895456;0.3431578947368471;0.956315789473688
1687958508;0.4136842105262507;0.20473684210526244;0;0;0.00999999999999988;0.033684210526316566;0.34631578947368635;0.9757894736842325
1687958509;0.37105263157890905;0.175263157894733;0;0;0.00999999999999988;0.04000000000000027;0.36000000000000165;1.0268421052631693
1687958510;0.3426315789473799;0.14263157894736433;0;0;0.01052631578947346;0.04578947368421076;0.3715789473684241;1.0663157894736717
1687958511;0.34157894736850525;0.14473684210526316;0;0;0.011052631578947413;0.05000000000000014;0.37052631578947176;1.0678947368421032
1687958512;0.34157894736840955;0.15631578947367966;0;0;0.011052631578947413;0.04894736842105224;0.3673684210526325;1.0589473684210469
1687958513;0.3300000000001187;0.16368421052631052;0;0;0.010526315789473833;0.04842105263157903;0.36631578947368615;1.0668421052631567
1687958514;0.33052631578950814;0.16947368421052175;0;0;0.01052631578947346;0.04315789473684174;0.3668421052631533;1.069999999999996
1687958515;0.3352631578946832;0.18736842105262871;0;0;0.012105263157894945;0.038947368421053105;0.3631578947368409;1.048947368421068
1687958516;0.3468421052631655;0.17736842105262582;0;0;0.011052631578947413;0.035789473684210885;0.3642105263157933;1.048947368421044
1687958517;0.3405263157894392;0.16631578947368253;0;0;0.011052631578947413;0.031052631578948293;0.37263157894736454;1.0605263157895024
1687958518;0.33894736842098366;0.17105263157894735;0;0;0.010526315789473833;0.026842105263157414;0.37105263157894497;1.059473684210532
1687958519;0.3352631578948747;0.17210526315789376;0;0;0.010000000000000253;0.02736842105263137;0.37105263157894497;1.061578947368425
1687958520;0.3436842105261588;0.17210526315789376;0;0;0.010526315789473833;0.027894736842104573;0.3715789473684241;1.0468421052631751
1687958521;0.3494736842104957;0.16999999999999496;0;0;0.011052631578947413;0.029473684210525684;0.37000000000000455;1.0452631578947433
1687958522;0.3615789473684632;0.1631578947368373;0;0;0.01052631578947346;0.029473684210525684;0.3668421052631533;1.0436842105263118
1687958523;0.3515789473684363;0.17631578947367943;0;0;0.01052631578947346;0.027368421052632118;0.36105263157894807;1.0447368421052823
1687958524;0.33315789473683827;0.19210526315788756;0;0;0.011052631578947411;0.02736842105263137;0.355789473684204;1.0478947368421214
1687958525;0.33684210526313874;0.19157894736842032;0;0;0.011052631578947411;0.02789473684210532;0.35894736842104924;1.044210526315797
1687958526;0.3494736842103999;0.17999999999999783;0;0;0.01157894736842099;0.027894736842105323;0.35842105263157603;1.0415789473684192
1687958527;0.3542105263157665;0.18157894736841745;0;0;0.010000000000000253;0.02631578947368421;0.35526315789473084;1.0373684210526095
1687958528;0.3757894736842756;0.16157894736842368;0;0;0.010000000000000253;0.022105263157894826;0.3636842105263141;1.0326315789473626
1687958529;0.3836842105263617;0.15631578947368563;0;0;0.009473684210526674;0.02526315789473705;0.3673684210526265;1.0278947368420919
1687958530;0.38684210526308127;0.15421052631578683;0;0;0.009473684210526674;0.025789473684211;0.36526315789473374;1.0278947368421159
1687958531;0.395789473684042;0.14526315789473637;0;0;0.009473684210526674;0.030000000000000387;0.3647368421052605;1.028421052631577
1687958532;0.38999999999980084;0.1531578947368404;0;0;0.009473684210526674;0.029473684210526433;0.3621052631578885;1.028421052631577
1687958533;0.3778947368420248;0.1626315789473641;0;0;0.009473684210527048;0.030000000000000387;0.36263157894736764;1.0252631578947378
1687958534;0.36789473684218954;0.14578947368421555;0;0;0.009473684210525926;0.029473684210526433;0.3657894736842129;1.048947368421044
1687958535;0.3731578947368498;0.1415789473684239;0;0;0.009473684210525926;0.030526315789473592;0.3663157894736861;1.0463157894737138
1687958536;0.38526315789472154;0.13526315789473944;0;0;0.008947368421052346;0.031052631578946797;0.3657894736842069;1.0421052631578802
1687958537;0.3800000000000613;0.13842105263158466;0;0;0.0094736842105263;0.030526315789473592;0.36526315789473973;1.0478947368420737
1687958538;0.3821052631579062;0.16000000000000406;0;0;0.0094736842105263;0.02789473684210532;0.3578947368421028;1.0347368421052554
1687958539;0.3963157894736229;0.19578947368421196;0;0;0.009999999999999506;0.028947368421053228;0.350526315789472;0.9899999999999971
1687958540;0.40526315789487083;0.21000000000000643;0;0;0.012105263157894198;0.02789473684210532;0.3442105263157875;0.9673684210526372
1687958541;0.4194736842103961;0.2168421052631581;0;0;0.014210526315790013;0.0315789473684215;0.3426315789473679;0.9463157894736851
1687958542;0.4394736842104497;0.22473684210526218;0;0;0.01526315789473717;0.034736842105262976;0.3357894736842103;0.9221052631578938
1687958543;0.47052631578940474;0.21578947368421172;0;0;0.017894736842105442;0.04052631578947422;0.33315789473684426;0.8952631578947243
1687958544;0.50421052631569;0.2147368421052593;0;0;0.018421052631578647;0.042631578947368534;0.3210526315789486;0.8705263157894717
1687958545;0.5205263157894431;0.22052631578947057;0;0;0.020526315789473337;0.04684210526315792;0.3157894736842105;0.8463157894736804
1687958546;0.5247368421051329;0.23842105263158347;0;0;0.022631578947368405;0.05263157894736842;0.31263157894737126;0.824736842105267
1687958547;0.4957894736840229;0.2899999999999995;0;0;0.02578947368421063;0.05631578947368385;0.2999999999999964;0.806842105263154
1687958548;0.46842105263146405;0.36315789473684085;0;0;0.02789473684210532;0.05000000000000015;0.2863157894736871;0.7773684210526545
1687958549;0.4542105263157473;0.40842105263157846;0;0;0.028947368421052104;0.05263157894736842;0.2789473684210562;0.7526315789473779
1687958550;0.48157894736859336;0.4089473684210516;0;0;0.02947368421052606;0.05210526315789521;0.27052631578947894;0.7294736842105329
1687958551;0.5247368421055159;0.39368421052631675;0;0;0.03157894736842113;0.057368421052631756;0.26421052631578845;0.7047368421052564
1687958552;0.5689473684209301;0.38000000000000145;0;0;0.034736842105262976;0.06105263157894719;0.2531578947368452;0.6784210526315722
1687958553;0.5947368421053205;0.37999999999999545;0;0;0.0352631578947373;0.06526315789473582;0.24578947368421433;0.6568421052631588
1687958554;0.583157894736934;0.41736842105263494;0;0;0.039473684210526314;0.07052631578947312;0.23842105263157748;0.6331578947368286
1687958555;0.5794736842106335;0.44894736842105115;0;0;0.041052631578947424;0.07473684210526324;0.22473684210526218;0.6084210526315761
1687958556;0.5994736842105913;0.45368421052631003;0;0;0.043684210526315326;0.0799999999999998;0.21842105263157774;0.5800000000000229
1687958557;0.6305263157894507;0.4315789473684174;0;0;0.045789473684210394;0.08263157894736806;0.2152631578947385;0.5678947368420795
1687958558;0.632105263158002;0.40789473684210525;0;0;0.04789473684210583;0.08315789473684126;0.2142105263157921;0.5884210526315703
1687958559;0.6289473684208995;0.41473684210526285;0;0;0.045789473684211136;0.08315789473684201;0.2136842105263189;0.5868421052631387
1687958560;0.6310526315790316;0.4189473684210545;0;0;0.044736842105262485;0.07999999999999978;0.21105263157894688;0.5821052631579158
1687958561;0.6294736842104803;0.42052631578948013;0;0;0.04368421052631607;0.07789473684210546;0.2121052631578933;0.5836842105263234
1687958562;0.6136842105263081;0.4415789473684263;0;0;0.04368421052631607;0.07315789473684213;0.2121052631578933;0.5842105263158086
1687958563;0.5957894736841952;0.45210526315789634;0;0;0.0447368421052636;0.07736842105263152;0.2163157894736849;0.5831578947368383
1687958564;0.5805263157896039;0.47315789473684855;0;0;0.04421052631578965;0.07526315789473645;0.2126315789473665;0.5836842105263235
1687958565;0.5852631578948747;0.4689473684210509;0;0;0.045263157894736436;0.07368421052631607;0.2126315789473665;0.5805263157894842
1687958566;0.6121052631579483;0.4410526315789531;0;0;0.04421052631578928;0.07210526315789498;0.2157894736842117;0.5821052631578918
1687958567;0.6684210526318086;0.3657894736842189;0;0;0.04421052631578928;0.06947368421052595;0.21894736842105691;0.5957894736841951
1687958568;0.7026315789472918;0.3284210526315794;0;0;0.04526315789473755;0.0636842105263162;0.21789473684210453;0.5963157894736564
1687958569;0.653157894736643;0.40210526315789996;0;0;0.04578947368421076;0.061052631578947185;0.2136842105263189;0.5805263157894602
1687958570;0.6063157894735157;0.48736842105263106;0;0;0.04473684210526323;0.05631578947368385;0.20842105263158084;0.5531578947368536
1687958571;0.6010526315790469;0.5368421052631602;0;0;0.04157894736842063;0.05210526315789447;0.2005263157894708;0.525789473684223
1687958572;0.590526315789535;0.559473684210526;0;0;0.04052631578947347;0.04789473684210583;0.1978947368421048;0.5210526315789521
1687958573;0.5947368421052248;0.5221052631578865;0;0;0.039473684210526314;0.04210526315789533;0.20578947368420886;0.5515789473684221
1687958574;0.5910526315787329;0.4899999999999971;0;0;0.04052631578947385;0.0378947368421052;0.2157894736842117;0.5789473684210527
1687958575;0.5689473684209301;0.4778947368421014;0;0;0.04052631578947347;0.03263157894736866;0.22368421052631576;0.6068421052631445
1687958576;0.5263157894736842;0.48157894736841983;0;0;0.041578947368421375;0.030000000000000387;0.23421052631579187;0.6384210526316085
1687958577;0.4905263157896498;0.5147368421052677;0;0;0.039473684210526314;0.02789473684210607;0.23368421052631266;0.6426315789473702
1687958578;0.4657894736843254;0.585263157894731;0;0;0.03842105263157878;0.02684210526315816;0.22473684210526218;0.6115789473684392
1687958579;0.4394736842104497;0.5768421052631598;0;0;0.04000000000000064;0.02789473684210532;0.23105263157894662;0.6410526315789148
1687958580;0.4284210526317398;0.5478947368421035;0;0;0.041578947368421;0.027894736842104573;0.2405263157894763;0.6694736842105158
1687958581;0.419999999999977;0.5199999999999998;0;0;0.040526315789473466;0.02736842105263137;0.24789473684210717;0.6957894736842
1687958582;0.3931578947369033;0.5147368421052617;0;0;0.04210526315789459;0.020526315789473712;0.25157894736841957;0.724210526315801
1687958583;0.36789473684218954;0.5015789473684196;0;0;0.04368421052631607;0.0189473684210526;0.2584210526315832;0.7521052631578928
1687958584;0.34263157894747565;0.49421052631578877;0;0;0.04315789473684249;0.018421052631578647;0.2636842105263153;0.7815789473684163
1687958585;0.31578947368440197;0.5242105263157794;0;0;0.04210526315789458;0.01631578947368433;0.26105263157894926;0.7778947368421157
1687958586;0.26999999999986213;0.5268421052631515;0;0;0.04578947368421039;0.02157894736842087;0.27315789473683894;0.8057894736842315
1687958587;0.2400000000002604;0.5226315789473658;0;0;0.04789473684210434;0.02210526315789408;0.28105263157894306;0.8331578947368622
1687958588;0.24105263157903925;0.4621052631578993;0;0;0.05000000000000015;0.025789473684210255;0.29315789473683274;0.8752631578947425
1687958589;0.2331578947368574;0.3915789473684239;0;0;0.052105263157894835;0.030526315789473592;0.3057894736842136;0.9326315789473578
1687958590;0.18157894736845934;0.36736842105263257;0;0;0.05421052631578953;0.030526315789473592;0.32157894736842174;0.9863157894736727
1687958591;0.14578947368404202;0.42210526315789376;0;0;0.05263157894736842;0.030526315789473592;0.3194736842105229;0.9705263157894766
1687958592;0.1305263157894507;0.4468421052631584;0;0;0.053157894736842376;0.032631578947367915;0.3184210526315825;0.9589473684210421
1687958593;0.12421052631601157;0.45473684210526244;0;0;0.05263157894736804;0.032105263157894706;0.31736842105263013;0.9573684210526343
1687958594;0.11578947368424883;0.4657894736842177;0;0;0.052105263157894835;0.034210526315789774;0.31526315789473736;0.9578947368420957
1687958595;0.11210526315775687;0.47684210526316095;0;0;0.049473684210525816;0.034736842105262976;0.3121052631578921;0.9557894736841788
1687958596;0.1152631578946679;0.4499999999999976;0;0;0.04842105263157866;0.036842105263158044;0.3200000000000021;0.9736842105263157
1687958597;0.1236842105262392;0.3731578947368438;0;0;0.048947368421052614;0.04368421052631495;0.3347368421052579;1.023157894736821
1687958598;0.1257894736841799;0.37473684210526337;0;0;0.046842105263157546;0.04578947368421002;0.3321052631578978;1.0189473684210832
1687958599;0.12052631578951963;0.3952631578947363;0;0;0.04473684210526323;0.05000000000000015;0.327368421052633;1.0089473684210564
1687958600;0.11210526315794833;0.4131578947368373;0;0;0.04263157894736854;0.05105263157894731;0.3289473684210586;1.0031578947368391
1687958601;0.12421052631582011;0.41052631578947724;0;0;0.03894736842105273;0.05473684210526274;0.3294736842105258;0.9994736842105387
1687958602;0.15421052631561333;0.39368421052631675;0;0;0.03631578947368409;0.05736842105263175;0.3305263157894722;0.9889473684210507
1687958603;0.17947368421051865;0.3752631578947366;0;0;0.0342105263157894;0.05736842105263175;0.329999999999999;0.9831578947368335
1687958604;0.2057894736840114;0.32157894736842174;0;0;0.03421052631579014;0.058421052631579665;0.33631578947368346;1.0121052631578717
1687958605;0.2136842105263847;0.32052631578946933;0;0;0.02789473684210607;0.05421052631578953;0.3347368421052639;1.0173684210526277
1687958606;0.19999999999977025;0.33578947368421624;0;0;0.023157894736843106;0.05421052631578953;0.33736842105264186;1.0189473684210353
1687958607;0.2352631578946066;0.35999999999999566;0;0;0.02105263157894729;0.05105263157894731;0.324736842105267;0.9784210526315866
1687958608;0.2589473684209607;0.34631578947368036;0;0;0.017894736842105068;0.04894736842105299;0.3236842105263146;0.974210526315801
1687958609;0.2836842105262851;0.3263157894736806;0;0;0.015789473684210378;0.054210526315789535;0.32263157894736816;0.9715789473684229
1687958610;0.3073684210528307;0.24210526315789593;0;0;0.01631578947368433;0.0568421052631578;0.3389473684210495;1.0173684210526277
1687958611;0.3242105263157818;0.22368421052631576;0;0;0.012631578947368525;0.056842105263157805;0.3384210526315763;1.0236842105263302
1687958612;0.319473684210511;0.23578947368421146;0;0;0.010526315789474206;0.059473684210526824;0.3400000000000019;1.0205263157894668
1687958613;0.3336842105263234;0.22526315789472942;0;0;0.008421052631579141;0.059473684210526075;0.34526315789473994;1.0152631578947588
1687958614;0.3447368421052248;0.2163157894736849;0;0;0.008947368421052721;0.06789473684210559;0.34578947368420715;1.0047368421052947
1687958615;0.3678947368421895;0.19736842105263155;0;0;0.008947368421052721;0.07052631578947312;0.3442105263157875;1.0042105263158096
1687958616;0.37578947368417986;0.18210526315789666;0;0;0.008947368421052346;0.07000000000000065;0.34631578947368635;1.0073684210526488
1687958617;0.3884210526316325;0.1736842105263134;0;0;0.007894736842105187;0.06894736842105276;0.3494736842105256;1.0021052631578928
1687958618;0.38789473684186015;0.16736842105262895;0;0;0.007894736842105187;0.06473684210526336;0.3510526315789452;1.0115789473684105
1687958619;0.3889473684208305;0.16157894736842368;0;0;0.008947368421052346;0.06578947368421052;0.350526315789472;1.0168421052631667
1687958620;0.3894736842104114;0.15894736842105167;0;0;0.008947368421052346;0.062105263157895094;0.3484210526315792;1.02263157894736
1687958621;0.3768421052631502;0.1647368421052629;0;0;0.007894736842105187;0.058421052631578915;0.34578947368421314;1.039473684210526
1687958622;0.3605263157892056;0.16789473684210812;0;0;0.007894736842105187;0.05473684210526274;0.34999999999999876;1.0557894736842315
1687958623;0.34526315789480577;0.1784210526315842;0;0;0.007368421052630861;0.05368421052631483;0.35052631578947197;1.056842105263154
1687958624;0.35578947368431774;0.17736842105263778;0;0;0.008421052631578394;0.05789473684210496;0.3494736842105256;1.0452631578947194
1687958625;0.3721052631578794;0.17210526315788777;0;0;0.010526315789473458;0.06052631578947398;0.3489473684210464;1.031052631578955
1687958626;0.3526315789474067;0.13999999999999832;0;0;0.0094736842105263;0.060526315789473234;0.35947368421052844;1.0684210526315645
1687958627;0.3442105263158354;0.14473684210526314;0;0;0.009999999999999506;0.05947368421052607;0.3594736842105285;1.0784210526315674
1687958628;0.3384210526317857;0.14578947368420958;0;0;0.00999999999999988;0.0563157894736846;0.35894736842104924;1.0847368421052699
1687958629;0.3394736842103731;0.14789473684210835;0;0;0.009473684210525926;0.058421052631578915;0.3542105263157904;1.0831578947368383
1687958630;0.33421052631571285;0.15368421052631365;0;0;0.011052631578947038;0.05947368421052682;0.35894736842104924;1.075263157894728
1687958631;0.37736842105253965;0.1763157894736854;0;0;0.011052631578947038;0.05789473684210496;0.3421052631579007;1.0289473684210622
1687958632;0.4042105263158048;0.226842105263161;0;0;0.010526315789473833;0.05578947368421064;0.32000000000000217;0.9763157894736698
1687958633;0.4252631578950202;0.25263157894736604;0;0;0.0094736842105263;0.04736842105263113;0.3099999999999993;0.9489473684210392
1687958634;0.4231578947366965;0.25263157894736604;0;0;0.010000000000000253;0.04631578947368472;0.30789473684210644;0.951052631578932
1687958635;0.4331578947368191;0.24315789473684232;0;0;0.009473684210526676;0.0442105263157889;0.3063157894736809;0.956315789473664
1687958636;0.44789473684202097;0.23157894736841983;0;0;0.010000000000000253;0.04473684210526286;0.3026315789473684;0.9584210526315808
1687958637;0.4573684210527541;0.22000000000000333;0;0;0.009999999999999506;0.04526315789473681;0.30421052631579404;0.9573684210526583
1687958638;0.472105263157956;0.2142105263157921;0;0;0.00999999999999988;0.04473684210526285;0.2994736842105232;0.9510526315789559
1687958639;0.4594736842106948;0.23000000000000023;0;0;0.010526315789473833;0.05052631578947335;0.3021052631578952;0.9394736842105215
1687958640;0.4621052631580249;0.22894736842105382;0;0;0.012631578947368525;0.05315789473684237;0.30842105263157965;0.9289473684210574
1687958641;0.48000000000013787;0.22315789473684258;0;0;0.012105263157894945;0.057368421052631756;0.30894736842105885;0.909999999999998
1687958642;0.4863157894735769;0.21052631578947367;0;0;0.012105263157894945;0.058947368421052866;0.3121052631578981;0.9131578947368613
1687958643;0.48684210526296634;0.2142105263157861;0;0;0.011052631578947413;0.058421052631579665;0.31052631578947243;0.9121052631579147
1687958644;0.4852631578947981;0.21473684210527128;0;0;0.008947368421052346;0.05894736842105212;0.31052631578947243;0.9163157894737004
1687958645;0.46842105263165545;0.23789473684211027;0;0;0.0094736842105263;0.061578947368421136;0.3110526315789457;0.9094736842105368
1687958646;0.46947368421062585;0.24157894736842273;0;0;0.0094736842105263;0.06263157894736904;0.3131578947368385;0.8973684210526411
1687958647;0.47947368421036546;0.23368421052631866;0;0;0.008947368421052721;0.061578947368420386;0.3194736842105289;0.8926315789473702
1687958648;0.4768421052632268;0.23526315789473828;0;0;0.008947368421052721;0.05631578947368385;0.3205263157894753;0.8921052631579091
1687958649;0.4778947368421972;0.23473684210527104;0;0;0.007894736842105187;0.055789473684209896;0.31526315789474324;0.8952631578947483
1687958650;0.444210526315912;0.20526315789474162;0;0;0.007894736842105187;0.05631578947368385;0.33210526315788585;0.938421052631575
1687958651;0.41789473684203626;0.15684210526315884;0;0;0.008947368421052346;0.058421052631578915;0.353157894736844;0.9899999999999971
1687958652;0.40631578947355396;0.1247368421052634;0;0;0.008947368421052346;0.057368421052631756;0.36263157894737363;1.02263157894736
1687958653;0.4031578947370259;0.126315789473683;0;0;0.008421052631578394;0.05368421052631558;0.36736842105262657;1.026315789473684
1687958654;0.3894736842106029;0.1394736842105251;0;0;0.008421052631578394;0.05000000000000089;0.37052631578947776;1.0242105263158154
1687958655;0.3705263157895196;0.1515789473684208;0;0;0.008421052631578767;0.04789473684210583;0.37473684210526337;1.028421052631577
1687958656;0.3736842105262392;0.15210526315788803;0;0;0.008421052631579516;0.04684210526315792;0.3752631578947306;1.0268421052631453
1687958657;0.3794736842106718;0.1636842105263165;0;0;0.008421052631579141;0.0447368421052636;0.3731578947368378;1.0168421052631664
1687958658;0.41842105263142576;0.198421052631578;0;0;0.007894736842105187;0.038947368421053105;0.3536842105263112;0.9678947368421225
1687958659;0.4484210526316019;0.24368421052631556;0;0;0.005789473684210496;0.037368421052631245;0.33263157894736506;0.9136842105262986
1687958660;0.4478947368422125;0.24368421052631556;0;0;0.005789473684210496;0.033157894736841866;0.33157894736841864;0.9157894736842153
1687958661;0.4573684210527541;0.24421052631578877;0;0;0.005789473684210496;0.029473684210526433;0.3284210526315794;0.9136842105262986
1687958662;0.4552631578948134;0.2400000000000031;0;0;0.005789473684210496;0.027368421052632118;0.3321052631578978;0.9136842105263225
1687958663;0.46736842105268517;0.22842105263157464;0;0;0.005789473684210496;0.02789473684210607;0.3289473684210526;0.9131578947368133
1687958664;0.4942105263159503;0.19631578947367917;0;0;0.005789473684210122;0.0315789473684215;0.3294736842105258;0.9136842105263224
1687958665;0.49000000000006894;0.2042105263157952;0;0;0.00578947368421087;0.03263157894736791;0.327368421052627;0.9142105263157836
1687958666;0.4863157894737684;0.20631578947368803;0;0;0.006315789473684075;0.034736842105263725;0.32631578947368656;0.9142105263157837
1687958667;0.48421052631563627;0.21105263157894688;0;0;0.008421052631579141;0.03526315789473693;0.32894736842105265;0.9115789473684057
1687958668;0.4905263157894584;0.1994736842105244;0;0;0.007894736842105562;0.032105263157894706;0.33157894736841864;0.9178947368420842
1687958669;0.4984210526316402;0.1857894736842091;0;0;0.007894736842105187;0.030526315789473592;0.3310526315789514;0.9284210526315722
1687958670;0.4884210526317091;0.19684210526315837;0;0;0.006842105263158029;0.02999999999999964;0.32736842105262703;0.9315789473684354
1687958671;0.4705263157895962;0.2136842105263189;0;0;0.007368421052631982;0.032105263157894706;0.329999999999999;0.9268421052631646
1687958672;0.45210526315771093;0.23157894736842582;0;0;0.008947368421053096;0.033684210526315816;0.3278947368421122;0.9215789473684086
1687958673;0.4699999999998238;0.2184210526315837;0;0;0.008947368421053096;0.036842105263157295;0.327368421052627;0.9142105263157597
1687958674;0.4742105263157052;0.20947368421052726;0;0;0.008421052631579141;0.04157894736842138;0.3257894736842074;0.917368421052623
1687958675;0.4536842105262622;0.23105263157895262;0;0;0.007894736842105189;0.0447368421052636;0.32631578947368656;0.909999999999998
1687958676;0.42210526315772623;0.23684210526315191;0;0;0.0073684210526312344;0.04894736842105299;0.3268421052631658;0.9305263157894411
1687958677;0.3894736842106029;0.19631578947368516;0;0;0.007894736842105189;0.05421052631578878;0.3484210526315851;0.9778947368421014
1687958678;0.3652631578946679;0.1510526315789476;0;0;0.008421052631578394;0.05368421052631558;0.3657894736842069;1.0278947368421156
1687958679;0.36631578947363824;0.1510526315789476;0;0;0.0094736842105263;0.05421052631578953;0.36631578947368615;1.0273684210526306
1687958680;0.3547368421051559;0.1505263157894744;0;0;0.008947368421052721;0.05421052631578953;0.37368421052631096;1.0342105263157944
1687958681;0.3489473684211062;0.1515789473684208;0;0;0.008947368421052721;0.05263157894736767;0.37263157894736454;1.0405263157894726
1687958682;0.3331578947367425;0.1642105263157897;0;0;0.009473684210526674;0.04684210526315717;0.37473684210526936;1.044210526315797
1687958683;0.3052631578945071;0.21000000000000046;0;0;0.008947368421053094;0.03894736842105236;0.3673684210526325;1.039473684210526
1687958684;0.2931578947366353;0.2910526315789399;0;0;0.008421052631579141;0.03526315789473693;0.3521052631578976;0.9873684210526191
1687958685;0.26999999999986213;0.38421052631578706;0;0;0.007894736842105936;0.03263157894736866;0.3347368421052639;0.9357894736842209
1687958686;0.29315789473682674;0.4331578947368431;0;0;0.007368421052631983;0.03315789473684261;0.3152631578947373;0.8857894736842067
1687958687;0.29894736842106795;0.4368421052631555;0;0;0.007368421052631983;0.03315789473684261;0.3147368421052641;0.876315789473689
1687958688;0.30315789473675786;0.4368421052631555;0;0;0.006842105263158403;0.03315789473684261;0.3121052631578981;0.8721052631579034
1687958689;0.3152631578946296;0.42210526315789376;0;0;0.007894736842105187;0.03263157894736866;0.3121052631578921;0.8742105263157722
1687958690;0.32684210526292046;0.40631578947368563;0;0;0.007894736842105187;0.031052631578947547;0.31157894736842484;0.8810526315789597
1687958691;0.3457894736841952;0.38894736842105193;0;0;0.006842105263157655;0.03210526315789396;0.3147368421052581;0.8778947368421205
1687958692;0.3273684210526928;0.396842105263156;0;0;0.007368421052631609;0.02894736842105248;0.31894736842105575;0.8894736842105311
1687958693;0.3336842105265149;0.39473684210526316;0;0;0.007368421052631609;0.02368421052631519;0.31789473684210334;0.8910526315789387
1687958694;0.3594736842106182;0.36947368421052534;0;0;0.007894736842105187;0.01999999999999901;0.3168421052631569;0.8973684210526172
1687958695;0.38631578947388334;0.34631578947368635;0;0;0.007368421052631982;0.017368421052630742;0.3194736842105229;0.8936842105263167
1687958696;0.3963157894736229;0.3384210526315823;0;0;0.007894736842105562;0.013684210526316059;0.31736842105263013;0.8978947368421024
1687958697;0.37842105263151;0.3389473684210555;0;0;0.008421052631579891;0.014210526315790012;0.32315789473684137;0.9089473684210516
1687958698;0.3636842105263081;0.3484210526315792;0;0;0.007368421052631982;0.014210526315790013;0.3236842105263146;0.9157894736842153
1687958699;0.3631578947369187;0.35578947368421;0;0;0.007368421052631982;0.014210526315790013;0.32000000000000217;0.9115789473684296
1687958700;0.35947368421042675;0.36263157894736764;0;0;0.008421052631578767;0.014210526315790012;0.3205263157894753;0.9131578947368373
1687958701;0.37421052631601154;0.3484210526315792;0;0;0.007894736842104814;0.014736842105263218;0.31842105263157056;0.9173684210526468
1687958702;0.39157894736854354;0.31263157894737126;0;0;0.008947368421051973;0.016315789473684332;0.3268421052631598;0.9289473684210334
1687958703;0.4100000000000459;0.22894736842105382;0;0;0.009999999999999506;0.015789473684210378;0.34157894736842154;0.9778947368421254
1687958704;0.41947368421058756;0.14052631578947153;0;0;0.009999999999999506;0.015789473684210378;0.35999999999999566;1.041052631578934
1687958705;0.39894736842114453;0.08789473684210311;0;0;0.008947368421052346;0.014736842105263217;0.3778947368421086;1.0957894736841953
1687958706;0.39473684210526316;0.08421052631579067;0;0;0.008947368421052346;0.01526315789473717;0.37999999999999545;1.1047368421052757
1687958707;0.39473684210507165;0.08526315789473707;0;0;0.008947368421052346;0.015789473684210374;0.37999999999999545;1.1026315789473586
1687958708;0.38263157894739136;0.0999999999999988;0;0;0.008421052631579516;0.016315789473684332;0.38000000000000145;1.0973684210526506
1687958709;0.37894736842128235;0.11894736842104617;0;0;0.007894736842105562;0.015789473684210378;0.3752631578947366;1.0899999999999779
1687958710;0.40157894736847466;0.16631578947367653;0;0;0.007368421052631982;0.013157894736842852;0.3568421052631624;1.0415789473684192
1687958711;0.416315789473868;0.2115789473684201;0;0;0.008947368421051973;0.013157894736842852;0.3436842105263143;0.9931578947368362
1687958712;0.43894736842106025;0.21105263157894688;0;0;0.01263157894736815;0.014210526315790012;0.34157894736842753;0.9673684210526372
1687958713;0.46631578947371477;0.21052631578947367;0;0;0.01421052631578889;0.021052631578948416;0.3305263157894722;0.9405263157894919
1687958714;0.48842105263151764;0.21263157894736648;0;0;0.017368421052631117;0.023157894736842734;0.32315789473684137;0.9173684210526468
1687958715;0.5157894736841722;0.21052631578946768;0;0;0.016842105263157534;0.022105263157894826;0.3136842105263117;0.8984210526315636
1687958716;0.5631578947368804;0.20526315789472965;0;0;0.017368421052631113;0.026842105263157414;0.29842105263158275;0.8668421052631473
1687958717;0.5768421052631119;0.22105263157894375;0;0;0.019999999999999386;0.03315789473684186;0.2910526315789459;0.8384210526315703
1687958718;0.5905263157895349;0.24263157894736911;0;0;0.021578947368420497;0.038421052631578405;0.28052631578947584;0.8063157894736928
1687958719;0.6010526315788554;0.25947368421052364;0;0;0.022631578947368405;0.0436842105263157;0.273157894736839;0.7763157894736603
1687958720;0.6278947368419291;0.2584210526315773;0;0;0.02578947368421063;0.04684210526315867;0.2663157894736873;0.7484210526315684
1687958721;0.6421052631579329;0.27157894736841937;0;0;0.02631578947368421;0.04894736842105224;0.25578947368420524;0.7226315789473694
1687958722;0.6578947368421053;0.2768421052631574;0;0;0.02631578947368421;0.0494736842105262;0.25;0.70368421052631
1687958723;0.6726315789473072;0.29842105263157676;0;0;0.027368421052632114;0.05210526315789447;0.23631578947369067;0.6721052631578938
1687958724;0.6768421052631886;0.3163157894736837;0;0;0.029999999999999638;0.059473684210526075;0.23105263157894065;0.6463157894737186
1687958725;0.6584210526314946;0.36105263157894807;0;0;0.03263157894736866;0.060526315789473234;0.22473684210526218;0.6200000000000105
1687958726;0.6621052631579867;0.38263157894737343;0;0;0.03526315789473655;0.06368421052631545;0.22105263157894975;0.5942105263157875
1687958727;0.6752631578948287;0.39684210526316194;0;0;0.03631578947368371;0.06315789473684225;0.21368421052631292;0.5731578947368354
1687958728;0.6868421052629281;0.4000000000000072;0;0;0.03842105263157878;0.06421052631578941;0.20894736842104808;0.5552631578947703
1687958729;0.6863157894735387;0.35526315789474283;0;0;0.0405263157894731;0.06736842105263163;0.21894736842105095;0.5884210526315703
1687958730;0.6889473684208688;0.32789473684210624;0;0;0.041052631578947806;0.0684210526315788;0.21894736842105694;0.6100000000000076
1687958731;0.6647368421051253;0.35947368421052844;0;0;0.04052631578947347;0.06684210526315768;0.2142105263157921;0.605789473684222
1687958732;0.6115789473683675;0.40842105263157846;0;0;0.042631578947368534;0.062105263157894344;0.21789473684211053;0.6099999999999837
1687958733;0.5626315789472994;0.46315789473684565;0;0;0.04157894736842101;0.058421052631578166;0.2163157894736849;0.6052631578947367
1687958734;0.5389473684211369;0.48315789473684545;0;0;0.04315789473684212;0.060526315789473976;0.21842105263158373;0.6052631578947607
1687958735;0.5363157894738068;0.4852631578947383;0;0;0.04473684210526323;0.059473684210526075;0.22105263157894975;0.6036842105263291
1687958736;0.5631578947368804;0.46000000000000046;0;0;0.045263157894737185;0.05315789473684163;0.21789473684211053;0.6063157894736833
1687958737;0.5642105263158508;0.4531578947368428;0;0;0.04578947368421076;0.05157894736842126;0.21999999999999736;0.6078947368421148
1687958738;0.5815789473685742;0.4373684210526347;0;0;0.0473684210526315;0.04578947368421002;0.21842105263158373;0.6063157894736833
1687958739;0.5821052631579636;0.43789473684210783;0;0;0.04526315789473681;0.04368421052631495;0.22000000000000336;0.6089473684210612
1687958740;0.6021052631578258;0.4157894736842093;0;0;0.04631578947368434;0.04421052631578965;0.2263157894736878;0.6094736842105464
1687958741;0.6163157894736382;0.42631578947368537;0;0;0.04684210526315792;0.04526315789473681;0.21999999999999736;0.5915789473684095
1687958742;0.642105263157933;0.44842105263158394;0;0;0.04578947368421002;0.042631578947368534;0.21368421052630693;0.559473684210532
1687958743;0.6657894736842871;0.47315789473684255;0;0;0.04315789473684212;0.03684210526315804;0.20052631578947677;0.5315789473684163
1687958744;0.7015789473683215;0.4642105263157861;0;0;0.04210526315789458;0.037368421052631245;0.19368421052631912;0.5142105263157646
1687958745;0.6868421052631196;0.4415789473684143;0;0;0.04157894736842101;0.034736842105263725;0.2015789473684232;0.544210526315797
1687958746;0.6773684210525779;0.4136842105263105;0;0;0.04315789473684212;0.0378947368421052;0.21000000000000046;0.5699999999999961
1687958747;0.663157894736957;0.3910526315789447;0;0;0.04421052631578928;0.037368421052631245;0.22052631578947057;0.5978947368420641
1687958748;0.6342105263159427;0.38736842105263225;0;0;0.0447368421052636;0.034736842105262976;0.22526315789474138;0.6231578947368497
1687958749;0.62157894736849;0.36263157894736764;0;0;0.045789473684210394;0.034210526315789025;0.2357894736842055;0.6457894736842096
1687958750;0.6105263157895886;0.3389473684210495;0;0;0.04578947368421076;0.035789473684210135;0.24263157894736914;0.6742105263157865
1687958751;0.6194736842105493;0.2984210526315768;0;0;0.04631578947368472;0.038421052631579154;0.25210526315788684;0.6900000000000066
1687958752;0.6336842105263617;0.24210526315788994;0;0;0.04631578947368471;0.04157894736842138;0.2626315789473689;0.7221052631578841
1687958753;0.6200000000001301;0.22210526315789017;0;0;0.04736842105263188;0.038947368421052356;0.27052631578947295;0.7447368421052439
1687958754;0.5852631578946832;0.224210526315789;0;0;0.04631578947368397;0.035263157894736934;0.2778947368421038;0.7731578947368449
1687958755;0.5415789473684669;0.23421052631578587;0;0;0.045789473684210394;0.035263157894736934;0.2847368421052615;0.8031578947368296
1687958756;0.5221052631578028;0.22052631578947057;0;0;0.04631578947368397;0.03157894736842075;0.2899999999999995;0.8347368421052459
1687958757;0.4884210526317091;0.22684210526315501;0;0;0.04473684210526323;0.03526315789473693;0.29368421052631194;0.8594736842105224
1687958758;0.4357894736843407;0.3105263157894725;0;0;0.04421052631578965;0.03526315789473693;0.28526315789473466;0.8373684210526239
1687958759;0.3873684210526622;0.3484210526315852;0;0;0.04684210526315792;0.038421052631579154;0.2863157894736811;0.8400000000000019
1687958760;0.34842105263171674;0.3242105263157938;0;0;0.04894736842105299;0.04368421052631645;0.29894736842105596;0.8852631578947454
1687958761;0.30368421052633876;0.28368421052631504;0;0;0.051578947368420884;0.04736842105263188;0.31736842105263613;0.9415789473684144
1687958762;0.25315789473671957;0.2547368421052588;0;0;0.05421052631578953;0.04578947368421076;0.3394736842105227;0.997368421052622
1687958763;0.21105263157905457;0.24631578947368754;0;0;0.0568421052631578;0.04421052631578965;0.34999999999999876;1.0331578947368718
1687958764;0.20210526315790237;0.2689473684210533;0;0;0.05947368421052645;0.04789473684210508;0.3473684210526268;1.0163157894736812
1687958765;0.1936842105263311;0.2773684210526366;0;0;0.058421052631578915;0.0447368421052636;0.34631578947368635;1.0215789473684374
1687958766;0.18578947368414922;0.2926315789473655;0;0;0.05526315789473669;0.0442105263157904;0.3447368421052667;1.0221052631579224
1687958767;0.17842105263154828;0.30947368421052607;0;0;0.05263157894736804;0.04368421052631645;0.3473684210526268;1.0136842105263033
1687958768;0.16421052631573585;0.33210526315789785;0;0;0.048947368421052614;0.04315789473684249;0.34631578947368635;1.0115789473684345
1687958769;0.16473684210531675;0.3415789473684215;0;0;0.04578947368421039;0.042631578947368534;0.3489473684210464;1.0036842105263004
1687958770;0.17526315789482877;0.34000000000000186;0;0;0.042631578947367785;0.041052631578946674;0.34631578947369235;1.0089473684210564
1687958771;0.18578947368414925;0.33894736842105544;0;0;0.04052631578947309;0.04210526315789534;0.3447368421052608;1.0047368421052947
1687958772;0.19421052631572053;0.33894736842105544;0;0;0.03842105263157878;0.04631578947368472;0.3431578947368411;1.0015789473684316
1687958773;0.20736842105256265;0.3347368421052639;0;0;0.03631578947368446;0.04631578947368472;0.34263157894736795;0.9952631578947291
1687958774;0.21263157894722287;0.33526315789473704;0;0;0.033684210526315816;0.04578947368421077;0.34263157894736196;0.9894736842105358
1687958775;0.2047368421052325;0.3542105263157904;0;0;0.0315789473684215;0.04684210526315792;0.34000000000000186;0.9842105263157799
1687958776;0.19263157894716926;0.3631578947368409;0;0;0.030000000000000013;0.04315789473684174;0.3436842105263203;0.9905263157894821
1687958777;0.20947368421050333;0.3057894736842076;0;0;0.030526315789473218;0.0436842105263157;0.3568421052631624;1.0189473684210593
1687958778;0.25157894736855124;0.30526315789472847;0;0;0.02526315789473668;0.03631578947368409;0.34631578947368635;0.9984210526315924
1687958779;0.2831578947367042;0.33052631578946623;0;0;0.021578947368420497;0.029473684210525687;0.33684210526316266;0.9631578947368516
1687958780;0.29947368421064885;0.32052631578946933;0;0;0.0189473684210526;0.025789473684210258;0.33631578947368346;0.9647368421052593
1687958781;0.3268421052631119;0.3036842105263208;0;0;0.017368421052631863;0.02736842105263137;0.3331578947368442;0.9599999999999884
1687958782;0.3489473684211062;0.2763157894736842;0;0;0.013157894736842105;0.026842105263158163;0.33631578947368945;0.9689473684210449
1687958783;0.36736842105280004;0.255263157894738;0;0;0.008947368421052721;0.02263157894736803;0.33631578947368945;0.9810526315789645
1687958784;0.37315789473684974;0.25263157894736604;0;0;0.0068421052631580295;0.02210526315789408;0.3384210526315823;0.9784210526315626
1687958785;0.3684210526315789;0.24789473684210717;0;0;0.007368421052631608;0.02210526315789408;0.33736842105263587;0.987368421052643
1687958786;0.37157894736848995;0.27052631578947295;0;0;0.007894736842105562;0.02263157894736803;0.3331578947368442;0.9699999999999913
1687958787;0.39473684210526316;0.2510526315789464;0;0;0.0094736842105263;0.02473684210526235;0.33368421052631747;0.9642105263157741
1687958788;0.4047368421051942;0.23315789473684545;0;0;0.010000000000000255;0.02368421052631519;0.3331578947368442;0.9763157894736698
1687958789;0.40947368421046504;0.23105263157894662;0;0;0.008947368421053469;0.01999999999999976;0.3321052631578918;0.9736842105263157
1687958790;0.3978947368421742;0.2510526315789464;0;0;0.009473684210526676;0.015789473684209628;0.33105263157894543;0.9684210526315598
1687958791;0.37842105263151;0.26578947368421413;0;0;0.008421052631578767;0.011578947368420243;0.3284210526315794;0.9773684210526401
1687958792;0.36210526315794833;0.2778947368421098;0;0;0.00999999999999988;0.01368421052631531;0.33263157894737105;0.9773684210526162
1687958793;0.37315789473684974;0.2673684210526397;0;0;0.00999999999999988;0.01368421052631531;0.33368421052631747;0.9778947368420774
1687958794;0.38578947368411093;0.2505263157894732;0;0;0.009473684210525926;0.01263157894736815;0.3400000000000019;0.9757894736842325
1687958795;0.39736842105259323;0.23631578947369067;0;0;0.008947368421052721;0.012105263157894945;0.3421052631578947;0.9773684210526402
1687958796;0.3894736842104114;0.226842105263161;0;0;0.007894736842105562;0.011052631578947786;0.34526315789472795;0.9936842105263215
1687958797;0.36421052631569756;0.19842105263157797;0;0;0.008947368421053469;0.011052631578947786;0.36105263157894807;1.0289473684210382
1687958798;0.3505263157896575;0.16631578947368253;0;0;0.008947368421053469;0.01263157894736815;0.37368421052631096;1.0584210526315616
1687958799;0.34999999999988507;0.16894736842105454;0;0;0.009473684210526676;0.012105263157894198;0.3715789473684241;1.056842105263178
1687958800;0.3289473684210526;0.18526315789473588;0;0;0.007894736842105187;0.01105263157894704;0.3715789473684241;1.062631578947395
1687958801;0.32473684210517123;0.19315789473684591;0;0;0.008947368421052346;0.011578947368420993;0.37105263157894497;1.059473684210508
1687958802;0.33368421052613195;0.20368421052631602;0;0;0.008947368421052346;0.011052631578947786;0.36526315789472774;1.0478947368420974
1687958803;0.3457894736841952;0.21157894736842606;0;0;0.010526315789473458;0.01157894736842174;0.3610526315789421;1.031052631578955
1687958804;0.364210526315889;0.20578947368421482;0;0;0.00999999999999988;0.012105263157894945;0.36000000000000165;1.0163157894736574
1687958805;0.36842105263138747;0.1763157894736854;0;0;0.009473684210525926;0.011578947368420993;0.35947368421052844;1.0352631578947407
1687958806;0.3684210526315789;0.1763157894736854;0;0;0.007894736842105187;0.008947368421053469;0.35473684210526363;1.0426315789473657
1687958807;0.37368421052643064;0.17789473684210502;0;0;0.008421052631579141;0.009473684210526674;0.3526315789473708;1.0336842105263329
1687958808;0.3752631578947904;0.1742105263157926;0;0;0.007894736842105187;0.009473684210526674;0.3521052631578916;1.038947368421065
1687958809;0.381578947368421;0.16842105263158133;0;0;0.008421052631579141;0.013684210526316807;0.3515789473684244;1.0368421052631482
1687958810;0.3826315789473914;0.17157894736842058;0;0;0.008947368421052721;0.013684210526316807;0.3542105263157904;1.0321052631578775
1687958811;0.37842105263170145;0.17263157894736697;0;0;0.007368421052631609;0.0126315789473689;0.3521052631578916;1.0352631578947407
1687958812;0.3757894736843713;0.18157894736841745;0;0;0.007368421052631609;0.017894736842105442;0.34894736842105833;1.0247368421052765
1687958813;0.392105263157933;0.17210526315789376;0;0;0.007894736842104814;0.02368421052631594;0.3447368421052548;1.0210526315789281
1687958814;0.3984210526317551;0.17000000000000096;0;0;0.007894736842104814;0.025789473684211004;0.3421052631578947;1.0168421052631427
1687958815;0.40368421052641534;0.18210526315789666;0;0;0.009473684210525926;0.02631578947368346;0.33736842105263587;1.0015789473684076
1687958816;0.4089473684210756;0.17210526315789976;0;0;0.008421052631578019;0.02631578947368346;0.33684210526315667;1.00789473684211
1687958817;0.40157894736847466;0.17105263157895334;0;0;0.008421052631578019;0.032105263157894706;0.33526315789473704;1.0115789473684345
1687958818;0.40631578947374547;0.16842105263158133;0;0;0.007894736842104814;0.034736842105263725;0.3373684210526299;1.007894736842086
1687958819;0.42000000000016846;0.1610526315789445;0;0;0.008947368421052721;0.034736842105263725;0.33368421052631747;1.0005263157894613
1687958820;0.4178947368422278;0.16578947368420932;0;0;0.007894736842105562;0.035789473684210885;0.329999999999999;0.9994736842105387
1687958821;0.3931578947369034;0.17210526315789976;0;0;0.007894736842105562;0.04210526315789459;0.3378947368421091;1.0052631578947322
1687958822;0.37947368421048033;0.17000000000000093;0;0;0.0068421052631580295;0.04631578947368322;0.34000000000000186;1.0157894736841961
1687958823;0.37894736842089943;0.1647368421052629;0;0;0.0068421052631580295;0.04631578947368397;0.3394736842105227;1.0252631578947615
1687958824;0.38315789473697226;0.15842105263157846;0;0;0.007368421052631983;0.04631578947368397;0.3431578947368351;1.026315789473708
1687958825;0.3678947368421895;0.16947368421052775;0;0;0.007894736842105936;0.04684210526315717;0.34684210526315956;1.028421052631577
1687958826;0.36368421052611666;0.1873684210526287;0;0;0.008421052631578767;0.04842105263157903;0.34578947368420715;1.0142105263157886
1687958827;0.37263157894746035;0.2026315789473696;0;0;0.008421052631578767;0.04894736842105299;0.3405263157894751;0.9942105263157588
1687958828;0.3984210526317551;0.2273684210526342;0;0;0.007894736842105562;0.0442105263157889;0.3268421052631538;0.9599999999999884
1687958829;0.416842105263066;0.20947368421052726;0;0;0.007368421052631983;0.0442105263157889;0.327368421052633;0.958947368421066
1687958830;0.43210526315784875;0.19631578947368516;0;0;0.007368421052631983;0.04210526315789459;0.3278947368421062;0.9642105263157981
1687958831;0.4331578947368191;0.18947368421052752;0;0;0.008421052631578767;0.0378947368421052;0.3299999999999931;0.9715789473684469
1687958832;0.4315789473684593;0.1884210526315811;0;0;0.007894736842105562;0.03263157894736866;0.33263157894737705;0.9715789473684229
1687958833;0.4405263157894201;0.18210526315789063;0;0;0.009473684210526676;0.032105263157894706;0.33105263157894543;0.9689473684210689
1687958834;0.44315789473675016;0.17315789473684617;0;0;0.007894736842105562;0.03157894736842225;0.33421052631578463;0.974210526315777
1687958835;0.43736842105270046;0.18263157894736984;0;0;0.008947368421053469;0.032105263157895456;0.329999999999999;0.9757894736841846
1687958836;0.43842105263147935;0.19315789473684591;0;0;0.008947368421053469;0.024736842105263845;0.3284210526315794;0.9731578947368305
1687958837;0.43263157894723825;0.19947368421053038;0;0;0.01052631578947458;0.024210526315789144;0.3284210526315794;0.9700000000000153
1687958838;0.43842105263147935;0.18894736842106027;0;0;0.009473684210526674;0.0242105263157884;0.329999999999999;0.9731578947368306
1687958839;0.44789473684202097;0.1784210526315782;0;0;0.009473684210526674;0.022631578947367285;0.3347368421052579;0.9742105263158009
1687958840;0.4494736842105722;0.18052631578947104;0;0;0.008947368421053094;0.016842105263157534;0.3321052631578978;0.976842105263155
1687958841;0.4473684210526315;0.1994736842105184;0;0;0.0094736842105263;0.015789473684211124;0.3289473684210526;0.9657894736842296
1687958842;0.44631578947385264;0.20894736842104808;0;0;0.010526315789473458;0.022105263157894822;0.3294736842105258;0.9526315789473396
1687958843;0.4468421052632421;0.20421052631578923;0;0;0.01052631578947346;0.02263157894736878;0.3305263157894782;0.9557894736842028
1687958844;0.4605263157894737;0.19578947368420596;0;0;0.009999999999999506;0.02210526315789557;0.3305263157894722;0.948947368421087
1687958845;0.4494736842105722;0.19526315789473875;0;0;0.008421052631578767;0.025789473684211004;0.3305263157894722;0.9563157894737119
1687958846;0.43157894736845936;0.1878947368421019;0;0;0.009473684210526676;0.03157894736842075;0.33631578947368346;0.9673684210526372
1687958847;0.4021052631578641;0.1526315789473672;0;0;0.00999999999999988;0.036315789473684836;0.3542105263157904;1.0126315789473808
1687958848;0.40421052631599624;0.1531578947368404;0;0;0.00999999999999988;0.037368421052631995;0.3542105263157844;1.009999999999979
1687958849;0.39789473684198273;0.15947368421052485;0;0;0.00999999999999988;0.037368421052631995;0.350526315789472;1.0089473684210564
1687958850;0.37789473684212055;0.17263157894736697;0;0;0.008947368421053096;0.036315789473684836;0.353157894736844;1.0157894736841961
1687958851;0.36684210526321914;0.18736842105262871;0;0;0.009473684210527048;0.037368421052631245;0.34894736842105234;1.0157894736842201
1687958852;0.3631578947369187;0.20736842105262845;0;0;0.007894736842105936;0.03842105263157841;0.34894736842105234;1.0021052631578928
1687958853;0.374736842105401;0.20368421052631003;0;0;0.008947368421053094;0.040526315789473466;0.3447368421052667;0.9931578947368602
1687958854;0.3778947368419291;0.2015789473684172;0;0;0.007894736842105189;0.04052631578947347;0.34473684210526073;0.9926315789473751
1687958855;0.37315789473684974;0.20052631578946484;0;0;0.008421052631578394;0.04052631578947347;0.3478947368421059;0.9931578947368602
1687958856;0.37631578947376076;0.2015789473684172;0;0;0.006842105263157281;0.04421052631578965;0.3442105263157875;0.9942105263157828
1687958857;0.3763157894735693;0.2021052631578904;0;0;0.006842105263157281;0.04736842105263262;0.34526315789473394;0.9915789473684287
1687958858;0.3684210526315789;0.20526315789472963;0;0;0.008421052631578394;0.04894736842105299;0.3447368421052667;0.9899999999999731
1687958859;0.3826315789471999;0.1873684210526287;0;0;0.008421052631578394;0.04842105263157903;0.34684210526315357;0.9936842105262975
1687958860;0.3873684210524707;0.16421052631578972;0;0;0.007368421052631609;0.04473684210526285;0.34894736842105234;1.0115789473684105
1687958861;0.38263157894739136;0.16368421052631052;0;0;0.006842105263158402;0.038421052631579154;0.3494736842105196;1.0194736842105443
1687958862;0.38684210526308127;0.1652631578947361;0;0;0.00631578947368445;0.04210526315789459;0.34526315789473394;1.013157894736842
1687958863;0.38631578947350037;0.1652631578947361;0;0;0.007368421052631982;0.04421052631578965;0.3484210526315792;1.010526315789464
1687958864;0.3973684210527847;0.15263157894736723;0;0;0.007894736842105562;0.03894736842105236;0.34947368421053154;1.017894736842089
1687958865;0.39999999999992336;0.1515789473684208;0;0;0.007368421052630861;0.033157894736842615;0.34736842105263277;1.0289473684210622
1687958866;0.39105263157896264;0.1584210526315725;0;0;0.006315789473683701;0.028947368421051733;0.35105263157895117;1.0326315789473866
1687958867;0.3847368421051406;0.15947368421052488;0;0;0.006315789473683701;0.027894736842104573;0.3521052631578976;1.0384210526315798
1687958868;0.38894736842102196;0.1578947368420993;0;0;0.007368421052630861;0.029999999999998892;0.3526315789473708;1.0352631578947404
1687958869;0.40631578947374547;0.149473684210522;0;0;0.007368421052630861;0.029999999999998892;0.347894736842106;1.0300000000000085
1687958870;0.4047368421053857;0.14631578947368276;0;0;0.007368421052630861;0.034210526315789774;0.35473684210525763;1.0268421052631456
1687958871;0.40421052631561327;0.12947368421052824;0;0;0.007368421052630861;0.0315789473684215;0.3568421052631564;1.0399999999999876
1687958872;0.40315789473664293;0.1126315789473677;0;0;0.006315789473683701;0.02894736842105248;0.3631578947368469;1.0578947368421003
1687958873;0.40631578947374547;0.10684210526315646;0;0;0.006315789473683701;0.028421052631579277;0.36526315789473973;1.0547368421052612
1687958874;0.40368421052641534;0.1147368421052665;0;0;0.007894736842105562;0.031578947368420755;0.3631578947368409;1.0499999999999905
1687958875;0.3905263157895732;0.12315789473684377;0;0;0.007894736842105562;0.02631578947368421;0.3668421052631593;1.0536842105263147
1687958876;0.3726315789474603;0.14263157894737033;0;0;0.008421052631579516;0.02263157894736803;0.3678947368421057;1.056842105263154
1687958877;0.3968421052632038;0.1757894736842122;0;0;0.007368421052631982;0.02263157894736878;0.3615789473684213;1.0100000000000269
1687958878;0.3821052631580019;0.24263157894736914;0;0;0.007894736842105562;0.02263157894736878;0.353157894736844;0.9642105263157981
1687958879;0.41210526315798657;0.2405263157894763;0;0;0.011052631578947413;0.02526315789473705;0.350526315789472;0.9342105263157894
1687958880;0.4542105263158431;0.23157894736842582;0;0;0.01210526315789457;0.026842105263157418;0.3421052631579007;0.9089473684210516
1687958881;0.4815789473684976;0.2305263157894734;0;0;0.014210526315789639;0.02315789473684198;0.33736842105263587;0.8863157894736918
1687958882;0.4921052631580096;0.24210526315788994;0;0;0.01578947368421;0.022105263157894822;0.327368421052633;0.873684210526311
1687958883;0.5152631578945913;0.2421052631578959;0;0;0.018421052631578273;0.02315789473684198;0.32052631578946933;0.8510526315789511
1687958884;0.4968421052630889;0.28578947368421387;0;0;0.018947368421052976;0.02368421052631519;0.31789473684210334;0.8231578947368354
1687958885;0.5268421052628822;0.2910526315789519;0;0;0.022631578947368405;0.025789473684211;0.3047368421052612;0.7910526315789339
1687958886;0.5605263157893587;0.2894736842105263;0;0;0.02578947368421063;0.03052631578947434;0.2936842105263179;0.7621052631578956
1687958887;0.5863157894736535;0.2868421052631662;0;0;0.02578947368421063;0.03526315789473693;0.2878947368421067;0.7378947368421043
1687958888;0.6189473684209683;0.281052631578955;0;0;0.02842105263157965;0.03789473684210595;0.28157894736842226;0.7142105263157981
1687958889;0.6242105263156286;0.3026315789473684;0;0;0.029473684210526808;0.03526315789473693;0.2684210526315801;0.6973684210526554
1687958890;0.6136842105263081;0.34105263157894833;0;0;0.03210526315789508;0.036842105263157295;0.2600000000000029;0.6763157894736793
1687958891;0.5910526315791158;0.3863157894736859;0;0;0.03526315789473693;0.0378947368421052;0.25157894736841957;0.6563157894736976
1687958892;0.5921052631578947;0.41052631578947724;0;0;0.036842105263158044;0.042631578947368534;0.24526315789473513;0.634210526315799
1687958893;0.6315789473682296;0.3931578947368435;0;0;0.037368421052631245;0.0447368421052636;0.23684210526315788;0.6142105263157933
1687958894;0.6536842105262238;0.3978947368421024;0;0;0.038947368421052356;0.04894736842105224;0.2278947368421074;0.587894736842109
1687958895;0.6694736842103961;0.40736842105263205;0;0;0.04157894736842026;0.05526315789473669;0.21842105263158373;0.5663157894736957
1687958896;0.6278947368419291;0.42263157894736697;0;0;0.043684210526315326;0.05526315789473669;0.2142105263157921;0.5910526315789483
1687958897;0.6515789473684745;0.37105263157894497;0;0;0.04684210526315792;0.06315789473684225;0.2136842105263189;0.6089473684210611
1687958898;0.6542105263158047;0.36894736842105214;0;0;0.0473684210526315;0.06526315789473658;0.21105263157895288;0.6105263157894929
1687958899;0.6278947368419291;0.39210526315789707;0;0;0.047894736842105455;0.06578947368421052;0.21052631578947367;0.6110526315789541
1687958900;0.607368421052486;0.4131578947368433;0;0;0.046842105263157546;0.06631578947368448;0.21052631578947367;0.6121052631578765
1687958901;0.6021052631578258;0.41947368421053377;0;0;0.045789473684211136;0.06631578947368373;0.20894736842104808;0.6089473684210374
1687958902;0.5994736842104956;0.4289473684210514;0;0;0.04421052631579002;0.0699999999999999;0.20631578947368803;0.6031578947368201
1687958903;0.6457894736842335;0.38263157894736743;0;0;0.04578947368421002;0.07263157894736817;0.20631578947368207;0.5989473684210584
1687958904;0.638421052631824;0.39315789473684354;0;0;0.04526315789473681;0.0705263157894731;0.20526315789473565;0.6010526315789512
1687958905;0.6131578947371101;0.4157894736842093;0;0;0.04421052631578965;0.06578947368420977;0.20684210526315525;0.6000000000000048
1687958906;0.5921052631580862;0.44052631578946794;0;0;0.04578947368421076;0.06631578947368447;0.20631578947368207;0.5963157894736804
1687958907;0.5921052631577033;0.44052631578946794;0;0;0.04631578947368434;0.07157894736842102;0.20842105263157487;0.5905263157894391
1687958908;0.6189473684211598;0.44842105263158394;0;0;0.04578947368421039;0.06894736842105274;0.20421052631578923;0.5663157894736718
1687958909;0.6589473684210756;0.453684210526316;0;0;0.04315789473684212;0.06894736842105349;0.19473684210525954;0.5347368421052794
1687958910;0.6878947368420899;0.433157894736843;0;0;0.04263157894736816;0.06789473684210559;0.19421052631578634;0.5315789473684163
1687958911;0.6815789473684594;0.40736842105263205;0;0;0.044736842105263235;0.06631578947368448;0.20315789473684281;0.5547368421052612
1687958912;0.645263157894844;0.40842105263157846;0;0;0.044210526315790026;0.06684210526315842;0.2163157894736849;0.5810526315789215
1687958913;0.6294736842104803;0.38894736842105193;0;0;0.04526315789473681;0.06789473684210559;0.22421052631578298;0.6084210526315761
1687958914;0.6189473684213513;0.3621052631578945;0;0;0.046842105263158296;0.06789473684210559;0.22894736842104785;0.6321052631578823
1687958915;0.627894736842312;0.3331578947368502;0;0;0.046842105263158296;0.0699999999999999;0.23473684210526505;0.6426315789473463
1687958916;0.5942105263158354;0.33263157894737105;0;0;0.04473684210526323;0.0684210526315788;0.24263157894736911;0.6694736842105397
1687958917;0.5473684210527081;0.3484210526315792;0;0;0.04526315789473681;0.0684210526315788;0.2494736842105268;0.6899999999999827
1687958918;0.5184210526316938;0.3415789473684155;0;0;0.04789473684210508;0.07263157894736819;0.25789473684211006;0.7121052631578813
1687958919;0.4942105263157588;0.3294736842105258;0;0;0.051578947368420884;0.07421052631578928;0.2642105263157885;0.7389473684210746
1687958920;0.4668421052632957;0.32315789473684137;0;0;0.05105263157894731;0.07368421052631609;0.27052631578947295;0.7673684210526277
1687958921;0.4242105263158584;0.3336842105263115;0;0;0.05263157894736804;0.06894736842105276;0.28052631578946985;0.7931578947368507
1687958922;0.3768421052631502;0.34736842105263277;0;0;0.05421052631578953;0.06578947368421127;0.281052631578949;0.8284210526315914
1687958923;0.3536842105261856;0.33263157894737105;0;0;0.054736842105263486;0.06789473684210559;0.2910526315789519;0.8536842105263291
1687958924;0.3389473684209837;0.3105263157894784;0;0;0.05631578947368385;0.07157894736842102;0.29631578947368997;0.8789473684210669
1687958925;0.3257894736839501;0.28894736842105306;0;0;0.05631578947368422;0.06736842105263163;0.3047368421052612;0.9084210526315665
1687958926;0.2847368421052555;0.2931578947368447;0;0;0.05631578947368385;0.06421052631578941;0.31000000000000527;0.938421052631599
1687958927;0.24578947368411863;0.2610526315789493;0;0;0.057894736842104964;0.06894736842105274;0.324736842105261;0.9852631578947263
1687958928;0.20789473684214355;0.25789473684210407;0;0;0.058947368421052124;0.06947368421052595;0.33315789473684426;1.0157894736841961
1687958929;0.1810526315788784;0.2747368421052586;0;0;0.061578947368421136;0.07105263157894706;0.3347368421052639;1.0152631578947349
1687958930;0.16263157894737607;0.2894736842105263;0;0;0.062105263157894344;0.06894736842105201;0.33526315789474304;1.0173684210526517
1687958931;0.14999999999992342;0.3152631578947373;0;0;0.05999999999999928;0.06315789473684151;0.33263157894736506;1.0115789473684345
1687958932;0.14421052631587372;0.3268421052631598;0;0;0.05789473684210533;0.057368421052631756;0.3342105263157966;1.0115789473684105
1687958933;0.13894736842083052;0.3389473684210555;0;0;0.053684210526315945;0.05157894736842051;0.3389473684210555;1.0163157894736812
1687958934;0.1299999999998698;0.33631578947368346;0;0;0.052105263157894835;0.05157894736842126;0.34263157894736795;1.0321052631579013
1687958935;0.15263157894725354;0.32894736842105265;0;0;0.05263157894736804;0.05105263157894731;0.3410526315789483;1.0273684210526066
1687958936;0.17684210526318853;0.30894736842105286;0;0;0.04842105263157903;0.05210526315789521;0.33789473684210314;1.0299999999999847
1687958937;0.20368421052626215;0.2931578947368447;0;0;0.043684210526315694;0.05105263157894806;0.33421052631578463;1.0300000000000087
1687958938;0.22105263157898564;0.2836842105263151;0;0;0.03894736842105273;0.05421052631578878;0.3373684210526299;1.0226315789473597
1687958939;0.24684210526308897;0.26736842105262776;0;0;0.03842105263157878;0.058947368421052124;0.3394736842105287;1.010000000000003
1687958940;0.26210526315787175;0.25157894736842557;0;0;0.0352631578947373;0.06421052631578941;0.34157894736842154;1.008421052631595
1687958941;0.26210526315787175;0.2594736842105237;0;0;0.03105263157894792;0.06947368421052595;0.3442105263157875;0.9989473684210296
1687958942;0.27263157894738377;0.2594736842105237;0;0;0.029473684210526433;0.07473684210526324;0.34368421052631437;0.9884210526315655
1687958943;0.27999999999998465;0.2594736842105237;0;0;0.025789473684211004;0.07631578947368436;0.34526315789473394;0.9868421052631339
1687958944;0.3136842105264613;0.3010526315789488;0;0;0.023157894736842356;0.07368421052631607;0.3284210526315794;0.9352631578947358
1687958945;0.3510526315792384;0.34684210526315956;0;0;0.020000000000000132;0.06894736842105276;0.3121052631578921;0.8784210526315818
1687958946;0.3742105263158201;0.3526315789473648;0;0;0.017368421052631863;0.06421052631578941;0.30842105263157965;0.8636842105263081
1687958947;0.37578947368417986;0.3115789473684189;0;0;0.017368421052631488;0.06263157894736829;0.31789473684210334;0.8942105263158019
1687958948;0.3957894736842335;0.26999999999999974;0;0;0.012631578947368525;0.060526315789473234;0.32631578947368656;0.917368421052623
1687958949;0.4131578947367655;0.25631578947367845;0;0;0.008421052631579141;0.061052631578947185;0.32526315789473415;0.9226315789473549
1687958950;0.43105263157906987;0.23263157894736625;0;0;0.008947368421053094;0.061052631578947185;0.32315789473684736;0.9300000000000037
1687958951;0.4326315789472382;0.2284210526315746;0;0;0.008421052631579141;0.061052631578947185;0.324736842105261;0.9342105263157894
1687958952;0.4247368421052478;0.2226315789473634;0;0;0.008421052631578767;0.06052631578947398;0.3263157894736806;0.9457894736842238
1687958953;0.436842105263311;0.21631578947367894;0;0;0.008947368421052346;0.060000000000000026;0.32736842105262703;0.9394736842105216
1687958954;0.4426315789473607;0.20631578947368207;0;0;0.006842105263158029;0.05421052631578953;0.324736842105261;0.9431578947368698
1687958955;0.44052631578942003;0.20631578947368207;0;0;0.007368421052631982;0.04842105263157828;0.3268421052631538;0.9484210526315779
1687958956;0.4300000000000995;0.21473684210526528;0;0;0.007368421052631982;0.04315789473684174;0.3321052631578918;0.9494736842105004
1687958957;0.416315789473868;0.22736842105263422;0;0;0.007894736842105187;0.039473684210526314;0.33263157894736506;0.9526315789473636
1687958958;0.40526315789477513;0.23473684210526508;0;0;0.0073684210526312344;0.038947368421052356;0.33210526315789185;0.9573684210526343
1687958959;0.40947368421046504;0.23210526315789304;0;0;0.008947368421052346;0.03894736842105236;0.33263157894736506;0.9552631578947176
1687958960;0.4378947368420899;0.20526315789473565;0;0;0.008947368421052346;0.033157894736841866;0.33263157894737105;0.9557894736842267
1687958961;0.43894736842106025;0.2021052631578964;0;0;0.006842105263157655;0.03210526315789396;0.329999999999999;0.9615789473684201
1687958962;0.43052631578948897;0.2157894736842117;0;0;0.006842105263157655;0.03157894736842075;0.3284210526315734;0.961578947368444
1687958963;0.39578947368423345;0.18473684210526267;0;0;0.006842105263157655;0.03157894736842075;0.3447368421052667;1.010526315789488
1687958964;0.36263157894714626;0.13421052631578706;0;0;0.007894736842105187;0.03315789473684186;0.3663157894736861;1.0731578947368354
1687958965;0.3568421052630966;0.1257894736842098;0;0;0.010000000000000253;0.03526315789473618;0.3705263157894777;1.0821052631579158
1687958966;0.35210526315801727;0.13526315789473947;0;0;0.008947368421053469;0.034736842105262976;0.37105263157894497;1.0794736842105377
1687958967;0.33789473684220483;0.14263157894737033;0;0;0.008421052631579516;0.034736842105262976;0.36894736842105214;1.0842105263157846
1687958968;0.32947368421044204;0.1521052631579;0;0;0.008421052631579516;0.033684210526315816;0.36947368421052534;1.085263157894731
1687958969;0.3305263157892209;0.1515789473684208;0;0;0.008421052631578767;0.034210526315789774;0.37052631578947176;1.0821052631578918
1687958970;0.3321052631579636;0.1500000000000012;0;0;0.009473684210526674;0.03526315789473693;0.36947368421052534;1.0794736842105377
1687958971;0.3500000000000766;0.15157894736842079;0;0;0.009473684210526674;0.035789473684210135;0.36894736842105214;1.05684210526313
1687958972;0.3563157894735157;0.14421052631578996;0;0;0.008421052631579141;0.032631578947367915;0.36736842105263257;1.0578947368421243
1687958973;0.3463157894737761;0.16684210526316173;0;0;0.008947368421052346;0.033157894736841866;0.36894736842104614;1.0484210526315587
1687958974;0.34684210526316556;0.16947368421052775;0;0;0.009473684210525551;0.03263157894736866;0.37000000000000455;1.0436842105263358
1687958975;0.3478947368419444;0.16157894736842365;0;0;0.009473684210525551;0.032105263157894706;0.37052631578947776;1.048947368421068
1687958976;0.34052631578934345;0.1736842105263134;0;0;0.010000000000000253;0.0315789473684215;0.36894736842105214;1.0452631578947436
1687958977;0.3242105263157818;0.1894736842105275;0;0;0.010526315789474206;0.02684210526315816;0.36947368421052534;1.0505263157894755
1687958978;0.3178947368421512;0.19473684210526554;0;0;0.011052631578947413;0.022105263157894826;0.3678947368421117;1.0563157894736928
1687958979;0.31842105263154064;0.19473684210526554;0;0;0.011052631578947413;0.02315789473684273;0.3678947368421117;1.0563157894736688
1687958980;0.3284210526316632;0.18631578947368227;0;0;0.011052631578947413;0.016315789473685078;0.36894736842105214;1.0552631578947462
1687958981;0.3257894736841416;0.18263157894736984;0;0;0.012105263157894945;0.014736842105263964;0.3731578947368438;1.0573684210526393
1687958982;0.3268421052631119;0.17947368421053062;0;0;0.01263157894736815;0.019473684210526553;0.3715789473684181;1.0542105263157762
1687958983;0.336315789473845;0.21421052631578613;0;0;0.01210526315789457;0.023157894736841985;0.3621052631578945;1.018421052631574
1687958984;0.33578947368426415;0.20789473684210166;0;0;0.009999999999999506;0.025789473684210255;0.35999999999999566;1.0226315789473837
1687958985;0.35157894736843637;0.19421052631578636;0;0;0.009999999999999506;0.030000000000000387;0.36105263157895406;1.0184210526315502
1687958986;0.3515789473682449;0.19421052631579233;0;0;0.009999999999999506;0.03315789473684261;0.3578947368421028;1.0215789473684134
1687958987;0.35578947368431774;0.20578947368420883;0;0;0.011578947368420618;0.034210526315789774;0.35578947368421004;1.0026315789473779
1687958988;0.35631578947389864;0.20315789473684281;0;0;0.011578947368420993;0.033684210526315816;0.3578947368421088;1.002631578947378
1687958989;0.36947368421054927;0.19631578947368514;0;0;0.010526315789473085;0.03315789473684186;0.3568421052631624;0.9984210526315923
1687958990;0.381578947368421;0.18578947368420906;0;0;0.01052631578947346;0.03315789473684261;0.35526315789474283;0.9994736842105626
1687958991;0.37947368421048033;0.1910526315789471;0;0;0.011052631578947413;0.033684210526315816;0.35526315789474283;0.9989473684210295
1687958992;0.37526315789459896;0.18263157894736384;0;0;0.010526315789474206;0.033684210526315816;0.35894736842105524;1.0094736842105416
1687958993;0.3884210526314411;0.21736842105263132;0;0;0.010000000000000628;0.034736842105263725;0.350526315789472;0.9705263157894526
1687958994;0.4173684210526469;0.26526315789472893;0;0;0.010000000000000628;0.034736842105263725;0.33263157894736506;0.9121052631578909
1687958995;0.4526315789472918;0.27473684210526456;0;0;0.008947368421052721;0.03315789473684261;0.32157894736842774;0.8805263157894746
1687958996;0.4794736842103654;0.2494736842105268;0;0;0.008947368421052721;0.033684210526316566;0.32210526315790095;0.8794736842105282
1687958997;0.49473684210514823;0.23684210526315788;0;0;0.006842105263158402;0.038421052631579154;0.3194736842105229;0.8731578947368257
1687958998;0.4942105263157588;0.23684210526315788;0;0;0.007368421052631608;0.037368421052631245;0.3194736842105229;0.8736842105263349
1687958999;0.48789473684193674;0.23894736842105668;0;0;0.007894736842105562;0.038421052631578405;0.3194736842105289;0.8784210526315579
1687959000;0.5005263157893894;0.23105263157894662;0;0;0.0073684210526312344;0.035789473684210135;0.3152631578947373;0.878947368421043
1687959001;0.49578947368431003;0.23105263157894665;0;0;0.007368421052631983;0.0315789473684215;0.3163157894736837;0.8863157894736918
1687959002;0.4826315789472765;0.20631578947368803;0;0;0.0068421052631580295;0.02736842105263137;0.32631578947368656;0.9163157894736764
1687959003;0.47210526315776447;0.21578947368421172;0;0;0.007894736842105187;0.02263157894736878;0.32631578947368656;0.9210526315789234
1687959004;0.4521052631577109;0.23105263157895264;0;0;0.007894736842105187;0.019473684210526553;0.324736842105261;0.9315789473684353
1687959005;0.4489473684209913;0.2405263157894703;0;0;0.008947368421053094;0.016842105263157534;0.3284210526315794;0.9215789473684325
1687959006;0.4599999999998927;0.21842105263157774;0;0;0.007894736842105187;0.015263157894736423;0.330000000000005;0.9357894736841971
1687959007;0.4610526315788631;0.21842105263157774;0;0;0.007894736842105187;0.015789473684209628;0.3263157894736806;0.9378947368421138
1687959008;0.44842105263160187;0.21894736842105095;0;0;0.007894736842105187;0.0189473684210526;0.32421052631578184;0.9494736842105244
1687959009;0.44368421052633106;0.22052631578947654;0;0;0.0073684210526312344;0.0189473684210526;0.3231578947368354;0.9547368421052564
1687959010;0.4289473684211292;0.23157894736842582;0;0;0.006315789473683702;0.019473684210527302;0.32052631578946933;0.9594736842105511
1687959011;0.41473684210531675;0.2394736842105299;0;0;0.006315789473683702;0.02526315789473705;0.3194736842105289;0.9636842105263128
1687959012;0.3905263157895732;0.21947368421053012;0;0;0.006315789473684076;0.026842105263158163;0.32789473684210624;0.9984210526315923
1687959013;0.36684210526321914;0.17052631578948013;0;0;0.006315789473684076;0.026842105263158163;0.3447368421052667;1.0531578947368536
1687959014;0.35105263157904687;0.1363157894736859;0;0;0.0068421052631580295;0.026842105263158163;0.3578947368421028;1.092631578947356
1687959015;0.33473684210548527;0.15421052631578683;0;0;0.006315789473684076;0.02736842105263062;0.35631578947368325;1.0894736842105166
1687959016;0.30736842105263923;0.21105263157894688;0;0;0.006842105263157281;0.022105263157894826;0.3510526315789452;1.0710526315789664
1687959017;0.28999999999991577;0.22315789473684255;0;0;0.007894736842105562;0.02368421052631594;0.353157894736838;1.0742105263157817
1687959018;0.2926315789474373;0.22684210526315501;0;0;0.007368421052631609;0.02263157894736878;0.3510526315789452;1.0731578947368594
1687959019;0.31684210526318085;0.27473684210526456;0;0;0.006842105263158402;0.02315789473684273;0.33526315789473704;1.0184210526315502
1687959020;0.3510526315788554;0.29789473684210355;0;0;0.00631578947368445;0.022105263157894826;0.32052631578946933;0.9789473684210717
1687959021;0.361052631578978;0.2873684210526335;0;0;0.00631578947368445;0.02157894736842162;0.3184210526315765;0.9800000000000182
1687959022;0.37105263157890905;0.2821052631578954;0;0;0.00526315789473729;0.02157894736842162;0.3242105263157878;0.972105263157908
1687959023;0.39210526315793304;0.26684210526315455;0;0;0.00578947368421087;0.02105263157894692;0.3257894736842074;0.9594736842105271
1687959024;0.4010526315790852;0.252631578947372;0;0;0.005263157894736917;0.02157894736842162;0.3268421052631598;0.9647368421052593
1687959025;0.3915789473685436;0.25947368421052963;0;0;0.004736842105263711;0.02157894736842162;0.32789473684210024;0.9642105263157741
1687959026;0.37000000000013017;0.2821052631578954;0;0;0.004210526315790132;0.02157894736842162;0.32894736842104666;0.9605263157894497
1687959027;0.3573684210526775;0.3063157894736868;0;0;0.00631578947368445;0.021052631578947666;0.3342105263157906;0.9442105263157683
1687959028;0.3573684210526775;0.3047368421052612;0;0;0.00631578947368445;0.020526315789473712;0.33368421052631747;0.9478947368420927
1687959029;0.38210526315781046;0.27999999999999664;0;0;0.00631578947368445;0.019473684210525807;0.3389473684210495;0.9436842105262833
1687959030;0.4057894736841645;0.26210526315788973;0;0;0.007368421052631982;0.013157894736842105;0.3389473684210555;0.9394736842105216
1687959031;0.40473684210538563;0.2636842105263153;0;0;0.0073684210526312344;0.016315789473683583;0.3373684210526299;0.9368421052631435
1687959032;0.3789473684210909;0.2878947368421007;0;0;0.0073684210526312344;0.016315789473683583;0.3389473684210495;0.9363157894736822
1687959033;0.3721052631578794;0.29789473684210355;0;0;0.008421052631578392;0.0184210526315779;0.3378947368421031;0.9278947368421109
1687959034;0.385789473684111;0.28421052631579424;0;0;0.008947368421052346;0.017894736842105442;0.3394736842105227;0.9273684210526497
1687959035;0.40894736842126705;0.23157894736842582;0;0;0.008421052631579141;0.017368421052631488;0.34894736842105234;0.9505263157894468
1687959036;0.4210526315791388;0.22368421052631576;0;0;0.007368421052631609;0.015789473684210374;0.34894736842105833;0.9489473684210392
1687959037;0.4173684210526469;0.22263157894736937;0;0;0.007368421052631609;0.015789473684210374;0.34999999999999876;0.9515789473684171
1687959038;0.3884210526316325;0.17999999999999783;0;0;0.008421052631578392;0.015789473684210374;0.37052631578947176;1.0036842105263244
1687959039;0.3678947368421895;0.15210526315789402;0;0;0.009999999999999506;0.017368421052631488;0.38473684210527226;1.035789473684202
1687959040;0.37105263157890905;0.15684210526315884;0;0;0.009999999999999506;0.017368421052631488;0.3857894736842067;1.0252631578947138
1687959041;0.3621052631581398;0.1642105263157957;0;0;0.009999999999999506;0.016842105263157534;0.37894736842105503;1.0331578947368238
1687959042;0.3500000000000766;0.17315789473684617;0;0;0.009473684210525926;0.018421052631578647;0.3757894736842098;1.0373684210526335
1687959043;0.35315789473679615;0.17210526315789376;0;0;0.010526315789473458;0.0247368421052631;0.3721052631578974;1.0394736842105263
1687959044;0.3747368421052095;0.19105263157894714;0;0;0.011052631578946665;0.025789473684210258;0.3668421052631593;1.0021052631579168
1687959045;0.42368421052627747;0.21578947368421172;0;0;0.011052631578946665;0.02631578947368421;0.35105263157895117;0.9521052631579023
1687959046;0.47157894736837513;0.23842105263157748;0;0;0.008947368421052346;0.023157894736841985;0.3305263157894782;0.9063157894736975
1687959047;0.5384210526315559;0.2394736842105239;0;0;0.009473684210525926;0.023157894736841985;0.3184210526315765;0.8478947368421119
1687959048;0.6131578947371101;0.2394736842105239;0;0;0.009473684210525926;0.023157894736841985;0.2968421052631572;0.7957894736842287
1687959049;0.6921052631579713;0.23526315789473828;0;0;0.008421052631578394;0.023157894736841985;0.2773684210526246;0.7415789473684047
1687959050;0.7821052631579253;0.21631578947367894;0;0;0.007894736842105187;0.017894736842104693;0.2610526315789433;0.6926315789473847
1687959051;0.8821052631578103;0.19210526315789353;0;0;0.007894736842105187;0.017894736842104693;0.24315789473684832;0.6389473684210458
1687959052;0.961578947368444;0.18210526315789066;0;0;0.006315789473684075;0.016842105263158283;0.22421052631579497;0.592631578947356
1687959053;1.039473684210526;0.17789473684209903;0;0;0.005789473684210122;0.016842105263157534;0.20578947368421482;0.5399999999999875
1687959054;1.1173684210526085;0.17315789473683418;0;0;0.005789473684210122;0.017368421052631488;0.18473684210526864;0.4878947368421282
1687959055;1.1936842105263312;0.16947368421052175;0;0;0.005789473684210122;0.018421052631578647;0.16789473684210215;0.4326315789473818
1687959056;1.2757894736841031;0.1647368421052569;0;0;0.005789473684210122;0.0189473684210526;0.1510526315789476;0.37421052631577223
1687959057;1.3547368421051558;0.15684210526315284;0;0;0.004736842105263338;0.018421052631578647;0.13210526315789423;0.32263157894737415
1687959058;1.4336842105263998;0.1489473684210488;0;0;0.003684210526315804;0.016842105263157534;0.11421052631578132;0.27421052631579135
1687959059;1.5052631578946603;0.14684210526315597;0;0;0.003684210526315804;0.01631578947368433;0.09421052631579355;0.22684210526317894
1687959060;1.5878947368420133;0.13526315789473348;0;0;0.003684210526315804;0.017368421052631488;0.07894736842105263;0.17000000000000096
1687959061;1.6736842105262775;0.12631578947368302;0;0;0.003684210526315804;0.015789473684211124;0.06263157894737129;0.11473684210527847
1687959062;1.75;0.12473684210526338;0;0;0.002105263157894318;0.008947368421052721;0.04789473684210359;0.057894736842100475
1687959063;1.8131578947368803;0.0989473684210524;0;0;0.0015789473684211124;0.007894736842105562;0.031052631578949042;0.040000000000011485
1687959064;1.8626315789473376;0.05157894736842201;0;0;0.0015789473684211124;0.007368421052631608;0.030000000000002632;0.037894736842118665
1687959065;1.9131578947367656;0.004210526315791627;0;0;0.0015789473684211124;0.007894736842105562;0.028947368421050237;0.03684210526314832
1687959066;1.9215789473685283;0.0031578947368452164;0;0;0.0010526315789475328;0.007894736842105562;0.02315789473684498;0.034736842105255496
1687959067;1.922631578947307;0.0031578947368452164;0;0;0.0010526315789475328;0.009473684210526674;0.02421052631579139;0.035789473684225845
1687959068;1.921578947368337;0.0031578947368452164;0;0;0.0010526315789475328;0.010000000000000628;0.02421052631579139;0.03473684210527943
1687959069;1.9215789473683367;0.0031578947368452164;0;0;0.0010526315789475328;0.010000000000000628;0.02421052631579139;0.035789473684225845
1687959070;1.9236842105262775;0.0031578947368452164;0;0;0.0010526315789475328;0.01052631578947458;0.02315789473683301;0.034736842105255496
1687959071;1.9263157894736076;0.0031578947368452164;0;0;0.0010526315789475328;0.009473684210526674;0.0236842105263122;0.03263157894738661
1687959072;1.9242105263158584;0.0031578947368452164;0;0;0.0010526315789475328;0.009473684210527423;0.02473684210526459;0.03263157894738661
1687959073;1.9215789473683367;0.0031578947368452164;0;0;0.0010526315789475328;0.010000000000000628;0.025789473684211004;0.035789473684201906
1687959074;1.9236842105262775;0.002631578947372011;0;0;0.0005263157894735795;0.008947368421053469;0.02368421052631818;0.034210526315770325
1687959075;1.922105263158109;0.002631578947372011;0;0;0.0005263157894735795;0.008947368421052721;0.02368421052631818;0.034210526315818196
1687959076;1.9242105263158584;0.002631578947372011;0;0;0.0005263157894735795;0.008421052631578767;0.02263157894737177;0.03368421052633302
1687959077;1.921052631578756;0.0031578947368452164;0;0;0;0.008421052631578767;0.02421052631579139;0.033157894736823915
1687959078;1.9236842105262775;0.0005263157894732055;0;0;0;0.008421052631578767;0.0236842105263122;0.033684210526309086
1687959079;1.9263157894736076;0.0005263157894732055;0;0;0;0.007368421052631609;0.02263157894736579;0.03368421052633302
1687959080;1.9273684210525779;0.0005263157894732055;0;0;0;0.006842105263157655;0.02263157894736579;0.03421052631579426
1687959081;1.9289473684211291;0.0005263157894732055;0;0;0;0.006315789473683702;0.02052631578946698;0.03263157894738661
1687959082;1.9289473684209377;0.0005263157894732055;0;0;0;0.006315789473683702;0.02210526315789258;0.034210526315770325
1687959083;1.9284210526315482;0.001052631578946411;0;0;0;0.00631578947368445;0.02105263157894617;0.03421052631579426
1687959084;1.9294736842105187;0.001052631578946411;0;0;0;0.005789473684210495;0.02105263157894617;0.03368421052633302
1687959085;1.929473684210327;0.001052631578946411;0;0;0.0005263157894739534;0.00631578947368445;0.022631578947365786;0.03315789473684785
1687959086;1.930526315789489;0.001052631578946411;0;0;0.0005263157894739534;0.004736842105263338;0.021578947368419376;0.030526315789469852
1687959087;1.9284210526317396;0.001052631578946411;0;0;0.0005263157894739534;0.004210526315789383;0.02368421052631818;0.031578947368416266
1687959088;1.9294736842105187;0.001052631578946411;0;0;0.0005263157894739534;0.0036842105263161784;0.02315789473684498;0.031052631578931095
1687959089;1.9300000000000994;0.001052631578946411;0;0;0.0010526315789479068;0.003157894736842225;0.02315789473685096;0.0315789473684402
1687959090;1.9310526315788783;0.001052631578946411;0;0;0.0010526315789479068;0.003157894736842225;0.022105263157898562;0.031578947368416266
1687959091;1.933157894736819;0.001052631578946411;0;0;0.0010526315789479068;0.0026315789473682714;0.020526315789472966;0.031578947368416266
