Time;{instance="10.231.0.208:9100"};{instance="192.168.221.10:9100"};{instance="192.168.221.11:9100"};{instance="192.168.221.12:9100"}
1688374811;0.9166666668736241;13.222222222217766;3.555555555552317;4.055555555558172
1688374812;0.8611111099728248;13.444444444439796;3.444444444443832;3.444444444443832
1688374813;0.8611111112663252;13.111111111109281;3.499999999995552;3.555555555557362
1688374814;1.0277777780882076;13.7777777777804;3.3888888888870667;4.388888888888687
1688374815;0.9444444453240237;13.61111111111515;3.611111111114141;5.111111111111512
1688374816;0.9999999996378222;14.38888888889474;3.611111111114141;8.277777777776564
1688374817;5.999999999120419;13.944444444440606;3.3888888888870667;11.722222222225454
1688374818;10.777777778760836;14.777777777771917;3.444444444443832;17.888888888890293
1688374819;15.805555555400332;14.000000000002416;3.500000000000597;27.33333333333374
1688374820;21.97222222392965;14.444444444441402;3.611111111109082;34.722222222222214
1688374821;26.972222223412246;14.333333333332916;3.3888888888870667;40.333333333334544
1688374822;33.13888888935453;14.277777777776151;3.3333333333303017;46.72222222222646
1688374823;38.36111111255983;14.111111111105856;3.3888888888921116;51.11111111111515
1688374824;43.80555555431378;14.611111111111711;3.3333333333353465;57.77777777777575
1688374825;49.05555555596946;14.111111111110901;3.3888888888921116;60.55555555555353
1688374826;49.47222222367095;14.44444444444646;3.2777777777785815;62.555555555556765
1688374827;50.0277777784504;16.944444444450497;3.2777777777785815;64.77777777777698
1688374828;50.30555555519338;20.222222222224033;2.944444444443022;64.27777777778121
1688374829;49.22222222020436;19.833333333336768;2.944444444443022;66.99999999999716
1688374830;49.47222222237744;21.000000000003638;3.2777777777785815;68.88888888888687
1688374831;48.61111110981761;20.94444444444686;3.2222222222268613;69.77777777777494
1688374832;48.58333333136721;22.44444444444929;2.944444444437977;70.88888888889011
1688374833;48.555555555503815;23.722222222219585;3.2777777777735224;74.27777777778222
1688374834;48.6666666654249;24.111111111106865;4.055555555553127;78.05555555555657
1688374835;48.91666666630449;24.055555555555145;4.166666666666657;79.27777777777516
1688374836;49.19444444304746;20.7222222222198;4.333333333336967;76.16666666666181
1688374837;49.47222222237744;21.277777777777374;4.3333333333319075;73.05555555555352
1688374838;49.72222222325702;22.222222222222214;3.944444444444642;70.83333333333333
1688374839;49.86111111033501;22.33333333333576;3.7777777777743324;71.50000000000445
1688374840;50.19444444527228;22.222222222222214;3.944444444444642;70.16666666666727
1688374841;50.499999999172154;20.388888888889284;4.2222222222234365;69.55555555555293
1688374842;50.72222222289484;18.611111111108073;3.8333333333310975;64.38888888888465
1688374843;51.083333334989014;18.555555555556353;3.111111111108272;65.38888888888626
1688374844;50.499999999172154;19.3333333333309;3.111111111108272;69.11111111110888
1688374845;50.638888890130644;20.500000000002828;3.1111111111032272;74.55555555555596
1688374846;50.38888888795756;16.611111111109892;3.166666666670096;75.22222222222202
1688374847;50.80555555436553;18.944444444448678;3.2777777777785815;73.05555555555352
1688374848;50.74999999875824;24.55555555555091;3.166666666670096;72.88888888888323
1688374849;50.944444444030516;25.833333333336356;3.111111111113331;75.16666666666525
1688374850;50.472222223308755;26.77777777777615;3.2222222222218164;76.99999999999818
1688374851;50.44444444485837;26.833333333337976;3.055555555561611;78.55555555555232
1688374852;49.80555555472771;30.166666666668277;2.8333333333345365;73.66666666666788
1688374853;49.999999999999986;31.944444444444443;2.8888888888913016;71.11111111111212
1688374854;49.72222222325702;32.888888888889284;2.944444444448081;70.5555555555596
1688374855;49.77777777757081;34.1666666666697;3.055555555551507;74.83333333333475
1688374856;49.27777777839866;30.611111111107263;2.944444444448081;76.38888888889394
1688374857;49.55555555643514;26.44444444444565;2.944444444443022;73.8888888888899
1688374858;49.47222222237744;27.33333333332868;2.8333333333294917;73.8888888888899
1688374859;49.66666666635623;29.999999999997968;2.7222222222260513;76.61111111111092
1688374860;49.80555555472771;30.277777777771703;2.8333333333294917;78.38888888889213
1688374861;50.02777777845039;26.500000000002416;2.8333333333345365;77.50000000000404
1688374862;49.91666666723581;26.388888888893945;2.7222222222260513;74.61111111111778
1688374863;49.69444444351312;24.72222222221616;2.6666666666642413;75
1688374864;50.11111111250809;24.111111111106865;2.7222222222260513;74.94444444444323
1688374865;50.13888888837148;24.83333333333475;2.7222222222159473;76.22222222222364
1688374866;50.16666666552838;22.05555555555192;2.7222222222260513;76.22222222222364
1688374867;49.77777777757082;19.500000000001208;2.8333333333294917;73.77777777777636
1688374868;50.02777777715689;16.611111111109892;2.8333333333294917;72.55555555555777
1688374869;49.69444444480662;20.111111111115548;3.055555555556566;74.3888888888907
1688374870;49.74999999912042;23.444444444440805;3.3888888888921116;78.88888888888788
1688374871;49.80555555343421;27.999999999999787;3.611111111109082;81.3333333333301
1688374872;50.13888888707798;30.555555555560602;3.444444444443832;80.22222222222
1688374873;49.9722222215496;31.388888888886868;3.3888888888870667;79.33333333333192
1688374874;50.05555555560729;31.166666666664838;3.500000000000597;77.33333333332868
1688374875;49.80555555731472;30.88888888889616;3.666666666665847;78.00000000000485
1688374876;49.72222222196352;33.888888888890904;3.611111111114141;77.55555555555576
1688374877;49.41666666677014;34.33333333333495;3.555555555557362;74.38888888888565
1688374878;49.55555555514163;32.1666666666614;3.2222222222218164;72.72222222221798
1688374879;49.50000000082784;29.833333333332718;3.2777777777735224;74.11111111110687
1688374880;49.44444444780755;22.94444444444504;3.111111111108272;72.6111111111095
1688374881;49.44444444651405;19.944444444440194;3.3888888888921116;68.3888888888911
1688374882;49.30555555555556;20.388888888894343;3.2777777777735224;64.27777777777615
1688374883;49.52777777669123;24.222222222225454;3.2777777777836263;66.05555555555232
1688374884;49.38888888831974;24.72222222221616;3.3333333333303017;70.72222222221474
1688374885;49.58333333359203;24.49999999999413;3.3333333333353465;75.16666666666525
1688374886;49.72222222325702;32.99999999999777;3.444444444443832;80.05555555555475
1688374887;49.69444444480662;34.66666666667051;3.7222222222226264;81.72222222222243
1688374888;49.86111111162851;33.66666666666889;3.3333333333353465;80.27777777777676
1688374889;50.05555555560729;36.277777777776365;3.3888888888921116;82.16666666666646
1688374890;50.02777777586339;38.33333333333636;3.3333333333353465;84.66666666666545
1688374891;50.16666666682188;38.44444444444485;5.333333333338587;86.8888888888907
1688374892;50.0833333353512;34.722222222222214;5.388888888885248;89.22222222222445
1688374893;50.19444444527228;35.722222222223834;5.055555555559792;89.22222222222445
1688374894;50.055555556900785;33.61111111111212;5.111111111111512;88.44444444444485
1688374895;50.05555555431379;23.88888888889494;4.999999999997968;85.11111111111455
1688374896;50.361111112094164;20.388888888889284;4.888888888889483;82.83333333333758
1688374897;50.24999999829257;20.49999999999777;5.000000000003027;82.88888888889434
1688374898;50.499999999172154;17.777777777776762;4.7777777777759525;81.05555555555637
1688374899;50.36111111209417;16.555555555558172;4.888888888889497;79.05555555555819
1688374900;50.24999999958607;18.499999999994543;3.055555555551507;78.44444444444889
1688374901;49.9722222215496;24.555555555550896;2.999999999999787;76.11111111111515
1688374902;49.9166666659423;23.722222222219585;3.1666666666599923;73.38888888888908
1688374903;49.74999999912041;23.00000000000182;3.111111111108272;70.00000000000202
1688374904;49.80555555602122;25.944444444439796;3.3333333333353465;67.99999999999878
1688374905;49.30555555555556;31.111111111113132;3.111111111113331;67.44444444444122
1688374906;49.388888890906756;34.33333333333495;3.2222222222167574;66.1111111111091
1688374907;48.7499999994826;33.888888888890904;3.444444444443832;66.7777777777802
1688374908;48.86111111069719;33.722222222220594;3.2222222222167574;66.49999999999636
1688374909;48.61111111111111;31.333333333335148;3.3333333333353465;64.2777777777711
1688374910;48.722222223619205;26.66666666666768;3.3333333333353465;65.11111111110748
1688374911;48.47222222273962;27.666666666669286;3.2777777777785815;67.83333333333354
1688374912;48.555555555503815;29.055555555558172;3.444444444443832;72.88888888888829
1688374913;48.222222223153544;26.166666666666856;3.2222222222218164;77.11111111111171
1688374914;47.58333333302289;24.66666666666444;3.555555555552317;74.66666666666949
1688374915;47.13888888687102;23.49999999999757;3.3888888888921116;74.55555555555596
1688374916;47.00000000108654;25.83333333333131;3.666666666665847;75.72222222222283
1688374917;46.75000000150046;28.888888888887877;3.555555555557376;78.44444444444889
1688374918;46.861111111421536;29.2777777777802;3.1666666666650514;82.05555555555799
1688374919;46.33333333250549;27.500000000004036;3.2777777777735224;81.94444444444949
1688374920;46.44444444372008;26.000000000001606;3.3333333333353465;80.49999999999878
1688374921;46.55555555493467;24.611111111107675;3.166666666670096;79.11111111110989
1688374922;46.63888888769887;24.388888888890705;3.1666666666650514;78.94444444444464
1688374923;46.86111111142155;20.99999999999858;3.1666666666650514;82.72222222222405
1688374924;46.36111111224939;20.66666666666808;3.1666666666650514;84.55555555555192
1688374925;44.749999998344315;22.05555555555192;2.8888888888913016;87.05555555555091
1688374926;42.72222222061828;23.00000000000182;3.055555555556552;89.61111111110667
1688374927;40.027777778191684;21.66666666666464;3.166666666665037;91.66666666666667
1688374928;38.611111110852406;23.722222222219585;2.944444444448081;93.0555555555505
1688374929;36.66666666718407;26.222222222223635;3.055555555556566;93.38888888889112
1688374930;34.722222223515715;26.722222222224445;3.2222222222218164;93.72222222222162
1688374931;32.666666667339285;28.166666666665037;3.3888888888921116;93.8333333333301
1688374932;31.277777775863385;29.2777777777802;3.2222222222268613;94.05555555555212
1688374933;30.027777777932997;28.944444444444642;3.3888888888921116;94.11111111111394
1688374934;29.999999999482597;25.72222222222787;3.555555555552317;92.99999999999879
1688374935;29.000000001138275;21.49999999999939;3.3888888888921116;92.05555555555394
1688374936;26.972222222118745;22.388888888892524;3.500000000005656;92.05555555555394
1688374937;23.6666666667184;23.99999999999838;3.500000000000597;91.38888888888788
1688374938;20.52777777813995;26.9444444444414;3.3888888888870667;92.49999999999798
1688374939;17.111111110231533;29.444444444445452;3.3333333333303017;93.55555555555637
1688374940;13.916666666045785;29.388888888888687;3.3333333333303017;94.72222222222324
1688374941;10.500000000724356;32.33333333333171;3.2777777777785815;95.99999999999858
1688374942;7.38888888671579;32.72222222222403;3.111111111108272;96.94444444444343
1688374943;3.9722222226878756;32.99999999999777;2.8888888888913016;98.16666666666707
1688374944;3.3611111110076166;33.055555555554534;3.055555555556566;99.00000000000344
1688374945;6.1944444430991865;31.888888888887678;2.944444444443022;98.94444444444667
1688374946;9.888888889044097;27.944444444443022;3.111111111113331;99.77777777777798
1688374947;13.638888888009305;22.166666666670494;3.166666666665037;99.72222222222626
1688374948;17.63888888914758;23.777777777776365;2.944444444448081;99.61111111111273
1688374949;21.750000000206953;22.722222222223024;2.999999999999787;99.44444444444747
1688374950;25.777777777208627;21.49999999999939;3.2222222222218164;99.44444444444747
1688374951;29.500000001603937;20.444444444441004;3.3888888888921116;99.44444444444747
1688374952;30.50000000124176;23.111111111110304;3.3333333333353465;99.44444444444747
1688374953;31.888888888837144;22.27777777777898;3.2777777777735224;99.55555555555596
1688374954;32.416666669046705;25.055555555551706;4.944444444441203;99.55555555555596
1688374955;32.72222222165307;27.388888888890506;4.8333333333327175;99.61111111111273
1688374956;32.80555555700427;31.444444444438574;4.7777777777810115;99.66666666666444
1688374957;30.49999999994826;26.99999999999818;4.888888888889483;99.77777777777798
1688374958;26.861111112197648;26.666666666667666;4.666666666672526;99.94444444444323
1688374959;26.55555555700427;27.222222222220196;4.777777777770893;99.88888888888647
1688374960;26.3055555548312;27.999999999999787;4.666666666662422;99.88888888888647
1688374961;28.999999999844775;29.500000000002217;4.833333333327673;99.88888888888647
1688374962;27.36111111007631;29.777777777775952;4.666666666667467;99.88888888888647
1688374963;27.416666665683607;26.888888888889696;3.2222222222268613;99.83333333333475
1688374964;27.08333333333333;24.77777777777797;3.3333333333303017;99.72222222222626
1688374965;27.27777777601861;22.833333333336554;3.111111111108272;99.6666666666695
1688374966;28.249999999793047;27.388888888890506;3.111111111108272;99.55555555555596
1688374967;27.972222221756553;32.22222222222322;3.166666666665037;99.55555555555596
1688374968;24.38888888961324;30.944444444447868;2.8333333333395956;99.61111111111273
1688374969;24.805555554727704;31.777777777779193;2.7222222222210064;99.55555555555596
1688374970;23.6666666654249;35.388888888888275;2.7777777777777715;99.33333333333394
1688374971;22.33333333214331;41.222222222222626;3.055555555556566;99.33333333333394
1688374972;18.44444444351312;45.94444444444687;2.7777777777727124;99.44444444444242
1688374973;14.55555555617643;49.055555555560204;2.666666666669286;99.55555555555091
1688374974;10.388888889509772;47.22222222222222;2.7777777777828305;99.16666666666363
1688374975;7.833333334161168;45.444444444441004;2.944444444448081;99.27777777777717
1688374976;7.75000000139697;43.22222222222081;3.111111111108272;99.22222222222041
1688374977;7.555555554831187;41.44444444444464;3.055555555556566;97.72222222222302
1688374978;3.5000000019661286;42.72222222222;3.111111111113331;97.7777777777798
1688374979;1.1388888893028053;34.444444444443434;2.944444444448081;97.94444444444505
1688374980;1.0833333349890069;28.833333333331097;3.055555555551507;97.88888888888829
1688374981;0.9444444453240237;23.888888888884836;3.2222222222268613;97.50000000000101
1688374982;1.0277777767947072;20.888888888890094;3.166666666665037;97.38888888889252
1688374983;1.0833333336955064;20.7222222222198;3.444444444443832;97.50000000000101
1688374984;1.1111111108524057;20.722222222224843;3.2222222222167574;97.33333333333576
1688374985;0.9444444427370087;18.166666666669087;3.111111111113331;97.38888888889252
1688374986;1.0277777767947072;20.277777777775754;3.2777777777735224;98.8888888888899
1688374987;0.9999999996378222;16.722222222223422;3.444444444443832;98.8888888888899
1688374988;0.999999999637808;16.666666666666657;3.3333333333353465;98.72222222222464
1688374989;0.999999999637808;17.000000000002217;3.166666666665037;98.61111111111111
1688374990;0.9722222224809229;20.055555555558783;3.2222222222218164;98.94444444444161
1688374991;0.9722222224809229;21.222222222220594;3.611111111109082;98.99999999999838
1688374992;0.9444444440305233;21.83333333333495;3.444444444443832;99.22222222222041
1688374993;0.8611111099728248;19.222222222222413;3.3888888888921116;99.33333333332888
1688374994;0.9444444440305233;22.111111111108684;3.111111111113331;99.33333333332888
1688374995;0.9722222224809229;27.49999999999899;4.999999999997968;99.16666666666363
1688374996;0.805555554365526;32.66666666666727;5.000000000003027;99.11111111110687
1688374997;0.7222222228948283;32.6111111111105;5.055555555554747;99.22222222222041
1688374998;0.9166666668736241;32.49999999999696;5.000000000003027;99.11111111111192
1688374999;0.9722222224809087;32.55555555555374;4.888888888884438;99.05555555555515
1688375000;1.1111111108524057;34.16666666666464;4.8333333333327175;98.83333333333313
1688375001;1.0833333336955064;35.50000000000182;4.8333333333327175;98.94444444444667
1688375002;1.166666667753205;38.11111111111434;4.944444444446262;99.00000000000344
1688375003;1.2500000018109034;35.00000000000101;5.222222222214938;98.94444444444667
1688375004;1.0833333336955064;28.61111111111414;3.111111111113331;99.11111111111192
1688375005;1.3333333358685877;27.611111111107476;3.2777777777785815;99.16666666666869
1688375006;1.2222222233604896;31.611111111113928;3.3888888888870667;99.16666666666363
1688375007;1.166666667753205;31.277777777783427;3.3333333333303017;99.33333333333394
1688375008;1.1944444436165895;28.38888888889211;3.166666666670096;99.3888888888907
1688375009;1.1388888893028053;27.66666666666424;2.944444444448081;99.49999999999919
1688375010;0.999999999637808;29.999999999997982;3.2222222222218164;99.44444444444242
1688375011;1.0277777780882076;36.33333333333313;3.2222222222167574;99.27777777777717
1688375012;0.9444444440305233;36.99999999999919;3.166666666670096;99.11111111111192
1688375013;1.0277777780882076;35.277777777774745;3.2777777777735224;99.11111111111192
1688375014;1.1388888880093049;33.16666666666808;2.8888888888862567;98.83333333333313
1688375015;1.3333333319880865;29.944444444441203;3.8888888888929216;98.94444444444667
1688375016;1.1388888880092907;31.500000000000398;3.8888888888929216;99.05555555555515
1688375017;1.083333332402006;31.166666666664838;3.944444444444642;99.11111111111192
1688375018;1.0555555539516064;30.499999999998778;3.8888888888878768;99.22222222222041
1688375019;1.1388888880093049;27.11111111111171;3.611111111109082;98.77777777778141
1688375020;1.1666666664596903;18.999999999995353;3.7777777777793915;98.77777777777636
1688375021;1.0833333311084914;19.646823633939064;3.7777777777793915;98.8888888888899
1688375022;1.1111111108524057;20.500000000002828;3.7777777777844364;98.8888888888899
1688375023;0.9444444427370087;18.055555555555557;3.8888888888878768;99.16666666666869
1688375024;0.8888888897167249;17.499999999997968;2.7777777777727266;99.05555555555515
1688375025;0.9444444440305233;16.166666666665847;2.944444444443022;98.99999999999838
1688375026;0.8888888897167249;16.555555555558172;3.166666666670096;98.94444444444667
1688375027;0.8333333354029406;14.666666666668476;3.166666666665037;98.72222222222464
1688375028;0.9444444453240237;14.666666666663431;3.055555555556566;99.16666666666363
1688375029;0.8611111099728248;18.555555555561412;2.8888888888913016;99.22222222222545
1688375030;0.8055555556590264;20.52023121387687;3.2222222222218164;99.33333333333394
1688375031;0.8055555556590264;24.388888888885646;3.444444444443832;99.33333333333394
1688375032;0.8888888897167249;27.833333333339596;3.3888888888921116;99.33333333333394
1688375033;0.8055555543655402;28.38888888889211;3.611111111114141;99.3888888888907
1688375034;0.9444444453240237;31.49999999999534;4.611111111110702;99.44444444444747
1688375035;0.9444444453240237;34.49999999999514;4.555555555553937;99.44444444444242
1688375036;1.0555555552451068;40.11111111111252;4.666666666667467;99.7222222222212
1688375037;0.9444444440305091;42.5555555555598;4.666666666667467;99.77777777777798
1688375038;0.9166666681671245;37.777777777773736;4.444444444440393;99.88888888888647
1688375039;1.027777779381708;38.16666666666606;4.111111111109892;99.77777777777293
1688375040;1.0833333336955064;37.11111111111273;4.166666666666657;99.77777777777293
1688375041;0.9722222237744234;37.0555555555509;4.2777777777751425;99.77777777777293
1688375042;1.0555555565386072;39.66666666666343;4.111111111109892;99.83333333332969
1688375043;0.999999999637808;40.555555555556566;3.000000000004846;99.77777777777293
1688375044;0.9722222211874225;38.94444444444565;2.8888888888862567;99.83333333332969
1688375045;0.999999999637808;33.83333333333414;2.8333333333345365;99.77777777777798
1688375046;1.0000000009313084;30.777777777772513;2.999999999999787;99.66666666666444
1688375047;1.055555552658106;30.666666666664028;3.2222222222268613;99.61111111110768
1688375048;0.9444444440305091;27.055555555554946;3.055555555556566;99.7222222222212
1688375049;0.9166666655801095;24.11111111111191;2.7222222222210064;99.49999999999919
1688375050;0.888888887129724;24.388888888890705;2.8888888888913016;99.44444444444747
1688375051;0.8888888884232244;21.777777777778184;3.111111111108272;99.44444444444747
1688375052;0.8055555556590264;19.722222222223223;3.166666666665037;99.50000000000425
1688375053;0.9166666655801095;18.055555555555557;3.2222222222268613;99.44444444445253
1688375054;0.8055555556590264;22.388888888887465;3.166666666665037;99.33333333333394
1688375055;0.8333333328159256;26.555555555559195;3.2222222222218164;99.33333333333394
1688375056;0.9166666681671245;26.94444444444646;3.2222222222218164;99.22222222222545
1688375057;0.9444444440305091;27.66666666666424;3.3888888888870667;99.22222222222545
1688375058;0.9444444453240237;28.944444444444642;3.3888888888870667;99.44444444444747
1688375059;1.0555555565386072;27.49999999999899;3.2222222222167574;99.49999999999919
1688375060;1.0277777780882076;29.055555555558172;3.2222222222268613;99.49999999999919
1688375061;1.0833333336955064;35.49999999999676;3.2777777777785815;99.49999999999919
1688375062;1.0555555578321076;37.77777777777877;3.3333333333303017;99.55555555555091
1688375063;0.9444444440305233;33.2222222222198;3.444444444443832;99.66666666666444
1688375064;0.9722222211874083;33.44444444444686;3.2222222222218164;99.55555555555596
1688375065;0.833333334109426;36.05555555555433;3.2222222222218164;99.7222222222212
1688375066;0.9166666668736241;38.888888888888886;5.111111111111512;99.49999999999919
1688375067;0.9444444440305233;39.99999999999899;5.555555555555543;99.49999999999919
1688375068;0.833333334109426;38.055555555557575;5.444444444447058;99.22222222222041
1688375069;0.9166666655801237;36.49999999999838;5.222222222219997;99.05555555555515
1688375070;0.8611111112663252;28.27777777778364;5.2777777777767625;99.05555555555515
1688375071;0.8055555556590264;26.222222222223635;5.3333333333335275;99.05555555555515
1688375072;1.0277777780882218;26.16666666666687;5.166666666663232;99.11111111111192
1688375073;1.0000000009313084;21.777777777778184;5.2777777777818216;99.22222222222545
1688375074;1.0555555565386072;18.777777777778383;5.111111111106453;99.22222222222545
1688375075;1.0277777780882076;19.055555555557163;3.444444444448891;99.44444444444747
1688375076;1.0000000009313226;18.222222222225852;3.166666666670096;99.44444444444747
1688375077;0.888888887129724;18.444444444442823;3.166666666670096;99.6666666666695
1688375078;0.8888888910102253;17.222222222224232;3.111111111108272;99.61111111111273
1688375079;0.8611111099728248;18.055555555550498;2.7777777777727124;99.3888888888907
1688375080;0.999999999637808;19.500000000001208;2.8333333333345365;99.3888888888907
1688375081;0.7777777797956418;25.166666666670295;3.000000000004846;99.3888888888907
1688375082;0.9166666668736241;27.999999999999787;2.8888888888862567;99.49999999999919
1688375083;0.7500000000517275;28.333333333335347;4.000000000001407;99.49999999999919
1688375084;0.8611111112663252;24.888888888891515;3.666666666665847;98.27777777777555
1688375085;0.8055555543655402;22.83333333333151;3.7222222222226122;96.05555555555536
1688375086;0.9722222237744234;26.66666666666262;3.7777777777743324;95.22222222221899
1688375087;1.7777777755529485;28.611111111109082;3.8888888888929216;94.83333333333172
1688375088;6.416666666821882;28.72222222222767;3.944444444449701;94.83333333333172
1688375089;10.611111110645439;31.611111111108883;3.7222222222175674;94.72222222222324
1688375090;15.138888886819274;28.666666666665847;3.944444444444642;94.72222222222324
1688375091;19.666666668167124;27.277777777771917;4.111111111114951;94.66666666666646
1688375092;23.999999999068677;28.444444444443832;3.111111111113331;94.66666666666646
1688375093;28.08333333297115;29.777777777775952;3.111111111108272;95.83333333333333
1688375094;32.27777777808821;32.00000000000121;2.944444444443022;98.05555555555354
1688375095;36.72222222020436;28.666666666670906;3.166666666670096;98.8888888888899
1688375096;40.11111111224939;28.16666666666505;3.055555555551507;99.49999999999919
1688375097;39.58333333333333;27.666666666659182;3.7777777777743324;99.7222222222212
1688375098;39.77777777860562;24.222222222225454;3.7777777777844364;99.83333333332969
1688375099;39.86111111136981;21.38888888888586;3.444444444443832;99.7222222222212
1688375100;39.52777777643253;25.000000000005045;3.6666666666608023;99.6666666666695
1688375101;38.694444443616604;28.27777777777858;3.8333333333361566;99.6666666666695
1688375102;35.63888889038934;31.777777777779193;3.8888888888878768;99.72222222222626
1688375103;35.472222222273956;33.944444444442624;4.055555555553127;99.61111111111273
1688375104;34.055555556228185;34.27777777777817;3.7777777777743324;99.6666666666695
1688375105;33.72222222129089;34.55555555556202;4.000000000001407;99.61111111111273
1688375106;33.91666666785669;37.61111111111353;3.500000000000597;99.61111111111273
1688375107;33.08333333245375;41.4444444444396;3.499999999995552;99.61111111111273
1688375108;31.833333333229845;41.7777777777802;3.7222222222226122;99.7222222222212
1688375109;30.305555555969477;36.388888888889895;3.444444444443832;99.83333333332969
1688375110;31.055555556021204;35.66666666666201;3.3888888888870667;99.83333333332969
1688375111;34.05555555364117;35.111111111104435;3.8333333333310975;99.77777777777293
1688375112;33.74999999844779;30.833333333329293;3.555555555557376;99.88888888888647
1688375113;34.77777777782951;32.44444444444525;3.666666666665847;99.88888888888647
1688375114;33.58333333550641;32.66666666666727;3.444444444443832;99.94444444444323
1688375115;33.44444444454791;30.166666666668277;3.444444444448891;99.83333333332969
1688375116;33.94444444372007;28.3333333333303;3.6666666666709062;99.83333333332969
1688375117;34.638888888164516;29.944444444446262;3.2777777777785815;99.7222222222212
1688375118;32.55555555612469;34.722222222222214;3.3888888888921116;99.7222222222212
1688375119;32.611111111732;30.388888888890293;3.3333333333303017;99.61111111110768
1688375120;30.97222222196352;27.88888888889636;3.111111111113331;99.44444444444242
1688375121;27.38888888982021;27.555555555555756;3.2777777777785815;99.44444444444242
1688375122;23.305555555917735;26.44444444444565;3.2777777777785815;99.38888888888566
1688375123;20.555555554003348;26.99999999999818;3.444444444448891;99.22222222222041
1688375124;20.166666666045785;25.555555555557575;3.2777777777735224;99.27777777777717
1688375125;19.75000000093131;22.9444444444501;3.1666666666599923;99.16666666666869
1688375126;19.888888890596306;21.111111111107064;3.3333333333303017;99.16666666666869
1688375127;23.5833333326607;16.444444444439583;3.111111111108272;99.0555555555602
1688375128;23.388888887388433;16.7777777777802;3.2222222222218164;99.16666666667373
1688375129;24.861111112922003;22.22222222221717;2.8333333333345365;99.38888888889576
1688375130;29.333333334782054;28.833333333336157;2.999999999999787;99.333333333339
1688375131;32.58333333198807;32.33333333333171;3.055555555556566;99.27777777778222
1688375132;32.75000000010347;32.33333333333171;2.944444444437977;99.44444444444747
1688375133;29.083333332608973;32.72222222222403;3.111111111113331;99.50000000000425
1688375134;25.361111110800664;35.888888888889085;3.055555555556566;99.61111111111273
1688375135;23.25000000031045;37.222222222226264;3.000000000004846;99.7222222222212
1688375136;22.999999999430855;37.722222222222015;3.3333333333353465;99.83333333332969
1688375137;23.333333333074634;38.0000000000008;3.111111111113331;99.83333333332969
1688375138;24.08333333183286;30.611111111112322;3.2777777777735224;99.83333333332969
1688375139;23.916666666304494;26.33333333333212;4.7777777777759525;99.77777777777798
1688375140;25.0277777784504;23.222222222218775;4.7777777777759525;99.88888888889151
1688375141;29.527777777467335;26.11111111111009;4.888888888889497;99.83333333333475
1688375142;33.08333333245375;28.777777777774332;4.7777777777759525;99.83333333333475
1688375143;33.41666666609751;26.388888888883827;4.7777777777810115;99.83333333333475
1688375144;35.472222222273956;25.16666666666525;4.666666666662422;99.77777777777798
1688375145;35.63888888909584;25.388888888892325;4.555555555553937;99.66666666666444
1688375146;35.33333333260896;29.944444444441203;4.944444444441203;99.66666666666444
1688375147;33.41666666739103;32.11111111110969;5.055555555559792;99.61111111110768
1688375148;29.277777776587754;29.777777777775952;3.3888888888870667;99.72222222221616
1688375149;28.444444443771815;28.27777777778364;3.166666666665037;99.49999999999415
1688375150;28.249999999793033;24.611111111107675;3.166666666665037;99.05555555555515
1688375151;29.361111111938953;21.944444444443434;3.2777777777785815;99.05555555555515
1688375152;33.11111111219766;21.111111111112123;3.2777777777785815;98.99999999999838
1688375153;33.33333333333333;24.222222222220395;5.666666666669087;98.99999999999838
1688375154;33.77777777689819;23.444444444440805;5.444444444442013;98.55555555555435
1688375155;33.97222222475749;23.055555555558584;5.000000000003027;98.38888888888908
1688375156;35.194444444237476;24.49999999999919;5.111111111111512;98.44444444444586
1688375157;39.250000000983064;24.500000000004235;5.166666666663232;98.44444444444586
1688375158;39.83333333421292;27.722222222221006;5.166666666668277;98.61111111111111
1688375159;39.36111111090415;26.2777777777804;5.055555555559792;99.11111111110687
1688375160;35.41666666666666;30.777777777777573;5.166666666668277;99.0555555555501
1688375161;31.2222222228431;35.555555555558584;5.222222222219997;98.99999999999838
1688375162;26.91666666521793;35.388888888888275;3.111111111108272;99.05555555555515
1688375163;22.250000001966114;36.16666666666788;3.111111111118376;99.61111111111273
1688375164;17.99999999994826;31.888888888887678;3.166666666665037;99.77777777777798
1688375165;14.055555555710768;29.111111111109892;2.944444444448081;99.7222222222212
1688375166;9.861111110593697;30.388888888885248;3.166666666670096;99.7222222222212
1688375167;5.555555556849043;27.388888888885447;3.111111111113331;99.77777777777798
1688375168;1.5833333354546681;27.44444444444727;3.055555555551507;99.6666666666695
1688375169;0.8888888884232244;23.83333333333313;2.7777777777777715;99.72222222222626
1688375170;1.0277777767947072;20.94444444444686;2.6666666666743453;99.7222222222212
1688375171;1.0000000009313084;19.722222222223223;3.111111111118376;99.7222222222212
1688375172;0.9722222211874083;20.555555555554534;3.2777777777684776;99.7222222222212
1688375173;1.0277777767947072;22.055555555556964;3.2777777777785815;99.7222222222212
1688375174;3.888888888630177;21.83333333333495;3.3333333333252426;99.6666666666695
1688375175;8.361111111783728;22.166666666670494;2.8333333333345365;99.44444444444747
1688375176;12.694444443978782;25.16666666666525;4.999999999997968;99.3888888888907
1688375177;16.749999998137355;25.3333333333305;5.000000000008072;99.49999999999919
1688375178;20.52777777813995;25;5.055555555544629;99.3888888888907
1688375179;24.416666666770155;22.83333333333151;5.111111111101408;99.50000000000425
1688375180;28.722222220514794;24.222222222225454;4.555555555543833;99.50000000000425
1688375181;33.05555555529685;24.888888888891515;4.8333333333478805;99.50000000000425
1688375182;37.19444444480662;27.722222222221006;4.833333333327673;99.50000000000425
1688375183;39.000000000103476;29.2777777777802;5.055555555564851;99.55555555555596
1688375184;38.83333333198809;29.2777777777802;5.166666666668277;99.77777777777798
1688375185;39.24999999968956;27.72222222222605;3.000000000004846;99.83333333333475
1688375186;39.7777777786056;28.833333333336157;3.3333333333252426;99.61111111111273
1688375187;39.80555555576251;29.944444444446262;3.2222222222319203;99.7222222222212
1688375188;40.0555555553486;29.555555555553937;3.111111111108272;99.7222222222212
1688375189;40.25000000062088;28.666666666665847;3.2222222222319203;99.7222222222212
1688375190;40.41666666744277;28.27777777777858;2.7777777777777715;99.7222222222212
1688375191;40.77777777694993;26.555555555554136;3.3333333333454505;99.7222222222212
1688375192;39.05555555441727;24.444444444442425;3.055555555551507;99.77777777777798
1688375193;35.86111111152502;23.83333333333313;3.2777777777785815;99.77777777777798
1688375194;35.472222222273956;23.222222222223834;3.3888888888820077;99.49999999999919
1688375195;35.33333333260897;24.944444444443235;3.111111111118376;99.7222222222212
1688375196;35.41666666666666;27.111111111106666;3.3888888888921116;99.7222222222212
1688375197;34.22222222175655;29.944444444446262;3.555555555562421;99.7222222222212
1688375198;34.36111111142155;33.49999999999858;3.500000000005656;99.6666666666695
1688375199;34.08333333209157;33.2222222222198;3.555555555542213;99.6666666666695
1688375200;33.91666666785669;31.555555555557163;2.999999999994742;99.6666666666695
1688375201;32.444444444910104;34.222222222221404;3.444444444448891;99.6666666666695
1688375202;35.777777778760836;33.33333333332827;3.1666666666650514;99.55555555555596
1688375203;36.277777777933;34.33333333332989;3.3333333333353465;99.83333333333475
1688375204;36.194444445168806;31.388888888886868;3.3333333333252426;99.83333333333475
1688375205;36.58333333312637;27.666666666669286;3.1666666666650514;99.83333333333475
1688375206;36.74999999994826;25.555555555552516;3.2777777777785815;99.83333333333475
1688375207;32.55555555483119;20.777777777776564;3.3333333333252426;99.88888888888647
1688375208;32.22222222377442;22.16666666667051;3.2222222222319203;99.88888888888647
1688375209;32.49999999922389;26.16666666666687;3.499999999995552;99.88888888888647
1688375210;35.50000000201787;25.61111111111434;3.055555555551507;99.83333333332969
1688375211;35.13888888733668;25.66666666666606;3.499999999995552;99.94444444444323
1688375212;34.694444443771815;29.166666666666657;3.444444444448891;99.94444444444323
1688375213;34.19444444589317;29.833333333337777;3.444444444448891;99.94444444444323
1688375214;34.416666667028835;32.72222222222403;3.3888888888921116;99.94444444444323
1688375215;35.38888888950977;33.888888888890904;3.3333333333252426;99.94444444444323
1688375216;38.30555555695254;38.00000000000081;5.055555555554747;99.94444444444323
1688375217;35.55555555374464;35.222222222223024;5.222222222214938;99.94444444444323
1688375218;33.58333333291941;30.222222222219997;5.000000000008086;99.55555555555596
1688375219;29.02777777570816;27.833333333334537;4.944444444441203;98.44444444444586
1688375220;24.833333334471618;28.38888888889211;4.666666666677571;96.88888888889171
1688375221;20.611111112197662;23.00000000000182;4.777777777770893;95.77777777778162
1688375222;16.77777777658774;22.49999999999595;4.7777777777810115;95.77777777778162
1688375223;12.388888888785402;22.72222222221798;4.833333333327673;94.72222222222324
1688375224;13.222222222894843;21.11111111111211;4.611111111120806;94.22222222222243
1688375225;14.55555555617643;20.500000000002828;2.7777777777777715;94.22222222222243
1688375226;17.86111111157676;24.833333333334735;2.8888888888913016;94.16666666667071
1688375227;19.583333335402926;25.77777777777959;3.000000000004846;94.55555555555799
1688375228;24.277777777105143;30.055555555554747;3.055555555551507;95.66666666666808
1688375229;28.38888888945803;31.888888888887678;3.055555555551507;97.22222222222223
1688375230;32.94444444408225;35.99999999999757;2.7222222222311103;98.22222222221879
1688375231;37.4444444456862;39.77777777777697;3.166666666665037;97.99999999999676
1688375232;41.555555556745574;36.77777777778222;3.3888888888921116;99.05555555555515
1688375233;40.52777777736385;38.38888888888303;3.3888888888921116;99.44444444444747
1688375234;40.66666666573534;36.22222222221959;3.3888888888820077;99.3888888888907
1688375235;40.61111111142155;31.777777777774133;3.166666666665037;99.44444444444242
1688375236;40.972222220928714;31.500000000000398;3.2777777777684776;99.16666666665859
1688375237;40.63888888987195;31.444444444443633;3.555555555562421;99.05555555555515
1688375238;39.36111111090415;34.61111111111373;3.499999999995552;98.16666666666707
1688375239;34.83333333343681;31.888888888892723;3.7777777777793915;93.88888888889193
1688375240;34.083333332091556;31.444444444443633;3.2777777777785815;91.22222222222263
1688375241;34.30555555452075;30.999999999999588;3.3333333333353465;91.22222222222263
1688375242;35.05555555457249;29.777777777786056;3.499999999985448;91.1111111111091
1688375243;34.916666667494496;27.16666666666343;3.500000000005656;90.99999999999555
1688375244;35.05555555586599;29.111111111109892;3.555555555562421;90.77777777777354
1688375245;35.194444444237476;31.277777777778383;3.3333333333252426;91.05555555555738
1688375246;35.277777779588675;32.444444444440194;3.3888888888921116;91.22222222221757
1688375247;33.80555555534859;34.8333333333307;3.611111111109082;92.11111111110566
1688375248;33.77777777689819;39.16666666666262;3.4444444444387727;96.49999999999434
1688375249;31.47222222113568;36.83333333333394;3.3333333333252426;99.38888888888566
1688375250;31.3055555543138;40.055555555555756;2.999999999994742;99.38888888888566
1688375251;31.52777777932998;46.8333333333299;3.2222222222218164;99.55555555555091
1688375252;31.444444442685267;52.22222222222525;3.2777777777785815;99.6666666666695
1688375253;31.472222221135667;56.166666666664845;3.4444444444387727;99.88888888889151
1688375254;29.722222222739617;53.61111111110909;3.3333333333454505;99.88888888889151
1688375255;29.749999998603016;48.50000000000263;2.999999999994742;99.49999999999919
1688375256;32.916666665631865;40.61111111110828;2.944444444448081;99.27777777777717
1688375257;37.36111111162851;34.888888888892524;2.999999999994742;99.11111111111192
1688375258;40.19444444501358;33.888888888890904;3.2222222222319203;99.11111111111192
1688375259;40.55555555710776;30.833333333334338;3.166666666665037;99.05555555555515
1688375260;40.083333332505475;23.94444444444666;2.8888888888913016;98.94444444444667
1688375261;40.13888889069979;19.166666666665648;3.166666666665037;98.94444444444161
1688375262;40.36111111183547;13.27777777777959;3.055555555561611;98.88888888888485
1688375263;41.94444444340964;17.166666666667467;3.111111111108272;98.83333333333313
1688375264;42.083333333074634;19.388888888887678;3.2777777777785815;99.22222222222545
1688375265;42.16666666842583;21.6666666666697;3.111111111118376;99.44444444444747
1688375266;42.08333333178113;21.777777777773125;3.2777777777785815;99.61111111111273
1688375267;40.027777778191705;22.611111111109494;3.3333333333353465;99.61111111111273
1688375268;35.444444443823556;24.44444444444241;3.3888888888921116;99.6666666666695
1688375269;31.027777778864305;26.16666666666181;3.2777777777785815;99.83333333333475
1688375270;26.44444444320267;28.055555555556566;2.888888888891316;99.88888888889151
1688375271;21.58333333338507;28.055555555556566;3.1666666666549332;99.94444444444828
1688375272;16.972222223153537;24.222222222220395;3.2777777777785815;100
1688375273;12.333333333178103;21.94444444444848;3.000000000004846;100
1688375274;7.66666666475227;22.16666666666545;2.944444444437977;100
1688375275;3.3611111123011312;21.777777777778184;2.7777777777777715;100
1688375276;0.9999999983443075;24.44444444444747;2.8888888888811977;100
1688375277;0.9722222237744234;25.16666666666525;2.944444444437977;100
1688375278;0.8333333315224252;23.61111111111616;2.944444444448081;99.83333333332969
1688375279;0.8888888884232244;21.277777777777374;3.000000000004846;99.7222222222212
1688375280;1.1388888893028053;21.16666666666889;2.6666666666642413;99.44444444444747
1688375281;0.8888888884232244;22.66666666666626;2.7222222222210064;99.33333333333394
1688375282;0.9722222237744091;22.888888888888275;2.999999999994742;99.22222222222041
1688375283;1.1388888918898061;21.055555555555344;3.111111111108272;99.11111111111192
1688375284;0.9722222224809087;21.61111111111292;3.000000000004846;99.05555555555515
1688375285;1.13888889059632;18.277777777777573;3.055555555551507;98.94444444444161
1688375286;0.9444444440305233;15.722222222226861;3.055555555561611;98.88888888888485
1688375287;1.19444444491009;15.222222222221006;3.3888888888921116;98.66666666667294
1688375288;1.111111112145906;15.277777777777771;3.2777777777684776;98.66666666666788
1688375289;0.8055555569525268;15.555555555556566;3.2222222222218164;98.94444444444161
1688375290;1.0555555565386072;13.833333333337166;3.111111111108272;98.94444444444667
1688375291;0.9722222211874083;13.83333333333212;3.1666666666751553;99.00000000000344
1688375292;0.7499999987582271;13.11111111111434;3.444444444448891;98.83333333333313
1688375293;0.9166666655801095;12.833333333335545;3.444444444448891;98.7222222222196
1688375294;0.8611111112663394;13.16666666666606;3.111111111118376;98.72222222222464
1688375295;0.9722222211874225;13.499999999996561;3.111111111108272;98.61111111111616
1688375296;0.8611111099728248;14.000000000002416;2.888888888891316;98.83333333332808
1688375297;0.8888888884232244;13.722222222218576;3.166666666665037;98.61111111111111
1688375298;0.8888888871297098;13.722222222218576;3.3333333333454505;98.44444444444586
1688375299;0.9444444440305233;13.94444444444565;3.2777777777785815;98.33333333333232
1688375300;1.0555555552451068;14.222222222224445;3.055555555551507;98.33333333333232
1688375301;1.166666665166204;14.722222222220196;2.7777777777676675;98.55555555555435
1688375302;1.0555555565386214;14.388888888884637;2.999999999994742;98.66666666666788
1688375303;0.999999999637808;13.83333333333212;3.111111111108272;98.72222222222464
1688375304;1.0555555552451068;14.000000000002416;3.3333333333353465;98.77777777777636
1688375305;0.9444444466175241;13.833333333327062;3.2222222222218164;98.77777777778141
1688375306;0.9444444453240237;14.44444444444646;3.166666666665037;99.11111111111192
1688375307;1.0000000009313084;14.166666666667666;3.166666666665037;99.27777777777717
1688375308;0.9166666668736241;14.111111111110901;3.4444444444387727;99.22222222222041
1688375309;0.7777777785021414;14.333333333332916;3.4444444444387727;99.11111111110687
1688375310;0.7777777785021414;14.611111111111711;3.3888888889022297;99.16666666666363
1688375311;0.9166666668736241;14.555555555554946;3.2777777777785815;99.22222222222041
1688375312;0.8611111112663394;14.555555555554946;3.444444444448891;99.11111111111192
1688375313;0.7777777785021414;13.888888888888886;3.3333333333353465;99.11111111111192
1688375314;0.888888887129724;14.333333333337976;3.3888888888820077;99.05555555555515
1688375315;1.0555555539516064;14.111111111110901;3.3888888888921116;99.05555555555515
1688375316;0.9999999983443075;15.222222222221006;3.2222222222218164;99.05555555555515
1688375317;0.8888888884232244;14.611111111106666;3.3333333333353465;99.33333333333394
1688375318;0.9444444427370087;13.722222222223635;3.2777777777785815;99.16666666667373
1688375319;0.9722222237744234;13.83333333333212;3.3333333333252426;99.16666666667373
1688375320;0.833333334109426;13.88888888889393;3.2222222222218164;99.16666666667373
1688375321;0.9444444453240237;14.111111111110901;3.1666666666650514;99.33333333333394
1688375322;1.0277777780882076;14.33333333333293;3.3333333333353465;99.44444444444747
1688375323;1.0555555565386214;14.222222222219386;3.2222222222218164;99.61111111111273
1688375324;0.7777777785021271;14.166666666667666;3.111111111118376;99.61111111111273
1688375325;0.833333334109426;13.61111111111515;3.2777777777785815;99.55555555555596
1688375326;0.8611111112663394;13.833333333337166;2.944444444448081;99.49999999999919
1688375327;0.9444444466175241;13.94444444444565;3.2222222222218164;99.72222222221616
1688375328;0.8611111112663394;12.722222222222015;3.166666666665037;99.38888888888566
1688375329;1.0000000009313226;12.33333333332969;3.2777777777785815;99.22222222221535
1688375330;0.8888888884232244;12.555555555556765;3.055555555551507;98.94444444444161
1688375331;0.9166666668736241;12.33333333333475;2.999999999994742;98.83333333332808
1688375332;0.8611111112663252;12.11111111111272;3.444444444448891;98.83333333332808
1688375333;0.9444444453240237;12.27777777777797;3.500000000005656;98.83333333332808
1688375334;0.999999999637808;11.8888888888806;3.3888888888820077;98.88888888888485
1688375335;1.0555555565386072;11.66666666666363;3.3333333333353465;98.94444444444161
1688375336;1.0277777767947072;12.888888888882207;3.2222222222218164;99.05555555555515
1688375337;1.0277777755012067;13.27777777777959;3.444444444448891;99.38888888888566
1688375338;0.8333333328159256;13.44444444444484;3.3333333333252426;99.55555555555596
1688375339;1.0277777780882076;12.94444444444403;3.2777777777785815;99.61111111111273
1688375340;0.9444444440305091;13.277777777774546;3.000000000004846;99.22222222222545
1688375341;1.0277777767947072;13.00000000000081;2.8333333333345365;98.94444444444667
1688375342;1.0555555552451068;13.555555555558385;2.9444444444379627;98.83333333333819
1688375343;1.111111112145906;14.38888888889474;2.8888888889014197;98.66666666667294
1688375344;0.888888887129724;14.777777777776961;2.944444444437977;98.5555555555594
1688375345;0.9166666681671387;13.611111111110091;2.8333333333345365;98.33333333333738
1688375346;0.9444444440305233;13.888888888888886;2.6666666666743453;98.33333333333738
1688375347;1.249999997930388;15.277777777777771;2.888888888891316;98.16666666667213
1688375348;0.9999999983443075;15.388888888891316;3.055555555561611;98.38888888888908
1688375349;1.0833333336955064;15.055555555555756;3.111111111108272;98.83333333333313
1688375350;1.0000000009313084;17.111111111105643;2.8888888888811977;98.72222222222464
1688375351;0.9444444440305233;16.166666666665847;2.8888888888811977;98.77777777777636
1688375352;1.0000000009313084;15.944444444443832;3.499999999995552;98.7777777777713
1688375353;1.166666667753205;15.777777777778581;3.50000000001576;98.66666666666788
1688375354;1.194444442323089;15.722222222221816;3.3333333333353465;98.49999999999757
1688375355;1.111111112145906;16.555555555558172;3.2777777777785815;98.1111111111103
1688375356;0.9444444453240237;15.333333333334537;3.1666666666650514;98.16666666666202
1688375357;1.0277777780882218;15.333333333329492;3.3888888888921116;98.16666666666202
1688375358;0.9444444440305233;15.833333333330302;3.2222222222218164;98.22222222221879
1688375359;1.0000000009313084;13.722222222223635;3.3888888888921116;98.66666666666282
1688375360;1.0000000009313084;14.666666666668476;3.111111111118376;98.55555555555435
1688375361;0.9166666655801095;15.166666666664241;2.7222222222210064;98.74146875000238
1688375362;-2.166666667391027;18.222222222225852;0.3888888888771618;98.81723747814218
1688375363;0.9444444440305091;18.333333333334338;3.2777777777785815;99.11111111111192
1688375364;0.999999999637808;17.499999999997968;3.4444444444387727;99.22222222222041
1688375365;0.8611111112663394;16.944444444445452;3.3333333333353465;99.22222222222545
1688375366;0.8888888910102253;18.666666666664838;2.9444444444379627;99.22222222222545
1688375367;0.9999999996378222;23.166666666672114;3.500000000005656;99.22222222222545
1688375368;0.9999999983443075;25.61111111111434;6.8333333333308985;99.22222222222545
1688375369;1.111111109558891;24.83333333333475;6.944444444444443;99.333333333339
1688375370;0.999999999637808;24.16666666666869;6.666666666660603;99.47580519101723
1688375371;4.166666666666671;20.944444444441814;9.111111111117978;99.21469131328259
1688375372;1.0000000009313084;20.777777777776564;6.722222222227472;99.05555555555515
1688375373;0.9444444453240095;20.66666666666302;6.611111111103824;99.00000000000344
1688375374;0.9722222224809229;22.611111111109494;6.777777777784237;98.77777777777636
1688375375;1.0277777767947072;21.16666666666889;6.944444444444443;98.77777777777636
1688375376;0.9722222224809229;15.722222222221816;6.722222222217368;98.7222222222196
1688375377;0.9166666668736241;13.611111111110091;3.4444444444488767;98.50000000000263
1688375378;0.833333334109426;13.777777777775341;3.4444444444387727;98.33333333333232
1688375379;0.9444444453240237;13.444444444439796;3.555555555562421;98.27777777777555
1688375380;0.8611111112663252;14.055555555554136;3.499999999995552;98.49999999999757
1688375381;0.9166666668736241;13.888888888888886;3.1666666666549332;98.72222222222464
1688375382;0.9166666668736241;14.000000000002416;3.2222222222319203;98.77777777777636
1688375383;0.9444444440305233;12.722222222222015;3.1666666666549332;99.05555555555515
1688375384;0.9444444427370087;13.94444444444565;3.166666666665037;98.77777777777636
1688375385;0.8611111099728248;14.388888888889696;3.000000000004846;98.83333333333313
1688375386;0.9444444453240237;14.44444444444646;2.7777777777777715;99.0555555555501
1688375387;0.9722222224809087;14.333333333327872;3.111111111118376;99.27777777777212
1688375388;0.9166666655801095;14.055555555559181;2.999999999994742;99.38888888888566
1688375389;0.9166666668736241;14.000000000002416;3.055555555561611;99.27777777777717
1688375390;0.8611111112663252;15.166666666669286;2.999999999994742;99.16666666666363
1688375391;0.9444444440305233;15.111111111112521;3.111111111108272;99.27777777777717
1688375392;0.9444444440305091;15.055555555555756;3.2777777777785815;99.05555555555515
1688375393;1.0277777780882076;13.777777777775341;3.2222222222218164;98.99999999999838
1688375394;1.0833333336955064;14.333333333327872;3.1666666666650514;97.50000000000101
1688375395;0.9722222224809229;14.499999999998181;3.3888888888921116;95.7222222222198
1688375396;0.8611111112663252;14.833333333338786;2.999999999994742;95.66666666666808
1688375397;0.9444444440305091;15.055555555555756;3.3888888888921116;95.33333333333758
1688375398;0.9444444440305091;16.7777777777802;3.2777777777684776;95.33333333333252
1688375399;1.0277777780882076;15.333333333334537;3.3888888889022297;95.16666666666727
1688375400;0.9444444440305233;15.333333333334537;3.055555555551507;95.22222222222405
1688375401;0.9722222224809229;14.888888888890506;3.000000000004846;95.00000000000202
1688375402;0.9444444453240237;16.05555555556242;3.2777777777886854;95.16666666667233
1688375403;0.8611111125598256;16.444444444444642;3.3333333333353465;96.6666666666697
1688375404;0.8888888897167391;16.500000000001407;3.2222222222117125;98.38888888889414
1688375405;0.999999999637808;16.444444444439583;3.2777777777785815;95.5555555555596
1688375406;1.0277777767947072;16.388888888887877;3.055555555561611;95.33333333333252
1688375407;0.9166666668736241;14.611111111106652;3.2222222222218164;95.33333333333252
1688375408;0.888888887129724;14.999999999998991;3.111111111108272;95.55555555555455
1688375409;0.8888888897167249;14.388888888884637;3.2777777777785815;95.66666666666303
1688375410;0.833333334109426;16.27777777777939;3.111111111118376;95.94444444444687
1688375411;0.8055555543655402;18.055555555550498;3.111111111098168;95.7222222222198
1688375412;0.8611111099728248;19.722222222223223;3.2777777777785815;95.3888888888893
1688375413;0.8611111099728248;19.166666666665648;3.2777777777886854;95.16666666666222
1688375414;0.8333333328159398;18.611111111113132;3.2222222222218164;97.99999999999676
1688375415;0.7500000013452421;18.555555555556353;3.1666666666549332;98.38888888888908
1688375416;0.8611111099728248;18.277777777777573;3.055555555561611;97.77777777777474
1688375417;0.7777777785021271;18.444444444447868;3.3333333333353465;97.55555555555777
1688375418;0.916666664286609;22.222222222227273;3.1666666666650514;97.27777777778404
1688375419;0.916666664286609;25.055555555551706;3.1666666666650514;97.3333333333307
1688375420;0.8888888897167391;24.49999999999919;2.8333333333345365;97.66666666667132
1688375421;0.8611111112663252;21.777777777778184;2.666666666664227;98.00000000000182
1688375422;0.8888888871297098;21.88888888888667;2.7777777777676675;97.88888888889333
1688375423;0.9444444453240237;24.000000000003425;3.000000000004846;97.77777777777474
1688375424;0.9166666668736241;27.388888888890506;3.000000000004846;97.83333333333151
1688375425;0.9444444440305233;30.555555555555543;2.999999999994742;98.44444444444586
1688375426;1.0555555565386072;35.111111111109494;2.8333333333244326;98.16666666666707
1688375427;0.833333334109426;35.277777777774745;3.000000000004846;98.33333333332727
1688375428;1.027777779381708;32.388888888888474;3.111111111108272;98.05555555555354
1688375429;0.9722222211874225;34.1666666666697;3.2222222222218164;98.05555555554848
1688375430;0.8888888884232244;34.944444444444244;3.166666666665037;97.88888888888323
1688375431;0.9444444453240237;35.11111111111454;3.055555555561611;97.77777777777474
1688375432;0.9166666655801237;33.27777777777656;2.8888888888913016;97.66666666667132
1688375433;0.8888888884232244;32.38888888888343;3.111111111108272;96.11111111111212
1688375434;0.8611111125598256;36.77777777778222;3.055555555561611;90.83333333333536
1688375435;0.9166666668736241;34.11111111111293;3.055555555561611;86.27777777778141
1688375436;1.027777779381708;30.388888888890293;2.8888888888913016;85.72222222222383
1688375437;0.8888888897167391;28.833333333336157;2.999999999994742;86.0555555555594
1688375438;0.9722222224809087;24.27777777777716;3.2222222222218164;85.6111111111103
1688375439;0.9722222224809229;23.388888888889085;3.1666666666650514;85.38888888888829
1688375440;0.9166666668736241;25;2.999999999994742;85.66666666666707
1688375441;0.9444444440305233;29.444444444445452;3.2222222222218164;85.9444444444408
1688375442;0.9722222224809229;27.388888888890506;3.055555555551507;87.55555555555172
1688375443;0.9166666668736241;19.611111111109693;3.3333333333353465;92.88888888888525
1688375444;0.7777777759151405;18.166666666664028;3.2777777777785815;97.99999999999172
1688375445;0.805555554365526;20.88888888888505;3.2777777777684776;98.55555555555435
1688375446;0.9166666655801237;27.11111111111171;3.111111111118376;98.11111111110525
1688375447;0.8333333328159256;33.055555555554534;3.055555555561611;98.61111111111111
1688375448;0.8888888884232244;32.83333333333758;3.2777777777684776;98.99999999999838
1688375449;0.9166666668736241;30.944444444442823;3.555555555562421;98.77777777778141
1688375450;0.8611111112663394;27.49999999999899;3.2777777777785815;98.33333333333738
1688375451;0.9166666668736241;31.555555555557163;3.2222222222319203;98.33333333333738
1688375452;0.9444444440305233;37.33333333332969;5.166666666658173;98.33333333333738
1688375453;0.9166666681671245;36.99999999999919;5.388888888895352;98.27777777778566
1688375454;0.9444444440305233;36.00000000000263;5.500000000008882;98.38888888889414
1688375455;0.8611111112663394;29.33333333333192;5.444444444442013;98.55555555555435
1688375456;0.9722222224809229;27.61111111111252;5.222222222225042;98.55555555555435
1688375457;0.8888888884232244;30.166666666663232;5.222222222235146;98.55555555555435
1688375458;0.8888888884232244;30.277777777776762;5.277777777771703;98.7777777777713
1688375459;0.999999999637808;31.111111111108073;5.277777777771703;98.88888888888485
1688375460;0.8888888884232244;28.833333333336157;5.277777777771703;98.94444444444161
1688375461;1.0833333336955064;24.94444444444828;4.111111111119996;98.99999999999838
1688375462;0.9999999983443075;24.888888888891515;3.888888888872714;98.83333333332808
1688375463;0.9722222224809229;23.555555555554335;3.999999999996362;98.22222222221879
1688375464;1.0555555565386072;23.99999999999838;3.9444444444395828;98.11111111111535
1688375465;1.0833333336955064;19.722222222223223;3.9444444444395828;97.83333333334161
1688375466;1.111111112145906;19.277777777779193;3.8333333333260526;97.44444444444929
1688375467;1.111111112145906;22.833333333336554;3.7777777777793915;97.50000000000607
1688375468;0.9722222237744234;22.166666666670494;3.8888888888828177;97.7777777777798
1688375469;0.9722222224809229;20.722222222219784;3.8888888888929216;97.7777777777798
1688375470;0.8611111112663394;19.555555555557973;2.8888888888811977;97.72222222222808
1688375471;1.0000000009313084;19.388888888887678;3.166666666675141;97.83333333333657
1688375472;0.999999999637808;23.722222222219585;3.166666666665037;98.44444444444586
1688375473;0.916666664286609;28.11111111111333;3.500000000005656;98.94444444444667
1688375474;0.7777777785021414;31.055555555551308;3.611111111109082;99.22222222222041
1688375475;0.9444444427370087;29.166666666666657;3.611111111109082;99.38888888888566
1688375476;0.9166666655801237;25.388888888882207;3.3888888888921116;99.16666666666363
1688375477;1.0555555552451068;24.16666666666363;3.444444444448891;98.61111111111111
1688375478;0.9999999996378222;23.555555555554335;3.499999999995552;98.22222222222383
1688375479;0.9444444440305233;22.83333333332645;3.6666666666759653;98.11111111110525
1688375480;0.8888888897167391;23.83333333333313;3.2777777777785815;98.11111111110525
1688375481;0.8888888897167249;19.222222222222413;3.2777777777785815;97.77777777777474
1688375482;0.9722222237744234;17.888888888885248;3.111111111108272;97.66666666666626
1688375483;0.9166666655801237;19.166666666665648;3.111111111108272;97.44444444444424
1688375484;0.8888888897167391;19.722222222223223;3.111111111118376;97.66666666667132
1688375485;0.9722222224809229;20.111111111115548;3.2777777777684776;97.83333333333657
1688375486;0.7499999987582271;20.222222222224033;3.055555555551507;98.1111111111103
1688375487;0.8888888884232244;23.555555555554335;3.055555555561611;97.72222222222302
1688375488;0.9722222224809087;30.888888888891103;3.2222222222218164;97.55555555555777
1688375489;0.9444444440305233;31.444444444443633;3.3333333333353465;97.61111111111455
1688375490;1.1111111108524057;31.777777777784237;3.2777777777785815;97.88888888889333
1688375491;0.9166666681671245;29.444444444445452;3.2222222222218164;97.83333333333151
1688375492;1.000000002224823;26.055555555558385;3.1666666666751553;97.88888888888829
1688375493;0.9444444466175241;26.99999999999818;3.3333333333252426;97.6111111111095
1688375494;0.9166666668736241;26.833333333332916;3.2222222222319203;97.55555555555777
1688375495;1.1666666664597045;26.555555555559195;3.3333333333454505;97.83333333333657
1688375496;1.1111111108524057;22.888888888893334;3.2777777777785815;97.88888888888829
1688375497;0.9722222224809229;19.99999999999696;2.8888888888811977;97.72222222222302
1688375498;1.1111111108524057;24.33333333333394;3.111111111108272;97.66666666667132
1688375499;0.9166666655801095;29.111111111109892;3.111111111118376;97.3333333333307
1688375500;0.9999999983443075;30.944444444447882;2.8888888889014197;97.16666666667051
1688375501;1.1111111095589052;30.333333333333528;3.055555555551507;97.05555555555696
1688375502;1.0555555539516064;35.27777777777979;2.8333333333446404;96.88888888889171
1688375503;0.999999999637808;39.555555555554946;3.055555555551507;97.16666666666545
1688375504;0.9722222237744234;39.99999999999393;3.111111111108272;97.16666666666545
1688375505;0.8888888897167249;39.999999999998984;3.3333333333353465;97.66666666666626
1688375506;0.999999999637808;36.61111111111192;3.3333333333353465;97.88888888888829
1688375507;0.9166666668736241;31.666666666665648;3.055555555551507;97.88888888888323
1688375508;0.8888888897167249;27.11111111111171;3.2222222222218164;98.27777777777555
1688375509;1.0277777767947072;24.72222222221616;3.611111111109082;98.61111111110606
1688375510;0.9444444440305233;26.11111111111009;3.4444444444387727;98.88888888888485
1688375511;1.0555555565386072;21.277777777777374;3.611111111109082;99.33333333332888
1688375512;0.9166666668736241;17.722222222225042;3.2777777777785815;97.05555555555192
1688375513;0.8055555556590406;17.88888888889535;3.611111111109082;91.55555555555313
1688375514;0.9444444440305233;18.166666666669087;3.4444444444387727;81.72222222222243
1688375515;0.9444444453240237;17.666666666668277;3.555555555562421;71.27777777777737
1688375516;0.8888888897167249;16.7777777777802;3.555555555562421;61.00000000000263
1688375517;0.9722222224809087;16.555555555553127;3.3333333333252426;50.61111111111434
1688375518;0.7777777797956418;16.444444444449687;3.4444444444387727;40.000000000004036
1688375519;0.805555556952541;15.055555555555756;3.500000000005656;29.111111111109892
1688375520;0.7777777772086409;13.83333333333212;3.2777777777684776;18.333333333334338
1688375521;0.9444444440305233;13.444444444439796;3.4444444444488767;9.94444444444423
1688375522;0.8888888884232244;13.444444444439796;3.2777777777684776;5.3333333333335275
1688375523;0.9166666681671245;13.555555555548267;3.611111111109082;4.611111111110702
1688375524;0.888888887129724;13.27777777777959;3.555555555552317;4.499999999997172
1688375525;0.999999999637808;13.222222222222825;3.7222222222125225;4.222222222223422
1688375526;0.9166666668736241;13.055555555557575;3.8333333333361566;3.944444444444642
1688375527;0.9722222198939079;13.055555555557575;3.444444444448891;4.000000000001407
1688375528;0.9166666655801237;13.27777777777959;3.666666666665847;4.222222222223422
1688375529;0.9166666668736241;13.16666666666606;3.7777777777894954;4.222222222223422
1688375530;0.8888888897167249;13.4444444444499;3.7222222222226264;4.166666666671716
1688375531;0.9722222211874083;13.33333333333131;3.7222222222226264;3.666666666665847
1688375532;0.8888888871297098;13.55555555556343;3.4444444444488767;3.8888888888878768
1688375533;0.9722222237744234;13.66666666666687;3.7777777777692876;3.7777777777793915
1688375534;0.8333333328159398;13.777777777775341;3.666666666675951;3.7222222222226264
1688375535;0.8888888897167249;13.66666666666687;3.666666666665847;3.8333333333361566
1688375536;0.8888888897167249;13.277777777774546;3.666666666665847;4.111111111109892
1688375537;0.9166666668736241;13.777777777775341;3.3888888888921116;4.055555555558172
1688375538;0.999999999637808;13.722222222223635;3.611111111098978;4.3333333333319075
1688375539;0.9722222211874083;13.33333333333131;3.7222222222226264;4.166666666666657
1688375540;0.8611111112663252;13.27777777777959;3.555555555562421;4.111111111114937
1688375541;1.0000000009313084;13.111111111109281;3.611111111109082;4.166666666666657
1688375542;0.8333333328159398;13.277777777774531;3.2222222222319203;4.666666666667467
1688375543;0.9166666655801237;13.666666666666856;3.7777777777793915;4.555555555553937
1688375544;0.9166666655801237;13.555555555553326;3.666666666665847;4.444444444440393
1688375545;0.8611111112663252;13.94444444444565;3.7222222222226264;4.111111111104847
1688375546;0.9166666668736241;13.11111111111434;3.7777777777692876;4.2777777777751425
1688375547;0.833333334109426;13.500000000001606;3.611111111119186;4.111111111114951
1688375548;0.7777777772086267;13.33333333333131;3.666666666665847;4.388888888883628
1688375549;0.9444444453240237;13.16666666666606;3.611111111109082;4.444444444445452
1688375550;0.8055555543655402;13.33333333333131;3.4444444444488767;4.166666666666657
1688375551;0.9166666681671387;13.166666666671105;3.611111111098978;4.000000000001407
1688375552;0.8611111138533261;12.8333333333305;3.111111111108272;4.3333333333319075
1688375553;0.9722222224809087;13.27777777777959;3.4444444444488767;4.500000000002217
1688375554;0.8888888897167249;13.222222222222825;3.555555555542213;4.2777777777802015
1688375555;0.833333334109426;13.611111111110091;3.3888888888921116;4.166666666666657
1688375556;0.8611111099728248;13.111111111109281;3.3333333333353465;4.333333333326863
1688375557;0.9444444453240237;13.38888888889312;3.166666666665037;4.444444444445452
1688375558;0.8611111112663252;13.4444444444499;3.555555555552317;4.444444444440393
1688375559;0.9722222224809087;13.055555555557575;3.444444444438787;4.388888888888687
1688375560;0.888888887129724;13.44444444444484;3.2222222222319203;4.222222222223422
1688375561;0.8611111099728248;13.333333333336356;3.499999999995552;4.055555555553127
1688375562;0.7222222228948425;13.277777777774531;3.1666666666650514;3.999999999996362
1688375563;0.8611111099728248;13.611111111110091;3.3888888889022155;4.111111111109892
1688375564;0.833333334109426;13.388888888888076;3.444444444448891;3.8888888888929216
1688375565;0.8888888897167249;13.555555555553326;3.3333333333353465;3.8888888888929216
1688375566;0.8888888897167249;13.055555555552516;3.3888888888820077;3.7222222222226264
1688375567;0.9722222211874225;13.388888888888076;2.8888888889014197;3.8333333333361566
1688375568;0.8055555569525268;13.555555555553326;3.2777777777785815;3.8333333333361566
1688375569;0.9444444453240237;13.388888888883017;3.555555555552317;3.8333333333311117
1688375570;0.9444444440305233;13.83333333333212;3.2222222222218164;3.6666666666709062
1688375571;0.9722222211874083;13.94444444444565;3.4444444444387727;3.8333333333311117
1688375572;0.8888888897167249;13.944444444440606;3.1666666666650514;4.000000000001407
1688375573;0.9444444427370087;14.222222222224445;3.3333333333252426;4.111111111104847
1688375574;0.9444444453240237;14.055555555554136;3.666666666665847;3.944444444444642
1688375575;0.833333334109426;14.222222222219386;3.611111111109082;4.111111111109892
1688375576;0.8333333328159256;13.777777777775341;3.7222222222125225;4.055555555553127
1688375577;0.888888887129724;14.055555555554136;3.444444444448891;4.388888888883628
1688375578;0.8611111099728248;14.055555555559195;3.3333333333353465;4.388888888888687
1688375579;0.8611111112663252;13.500000000001606;3.666666666675951;4.388888888883628
1688375580;1.0000000009312942;13.44444444444484;3.3333333333353465;4.2222222222234365
1688375581;1.1388888893028053;13.22222222222787;3.444444444448891;4.111111111114951
1688375582;1.0277777767947072;13.111111111109281;3.2222222222319203;4.388888888893732
1688375583;1.0277777755012067;13.44444444444484;3.111111111108272;4.388888888888687
1688375584;1.0555555539516064;13.44444444444484;3.2777777777886854;4.000000000001407
1688375585;0.9722222224809087;13.388888888883017;3.3888888888921116;4.055555555553127
1688375586;1.0555555578321218;13.055555555557575;3.3888888888921116;3.944444444444642
1688375587;0.9722222224809229;12.94444444444403;3.3888888888820077;4.111111111109892
1688375588;0.9999999996378222;13.16666666666606;3.3333333333353465;4.166666666671716
1688375589;1.0277777780882076;12.777777777773736;3.555555555552317;4.000000000001407
1688375590;0.8055555556590264;12.999999999995751;3.4444444444387727;3.9444444444395828
1688375591;1.0277777793817222;12.833333333335545;3.8333333333260526;3.611111111114141
1688375592;0.8888888910102253;12.94444444444909;3.8888888888929216;3.8333333333310975
1688375593;1.0555555552451068;13.222222222222825;3.8888888888828177;3.8888888888878768
1688375594;0.9166666681671245;13.22222222222787;3.944444444449701;3.7222222222276713
1688375595;0.9166666655801237;13.055555555557575;3.999999999986244;3.6666666666709062
1688375596;1.0277777780882076;12.888888888892325;3.8333333333361566;3.8333333333361566
1688375597;1.0277777780882218;13.16666666666606;3.7222222222125083;4.111111111109892
1688375598;0.8055555556590264;13.500000000001606;3.555555555562421;4.000000000001407
1688375599;1.0555555539516064;13.22222222222787;3.7222222222125225;3.9444444444496867
1688375600;0.8333333315224252;14.111111111110901;3.3333333333353465;3.999999999996362
1688375601;0.9722222224809087;13.722222222218576;3.2777777777684776;3.8888888888878768
1688375602;0.9166666668736241;13.94444444444565;3.111111111118376;4.166666666671716
1688375603;0.9722222224809087;14.166666666662621;3.111111111108272;3.999999999996362
1688375604;0.8611111125598256;14.277777777776151;3.3333333333353465;4.055555555553127
1688375605;0.8888888897167249;14.222222222219386;3.3888888888921116;3.8333333333361566
1688375606;0.805555554365526;13.88888888889393;3.2777777777785815;3.7777777777793915
1688375607;0.9166666668736241;13.83333333333212;3.3888888888921116;3.944444444444642
1688375608;0.9444444453240237;13.999999999997371;3.1666666666650514;4.222222222218377
1688375609;0.9444444453240237;13.00000000000081;3.500000000005656;4.111111111109892
1688375610;0.8055555530720255;13.500000000001606;3.2222222222218164;3.8888888888929216
1688375611;0.8611111125598256;13.055555555557575;3.3333333333353465;3.7777777777743324
1688375612;0.9444444440305233;13.16666666666606;3.2222222222117125;4.166666666671716
1688375613;0.999999999637808;13.16666666666606;3.2222222222319203;3.8333333333361566
1688375614;0.8888888884232244;13.277777777774531;3.4444444444387727;3.8888888888828177
1688375615;1.0833333349890069;13.277777777774531;3.3888888888921116;3.8888888888878768
1688375616;0.9722222224809229;13.000000000005855;3.3333333333252426;3.9444444444395828
1688375617;0.8611111112663394;12.833333333335545;3.3333333333454505;3.7777777777743324
1688375618;0.9444444453240237;13.277777777774546;3.2777777777684776;3.944444444444642
1688375619;1.0277777793817222;13.111111111109281;3.555555555552317;3.9444444444395828
1688375620;0.8888888884232244;13.222222222217766;3.3888888888820077;3.8888888888878768
1688375621;0.9444444440305233;12.77777777778384;3.500000000005656;3.6666666666608023
1688375622;0.9166666655801237;13.000000000000796;3.1666666666549332;3.8333333333310975
1688375623;0.8888888884232244;13.055555555557575;3.000000000004846;3.7777777777793915
1688375624;0.861111109972839;13.222222222222825;3.3888888888820077;3.8888888888929216
1688375625;0.916666664286609;13.277777777774546;3.3333333333353465;3.7777777777844364
1688375626;0.9444444440305233;13.222222222217766;3.3333333333252426;3.8888888888929216
1688375627;0.9444444453240237;13.055555555552516;3.1666666666751553;3.7777777777743324
1688375628;0.9722222224809087;12.77777777778384;3.111111111108272;4.055555555558172
1688375629;0.9166666668736241;12.888888888892325;3.500000000005656;4.000000000001407
1688375630;1.0000000009313226;13.611111111110091;3.2222222222218164;3.944444444444642
1688375631;0.9444444453240379;13.222222222217766;3.3888888889022297;4.055555555558172
1688375632;1.0555555552451068;13.166666666671105;3.3333333333353465;3.999999999996362
1688375633;0.9166666681671387;13.111111111109281;3.2777777777785815;3.666666666665847
1688375634;1.0000000009313084;13.500000000001606;3.499999999995552;3.944444444444642
1688375635;0.8888888910102253;13.555555555553326;3.555555555562421;3.8333333333311117
1688375636;0.8611111112663394;13.333333333336356;3.555555555552317;4.111111111114951
1688375637;0.7777777785021414;13.444444444439796;3.3888888888921116;3.944444444444642
1688375638;1.0000000009313226;13.388888888888076;3.166666666665037;4.3333333333319075
1688375639;0.8055555556590406;13.00000000000081;3.666666666665847;4.388888888888687
1688375640;0.8888888897167249;13.333333333336356;3.444444444438787;4.222222222218377
1688375641;0.7777777785021414;13.16666666666606;3.3888888888820077;4.333333333336967
1688375642;0.8888888884232244;13.33333333333131;3.1666666666751553;4.333333333326863
1688375643;0.8611111112663252;13.222222222222825;3.2222222222218164;4.222222222218377
1688375644;0.9444444427370229;13.388888888888076;3.4444444444488767;4.055555555558172
1688375645;0.9999999983443075;13.500000000001606;3.3333333333353465;4.000000000001407
1688375646;0.9722222198939079;13.611111111110091;3.500000000005656;4.166666666666657
1688375647;0.888888887129724;13.500000000001606;3.3888888888820077;3.666666666665847
1688375648;0.9166666655801237;13.500000000001606;3.111111111118376;3.944444444449701
1688375649;0.9722222211874083;13.555555555558385;3.4444444444387727;4.000000000001407
1688375650;0.9166666655801095;13.999999999997371;3.444444444448891;3.8333333333310975
1688375651;0.9166666668736241;13.66666666666687;3.555555555552317;3.944444444444642
1688375652;0.9444444453240237;13.611111111110091;3.611111111119186;3.7777777777793915
1688375653;0.999999999637808;13.555555555558385;3.499999999985434;4.000000000001407
1688375654;0.9166666681671387;13.666666666661811;3.7222222222226264;3.8333333333311117
1688375655;1.0833333336955064;13.44444444444484;3.611111111109082;3.6666666666709062
1688375656;0.9999999996378222;13.222222222222825;3.6666666666759653;4.2777777777802015
1688375657;1.0833333336955064;13.33333333333131;3.555555555552317;3.999999999996362
1688375658;1.0555555552451068;13.33333333333131;3.444444444448891;4.222222222218377
1688375659;1.0277777780882076;13.055555555557575;3.7777777777692876;4.166666666671716
1688375660;1.0555555565386214;13.500000000001606;3.611111111109082;4.166666666671716
1688375661;0.999999999637808;13.166666666666046;3.4444444444387727;4.111111111109892
1688375662;0.8611111125598256;13.388888888888076;3.555555555562421;4.111111111109892
1688375663;0.9166666668736241;13.388888888893135;3.611111111109082;4.2777777777802015
1688375664;0.8333333354029264;13.777777777775341;3.8333333333361566;4.222222222218377
1688375665;0.8333333354029264;13.666666666666856;3.8888888888828177;3.8888888888878768
1688375666;0.8611111099728248;13.388888888888076;3.8333333333260526;3.8888888888878768
1688375667;0.8055555556590264;13.222222222222825;3.7777777777793915;3.7777777777793915
1688375668;0.9722222224809229;13.444444444439796;3.6666666666759653;4.166666666666657
1688375669;0.8333333315224252;12.888888888887266;3.7777777777793915;3.944444444444642
1688375670;0.8055555556590406;13.44444444444484;3.7777777777793915;4.000000000001407
1688375671;0.9166666668736241;12.833333333335545;3.4444444444387727;3.8888888888878768
1688375672;0.9722222224809229;12.77777777777878;3.3333333333353465;3.7777777777743324
1688375673;1.1111111095589052;12.666666666670295;3.2777777777785815;3.944444444444642
1688375674;1.1388888867158045;13.16666666666606;3.555555555552317;3.8333333333361566
1688375675;1.0000000009313226;13.000000000000796;3.555555555562421;3.944444444444642
1688375676;0.9444444453240237;13.16666666666606;3.555555555562421;3.8888888888929216
1688375677;0.999999999637808;12.94444444444403;3.3333333333353465;3.7777777777743324
1688375678;1.0000000009313084;13.388888888888076;3.3888888888820077;4.111111111104833
1688375679;0.9999999996378222;13.000000000000796;3.500000000005656;3.944444444444642
1688375680;1.0555555539516064;13.555555555553326;3.500000000005656;3.944444444444642
1688375681;0.8888888884232244;13.055555555552516;3.444444444438787;3.8888888888929216
1688375682;0.8611111112663394;13.222222222222825;3.3333333333353465;3.7777777777793915
1688375683;0.8611111112663394;13.111111111109281;3.2222222222218164;3.8888888888828177
1688375684;0.8611111112663394;13.83333333333212;3.555555555552317;3.7222222222226264
1688375685;1.0555555539516064;13.499999999996561;3.499999999995552;3.7777777777743324
1688375686;0.7777777772086267;13.388888888893135;3.555555555552317;3.555555555557362
1688375687;0.9166666655801095;13.11111111111434;3.4444444444488767;3.444444444443832
1688375688;0.999999999637808;13.44444444444484;3.2777777777684776;3.7777777777793915
1688375689;0.8055555556590264;13.33333333333131;3.611111111119186;3.7222222222226264
1688375690;0.9166666655801237;14.222222222224445;3.499999999995552;3.8333333333310975
1688375691;0.8888888884232244;13.555555555553326;3.499999999995552;3.8333333333361566
1688375692;0.7777777785021271;13.722222222218576;3.3888888888921116;3.7777777777793915
1688375693;0.9166666668736383;13.222222222222825;3.3888888888820077;4.055555555553127
1688375694;0.7777777785021414;13.722222222223635;3.666666666665847;3.999999999996362
1688375695;1.0000000009313084;13.555555555553326;3.499999999995552;4.166666666666657
1688375696;0.8888888897167391;13.555555555558385;3.555555555562421;4.111111111114951
1688375697;0.8333333341094402;13.222222222217766;3.499999999995552;3.9444444444395828
1688375698;0.9999999996378222;13.11111111111434;3.2777777777684776;4.166666666666657
1688375699;1.1111111108524057;12.555555555551706;3.555555555562421;4.111111111109892
1688375700;0.9444444440305233;13.27777777777959;3.3888888888921116;4.222222222218377
1688375701;1.1388888893028053;12.61111111111353;3.2777777777785815;4.111111111109892
1688375702;1.1388888880093049;12.888888888887266;3.1666666666751553;4.166666666671716
1688375703;1.083333332402006;12.555555555556765;3.1666666666549332;4.444444444450497
1688375704;0.999999999637808;13.33333333333131;3.666666666675951;4.222222222218377
1688375705;1.0555555552451068;13.33333333333131;3.611111111109082;4.3333333333319075
1688375706;1.083333332402006;13.333333333336356;3.611111111119186;4.333333333336967
1688375707;0.9444444440305091;13.00000000000081;3.555555555552317;4.333333333336967
1688375708;0.9444444440305091;13.22222222222787;3.3888888888921116;4.444444444445452
1688375709;0.9444444453240237;12.888888888887266;3.7777777777692876;4.222222222218377
1688375710;0.8333333328159256;13.611111111110091;3.7777777777793915;4.2777777777802015
1688375711;0.7222222228948425;13.222222222222825;3.7777777777793915;3.944444444444642
1688375712;0.9722222237744234;13.222222222222825;3.8333333333361566;3.8333333333311117
1688375713;0.8611111112663252;12.61111111111353;3.555555555552317;4.000000000001407
1688375714;0.999999999637808;12.999999999995751;3.666666666665847;3.8333333333361566
1688375715;0.8055555556590264;13.00000000000081;3.7222222222226264;3.999999999996362
1688375716;1.0277777793817222;13.16666666666606;3.7777777777793915;3.999999999996362
1688375717;0.8333333354029264;13.00000000000081;3.7222222222226264;4.111111111109892
1688375718;0.8888888897167249;13.16666666666606;3.555555555552317;4.333333333336967
1688375719;0.9722222224808945;13.166666666671105;3.555555555552317;4.222222222223422
1688375720;0.9722222224809229;14.333333333332916;3.499999999995552;4.222222222218377
1688375721;0.9166666655801095;14.222222222224445;3.2222222222319203;4.000000000001407
1688375722;0.8888888897167391;14.388888888889696;3.444444444438787;4.166666666671716
1688375723;0.7777777772086267;14.222222222224445;3.444444444438787;4.3333333333319075
1688375724;0.9722222224809229;14.499999999998181;3.500000000005656;4.3333333333319075
1688375725;0.8055555556590264;14.555555555554946;3.7222222222226264;4.222222222223422
1688375726;0.8333333315224252;14.555555555549887;3.7222222222226264;4.055555555558172
1688375727;1.0277777767947072;14.277777777776151;3.555555555572525;3.8333333333361566
1688375728;0.8888888884232244;14.388888888884637;3.611111111109082;4.111111111109892
1688375729;0.9444444440305233;13.44444444444484;3.444444444448891;4.111111111109892
1688375730;0.8333333328159256;13.777777777775341;3.555555555552317;4.111111111109892
1688375731;0.9722222211874083;13.555555555558385;3.444444444448891;3.8333333333260526
1688375732;0.9722222224809229;13.33333333333131;3.3888888888921116;3.8333333333361566
1688375733;1.0555555552451068;13.27777777777959;3.4444444444387727;3.8888888888929216
1688375734;0.9722222211874083;13.499999999996561;3.166666666665037;3.7222222222175674
1688375735;1.0277777780882076;13.666666666671915;3.3888888888921116;3.7777777777793915
1688375736;0.9166666681671245;13.500000000001606;3.444444444428669;3.7777777777743324
1688375737;0.9444444440305233;12.833333333335545;3.3333333333353465;3.611111111114141
1688375738;0.8888888884232244;12.94444444444403;3.444444444448891;3.8888888888878768
1688375739;0.9166666668736241;12.888888888887266;3.3888888888921116;3.8333333333361566
1688375740;0.8888888884232244;13.111111111104236;3.3333333333252426;3.944444444444642
1688375741;0.8611111112663252;13.11111111111434;3.2222222222218164;3.666666666665847
1688375742;0.8055555556590264;12.888888888887266;3.2222222222218164;3.611111111109082
1688375743;0.8888888884232102;12.888888888892325;3.2222222222319203;3.8333333333361566
1688375744;0.8611111112663252;12.888888888887266;3.111111111098168;3.7222222222226264
1688375745;0.8055555530720255;13.166666666671105;3.3888888888921116;3.8888888888878768
1688375746;0.8888888897167391;13.16666666666606;3.3888888888921116;3.8333333333310975
1688375747;1.0277777767947072;12.833333333335545;3.3888888888820077;3.6666666666709062
1688375748;0.8611111112663252;13.000000000000796;3.2777777777785815;3.9444444444395828
1688375749;0.8888888910102253;13.11111111111434;3.4444444444488767;3.7777777777844364
1688375750;0.8888888897167391;13.666666666661811;3.555555555562421;3.8333333333361566
1688375751;0.8055555556590264;13.666666666666856;3.444444444448891;3.611111111114141
1688375752;0.8611111099728248;13.66666666666687;3.6666666666557433;3.611111111109082
1688375753;0.7777777772086267;13.666666666661811;3.611111111119186;3.6666666666608023
1688375754;0.7777777785021414;13.833333333327062;3.499999999995552;3.500000000000597
1688375755;0.8055555556590406;14.11111111111596;3.8888888888929216;3.611111111109082
1688375756;0.7500000013452421;14.222222222219386;3.999999999996362;3.7222222222226264
1688375757;0.8611111112663394;13.611111111110091;3.999999999996348;3.555555555557362
1688375758;0.9166666655801095;13.777777777775341;3.7777777777793915;3.6666666666608023
1688375759;0.8611111112663252;13.333333333336356;3.7222222222226264;3.8888888888828177
1688375760;0.8611111112663252;13.66666666666687;3.8888888888828177;4.055555555553127
1688375761;0.8888888910102253;13.222222222222825;3.7222222222327304;3.7777777777793915
1688375762;1.0277777767947072;13.27777777777959;3.8333333333361566;4.111111111114951
1688375763;1.0277777780882076;13.222222222222825;3.611111111119186;4.111111111114951
1688375764;0.9722222211874225;13.277777777774546;3.444444444438787;4.2777777777751425
1688375765;0.9444444440305091;13.611111111110091;3.500000000005656;4.2777777777751425
1688375766;1.0555555565386072;13.94444444444565;3.611111111109082;4.2777777777751425
1688375767;0.9722222224809229;13.333333333336356;3.555555555562421;4.222222222223422
1688375768;1.0277777767947072;13.500000000001606;3.3888888888820077;4.000000000001407
1688375769;0.9722222211874083;13.222222222222825;3.2222222222218164;4.111111111109892
1688375770;0.8611111099728248;14.055555555559195;3.444444444438787;4.222222222223422
1688375771;0.8888888897167391;13.83333333333212;3.499999999995552;3.7222222222226264
1688375772;0.9166666668736241;13.61111111111515;3.8888888888929216;3.7222222222226264
1688375773;0.9722222237744234;13.66666666666687;3.666666666665847;3.3888888888921116
1688375774;0.8888888884232244;13.44444444444484;3.555555555552317;3.3333333333353465
1688375775;0.8055555543655402;13.722222222223635;3.7777777777793915;3.3888888888921116
1688375776;0.8055555556590264;13.833333333337166;3.7777777777793915;3.7777777777793915
1688375777;0.8611111125598256;13.499999999996561;3.999999999996362;4.055555555558172
1688375778;0.9444444453240237;13.666666666666856;3.8333333333361566;3.7222222222226264
1688375779;1.0833333336955064;13.055555555547471;3.7777777777793915;3.8333333333310975
1688375780;0.9166666668736241;13.833333333337166;3.8333333333361566;3.8888888888878768
1688375781;0.9166666668736241;13.611111111110091;3.3888888888820077;4.055555555553127
1688375782;0.8888888884232244;13.499999999996561;3.555555555562421;4.3333333333319075
1688375783;0.9444444453240095;13.61111111111515;3.611111111109082;4.166666666666657
1688375784;0.8888888884232244;13.222222222222825;3.2777777777785815;4.2777777777751425
1688375785;0.9444444453240095;13.611111111105046;3.611111111109082;4.000000000001407
1688375786;0.8888888884232244;13.555555555558385;3.3333333333454505;3.7222222222175674
1688375787;0.8888888884232244;13.27777777777959;3.555555555552317;3.944444444444642
1688375788;0.8055555556590264;13.500000000001606;3.3333333333353465;3.8888888888929216
1688375789;0.8888888897167249;12.611111111108485;3.166666666665037;4.111111111109892
1688375790;0.8055555556590264;13.500000000001606;3.444444444438787;3.8888888888878768
1688375791;0.9444444440305233;13.166666666671105;3.3333333333252426;3.7222222222276713
1688375792;0.8888888897167249;12.888888888887266;3.3888888888921116;3.8333333333361566
1688375793;0.9444444453240237;13.16666666666606;3.3888888888921116;3.6666666666709062
1688375794;0.999999999637808;12.94444444444403;3.2222222222117125;3.8333333333310975
1688375795;0.999999999637808;13.27777777777959;3.499999999985448;4.166666666671716
1688375796;0.9722222224809087;13.277777777774531;3.555555555562421;4.055555555558172
1688375797;1.0000000009313226;13.166666666671105;3.499999999995552;4.2777777777751425
1688375798;0.9722222224809229;13.44444444444484;3.3888888888921116;4.055555555558172
1688375799;1.0555555552451068;12.66666666666525;3.3888888889022155;4.444444444440393
1688375800;0.9166666668736241;13.277777777774546;3.444444444438787;4.388888888883628
1688375801;0.9722222224809087;13.277777777774546;3.500000000005656;4.222222222218377
1688375802;0.999999999637808;12.999999999995751;3.611111111109082;4.444444444440393
1688375803;0.8888888884232244;12.94444444444909;3.500000000005656;4.3333333333319075
1688375804;0.9166666668736241;12.722222222222015;3.500000000005656;4.2222222222234365
1688375805;0.9166666668736241;12.94444444444909;3.555555555552317;4.2222222222234365
1688375806;0.8611111099728248;12.8333333333305;3.7777777777793915;4.055555555553127
1688375807;0.9444444440305233;12.722222222222015;3.8333333333260526;4.2777777777751425
1688375808;0.8888888884232244;12.888888888887266;3.7222222222226264;3.8888888888929216
1688375809;0.833333334109426;12.61111111111353;3.8333333333361566;4.055555555553127
1688375810;0.8888888884232244;13.000000000005855;3.7777777777692876;4.166666666666657
1688375811;0.8888888897167249;13.000000000005855;3.611111111109082;3.8333333333361566
1688375812;0.8888888884232387;13.055555555557575;3.666666666665847;3.8888888888878768
1688375813;0.9166666668736383;13.111111111109281;3.666666666665847;3.6666666666608023
1688375814;0.8888888897167249;12.999999999995751;3.555555555552317;3.999999999996362
1688375815;0.9166666681671245;13.055555555552516;3.611111111109082;4.000000000001407
1688375816;0.9166666655801237;13.000000000000796;3.611111111109082;3.8888888888878768
1688375817;1.0277777780882218;13.055555555557575;3.666666666665847;3.999999999996362
1688375818;1.0277777767947072;12.999999999995751;3.444444444448891;3.8888888888929216
1688375819;1.194444442323089;12.555555555551706;3.3333333333353465;4.055555555553127
1688375820;0.9999999983443075;12.88888888888222;3.555555555562421;4.111111111109892
1688375821;1.1666666664597045;12.944444444438986;3.3888888888921116;3.944444444444642
1688375822;1.0555555552451068;13.11111111111434;3.3888888888820077;4.111111111114951
1688375823;1.44444444320267;13.388888888888076;3.444444444448891;3.8888888888929216
1688375824;1.361111110438486;13.27777777777959;3.500000000005656;4.111111111114951
1688375825;1.3611111117319865;13.611111111110091;3.7222222222327304;4.111111111114951
1688375826;1.277777777674288;13.44444444444484;3.611111111109082;4.111111111114951
1688375827;1.3333333319880722;13.333333333336356;3.666666666665847;4.222222222223422
1688375828;1.166666667753205;13.61111111111515;3.611111111109082;4.055555555558172
1688375829;1.3611111117320007;13.333333333341415;3.611111111109082;4.166666666666657
1688375830;1.2500000018109034;13.61111111111515;3.8333333333260526;4.055555555558172
1688375831;1.388888887595371;13.555555555553326;3.8333333333361566;3.944444444444642
1688375832;0.9722222237744234;13.16666666666606;3.9444444444496867;3.999999999996362
1688375833;1.0277777780882076;13.555555555558385;3.7222222222226264;3.611111111109082
1688375834;0.9722222237744234;12.94444444444909;3.499999999995552;3.7777777777743324
1688375835;1.0833333336955064;13.44444444444484;3.7777777777793915;3.7777777777793915
1688375836;0.9722222237744234;13.33333333333131;3.7222222222327304;3.8888888888878768
1688375837;0.9444444466175241;13.277777777774531;3.7222222222226264;4.055555555558172
1688375838;1.0277777767947072;13.499999999996561;3.611111111109082;3.944444444444642
1688375839;0.8611111099728248;13.222222222222825;3.555555555562421;4.166666666666657
1688375840;0.9166666681671245;14.222222222224431;3.611111111109082;4.2777777777802015
1688375841;0.9722222211874083;14.166666666667666;3.3333333333252426;4.111111111109892
1688375842;0.9444444440305233;14.166666666662621;3.555555555552317;4.2777777777802015
1688375843;0.9444444440305233;14.555555555549887;3.611111111109082;3.944444444444642
1688375844;0.8055555556590264;14.055555555554136;3.666666666665847;4.499999999997172
1688375845;0.9444444440305233;14.111111111110901;3.7777777777591837;4.388888888888687
1688375846;0.9722222198939079;13.888888888888886;3.7777777777793915;4.2777777777751425
1688375847;0.9166666668736383;13.66666666666687;3.7777777777793915;4.3333333333319075
1688375848;1.0555555552451068;13.777777777775341;3.7222222222226264;4.3333333333319075
1688375849;0.8611111112663252;12.38888888888141;3.611111111119186;4.333333333326863
1688375850;0.9166666655801237;13.000000000000796;3.8333333333361566;4.222222222223422
1688375851;0.9444444440305233;12.5;3.500000000005656;4.166666666661612
1688375852;0.9999999983443075;12.722222222222015;3.555555555552317;4.2777777777802015
1688375853;0.9722222211874225;12.833333333335545;3.2777777777785815;3.666666666665847
1688375854;0.9722222237744234;13.16666666666606;3.2777777777886854;3.8333333333361566
1688375855;0.9166666668736241;13.27777777777959;3.500000000005656;3.8333333333311117
1688375856;0.8888888910102253;13.16666666666606;3.499999999995552;4.000000000001407
1688375857;0.8333333328159256;12.888888888887266;3.499999999995552;3.8333333333310975
1688375858;0.9444444440305233;13.555555555558385;3.4444444444387727;3.7777777777793915
1688375859;0.8611111112663252;12.8333333333305;3.444444444448891;3.944444444444642
1688375860;0.9444444453240237;13.27777777777959;3.6666666666557433;3.9444444444496867
1688375861;0.8888888897167249;12.833333333335545;3.444444444448891;3.7777777777743324
1688375862;0.9444444453240095;12.94444444444403;3.499999999995552;3.9444444444496867
1688375863;0.8611111086793102;13.000000000005855;3.499999999995552;3.555555555552317
1688375864;0.9166666681671245;12.8333333333305;3.3333333333252426;3.7777777777793915
1688375865;0.8888888884232102;13.055555555552516;3.2777777777785815;3.7222222222226264
1688375866;1.0555555565386072;12.888888888887266;3.3333333333353465;3.8888888888929216
1688375867;0.9166666668736241;12.388888888886456;3.3888888889022297;3.7777777777793915
1688375868;1.0277777780882076;12.888888888892325;3.055555555541403;3.611111111114141
1688375869;0.9166666655801095;12.77777777777878;3.1666666666751553;3.7222222222175674
1688375870;0.9166666668736241;13.44444444444484;3.3888888888820077;3.7777777777793915
1688375871;0.8888888897167249;13.055555555552516;3.3333333333353465;3.7777777777743324
1688375872;1.027777779381708;13.111111111109281;3.3333333333454505;3.944444444444642
1688375873;0.9166666655801237;13.27777777777959;3.2777777777785815;3.611111111109082
1688375874;1.0555555552451068;13.055555555557575;3.444444444448891;3.7222222222226264
1688375875;0.7777777772086267;13.388888888888076;3.3333333333252426;3.7777777777743324
1688375876;0.9444444440305233;13.333333333336356;3.3888888888820077;3.8888888888878768
1688375877;0.8888888910102253;12.999999999995751;3.555555555562421;4.055555555553127
1688375878;0.9166666681671245;13.111111111109281;3.3888888888921116;3.8333333333361566
1688375879;1.0833333336955064;13.055555555552516;3.2777777777785815;4.166666666666657
1688375880;0.9722222211874225;13.66666666666687;3.166666666665037;3.999999999996362
1688375881;0.999999999637808;13.111111111109281;3.3333333333151387;3.9444444444496867
1688375882;1.0277777767947072;13.44444444444484;3.3888888888921116;4.000000000006466
1688375883;0.8888888884232244;13.722222222223635;3.2222222222117125;3.7777777777793915
1688375884;1.0555555565386214;13.555555555558385;3.3333333333454505;3.8333333333361566
1688375885;0.9166666668736241;13.83333333333212;3.055555555561611;3.8333333333310975
1688375886;0.9444444427370087;13.833333333337166;3.2777777777785815;3.7777777777793915
1688375887;0.9722222211874083;13.500000000001606;3.166666666665037;3.944444444444642
1688375888;0.8055555556590264;13.44444444444484;3.1666666666751553;3.611111111109082
1688375889;1.0555555565386072;13.222222222222825;3.3888888888921116;3.7777777777793915
1688375890;0.8333333328159256;14.055555555554136;3.055555555571715;3.7777777777743324
1688375891;0.8611111125598256;13.611111111110091;3.3333333333353465;3.6666666666608023
