Time;{instance="10.231.0.208:9100"};{instance="192.168.221.10:9100"};{instance="192.168.221.11:9100"};{instance="192.168.221.12:9100"}
1688374811;0;0;0;0
1688374812;0;0;0;0
1688374813;0;0;0;0
1688374814;0;0;0;50846.89655172414
1688374815;0;0;0;70479.44827586207
1688374816;0;0;0;184884.96551724136
1688374817;3322279.724137931;0;0;226833.6551724138
1688374818;7119695.448275862;0;0;227398.62068965516
1688374819;11170498.206896551;0;0;230505.93103448275
1688374820;15847424;0;0;242935.1724137931
1688374821;20077885.79310345;0;0;242935.1724137931
1688374822;24553825.103448275;0;0;249149.79310344826
1688374823;28169604.413793102;0;0;249149.79310344826
1688374824;32463342.344827585;0;0;255505.6551724138
1688374825;36757080.27586207;0;0;255646.89655172414
1688374826;40607885.24137931;0;0;255646.89655172414
1688374827;44603321.37931035;0;0;256070.62068965516
1688374828;48562599.72413793;0;0;256070.62068965516
1688374829;52467641.37931035;0;0;256070.62068965516
1688374830;56372683.034482755;0;0;256070.62068965516
1688374831;60422355.862068966;0;0;257483.0344827586
1688374832;64327397.51724138;0;0;259177.93103448275
1688374833;68377070.34482759;0;0;259177.93103448275
1688374834;72282112;0;0;259177.93103448275
1688374835;76331784.8275862;0;0;260590.3448275862
1688374836;80282023.72413793;0;0;260590.3448275862
1688374837;84449209.37931034;0;0;260590.3448275862
1688374838;88191540.96551724;0;0;260590.3448275862
1688374839;92530476.13793103;0;0;260590.3448275862
1688374840;96200492.13793103;0;0;260590.3448275862
1688374841;100729255.72413793;0;0;260590.3448275862
1688374842;104335995.5862069;0;0;260590.3448275862
1688374843;108584536.27586207;0;0;209743.44827586206
1688374844;112055684.4137931;0;0;190110.89655172414
1688374845;116656763.5862069;0;0;75705.37931034483
1688374846;117022578.7586207;0;0;33756.68965517241
1688374847;117518900.96551724;0;0;33191.724137931036
1688374848;117056759.1724138;0;0;30084.41379310345
1688374849;116845320.8275862;0;0;17655.1724137931
1688374850;116176401.65517241;0;0;17655.1724137931
1688374851;116138831.44827586;0;0;11440.551724137931
1688374852;116138831.44827586;0;0;11440.551724137931
1688374853;116138831.44827586;0;0;5084.689655172414
1688374854;115796603.5862069;0;0;4943.448275862069
1688374855;115995471.44827586;0;0;4943.448275862069
1688374856;115905076.96551724;0;0;4519.724137931034
1688374857;115999002.48275863;0;0;10734.344827586207
1688374858;116478093.2413793;0;0;21609.931034482757
1688374859;116143633.65517241;0;0;21609.931034482757
1688374860;116432896;0;0;20338.758620689656
1688374861;116143633.65517241;0;0;23022.344827586207
1688374862;116577527.1724138;0;0;23022.344827586207
1688374863;116215949.2413793;0;0;23022.344827586207
1688374864;116740237.2413793;0;0;21609.931034482757
1688374865;116297304.27586207;0;0;21609.931034482757
1688374866;116605916.68965517;0;0;21609.931034482757
1688374867;116723429.51724137;0;0;21609.931034482757
1688374868;116578798.34482758;0;0;21609.931034482757
1688374869;116714390.06896551;0;0;25847.1724137931
1688374870;116338970.48275863;0;0;25988.41379310345
1688374871;116646311.72413793;0;0;25988.41379310345
1688374872;116438404.4137931;0;0;29660.689655172413
1688374873;116972720.55172414;0;0;29660.689655172413
1688374874;116321880.27586207;0;0;29660.689655172413
1688374875;116737694.89655173;0;0;29660.689655172413
1688374876;116294761.93103448;0;0;29801.931034482757
1688374877;117045036.13793103;0;0;30649.379310344826
1688374878;116195328;0;0;31779.310344827587
1688374879;116791931.5862069;0;0;31779.310344827587
1688374880;116294761.93103448;0;0;31779.310344827587
1688374881;117017917.79310344;0;0;31779.310344827587
1688374882;116339959.1724138;0;0;31920.55172413793
1688374883;116872015.44827586;0;0;31920.55172413793
1688374884;116293490.7586207;0;0;53530.48275862069
1688374885;116872015.44827586;0;0;56637.793103448275
1688374886;116678656;0;0;50423.1724137931
1688374887;116389393.65517241;0;0;39547.58620689655
1688374888;116479788.13793103;0;0;39547.58620689655
1688374889;116434590.89655173;0;0;39406.3448275862
1688374890;116967918.34482758;0;0;38276.41379310345
1688374891;116434590.89655173;0;0;38276.41379310345
1688374892;116841366.06896551;0;0;40395.03448275862
1688374893;116289959.72413793;0;0;40395.03448275862
1688374894;116687695.44827586;0;0;52259.31034482759
1688374895;116245468.68965517;0;0;52259.31034482759
1688374896;116435297.10344827;0;0;52259.31034482759
1688374897;116200271.44827586;0;0;54519.1724137931
1688374898;116579928.27586207;0;0;54236.68965517241
1688374899;116241231.44827586;0;0;54095.448275862065
1688374900;116566651.5862069;0;0;54095.448275862065
1688374901;116241231.44827586;0;0;50423.1724137931
1688374902;116475268.4137931;0;0;58050.206896551725
1688374903;116285440;0;0;61298.75862068965
1688374904;116520465.65517241;0;0;63558.620689655174
1688374905;116285440;0;0;63417.379310344826
1688374906;116430071.1724138;0;0;66383.44827586207
1688374907;116375834.48275863;0;0;65253.51724137931
1688374908;116610860.13793103;0;0;65253.51724137931
1688374909;116484307.86206897;0;0;65253.51724137931
1688374910;116430071.1724138;0;0;69773.24137931035
1688374911;116719333.51724137;0;0;73445.5172413793
1688374912;116286428.68965517;0;0;76694.06896551725
1688374913;116973426.7586207;0;0;57485.24137931034
1688374914;115901263.44827586;0;0;62569.93103448276
1688374915;115946460.68965517;0;0;62569.93103448276
1688374916;115756632.27586207;0;0;70761.93103448275
1688374917;116247869.79310344;0;0;74999.1724137931
1688374918;115973720.27586207;0;0;74999.1724137931
1688374919;115729655.1724138;0;0;637422.3448275862
1688374920;116018917.51724137;0;0;1621027.3103448276
1688374921;116036996.4137931;0;0;2574547.8620689656
1688374922;116118351.44827586;0;0;3631033.379310345
1688374923;115738835.86206897;0;0;4649666.206896552
1688374924;115270479.44827586;0;0;5612932.413793104
1688374925;114143796.96551724;0;0;6780716.137931034
1688374926;113176576;0;0;8012340.9655172415
1688374927;111802579.86206897;0;0;9104701.793103449
1688374928;111459080.8275862;0;0;9760344.275862068
1688374929;110817280;0;0;10906235.586206896
1688374930;110862477.2413793;0;0;11692667.586206896
1688374931;110094124.13793103;0;0;12716102.620689655
1688374932;109949492.96551724;0;0;13853095.72413793
1688374933;109081705.93103448;0;0;15019467.034482758
1688374934;108937074.7586207;0;0;16068184.275862068
1688374935;106622976;0;0;17188652.137931034
1688374936;103520185.37931034;0;0;17268594.75862069
1688374937;99127013.51724137;0;0;18789905.655172415
1688374938;95312366.34482758;0;0;20552739.310344826
1688374939;91027667.86206897;0;0;22397916.689655174
1688374940;87122626.20689654;0;0;23266409.931034483
1688374941;83071964.68965517;0;0;25408194.20689655
1688374942;78913818.48275863;0;0;27511984.551724136
1688374943;75502415.44827586;0;0;29512951.172413792
1688374944;73043685.51724137;0;0;31885947.586206894
1688374945;72266292.96551724;0;0;33965868.137931034
1688374946;71729858.20689654;0;0;35679126.06896552
1688374947;71529436.68965517;0;0;37360463.448275864
1688374948;71520397.2413793;0;0;38449010.75862069
1688374949;71140740.4137931;0;0;38711154.75862069
1688374950;71131700.96551724;0;0;39509733.51724138
1688374951;70968990.89655173;0;0;40243200
1688374952;68365488.55172414;0;0;40183596.137931034
1688374953;67259003.5862069;0;0;39414960.551724136
1688374954;68385686.06896551;0;0;39826961.655172415
1688374955;69298952.8275862;0;0;40381051.5862069
1688374956;70392726.06896551;0;0;41027937.10344827
1688374957;68367889.65517241;0;0;41543891.862068966
1688374958;65059451.5862069;0;0;40398000.551724136
1688374959;65348713.93103448;0;0;40742488.27586207
1688374960;65637976.27586207;0;0;41509852.68965517
1688374961;65637976.27586207;0;0;42209138.75862069
1688374962;63323877.51724138;0;0;41620303.448275864
1688374963;63902402.20689655;0;0;41719596.137931034
1688374964;65493345.10344827;0;0;42336397.24137931
1688374965;69084265.93103448;0;0;43996548.4137931
1688374966;71689463.1724138;0;0;44290895.448275864
1688374967;71689463.1724138;0;0;42643032.27586207
1688374968;71834094.34482759;0;0;40793335.172413796
1688374969;75648741.51724137;0;0;40631190.06896552
1688374970;77961145.37931034;0;0;40235290.48275862
1688374971;77961145.37931034;0;0;40601388.137931034
1688374972;77961145.37931034;0;0;41321436.68965517
1688374973;76514833.65517241;0;0;41583439.448275864
1688374974;73387184.55172414;0;0;41131890.75862069
1688374975;69771405.2413793;0;0;42029479.72413793
1688374976;65952238.344827585;0;0;42702918.62068965
1688374977;62056236.137931034;0;0;42680320
1688374978;58196391.72413793;0;0;43884544
1688374979;54237113.37931035;0;0;44687501.24137931
1688374980;50295913.93103448;0;0;45460091.5862069
1688374981;49373890.20689655;0;0;46872222.89655172
1688374982;46915160.27586207;0;0;49233778.75862069
1688374983;42865487.448275864;0;0;50153401.37931035
1688374984;38960163.31034483;0;0;50884890.48275862
1688374985;35055121.655172415;0;0;51636718.344827585
1688374986;33608809.93103448;0;0;53172435.862068966
1688374987;33319547.586206894;0;0;55825513.93103448
1688374988;29269874.75862069;0;0;56850643.862068966
1688374989;25509464.275862068;0;0;57759673.37931035
1688374990;21893684.96551724;0;0;58461784.27586207
1688374991;20736635.586206898;0;0;60546224.551724136
1688374992;16686962.758620689;0;0;61792679.72413793
1688374993;12926552.275862068;0;0;62757358.344827585
1688374994;8876879.448275862;0;0;62858628.4137931
1688374995;6271682.206896552;0;0;63610173.79310345
1688374996;6271682.206896552;0;0;66221726.89655172
1688374997;6127051.0344827585;0;0;68137242.48275863
1688374998;2312403.8620689656;0;0;70012645.51724137
1688374999;0;0;0;70773654.06896551
1688375000;0;0;0;70829868.13793103
1688375001;0;0;0;70633118.89655173
1688375002;4519.724137931034;0;0;70504871.72413793
1688375003;4519.724137931034;0;0;71308958.89655173
1688375004;4519.724137931034;0;0;71136220.68965517
1688375005;4519.724137931034;0;0;71427319.1724138
1688375006;4519.724137931034;0;0;72344823.1724138
1688375007;4519.724137931034;0;0;72145672.8275862
1688375008;4519.724137931034;0;0;71990024.8275862
1688375009;4519.724137931034;0;0;71972087.1724138
1688375010;4519.724137931034;0;0;72196943.44827586
1688375011;4519.724137931034;0;0;72266716.68965517
1688375012;4519.724137931034;0;0;72226745.37931034
1688375013;4519.724137931034;0;0;71432262.62068966
1688375014;4519.724137931034;0;0;71456556.13793103
1688375015;4519.724137931034;0;0;71167293.79310344
1688375016;4519.724137931034;0;0;70956702.89655173
1688375017;4519.724137931034;0;0;70933963.03448276
1688375018;4519.724137931034;0;0;70633966.34482759
1688375019;4519.724137931034;0;0;69724371.86206897
1688375020;4519.724137931034;0;0;69444996.4137931
1688375021;4519.724137931034;0;0;69699089.65517241
1688375022;4519.724137931034;0;0;69520984.27586207
1688375023;4519.724137931034;0;0;70083972.4137931
1688375024;4519.724137931034;0;0;69958267.5862069
1688375025;4519.724137931034;0;0;69604599.1724138
1688375026;4519.724137931034;0;0;70263207.72413793
1688375027;4519.724137931034;0;0;70344280.27586207
1688375028;4519.724137931034;0;0;70279309.2413793
1688375029;4519.724137931034;0;0;70241174.06896551
1688375030;4519.724137931034;0;0;70230722.20689654
1688375031;0;0;0;70277614.34482759
1688375032;0;0;0;70463205.51724137
1688375033;0;0;0;69600926.89655173
1688375034;0;0;0;69389206.06896551
1688375035;0;0;0;69384686.34482759
1688375036;0;0;0;69635531.03448276
1688375037;0;0;0;69810246.62068966
1688375038;0;0;0;69737931.03448276
1688375039;0;0;0;69402624
1688375040;0;0;0;69285111.1724138
1688375041;0;0;0;69044859.5862069
1688375042;0;0;0;69801207.1724138
1688375043;0;0;0;69634118.62068966
1688375044;0;0;0;68254331.5862069
1688375045;0;0;0;68265630.89655173
1688375046;0;0;0;68509272.27586207
1688375047;0;0;0;68832432.55172414
1688375048;0;0;0;69684965.51724137
1688375049;0;0;0;69799512.27586207
1688375050;0;0;0;69736801.10344827
1688375051;0;0;0;69948098.20689654
1688375052;0;0;0;70094848
1688375053;0;0;0;70007984.55172414
1688375054;0;0;0;70057701.51724137
1688375055;0;0;0;70007419.5862069
1688375056;0;0;0;69904030.89655173
1688375057;0;0;0;70250213.51724137
1688375058;0;0;0;70176061.79310344
1688375059;0;0;0;69604034.20689654
1688375060;0;0;0;69662790.62068966
1688375061;0;0;0;69477199.44827586
1688375062;0;0;0;70454024.8275862
1688375063;0;0;0;70681988.4137931
1688375064;0;0;0;70406144
1688375065;0;0;0;70493148.68965517
1688375066;0;0;0;70420833.10344827
1688375067;0;0;0;70593853.79310344
1688375068;0;0;0;70834246.62068966
1688375069;0;0;0;70584390.62068966
1688375070;0;0;0;70945968.55172414
1688375071;0;0;0;71117011.86206897
1688375072;0;0;0;71354579.86206897
1688375073;0;0;0;73657803.03448276
1688375074;0;0;0;73522493.79310344
1688375075;0;0;0;73856670.89655173
1688375076;0;0;0;73755259.5862069
1688375077;0;0;0;73611899.5862069
1688375078;0;0;0;73608651.03448276
1688375079;0;0;0;73490996.96551724
1688375080;0;0;0;73229276.68965517
1688375081;0;0;0;73212892.68965517
1688375082;0;0;0;73211621.51724137
1688375083;0;0;0;72737050.48275863
1688375084;0;0;0;71587204.4137931
1688375085;0;0;0;70194281.93103448
1688375086;0;0;0;68998814.89655173
1688375087;112428.13793103448;0;0;68874098.7586207
1688375088;4207298.206896552;0;0;68822828.13793103
1688375089;8256971.0344827585;0;0;67934561.10344827
1688375090;12162012.689655172;0;0;66966492.68965517
1688375091;16067054.344827587;0;0;65743907.31034483
1688375092;20116727.172413792;0;0;64650134.06896552
1688375093;24166400;0;0;63728675.31034483
1688375094;28125678.344827585;0;0;62896057.37931035
1688375095;32121114.48275862;0;0;62093806.344827585
1688375096;35983642.48275862;0;0;60886192.551724136
1688375097;39933881.37931035;0;0;59679849.93103448
1688375098;44082988.137931034;0;0;59046241.10344827
1688375099;47978990.344827585;0;0;58353310.89655172
1688375100;51938268.68965517;0;0;57269283.31034483
1688375101;55264785.655172415;0;0;56368728.27586207
1688375102;55987941.51724138;0;0;53284864
1688375103;60037614.344827585;0;0;51986008.27586207
1688375104;62930237.79310345;0;0;50267383.17241379
1688375105;66835279.448275864;0;0;48301585.655172415
1688375106;70884952.27586207;0;0;47596508.68965517
1688375107;74500731.5862069;0;0;46826884.4137931
1688375108;77537986.20689654;0;0;46159095.172413796
1688375109;80340215.1724138;0;0;45096536.27586207
1688375110;84191020.13793103;0;0;43262375.72413793
1688375111;88141259.03448276;0;0;42649105.655172415
1688375112;92001103.44827586;0;0;41641207.172413796
1688375113;96050776.27586207;0;0;41729765.51724138
1688375114;98509506.20689654;0;0;41499542.06896552
1688375115;102414547.86206897;0;0;41045168.551724136
1688375116;106455181.2413793;0;0;40485711.448275864
1688375117;106165918.89655173;0;0;39464112.551724136
1688375118;102694770.7586207;0;0;38500281.37931035
1688375119;102694770.7586207;0;0;38234888.827586204
1688375120;100893660.68965517;0;0;38364972.137931034
1688375121;96843987.86206897;0;0;38604517.51724138
1688375122;92794315.03448276;0;0;39426966.06896552
1688375123;88835036.68965517;0;0;38764544
1688375124;88159902.89655173;0;0;39341515.034482755
1688375125;88057785.37931034;0;0;39465666.20689655
1688375126;88256653.2413793;0;0;39829080.27586207
1688375127;88057785.37931034;0;0;39778515.862068966
1688375128;88356087.1724138;0;0;39460864
1688375129;88157219.31034483;0;0;39623856.551724136
1688375130;88880375.1724138;0;0;39638686.89655172
1688375131;91049842.7586207;0;0;41184008.827586204
1688375132;87000169.93103448;0;0;40207607.172413796
1688375133;84107546.48275863;0;0;39217928.827586204
1688375134;80202504.8275862;0;0;38554518.06896552
1688375135;78033037.2413793;0;0;37079534.344827585
1688375136;78611561.93103448;0;0;36293102.344827585
1688375137;79479348.96551724;0;0;36192114.75862069
1688375138;80582161.65517241;0;0;36216125.79310345
1688375139;80781029.51724137;0;0;36523467.034482755
1688375140;80835266.20689654;0;0;36338158.344827585
1688375141;80871424;0;0;37102132.96551724
1688375142;80202504.8275862;0;0;37329955.31034483
1688375143;78033037.2413793;0;0;36674312.827586204
1688375144;77888406.06896551;0;0;36301153.10344827
1688375145;77929648.55172414;0;0;36177566.89655172
1688375146;77884451.31034483;0;0;37029393.655172415
1688375147;79764656.55172414;0;0;37786306.20689655
1688375148;75859614.89655173;0;0;36583635.862068966
1688375149;77082200.27586207;0;0;35747486.89655172
1688375150;81131873.10344827;0;0;35259356.68965517
1688375151;85330696.8275862;0;0;34671510.06896552
1688375152;89235738.48275863;0;0;34572217.37931035
1688375153;89820477.79310344;0;0;34040443.5862069
1688375154;90109740.13793103;0;0;33680984.27586207
1688375155;89721043.86206897;0;0;33353304.275862068
1688375156;89820477.79310344;0;0;33460082.75862069
1688375157;89675846.62068966;0;0;33227740.689655174
1688375158;89820477.79310344;0;0;33145961.931034483
1688375159;89291105.10344827;0;0;33122798.344827585
1688375160;86856386.20689654;0;0;33055426.20689655
1688375161;86856386.20689654;0;0;35529692.68965517
1688375162;86856386.20689654;0;0;38112432.551724136
1688375163;86856386.20689654;0;0;40623563.034482755
1688375164;84976180.96551724;0;0;42190636.137931034
1688375165;80781876.96551724;0;0;43874092.137931034
1688375166;76876835.31034483;0;0;44754732.137931034
1688375167;72971793.65517241;0;0;45838053.51724138
1688375168;68922120.8275862;0;0;47343121.655172415
1688375169;64917645.241379306;0;0;47555548.68965517
1688375170;61021643.034482755;0;0;48102717.79310345
1688375171;57640889.37931035;0;0;48825167.448275864
1688375172;57352756.96551724;0;0;50618650.48275862
1688375173;53592346.48275862;0;0;52173435.5862069
1688375174;51467087.448275864;0;0;53107747.31034483
1688375175;51955217.655172415;0;0;52913257.93103448
1688375176;53437687.17241379;0;0;53072860.68965517
1688375177;57534534.62068965;0;0;54763943.72413793
1688375178;57977467.5862069;0;0;55188656.551724136
1688375179;58031704.27586207;0;0;55521421.24137931
1688375180;57737922.20689655;0;0;55424812.137931034
1688375181;57972947.862068966;0;0;55896840.827586204
1688375182;57972947.862068966;0;0;55623397.51724138
1688375183;57828316.68965517;0;0;55903479.17241379
1688375184;58117579.034482755;0;0;56020144.551724136
1688375185;57972947.862068966;0;0;55483568.551724136
1688375186;57828316.68965517;0;0;55901925.51724138
1688375187;57394423.17241379;0;0;55979043.31034483
1688375188;58068427.034482755;0;0;55579047.72413793
1688375189;61416130.20689655;0;0;55053206.06896552
1688375190;65565236.96551724;0;0;54214091.034482755
1688375191;69614909.79310344;0;0;53342208
1688375192;71929008.55172414;0;0;52315665.655172415
1688375193;72805835.03448276;0;0;50621051.5862069
1688375194;76846468.4137931;0;0;49154824.827586204
1688375195;80751510.06896551;0;0;48419663.448275864
1688375196;84466723.31034483;0;0;47583796.96551724
1688375197;86970650.48275863;0;0;45563480.27586207
1688375198;90875692.13793103;0;0;45025915.5862069
1688375199;94925364.96551724;0;0;44442447.448275864
1688375200;99029274.48275863;0;0;43688359.72413793
1688375201;100085760;0;0;42319024.551724136
1688375202;104271024.55172414;0;0;40866921.93103448
1688375203;106305889.10344827;0;0;39942214.62068965
1688375204;105817758.89655173;0;0;39411147.034482755
1688375205;105971429.51724137;0;0;39316232.827586204
1688375206;104722008.27586207;0;0;39197025.10344827
1688375207;101097189.51724137;0;0;38160595.862068966
1688375208;100663296;0;0;36822192.551724136
1688375209;100898321.65517241;0;0;37027275.034482755
1688375210;100663296;0;0;36717956.4137931
1688375211;100807927.1724138;0;0;36924875.034482755
1688375212;100663296;0;0;37070494.89655172
1688375213;100374033.65517241;0;0;36381660.68965517
1688375214;100374033.65517241;0;0;36897897.93103448
1688375215;100374033.65517241;0;0;36804961.10344827
1688375216;99885903.44827586;0;0;36455247.448275864
1688375217;96369558.06896551;0;0;35246644.96551724
1688375218;94498816;0;0;34520523.034482755
1688375219;90349709.2413793;0;0;34550607.448275864
1688375220;86300036.4137931;0;0;34409789.79310345
1688375221;83985937.65517241;0;0;34629137.655172415
1688375222;83109111.1724138;0;0;36263441.655172415
1688375223;79068477.79310344;0;0;36710611.862068966
1688375224;79541071.44827586;0;0;36692956.68965517
1688375225;79875531.03448276;0;0;36617675.034482755
1688375226;81285684.96551724;0;0;37862859.034482755
1688375227;81565907.86206897;0;0;38205934.344827585
1688375228;81421276.68965517;0;0;37646759.72413793
1688375229;81367040;0;0;37669358.344827585
1688375230;84268702.89655173;0;0;38389689.37931035
1688375231;84078874.48275863;0;0;39209030.62068965
1688375232;84024637.79310344;0;0;39273012.96551724
1688375233;83970401.10344827;0;0;39580636.68965517
1688375234;83934243.31034483;0;0;39558038.06896552
1688375235;84892424.8275862;0;0;39394763.034482755
1688375236;88905939.86206897;0;0;41131467.034482755
1688375237;89321754.48275863;0;0;42514078.89655172
1688375238;87495785.93103448;0;0;42236539.5862069
1688375239;83590744.27586207;0;0;41206889.93103448
1688375240;82867588.4137931;0;0;40108173.24137931
1688375241;83012219.5862069;0;0;39876678.62068965
1688375242;83446113.10344827;0;0;40885283.31034483
1688375243;83446113.10344827;0;0;40901243.5862069
1688375244;83735375.44827586;0;0;40639664.551724136
1688375245;84657399.1724138;0;0;40960141.24137931
1688375246;87938718.89655173;0;0;42615207.72413793
1688375247;86962034.7586207;0;0;42854753.10344827
1688375248;86962034.7586207;0;0;41159009.10344827
1688375249;88218518.06896551;0;0;39586145.10344827
1688375250;92024125.79310344;0;0;38628669.79310345
1688375251;96073798.62068966;0;0;38541100.137931034
1688375252;100127849.93103448;0;0;38620901.51724138
1688375253;99512320;0;0;38578952.827586204
1688375254;98210639.44827586;0;0;37668369.655172415
1688375255;98291994.48275863;0;0;37024591.448275864
1688375256;98165442.20689654;0;0;37020777.93103448
1688375257;98346231.1724138;0;0;37509190.62068965
1688375258;98346231.1724138;0;0;37473880.27586207
1688375259;98219678.89655173;0;0;37125579.034482755
1688375260;98310073.37931034;0;0;36208075.034482755
1688375261;98183521.10344827;0;0;34672075.034482755
1688375262;98554138.48275863;0;0;34848344.27586207
1688375263;98445665.10344827;0;0;34587330.20689655
1688375264;98644532.96551724;0;0;34812186.48275862
1688375265;98391428.4137931;0;0;34250893.24137931
1688375266;98210639.44827586;0;0;34256966.62068965
1688375267;97295395.31034483;0;0;34169396.96551724
1688375268;97295395.31034483;0;0;36415699.862068966
1688375269;93968878.34482758;0;0;38166245.51724138
1688375270;90063836.68965517;0;0;38986151.72413793
1688375271;85869532.68965517;0;0;39435581.79310345
1688375272;81964491.03448276;0;0;40037128.827586204
1688375273;77770187.03448276;0;0;40592489.93103448
1688375274;73865145.37931034;0;0;41032033.10344827
1688375275;69905867.03448276;0;0;40497858.20689655
1688375276;68947685.51724137;0;0;41972135.72413793
1688375277;68947685.51724137;0;0;44295838.89655172
1688375278;67691202.20689654;0;0;46587621.51724138
1688375279;63885594.48275862;0;0;48403844.4137931
1688375280;59835921.655172415;0;0;49345500.68965517
1688375281;55781870.344827585;0;0;50041114.48275862
1688375282;52019764.96551724;0;0;50677548.137931034
1688375283;49271772.68965517;0;0;52256061.79310345
1688375284;45276336.551724136;0;0;53617911.17241379
1688375285;41217624.27586207;0;0;54483014.62068965
1688375286;37131793.655172415;0;0;55058996.96551724
1688375287;33082120.827586208;0;0;55614075.5862069
1688375288;29249394.75862069;0;0;56883694.344827585
1688375289;25163564.137931034;0;0;58546952.827586204
1688375290;21240443.586206898;0;0;60974609.655172415
1688375291;17163652.413793102;0;0;61778838.06896552
1688375292;13213413.51724138;0;0;63040406.06896552
1688375293;9208937.931034483;0;0;63802403.31034483
1688375294;5303896.275862069;0;0;65082756.4137931
1688375295;1398854.6206896552;0;0;65848567.17241379
1688375296;0;0;0;66978498.20689655
1688375297;0;0;0;66960984.27586207
1688375298;0;0;0;66976944.551724136
1688375299;0;0;0;67275246.34482759
1688375300;0;0;0;67470583.1724138
1688375301;0;0;0;67556316.68965517
1688375302;0;0;0;68037384.8275862
1688375303;0;0;0;68106875.5862069
1688375304;0;0;0;69048673.10344827
1688375305;0;0;0;69224094.89655173
1688375306;0;0;0;69265054.89655173
1688375307;0;0;0;69228614.62068966
1688375308;0;0;0;69081864.8275862
1688375309;0;0;0;69003758.34482759
1688375310;0;0;0;69144152.27586207
1688375311;0;0;0;69180451.31034483
1688375312;0;0;0;69159971.31034483
1688375313;0;0;0;69149236.96551724
1688375314;0;0;0;69192598.06896551
1688375315;0;0;0;69507848.8275862
1688375316;0;0;0;69737366.06896551
1688375317;0;0;0;70115892.96551724
1688375318;0;0;0;69817591.1724138
1688375319;0;0;0;69815613.79310344
1688375320;0;0;0;69942166.06896551
1688375321;0;0;0;69844709.51724137
1688375322;0;0;0;69754315.03448276
1688375323;0;0;0;69528752.55172414
1688375324;0;0;0;69360675.31034483
1688375325;0;0;0;69413217.10344827
1688375326;0;0;0;69010114.20689654
1688375327;0;0;0;68890200.27586207
1688375328;0;0;0;68799240.8275862
1688375329;0;0;0;68924804.4137931
1688375330;0;0;0;69204744.8275862
1688375331;0;0;0;69259970.20689654
1688375332;0;0;0;69425928.8275862
1688375333;0;0;0;69215620.4137931
1688375334;0;0;0;69161524.96551724
1688375335;0;0;0;68964775.72413793
1688375336;0;0;0;68891753.93103448
1688375337;0;0;0;68690484.96551724
1688375338;0;0;0;68508001.10344827
1688375339;0;0;0;67984984.27586207
1688375340;0;0;0;65811561.93103448
1688375341;0;0;0;65270607.448275864
1688375342;0;0;0;65087134.89655172
1688375343;0;0;0;64722732.137931034
1688375344;0;0;0;64585728
1688375345;0;0;0;64377255.72413793
1688375346;0;0;0;63313566.89655172
1688375347;0;0;0;63414130.75862069
1688375348;0;0;0;63013146.48275862
1688375349;0;0;0;63356928
1688375350;0;0;0;63228115.862068966
1688375351;0;0;0;62857498.48275862
1688375352;1553.655172413793;0;0;62780239.448275864
1688375353;1553.655172413793;0;0;62554253.24137931
1688375354;1553.655172413793;0;0;61692398.344827585
1688375355;1553.655172413793;0;0;61433220.4137931
1688375356;1553.655172413793;0;0;60576167.72413793
1688375357;1553.655172413793;0;0;60526450.75862069
1688375358;1553.655172413793;0;0;58979716.4137931
1688375359;1553.655172413793;0;0;56944428.137931034
1688375360;1553.655172413793;0;0;56159549.79310345
1688375361;1553.655172413793;0;0;53396201.25257143
1688375362;1553.655172413793;0;0;52590391.0103287
1688375363;1553.655172413793;0;0;52167503.448275864
1688375364;1553.655172413793;0;0;52421031.72413793
1688375365;1553.655172413793;0;0;52705774.344827585
1688375366;1553.655172413793;0;0;52186288.551724136
1688375367;1553.655172413793;0;0;49924872.827586204
1688375368;1553.655172413793;0;0;47927578.48275862
1688375369;1553.655172413793;0;0;48509069.24137931
1688375370;1553.655172413793;0;0;49218807.17241379
1688375371;1553.655172413793;0;0;49348184.27586207
1688375372;1553.655172413793;0;0;49576430.344827585
1688375373;1553.655172413793;0;0;49602560
1688375374;1553.655172413793;0;0;48849319.72413793
1688375375;1553.655172413793;0;0;47184225.10344827
1688375376;1553.655172413793;0;0;45716303.448275864
1688375377;1553.655172413793;0;0;45832545.10344827
1688375378;1553.655172413793;0;0;45493283.31034483
1688375379;1553.655172413793;0;0;45613903.448275864
1688375380;1553.655172413793;0;0;45903165.79310345
1688375381;0;0;0;45758534.62068965
1688375382;0;0;0;45943984.551724136
1688375383;0;0;0;46765868.137931034
1688375384;0;0;0;47520662.06896552
1688375385;0;0;0;48492402.75862069
1688375386;0;0;0;48319382.06896552
1688375387;0;0;0;49515414.06896552
1688375388;0;0;0;50425291.034482755
1688375389;0;0;0;50755230.89655172
1688375390;0;0;0;51498034.590498544
1688375391;0;0;0;54483159.033843756
1688375392;0;0;0;54759282.75862069
1688375393;0;0;0;54575951.448275864
1688375394;0;0;0;53238395.5862069
1688375395;0;0;0;51824993.10344827
1688375396;0;0;0;51885444.4137931
1688375397;0;0;0;54287677.79310345
1688375398;0;0;0;55976218.48275862
1688375399;0;0;0;55822406.62068965
1688375400;0;0;0;55822265.37931035
1688375401;0;0;0;55751362.20689655
1688375402;0;0;0;55796559.448275864
1688375403;0;0;0;56750362.48275862
1688375404;0;0;0;59129432.27586207
1688375405;0;0;0;59478016
1688375406;0;0;0;59197934.344827585
1688375407;0;0;0;58722657.10344827
1688375408;0;0;0;58510088.827586204
1688375409;0;0;0;58175770.48275862
1688375410;0;0;0;58269978.48275862
1688375411;0;0;0;58247944.827586204
1688375412;0;0;0;57884954.48275862
1688375413;0;0;0;57928174.344827585
1688375414;0;0;0;58171815.72413793
1688375415;0;0;0;58221532.68965517
1688375416;0;0;0;58342435.31034483
1688375417;0;0;0;59166155.034482755
1688375418;0;0;0;59505134.344827585
1688375419;0;0;0;59636206.344827585
1688375420;0;0;0;59891853.24137931
1688375421;0;0;0;60138743.17241379
1688375422;0;0;0;60197075.862068966
1688375423;0;0;0;61247346.75862069
1688375424;0;0;0;63307352.27586207
1688375425;0;0;0;65632044.137931034
1688375426;0;0;0;65521169.655172415
1688375427;0;0;0;65366510.344827585
1688375428;0;0;0;65138688
1688375429;0;0;0;65050553.37931035
1688375430;0;0;0;64981627.5862069
1688375431;0;0;0;64842646.06896552
1688375432;0;0;0;64788268.137931034
1688375433;0;0;0;64012570.48275862
1688375434;0;0;0;62897893.51724138
1688375435;0;0;0;60931672.27586207
1688375436;0;0;0;61057094.62068965
1688375437;0;0;0;61245651.862068966
1688375438;0;0;0;61688443.5862069
1688375439;0;0;0;61798188.137931034
1688375440;0;0;0;61978270.89655172
1688375441;0;0;0;62268945.655172415
1688375442;0;0;0;62165839.448275864
1688375443;0;0;0;61848752.551724136
1688375444;0;0;0;61764007.72413793
1688375445;0;0;0;61704545.10344827
1688375446;0;0;0;61652003.31034483
1688375447;0;0;0;61840843.034482755
1688375448;0;0;0;61210341.51724138
1688375449;0;0;0;61192262.62068965
1688375450;0;0;0;60805261.24137931
1688375451;0;0;0;60855401.93103448
1688375452;0;0;0;61039721.93103448
1688375453;0;0;0;61129551.448275864
1688375454;0;0;0;60931813.51724138
1688375455;0;0;0;60914440.827586204
1688375456;0;0;0;60461762.20689655
1688375457;0;0;0;60563173.51724138
1688375458;0;0;0;60663596.137931034
1688375459;0;0;0;60822351.448275864
1688375460;0;0;0;60747211.034482755
1688375461;0;0;0;58387915.034482755
1688375462;0;0;0;58817006.344827585
1688375463;0;0;0;60950174.89655172
1688375464;0;0;0;63281646.344827585
1688375465;0;0;0;63609891.31034483
1688375466;0;0;0;63467943.72413793
1688375467;0;0;0;63400147.862068966
1688375468;0;0;0;63548168.827586204
1688375469;0;0;0;63509186.20689655
1688375470;0;0;0;61909203.862068966
1688375471;0;0;0;61482089.93103448
1688375472;0;0;0;60834921.93103448
1688375473;0;0;0;58668844.137931034
1688375474;0;0;0;56413643.034482755
1688375475;0;0;0;55645854.89655172
1688375476;0;0;0;55502494.89655172
1688375477;0;0;0;55999382.06896552
1688375478;0;0;0;55922546.75862069
1688375479;0;0;0;56198249.93103448
1688375480;0;0;0;56270565.51724138
1688375481;0;0;0;56188928
1688375482;0;0;0;56069155.31034483
1688375483;0;0;0;56238786.20689655
1688375484;0;0;0;56214633.93103448
1688375485;0;0;0;56488642.20689655
1688375486;0;0;0;56446411.034482755
1688375487;0;0;0;56181300.96551724
1688375488;0;0;0;56148815.448275864
1688375489;0;0;0;56050087.72413793
1688375490;0;0;0;57238775.17241379
1688375491;0;0;0;57642019.31034483
1688375492;0;0;0;57783684.4137931
1688375493;0;0;0;57752752.551724136
1688375494;0;0;0;57607132.68965517
1688375495;0;0;0;57587782.62068965
1688375496;0;0;0;57497811.862068966
1688375497;0;0;0;57398942.89655172
1688375498;0;0;0;57496681.93103448
1688375499;0;0;0;59001750.06896552
1688375500;0;0;0;59388327.72413793
1688375501;0;0;0;59971654.62068965
1688375502;0;0;0;62239143.72413793
1688375503;0;0;0;64625416.827586204
1688375504;0;0;0;65235155.862068966
1688375505;0;0;0;65140947.862068966
1688375506;0;0;0;65184167.72413793
1688375507;0;0;0;65175128.27586207
1688375508;0;0;0;65031062.06896552
1688375509;0;0;0;64292793.37931035
1688375510;0;0;0;63082072.27586207
1688375511;0;0;0;60772916.96551724
1688375512;0;0;0;59030987.034482755
1688375513;0;0;0;57101771.034482755
1688375514;0;0;0;54969308.68965517
1688375515;0;0;0;52885009.655172415
1688375516;0;0;0;50794354.75862069
1688375517;0;0;0;48466696.827586204
1688375518;0;0;0;46356974.344827585
1688375519;0;0;0;45159247.448275864
1688375520;0;0;0;42723539.862068966
1688375521;0;0;0;40451248.551724136
1688375522;0;0;0;38136867.31034483
1688375523;0;0;0;35881524.96551724
1688375524;0;0;0;33612623.448275864
1688375525;0;0;0;31433833.931034483
1688375526;0;0;0;29155892.96551724
1688375527;0;0;0;26679084.137931034
1688375528;0;0;0;24380239.44827586
1688375529;0;0;0;22031960.275862068
1688375530;0;0;0;19827041.103448275
1688375531;0;0;0;17559552
1688375532;0;0;0;15168617.931034483
1688375533;0;0;0;13036861.793103447
1688375534;0;0;0;10709768.827586208
1688375535;0;0;0;8421517.24137931
1688375536;0;0;0;6116740.413793104
1688375537;0;0;0;3914222.3448275863
1688375538;0;0;0;2428928
1688375539;0;0;0;1357188.4137931035
1688375540;0;0;0;1354504.8275862068
1688375541;0;0;0;739398.6206896552
1688375542;0;0;0;419063.1724137931
1688375543;0;0;0;332623.4482758621
1688375544;0;0;0;312284.6896551724
1688375545;0;0;0;264827.5862068965
1688375546;0;0;0;264827.5862068965
1688375547;0;0;0;264827.5862068965
1688375548;0;0;0;264827.5862068965
1688375549;0;0;0;264827.5862068965
1688375550;0;0;0;257906.75862068965
1688375551;0;0;0;231070.89655172414
1688375552;0;0;0;231070.89655172414
1688375553;0;0;0;231070.89655172414
1688375554;0;0;0;230929.6551724138
1688375555;0;0;0;230929.6551724138
1688375556;0;0;0;274573.2413793103
1688375557;0;0;0;283753.9310344828
1688375558;0;0;0;283753.9310344828
1688375559;0;0;0;283047.724137931
1688375560;0;0;0;283047.724137931
1688375561;0;0;0;283047.724137931
1688375562;0;0;0;283188.9655172414
1688375563;0;0;0;281635.3103448276
1688375564;0;0;0;273867.0344827586
1688375565;0;0;0;273584.5517241379
1688375566;0;0;0;265392.5517241379
1688375567;0;0;0;57344
1688375568;0;0;0;57344
1688375569;0;0;0;61440
1688375570;0;0;0;61440
1688375571;0;0;0;65677.24137931035
1688375572;0;0;0;63276.13793103448
1688375573;0;0;0;63276.13793103448
1688375574;0;0;0;65959.72413793103
1688375575;0;0;0;65959.72413793103
1688375576;0;0;0;65959.72413793103
1688375577;0;0;0;148868.41379310345
1688375578;0;0;0;148868.41379310345
1688375579;0;0;0;150422.06896551725
1688375580;0;0;0;150422.06896551725
1688375581;0;0;0;150422.06896551725
1688375582;0;0;0;150422.06896551725
1688375583;0;0;0;150422.06896551725
1688375584;0;0;0;150422.06896551725
1688375585;0;0;0;110450.75862068965
1688375586;0;0;0;99575.1724137931
1688375587;0;0;0;99575.1724137931
1688375588;0;0;0;99575.1724137931
1688375589;0;0;0;99575.1724137931
1688375590;0;0;0;99575.1724137931
1688375591;0;0;0;99433.93103448275
1688375592;0;0;0;99433.93103448275
1688375593;0;0;0;99433.93103448275
1688375594;0;0;0;103812.41379310345
1688375595;0;0;0;103812.41379310345
1688375596;0;0;0;103812.41379310345
1688375597;0;0;0;103812.41379310345
1688375598;0;0;0;99716.41379310345
1688375599;0;0;0;99716.41379310345
1688375600;0;0;0;95196.6896551724
1688375601;0;0;0;95196.6896551724
1688375602;0;0;0;95196.6896551724
1688375603;0;0;0;92513.10344827586
1688375604;0;0;0;92513.10344827586
1688375605;0;0;0;94208
1688375606;0;0;0;11299.310344827587
1688375607;0;0;0;11299.310344827587
1688375608;0;0;0;9745.655172413793
1688375609;0;0;0;9745.655172413793
1688375610;0;0;0;9745.655172413793
1688375611;0;0;0;10875.58620689655
1688375612;3531.0344827586205;0;0;10875.58620689655
1688375613;3531.0344827586205;0;0;10875.58620689655
1688375614;3531.0344827586205;0;0;96609.10344827586
1688375615;3531.0344827586205;0;0;96609.10344827586
1688375616;3531.0344827586205;0;0;96609.10344827586
1688375617;3531.0344827586205;0;0;96609.10344827586
1688375618;3531.0344827586205;0;0;96609.10344827586
1688375619;3531.0344827586205;0;0;96609.10344827586
1688375620;3531.0344827586205;0;0;96609.10344827586
1688375621;3531.0344827586205;0;0;96609.10344827586
1688375622;3531.0344827586205;0;0;96609.10344827586
1688375623;3531.0344827586205;0;0;92230.62068965517
1688375624;3531.0344827586205;0;0;92230.62068965517
1688375625;3531.0344827586205;0;0;92230.62068965517
1688375626;3531.0344827586205;0;0;92230.62068965517
1688375627;3531.0344827586205;0;0;92230.62068965517
1688375628;3531.0344827586205;0;0;92230.62068965517
1688375629;3531.0344827586205;0;0;92230.62068965517
1688375630;3531.0344827586205;0;0;92230.62068965517
1688375631;3531.0344827586205;0;0;92230.62068965517
1688375632;3531.0344827586205;0;0;92230.62068965517
1688375633;3531.0344827586205;0;0;92230.62068965517
1688375634;3531.0344827586205;0;0;90535.72413793103
1688375635;3531.0344827586205;0;0;90535.72413793103
1688375636;3531.0344827586205;0;0;90535.72413793103
1688375637;3531.0344827586205;0;0;90535.72413793103
1688375638;3531.0344827586205;0;0;92513.10344827586
1688375639;3531.0344827586205;0;0;92513.10344827586
1688375640;3531.0344827586205;0;0;91383.1724137931
1688375641;0;0;0;91383.1724137931
1688375642;0;0;0;91383.1724137931
1688375643;0;0;0;1977.3793103448274
1688375644;0;0;0;1977.3793103448274
1688375645;0;0;0;4237.241379310345
1688375646;0;0;0;12005.51724137931
1688375647;0;0;0;29943.1724137931
1688375648;0;0;0;33474.206896551725
1688375649;0;0;0;33474.206896551725
1688375650;0;0;0;158190.3448275862
1688375651;0;0;0;158190.3448275862
1688375652;0;0;0;158190.3448275862
1688375653;0;0;0;159179.0344827586
1688375654;0;0;0;159179.0344827586
1688375655;0;0;0;159179.0344827586
1688375656;0;0;0;159179.0344827586
1688375657;0;0;0;159179.0344827586
1688375658;0;0;0;159179.0344827586
1688375659;0;0;0;159179.0344827586
1688375660;0;0;0;159179.0344827586
1688375661;0;0;0;159179.0344827586
1688375662;0;0;0;159179.0344827586
1688375663;0;0;0;159179.0344827586
1688375664;0;0;0;159179.0344827586
1688375665;0;0;0;159179.0344827586
1688375666;0;0;0;159179.0344827586
1688375667;0;0;0;157201.6551724138
1688375668;0;0;0;157201.6551724138
1688375669;0;0;0;157201.6551724138
1688375670;0;0;0;157201.6551724138
1688375671;0;0;0;157201.6551724138
1688375672;8756.965517241379;0;0;157201.6551724138
1688375673;8756.965517241379;0;0;157201.6551724138
1688375674;8756.965517241379;0;0;154941.79310344826
1688375675;8756.965517241379;0;0;147173.5172413793
1688375676;8756.965517241379;0;0;129235.86206896552
1688375677;8756.965517241379;0;0;125704.8275862069
1688375678;8756.965517241379;0;0;125704.8275862069
1688375679;8756.965517241379;0;0;988.6896551724137
1688375680;8756.965517241379;0;0;988.6896551724137
1688375681;8756.965517241379;0;0;988.6896551724137
1688375682;8756.965517241379;0;0;0
1688375683;8756.965517241379;0;0;0
1688375684;8756.965517241379;0;0;1553.655172413793
1688375685;8756.965517241379;0;0;1553.655172413793
1688375686;8756.965517241379;0;0;1553.655172413793
1688375687;8756.965517241379;0;0;1553.655172413793
1688375688;8756.965517241379;0;0;1553.655172413793
1688375689;8756.965517241379;0;0;1553.655172413793
1688375690;8756.965517241379;0;0;1553.655172413793
1688375691;8756.965517241379;0;0;1553.655172413793
1688375692;8756.965517241379;0;0;1553.655172413793
1688375693;8756.965517241379;0;0;1553.655172413793
1688375694;8756.965517241379;0;0;1553.655172413793
1688375695;8756.965517241379;0;0;6073.379310344828
1688375696;8756.965517241379;0;0;6073.379310344828
1688375697;8756.965517241379;0;0;6073.379310344828
1688375698;8756.965517241379;0;0;6073.379310344828
1688375699;8756.965517241379;0;0;15112.827586206897
1688375700;8756.965517241379;0;0;15112.827586206897
1688375701;0;0;0;15112.827586206897
1688375702;0;0;0;16101.51724137931
1688375703;0;0;0;62569.93103448276
1688375704;0;0;0;75140.41379310345
1688375705;0;0;0;75140.41379310345
1688375706;0;0;0;75140.41379310345
1688375707;0;0;0;75140.41379310345
1688375708;0;0;0;87145.93103448275
1688375709;0;0;0;87145.93103448275
1688375710;0;0;0;96891.58620689655
1688375711;0;0;0;96891.58620689655
1688375712;0;0;0;96891.58620689655
1688375713;0;0;0;95337.93103448275
1688375714;0;0;0;95337.93103448275
1688375715;0;0;0;95337.93103448275
1688375716;0;0;0;95337.93103448275
1688375717;0;0;0;95337.93103448275
1688375718;0;0;0;95337.93103448275
1688375719;0;0;0;95337.93103448275
1688375720;0;0;0;95337.93103448275
1688375721;0;0;0;95337.93103448275
1688375722;0;0;0;99151.44827586207
1688375723;0;0;0;99151.44827586207
1688375724;0;0;0;169489.6551724138
1688375725;0;0;0;169489.6551724138
1688375726;0;0;0;169489.6551724138
1688375727;0;0;0;169489.6551724138
1688375728;0;0;0;160450.2068965517
1688375729;0;0;0;160450.2068965517
1688375730;0;0;0;160450.2068965517
1688375731;0;0;0;159461.5172413793
1688375732;0;0;0;112993.10344827586
1688375733;0;0;0;100422.62068965517
1688375734;0;0;0;100422.62068965517
1688375735;0;0;0;100422.62068965517
1688375736;0;0;0;100422.62068965517
1688375737;0;0;0;88417.10344827586
1688375738;0;0;0;88417.10344827586
1688375739;0;0;0;79236.41379310345
1688375740;0;0;0;84321.10344827586
1688375741;0;0;0;84321.10344827586
1688375742;0;0;0;84321.10344827586
1688375743;0;0;0;84321.10344827586
1688375744;0;0;0;84321.10344827586
1688375745;0;0;0;84321.10344827586
1688375746;0;0;0;84321.10344827586
1688375747;0;0;0;84321.10344827586
1688375748;0;0;0;84321.10344827586
1688375749;0;0;0;84321.10344827586
1688375750;0;0;0;84321.10344827586
1688375751;0;0;0;80507.58620689655
1688375752;0;0;0;80507.58620689655
1688375753;0;0;0;5649.6551724137935
1688375754;0;0;0;5649.6551724137935
1688375755;0;0;0;5649.6551724137935
1688375756;0;0;0;5649.6551724137935
1688375757;0;0;0;5649.6551724137935
1688375758;0;0;0;8474.48275862069
1688375759;0;0;0;8474.48275862069
1688375760;0;0;0;8474.48275862069
1688375761;0;0;0;8474.48275862069
1688375762;0;0;0;8474.48275862069
1688375763;0;0;0;8474.48275862069
1688375764;0;0;0;11864.275862068966
1688375765;0;0;0;11864.275862068966
1688375766;0;0;0;11864.275862068966
1688375767;0;0;0;11864.275862068966
1688375768;0;0;0;21751.1724137931
1688375769;0;0;0;16666.48275862069
1688375770;0;0;0;16666.48275862069
1688375771;0;0;0;16666.48275862069
1688375772;0;0;0;23587.310344827587
1688375773;0;0;0;23587.310344827587
1688375774;0;0;0;23587.310344827587
1688375775;0;0;0;23587.310344827587
1688375776;0;0;0;23728.55172413793
1688375777;0;0;0;23728.55172413793
1688375778;0;0;0;23728.55172413793
1688375779;0;0;0;23728.55172413793
1688375780;0;0;0;23728.55172413793
1688375781;0;0;0;23728.55172413793
1688375782;0;0;0;23728.55172413793
1688375783;0;0;0;23728.55172413793
1688375784;0;0;0;23728.55172413793
1688375785;0;0;0;23728.55172413793
1688375786;0;0;0;23728.55172413793
1688375787;0;0;0;20903.724137931033
1688375788;0;0;0;20903.724137931033
1688375789;0;0;0;20903.724137931033
1688375790;0;0;0;20903.724137931033
1688375791;0;0;0;22316.137931034482
1688375792;0;0;0;22316.137931034482
1688375793;0;0;0;18926.344827586207
1688375794;0;0;0;18926.344827586207
1688375795;0;0;0;18926.344827586207
1688375796;0;0;0;21468.689655172413
1688375797;0;0;0;11016.827586206897
1688375798;0;0;0;11016.827586206897
1688375799;0;0;0;11016.827586206897
1688375800;0;0;0;11016.827586206897
1688375801;0;0;0;4096
1688375802;0;0;0;4096
1688375803;0;0;0;4096
1688375804;0;0;0;4096
1688375805;0;0;0;3954.758620689655
1688375806;0;0;0;3954.758620689655
1688375807;0;0;0;3954.758620689655
1688375808;0;0;0;3954.758620689655
1688375809;0;0;0;3954.758620689655
1688375810;0;0;0;3954.758620689655
1688375811;0;0;0;3954.758620689655
1688375812;0;0;0;3954.758620689655
1688375813;0;0;0;3954.758620689655
1688375814;0;0;0;3954.758620689655
1688375815;0;0;0;3954.758620689655
1688375816;0;0;0;3954.758620689655
1688375817;0;0;0;3954.758620689655
1688375818;0;0;0;3954.758620689655
1688375819;0;0;0;12852.965517241379
1688375820;0;0;0;11440.551724137931
1688375821;0;0;0;11440.551724137931
1688375822;0;0;0;11440.551724137931
1688375823;9039.448275862069;0;0;14689.103448275862
1688375824;9039.448275862069;0;0;14689.103448275862
1688375825;9039.448275862069;0;0;12146.758620689656
1688375826;9039.448275862069;0;0;12146.758620689656
1688375827;9039.448275862069;0;0;12146.758620689656
1688375828;9039.448275862069;0;0;12146.758620689656
1688375829;9039.448275862069;0;0;12146.758620689656
1688375830;9039.448275862069;0;0;12146.758620689656
1688375831;9039.448275862069;0;0;12146.758620689656
1688375832;9039.448275862069;0;0;12146.758620689656
1688375833;9039.448275862069;0;0;12146.758620689656
1688375834;9039.448275862069;0;0;12146.758620689656
1688375835;9039.448275862069;0;0;12146.758620689656
1688375836;9039.448275862069;0;0;24011.03448275862
1688375837;9039.448275862069;0;0;24011.03448275862
1688375838;9039.448275862069;0;0;24011.03448275862
1688375839;9039.448275862069;0;0;24011.03448275862
1688375840;9039.448275862069;0;0;24011.03448275862
1688375841;9039.448275862069;0;0;24011.03448275862
1688375842;9039.448275862069;0;0;24011.03448275862
1688375843;9039.448275862069;0;0;24011.03448275862
1688375844;9039.448275862069;0;0;24011.03448275862
1688375845;9039.448275862069;0;0;24011.03448275862
1688375846;9039.448275862069;0;0;24011.03448275862
1688375847;9039.448275862069;0;0;24011.03448275862
1688375848;9039.448275862069;0;0;15112.827586206897
1688375849;9039.448275862069;0;0;15112.827586206897
1688375850;9039.448275862069;0;0;15112.827586206897
1688375851;9039.448275862069;0;0;15112.827586206897
1688375852;0;0;0;11864.275862068966
1688375853;0;0;0;11864.275862068966
1688375854;0;0;0;11864.275862068966
1688375855;0;0;0;11864.275862068966
1688375856;0;0;0;11864.275862068966
1688375857;0;0;0;11864.275862068966
1688375858;0;0;0;11864.275862068966
1688375859;0;0;0;11864.275862068966
1688375860;0;0;0;11864.275862068966
1688375861;0;0;0;11864.275862068966
1688375862;0;0;0;11864.275862068966
1688375863;0;0;0;11864.275862068966
1688375864;0;0;0;11864.275862068966
1688375865;0;0;0;0
1688375866;0;0;0;0
1688375867;0;0;0;0
1688375868;0;0;0;0
1688375869;0;0;0;0
1688375870;0;0;0;0
1688375871;0;0;0;2118.6206896551726
1688375872;0;0;0;2118.6206896551726
1688375873;0;0;0;2683.5862068965516
1688375874;0;0;0;2683.5862068965516
1688375875;0;0;0;2683.5862068965516
1688375876;0;0;0;2683.5862068965516
1688375877;0;0;0;2683.5862068965516
1688375878;0;0;0;2683.5862068965516
1688375879;0;0;0;2683.5862068965516
1688375880;0;0;0;2683.5862068965516
1688375881;0;0;0;2683.5862068965516
1688375882;0;0;0;2683.5862068965516
1688375883;0;0;0;2683.5862068965516
1688375884;0;0;0;2683.5862068965516
1688375885;0;0;0;2683.5862068965516
1688375886;0;0;0;2683.5862068965516
1688375887;0;0;0;2683.5862068965516
1688375888;0;0;0;2683.5862068965516
1688375889;0;0;0;10593.103448275862
1688375890;0;0;0;10593.103448275862
1688375891;0;0;0;10593.103448275862
