Time;{instance="10.231.0.208:9100"};{instance="192.168.221.10:9100"};{instance="192.168.221.11:9100"};{instance="192.168.221.12:9100"}
1688374811;0;51129.379310344826;5225.931034482758;7344.551724137931
1688374812;0;47457.10344827586;5225.931034482758;7344.551724137931
1688374813;0;48587.03448275862;5225.931034482758;7344.551724137931
1688374814;0;52400.55172413793;5225.931034482758;7344.551724137931
1688374815;0;48587.03448275862;5225.931034482758;14406.620689655172
1688374816;0;59321.379310344826;5649.6551724137935;54801.65517241379
1688374817;0;57626.48275862069;5649.6551724137935;132060.6896551724
1688374818;0;69208.27586206897;5649.6551724137935;1202952.8275862068
1688374819;0;67513.37931034483;5649.6551724137935;1213687.1724137932
1688374820;0;71891.86206896552;5649.6551724137935;7669548.137931034
1688374821;0;76552.8275862069;5649.6551724137935;14300972.137931034
1688374822;2966.0689655172414;81355.03448275862;5649.6551724137935;16907016.827586208
1688374823;2966.0689655172414;85027.31034482758;5649.6551724137935;16902073.379310343
1688374824;2966.0689655172414;88982.06896551725;5649.6551724137935;21852724.96551724
1688374825;2966.0689655172414;88417.10344827586;5649.6551724137935;29988369.655172415
1688374826;2966.0689655172414;94490.48275862068;5649.6551724137935;29988369.655172415
1688374827;5790.896551724138;93643.03448275862;5649.6551724137935;34887326.89655172
1688374828;5790.896551724138;98304;5649.6551724137935;39153805.24137931
1688374829;5790.896551724138;105224.8275862069;5649.6551724137935;44740043.034482755
1688374830;5790.896551724138;106496;5649.6551724137935;46648355.31034483
1688374831;5790.896551724138;112428.13793103448;5649.6551724137935;51865105.655172415
1688374832;6497.103448275862;113275.58620689655;5649.6551724137935;53831468.137931034
1688374833;7062.068965517241;110168.27586206897;11016.827586206897;57463490.20689655
1688374834;7062.068965517241;112851.86206896552;11158.068965517241;62508773.51724138
1688374835;7062.068965517241;112569.37931034483;5932.137931034483;69390053.51724137
1688374836;7062.068965517241;113981.79310344828;5932.137931034483;69390053.51724137
1688374837;7062.068965517241;113416.8275862069;5932.137931034483;73050465.10344827
1688374838;7344.551724137931;113558.06896551725;5932.137931034483;76663278.34482759
1688374839;7344.551724137931;112993.10344827586;5932.137931034483;81934971.5862069
1688374840;7344.551724137931;113275.58620689655;5932.137931034483;87251155.86206897
1688374841;7344.551724137931;113134.3448275862;5932.137931034483;92783298.20689654
1688374842;7344.551724137931;109462.06896551725;5932.137931034483;92787959.1724138
1688374843;7344.551724137931;108473.37931034483;5932.137931034483;96693000.8275862
1688374844;7344.551724137931;108190.89655172413;5932.137931034483;96685938.7586207
1688374845;7344.551724137931;112710.62068965517;5508.413793103448;96645543.72413793
1688374846;7344.551724137931;113981.79310344828;5508.413793103448;111581254.62068966
1688374847;7344.551724137931;104236.13793103448;5508.413793103448;114925568
1688374848;7344.551724137931;103953.6551724138;5508.413793103448;118422139.5862069
1688374849;7344.551724137931;98727.72413793103;5508.413793103448;111966278.62068966
1688374850;7344.551724137931;96467.86206896552;5508.413793103448;105844594.7586207
1688374851;4378.482758620689;93643.03448275862;5508.413793103448;115011442.7586207
1688374852;4378.482758620689;88134.62068965517;5508.413793103448;120812226.20689654
1688374853;4378.482758620689;84886.06896551725;5508.413793103448;115861574.62068966
1688374854;4378.482758620689;82908.6896551724;5508.413793103448;112417403.5862069
1688374855;4378.482758620689;79236.41379310345;5508.413793103448;113312450.20689654
1688374856;1553.655172413793;80507.58620689655;5508.413793103448;119208995.31034483
1688374857;1553.655172413793;76270.3448275862;5508.413793103448;114946048
1688374858;1553.655172413793;67372.13793103448;5508.413793103448;115679090.7586207
1688374859;1553.655172413793;65959.72413793103;5508.413793103448;115147175.72413793
1688374860;1553.655172413793;61016.275862068964;5508.413793103448;121579308.13793103
1688374861;847.448275862069;61157.51724137931;5508.413793103448;119612945.65517241
1688374862;282.48275862068965;61863.724137931036;141.24137931034483;115985302.06896551
1688374863;282.48275862068965;60168.8275862069;0;117466500.4137931
1688374864;282.48275862068965;58897.65517241379;564.9655172413793;111308517.51724137
1688374865;282.48275862068965;58615.1724137931;564.9655172413793;117111843.31034483
1688374866;282.48275862068965;61016.275862068964;564.9655172413793;117610284.13793103
1688374867;0;60875.03448275862;564.9655172413793;118702362.48275863
1688374868;0;59462.620689655174;564.9655172413793;117489381.51724137
1688374869;0;60027.58620689655;564.9655172413793;112173197.2413793
1688374870;0;63699.862068965514;988.6896551724137;112435482.48275863
1688374871;0;66100.96551724138;988.6896551724137;117872710.62068966
1688374872;0;64829.793103448275;988.6896551724137;117841355.03448276
1688374873;0;65253.51724137931;988.6896551724137;121647104
1688374874;0;53248;988.6896551724137;127097891.31034483
1688374875;0;53671.724137931036;988.6896551724137;119137668.4137931
1688374876;0;52824.275862068964;988.6896551724137;114721897.93103448
1688374877;0;52683.03448275862;988.6896551724137;116249988.4137931
1688374878;0;54660.41379310345;988.6896551724137;118988941.2413793
1688374879;0;51694.3448275862;988.6896551724137;118479201.10344827
1688374880;0;52683.03448275862;988.6896551724137;117128933.51724137
1688374881;0;51129.379310344826;988.6896551724137;113569933.2413793
1688374882;0;52541.793103448275;988.6896551724137;119142894.34482758
1688374883;0;52683.03448275862;988.6896551724137;118140363.03448276
1688374884;0;51129.379310344826;988.6896551724137;117380908.13793103
1688374885;0;49716.96551724138;988.6896551724137;114259897.37931034
1688374886;0;52400.55172413793;988.6896551724137;114255942.62068966
1688374887;0;53812.96551724138;988.6896551724137;108786511.44827586
1688374888;0;51976.8275862069;988.6896551724137;117190797.2413793
1688374889;0;52118.06896551724;988.6896551724137;116136147.86206897
1688374890;0;53106.75862068965;988.6896551724137;116140667.5862069
1688374891;0;52259.31034482759;1694.896551724138;116723853.2413793
1688374892;0;52259.31034482759;1694.896551724138;113858348.13793103
1688374893;0;53812.96551724138;1129.9310344827586;113135051.03448276
1688374894;0;53671.724137931036;1129.9310344827586;122192719.44827586
1688374895;0;50988.137931034486;1129.9310344827586;118238384.55172414
1688374896;0;51835.58620689655;1129.9310344827586;117998980.4137931
1688374897;0;53812.96551724138;1129.9310344827586;115007064.27586207
1688374898;0;53106.75862068965;1129.9310344827586;119345999.44827586
1688374899;0;47598.3448275862;706.2068965517242;118613662.89655173
1688374900;0;46892.137931034486;1271.1724137931035;117261276.68965517
1688374901;0;46892.137931034486;1271.1724137931035;118377507.31034483
1688374902;0;46609.65517241379;1271.1724137931035;117970590.89655173
1688374903;0;44208.55172413793;1271.1724137931035;119283147.03448276
1688374904;0;44349.793103448275;1271.1724137931035;112229693.79310344
1688374905;0;45056;1271.1724137931035;115104379.5862069
1688374906;0;50281.93103448276;1271.1724137931035;113012594.7586207
1688374907;0;51270.620689655174;1271.1724137931035;119723678.89655173
1688374908;0;51694.3448275862;1271.1724137931035;125468530.7586207
1688374909;0;51129.379310344826;1271.1724137931035;115045905.65517241
1688374910;0;54519.1724137931;1271.1724137931035;112844517.51724137
1688374911;0;53954.206896551725;1271.1724137931035;110914454.06896551
1688374912;141.24137931034483;53812.96551724138;1271.1724137931035;107225511.72413793
1688374913;141.24137931034483;53106.75862068965;1271.1724137931035;125649319.72413793
1688374914;141.24137931034483;53954.206896551725;1271.1724137931035;121161374.89655173
1688374915;141.24137931034483;52118.06896551724;1271.1724137931035;121706284.13793103
1688374916;141.24137931034483;53389.24137931034;5932.137931034483;121895971.31034483
1688374917;141.24137931034483;58897.65517241379;5932.137931034483;115270055.72413793
1688374918;141.24137931034483;56920.275862068964;5932.137931034483;110569260.13793103
1688374919;1412.4137931034484;56920.275862068964;5932.137931034483;117885846.06896551
1688374920;1412.4137931034484;58191.448275862065;5932.137931034483;122360372.96551724
1688374921;1412.4137931034484;60310.06896551724;5932.137931034483;126151715.31034483
1688374922;1412.4137931034484;58191.448275862065;5932.137931034483;129875968
1688374923;1412.4137931034484;58756.41379310345;5932.137931034483;119968591.44827586
1688374924;2966.0689655172414;58191.448275862065;5932.137931034483;125514716.68965517
1688374925;2966.0689655172414;58332.68965517241;5932.137931034483;122739323.5862069
1688374926;2966.0689655172414;56779.03448275862;5932.137931034483;121672527.44827586
1688374927;2966.0689655172414;59886.3448275862;5932.137931034483;117333592.27586207
1688374928;2966.0689655172414;60592.55172413793;5932.137931034483;129441933.2413793
1688374929;2966.0689655172414;60592.55172413793;5367.172413793103;130348420.4137931
1688374930;4378.482758620689;61722.48275862069;5367.172413793103;129876109.2413793
1688374931;4378.482758620689;63417.379310344826;5367.172413793103;140549861.5172414
1688374932;4378.482758620689;63417.379310344826;5367.172413793103;133791885.2413793
1688374933;4378.482758620689;64688.55172413793;5367.172413793103;135869545.93103448
1688374934;4378.482758620689;62993.65517241379;5367.172413793103;132994860.13793103
1688374935;5225.931034482758;58050.206896551725;5367.172413793103;130051248.55172414
1688374936;5225.931034482758;57908.96551724138;5367.172413793103;125377430.06896551
1688374937;5225.931034482758;58191.448275862065;5367.172413793103;131009995.03448276
1688374938;5225.931034482758;57485.24137931034;5367.172413793103;132672688.55172414
1688374939;5225.931034482758;55649.10344827586;5367.172413793103;132632293.51724137
1688374940;5225.931034482758;56072.8275862069;5367.172413793103;135408816.55172414
1688374941;5367.172413793103;57202.75862068965;5367.172413793103;142610008.27586207
1688374942;5790.896551724138;64406.06896551724;5367.172413793103;128484881.65517241
1688374943;5790.896551724138;62852.41379310345;5367.172413793103;133786659.31034483
1688374944;5790.896551724138;64123.58620689655;5367.172413793103;136271801.37931034
1688374945;5790.896551724138;60592.55172413793;706.2068965517242;135232264.8275862
1688374946;5790.896551724138;57626.48275862069;706.2068965517242;140326417.6551724
1688374947;5932.137931034483;57485.24137931034;706.2068965517242;140507489.10344827
1688374948;4660.9655172413795;58615.1724137931;706.2068965517242;140682628.4137931
1688374949;4660.9655172413795;58050.206896551725;0;142821587.86206895
1688374950;5225.931034482758;57061.51724137931;0;137158091.03448275
1688374951;5225.931034482758;57061.51724137931;0;133433838.34482758
1688374952;5225.931034482758;59321.379310344826;0;128480220.68965517
1688374953;3672.2758620689656;58332.68965517241;0;141762277.5172414
1688374954;3672.2758620689656;58473.93103448276;706.2068965517242;146583410.75862068
1688374955;3954.758620689655;57767.724137931036;706.2068965517242;148499632.55172414
1688374956;3954.758620689655;56496.55172413793;706.2068965517242;148499632.55172414
1688374957;3954.758620689655;57344;706.2068965517242;131329200.55172414
1688374958;3954.758620689655;58473.93103448276;706.2068965517242;126333210.48275863
1688374959;2542.344827586207;60168.8275862069;706.2068965517242;141561856
1688374960;2542.344827586207;58191.448275862065;706.2068965517242;129325409.10344827
1688374961;2542.344827586207;58756.41379310345;706.2068965517242;129320041.93103448
1688374962;2542.344827586207;58191.448275862065;706.2068965517242;127242381.2413793
1688374963;2542.344827586207;59886.3448275862;706.2068965517242;147214194.75862068
1688374964;1694.896551724138;58897.65517241379;706.2068965517242;152424165.5172414
1688374965;1694.896551724138;56779.03448275862;706.2068965517242;149568971.03448275
1688374966;1694.896551724138;56214.06896551724;706.2068965517242;138191554.20689654
1688374967;1694.896551724138;56496.55172413793;706.2068965517242;136528860.68965518
1688374968;1694.896551724138;56496.55172413793;706.2068965517242;136788886.06896552
1688374969;1694.896551724138;55507.862068965514;706.2068965517242;155027385.37931034
1688374970;1412.4137931034484;55084.137931034486;706.2068965517242;147826193.6551724
1688374971;988.6896551724137;49575.724137931036;706.2068965517242;147511931.58620688
1688374972;988.6896551724137;50705.65517241379;706.2068965517242;139838711.1724138
1688374973;988.6896551724137;49575.724137931036;706.2068965517242;138388868.4137931
1688374974;988.6896551724137;49575.724137931036;706.2068965517242;150389018.4827586
1688374975;2118.6206896551726;49434.48275862069;706.2068965517242;144135697.6551724
1688374976;1977.3793103448274;50140.68965517241;706.2068965517242;144903909.5172414
1688374977;1977.3793103448274;47174.620689655174;706.2068965517242;143149126.62068966
1688374978;1977.3793103448274;48022.06896551724;706.2068965517242;136011211.03448275
1688374979;1412.4137931034484;47880.8275862069;706.2068965517242;139434760.8275862
1688374980;1694.896551724138;50564.41379310345;706.2068965517242;142495885.24137932
1688374981;2259.862068965517;46750.89655172414;5367.172413793103;153683614.89655173
1688374982;2259.862068965517;48587.03448275862;5367.172413793103;134650209.10344827
1688374983;2259.862068965517;56355.31034482759;4660.9655172413795;133560673.10344827
1688374984;1977.3793103448274;58191.448275862065;4660.9655172413795;132178626.20689654
1688374985;1977.3793103448274;55366.620689655174;4660.9655172413795;136072933.5172414
1688374986;2259.862068965517;54660.41379310345;4660.9655172413795;136072933.5172414
1688374987;2259.862068965517;52965.51724137931;5649.6551724137935;136072933.5172414
1688374988;2259.862068965517;52400.55172413793;5649.6551724137935;141095759.44827586
1688374989;2259.862068965517;51976.8275862069;5649.6551724137935;139262446.3448276
1688374990;2259.862068965517;54236.68965517241;5649.6551724137935;139262446.3448276
1688374991;2259.862068965517;52965.51724137931;5649.6551724137935;141120194.20689654
1688374992;2259.862068965517;52118.06896551724;5649.6551724137935;121148380.68965517
1688374993;2259.862068965517;53671.724137931036;5649.6551724137935;120910247.72413793
1688374994;2259.862068965517;53671.724137931036;5649.6551724137935;130388815.44827586
1688374995;2259.862068965517;55084.137931034486;6214.620689655172;132069164.13793103
1688374996;2259.862068965517;54236.68965517241;6214.620689655172;132069164.13793103
1688374997;2259.862068965517;53389.24137931034;6920.827586206897;144882723.31034482
1688374998;2259.862068965517;54095.448275862065;6920.827586206897;122017015.1724138
1688374999;2259.862068965517;53389.24137931034;6920.827586206897;129043067.5862069
1688375000;2259.862068965517;54801.65517241379;6920.827586206897;126791962.48275863
1688375001;2259.862068965517;54377.93103448276;6920.827586206897;125976858.48275863
1688375002;2259.862068965517;53389.24137931034;6920.827586206897;124396649.93103448
1688375003;2259.862068965517;55507.862068965514;7485.793103448275;125213025.10344827
1688375004;1129.9310344827586;53812.96551724138;7485.793103448275;127631924.96551724
1688375005;1129.9310344827586;53389.24137931034;7485.793103448275;122721527.1724138
1688375006;1129.9310344827586;54660.41379310345;7485.793103448275;116980065.10344827
1688375007;1129.9310344827586;53106.75862068965;7485.793103448275;130987820.13793103
1688375008;1129.9310344827586;54519.1724137931;7485.793103448275;134427612.68965518
1688375009;847.448275862069;51835.58620689655;7485.793103448275;131368748.13793103
1688375010;282.48275862068965;52824.275862068964;2824.8275862068967;121876621.2413793
1688375011;282.48275862068965;52965.51724137931;2824.8275862068967;121876621.2413793
1688375012;282.48275862068965;45903.448275862065;2824.8275862068967;116454929.65517241
1688375013;282.48275862068965;43361.10344827586;2824.8275862068967;132449385.93103448
1688375014;282.48275862068965;45056;2824.8275862068967;129898566.62068966
1688375015;0;44914.75862068965;3531.0344827586205;129898566.62068966
1688375016;0;46892.137931034486;2542.344827586207;133678185.93103448
1688375017;0;43078.620689655174;2542.344827586207;115034888.8275862
1688375018;0;44773.51724137931;3248.551724137931;121619561.93103448
1688375019;0;48728.275862068964;3248.551724137931;124659500.13793103
1688375020;0;51553.10344827586;3248.551724137931;134352048.55172414
1688375021;0;50839.88415390981;3248.551724137931;134352048.55172414
1688375022;0;52259.31034482759;3248.551724137931;131053356.13793103
1688375023;0;51411.862068965514;3248.551724137931;124061060.4137931
1688375024;0;50423.1724137931;2683.5862068965516;128456492.13793103
1688375025;0;50140.68965517241;2683.5862068965516;140938981.5172414
1688375026;0;51411.862068965514;1977.3793103448274;127865396.96551724
1688375027;0;49716.96551724138;1977.3793103448274;126073185.10344827
1688375028;0;50846.89655172414;6638.3448275862065;126206940.68965517
1688375029;0;50846.89655172414;6638.3448275862065;126300724.96551724
1688375030;0;51129.379310344826;6638.3448275862065;128109038.34482758
1688375031;0;51411.862068965514;6638.3448275862065;128109038.34482758
1688375032;0;53106.75862068965;6073.379310344828;115292513.10344827
1688375033;0;52541.793103448275;6073.379310344828;129238121.93103448
1688375034;0;52965.51724137931;6214.620689655172;134343856.55172414
1688375035;0;52541.793103448275;6214.620689655172;134343856.55172414
1688375036;0;53106.75862068965;6214.620689655172;121938767.44827586
1688375037;0;51411.862068965514;6214.620689655172;113286603.03448276
1688375038;0;50564.41379310345;6214.620689655172;123768973.2413793
1688375039;0;50846.89655172414;6214.620689655172;126050586.48275863
1688375040;0;52259.31034482759;6214.620689655172;126050586.48275863
1688375041;0;52118.06896551724;6214.620689655172;129812126.89655173
1688375042;0;53954.206896551725;6214.620689655172;122099076.4137931
1688375043;0;53954.206896551725;6214.620689655172;125041416.8275862
1688375044;0;54095.448275862065;5508.413793103448;131121010.7586207
1688375045;0;51835.58620689655;5508.413793103448;127344781.2413793
1688375046;0;54236.68965517241;5508.413793103448;132562944
1688375047;0;53248;4802.206896551724;125975446.06896551
1688375048;0;47174.620689655174;4802.206896551724;128763833.37931034
1688375049;0;43784.8275862069;4802.206896551724;118836965.51724137
1688375050;0;46051.041522968684;4802.206896551724;122092861.79310344
1688375051;0;43219.862068965514;4802.206896551724;120419716.4137931
1688375052;0;45620.96551724138;4802.206896551724;116012420.4137931
1688375053;0;45762.206896551725;4802.206896551724;130895589.51724137
1688375054;0;46750.89655172414;4802.206896551724;123412762.48275863
1688375055;0;47598.3448275862;4802.206896551724;123412762.48275863
1688375056;0;49999.448275862065;4802.206896551724;123413892.4137931
1688375057;0;49575.724137931036;141.24137931034483;119289079.1724138
1688375058;0;47174.620689655174;141.24137931034483;117326388.96551724
1688375059;0;46892.137931034486;141.24137931034483;136068413.79310346
1688375060;0;47315.862068965514;141.24137931034483;137717406.89655173
1688375061;0;44914.75862068965;141.24137931034483;137717406.89655173
1688375062;0;46468.41379310345;141.24137931034483;126173325.2413793
1688375063;0;46609.65517241379;0;121889050.48275863
1688375064;0;48022.06896551724;0;132454470.62068966
1688375065;0;53530.48275862069;0;130788669.79310344
1688375066;0;52541.793103448275;706.2068965517242;132467888.55172414
1688375067;0;54942.89655172414;706.2068965517242;121983258.48275863
1688375068;0;53812.96551724138;706.2068965517242;128476830.89655173
1688375069;0;53530.48275862069;706.2068965517242;140416247.1724138
1688375070;0;52965.51724137931;706.2068965517242;136654706.75862068
1688375071;0;52965.51724137931;706.2068965517242;127839126.06896551
1688375072;0;51976.8275862069;706.2068965517242;123553297.65517241
1688375073;0;54236.68965517241;706.2068965517242;126956932.4137931
1688375074;0;53389.24137931034;706.2068965517242;131156886.06896551
1688375075;0;52683.03448275862;706.2068965517242;121530297.37931034
1688375076;0;52541.793103448275;706.2068965517242;121937496.27586207
1688375077;0;54801.65517241379;706.2068965517242;128657196.13793103
1688375078;0;54095.448275862065;706.2068965517242;132720851.86206897
1688375079;0;53389.24137931034;706.2068965517242;133945979.5862069
1688375080;0;52824.275862068964;706.2068965517242;136911907.31034482
1688375081;0;52965.51724137931;706.2068965517242;136911907.31034482
1688375082;0;53106.75862068965;706.2068965517242;115952957.79310344
1688375083;0;52259.31034482759;1412.4137931034484;114526137.37931034
1688375084;0;52824.275862068964;1412.4137931034484;119969438.89655173
1688375085;0;51976.8275862069;1412.4137931034484;124925316.4137931
1688375086;0;51129.379310344826;1412.4137931034484;131076237.2413793
1688375087;0;56214.06896551724;1412.4137931034484;131100389.51724137
1688375088;0;56214.06896551724;1412.4137931034484;123061777.65517241
1688375089;0;55649.10344827586;1412.4137931034484;121412784.55172414
1688375090;0;56496.55172413793;1412.4137931034484;128122597.51724137
1688375091;0;56779.03448275862;6214.620689655172;126350159.44827586
1688375092;1412.4137931034484;56779.03448275862;6214.620689655172;131937950.89655173
1688375093;1412.4137931034484;55366.620689655174;6214.620689655172;133430872.27586207
1688375094;1412.4137931034484;50988.137931034486;6214.620689655172;133430872.27586207
1688375095;1412.4137931034484;51129.379310344826;5508.413793103448;135256558.3448276
1688375096;1412.4137931034484;49999.448275862065;5508.413793103448;142875118.3448276
1688375097;1412.4137931034484;51976.8275862069;5932.137931034483;137621786.4827586
1688375098;2824.8275862068967;50564.41379310345;5932.137931034483;129950684.68965517
1688375099;2824.8275862068967;49434.48275862069;5932.137931034483;140312717.24137932
1688375100;2824.8275862068967;49434.48275862069;5932.137931034483;146216748.13793102
1688375101;2824.8275862068967;56214.06896551724;6497.103448275862;146216748.13793102
1688375102;2824.8275862068967;56355.31034482759;6497.103448275862;136733519.44827586
1688375103;3389.793103448276;57908.96551724138;6497.103448275862;138947336.8275862
1688375104;3389.793103448276;58332.68965517241;6497.103448275862;143526241.10344827
1688375105;3389.793103448276;58332.68965517241;6497.103448275862;164022766.3448276
1688375106;3389.793103448276;55225.379310344826;6497.103448275862;151474882.20689654
1688375107;3389.793103448276;57202.75862068965;6497.103448275862;147400209.6551724
1688375108;3389.793103448276;56496.55172413793;7909.51724137931;143705193.93103448
1688375109;3389.793103448276;57061.51724137931;7909.51724137931;143475394.20689654
1688375110;3389.793103448276;55790.3448275862;7909.51724137931;162283661.24137932
1688375111;3389.793103448276;56355.31034482759;7909.51724137931;163467970.20689654
1688375112;3389.793103448276;56920.275862068964;7203.310344827586;163421360.55172414
1688375113;3389.793103448276;54377.93103448276;7203.310344827586;161494828.13793102
1688375114;3389.793103448276;56214.06896551724;7203.310344827586;158498957.24137932
1688375115;3389.793103448276;56214.06896551724;7203.310344827586;173127609.37931034
1688375116;3389.793103448276;52824.275862068964;7203.310344827586;173103457.10344827
1688375117;3389.793103448276;54377.93103448276;7203.310344827586;163493393.6551724
1688375118;3389.793103448276;59462.620689655174;7203.310344827586;166575845.5172414
1688375119;3389.793103448276;57202.75862068965;7203.310344827586;163973614.3448276
1688375120;3389.793103448276;57344;2401.103448275862;162285638.62068966
1688375121;1977.3793103448274;58332.68965517241;2401.103448275862;160924636.68965518
1688375122;1977.3793103448274;58756.41379310345;2401.103448275862;157146429.79310346
1688375123;1977.3793103448274;58897.65517241379;2401.103448275862;159111803.58620688
1688375124;1977.3793103448274;58897.65517241379;2401.103448275862;163696640
1688375125;3531.0344827586205;61016.275862068964;2401.103448275862;160624216.27586207
1688375126;3531.0344827586205;59462.620689655174;1977.3793103448274;160441449.93103448
1688375127;2118.6206896551726;59603.862068965514;1977.3793103448274;162247644.68965518
1688375128;2118.6206896551726;59603.862068965514;1977.3793103448274;161304717.24137932
1688375129;2118.6206896551726;59603.862068965514;1977.3793103448274;159747248.55172414
1688375130;2824.8275862068967;53106.75862068965;1412.4137931034484;161600335.44827586
1688375131;3389.793103448276;50281.93103448276;1412.4137931034484;161600335.44827586
1688375132;2824.8275862068967;50564.41379310345;1412.4137931034484;155183174.62068966
1688375133;2824.8275862068967;49293.24137931034;7485.793103448275;148886916.4137931
1688375134;2824.8275862068967;51694.3448275862;7485.793103448275;127983192.27586207
1688375135;2824.8275862068967;53248;7485.793103448275;135654435.31034482
1688375136;3107.310344827586;63417.379310344826;7485.793103448275;152478119.72413793
1688375137;3107.310344827586;63134.89655172414;6073.379310344828;151692111.44827586
1688375138;3107.310344827586;63134.89655172414;7062.068965517241;155895172.4137931
1688375139;3107.310344827586;65112.275862068964;7909.51724137931;142217780.96551725
1688375140;3107.310344827586;63417.379310344826;7909.51724137931;149445949.79310346
1688375141;3107.310344827586;62852.41379310345;7909.51724137931;147542439.72413793
1688375142;3107.310344827586;62711.1724137931;7909.51724137931;144025670.62068966
1688375143;3107.310344827586;60027.58620689655;7909.51724137931;142064534.06896552
1688375144;3107.310344827586;62004.96551724138;7909.51724137931;136696090.4827586
1688375145;3107.310344827586;60592.55172413793;8615.724137931034;141110589.79310346
1688375146;3107.310344827586;60451.31034482759;8615.724137931034;139765548.13793102
1688375147;3107.310344827586;56072.8275862069;8615.724137931034;136683096.27586207
1688375148;3107.310344827586;56214.06896551724;8615.724137931034;132575514.48275861
1688375149;3107.310344827586;55649.10344827586;8615.724137931034;143774825.93103448
1688375150;3107.310344827586;54942.89655172414;8615.724137931034;150254697.93103448
1688375151;3107.310344827586;56779.03448275862;8615.724137931034;141978094.3448276
1688375152;3107.310344827586;54095.448275862065;8615.724137931034;143908581.5172414
1688375153;3107.310344827586;54942.89655172414;9321.931034482759;137621221.5172414
1688375154;1553.655172413793;52400.55172413793;9321.931034482759;144280046.3448276
1688375155;1553.655172413793;53671.724137931036;9321.931034482759;154483464.8275862
1688375156;1553.655172413793;53954.206896551725;9321.931034482759;150831104
1688375157;1553.655172413793;55507.862068965514;9321.931034482759;146253188.4137931
1688375158;1553.655172413793;55366.620689655174;9321.931034482759;150990565.5172414
1688375159;847.448275862069;54377.93103448276;9321.931034482759;153693360.55172414
1688375160;282.48275862068965;55366.620689655174;9321.931034482759;160782124.13793102
1688375161;282.48275862068965;55366.620689655174;9321.931034482759;161931970.20689654
1688375162;282.48275862068965;56779.03448275862;3248.551724137931;161931970.20689654
1688375163;282.48275862068965;54660.41379310345;3248.551724137931;161931970.20689654
1688375164;282.48275862068965;55931.58620689655;3248.551724137931;174173360.55172414
1688375165;141.24137931034483;44914.75862068965;3248.551724137931;158552911.44827586
1688375166;564.9655172413793;47174.620689655174;3248.551724137931;160234955.03448275
1688375167;564.9655172413793;47315.862068965514;2259.862068965517;153295766.06896552
1688375168;564.9655172413793;44773.51724137931;1412.4137931034484;153741947.58620688
1688375169;564.9655172413793;44914.75862068965;1412.4137931034484;148957395.86206895
1688375170;564.9655172413793;45903.448275862065;7203.310344827586;154203806.89655173
1688375171;706.2068965517242;48022.06896551724;7203.310344827586;158670706.75862068
1688375172;706.2068965517242;50140.68965517241;7203.310344827586;165788848.55172414
1688375173;706.2068965517242;48163.31034482759;7203.310344827586;154014260.96551725
1688375174;706.2068965517242;53671.724137931036;6497.103448275862;150455119.44827586
1688375175;706.2068965517242;51553.10344827586;6497.103448275862;161916998.62068966
1688375176;706.2068965517242;53671.724137931036;6920.827586206897;161916998.62068966
1688375177;706.2068965517242;60451.31034482759;6920.827586206897;164158075.58620688
1688375178;706.2068965517242;60592.55172413793;6920.827586206897;160189616.55172414
1688375179;2824.8275862068967;58615.1724137931;6920.827586206897;155752518.62068966
1688375180;2824.8275862068967;59462.620689655174;6920.827586206897;155748987.58620688
1688375181;2824.8275862068967;60592.55172413793;6920.827586206897;157454053.5172414
1688375182;2824.8275862068967;61298.75862068965;6214.620689655172;169402509.24137932
1688375183;2824.8275862068967;61863.724137931036;6214.620689655172;158273394.75862068
1688375184;3813.5172413793102;60733.793103448275;6214.620689655172;148675901.79310346
1688375185;4378.482758620689;61157.51724137931;6214.620689655172;155482323.86206895
1688375186;4378.482758620689;59745.10344827586;6214.620689655172;156573554.75862068
1688375187;4378.482758620689;61581.24137931034;6214.620689655172;149533801.93103448
1688375188;4378.482758620689;61581.24137931034;6214.620689655172;151265844.96551725
1688375189;4660.9655172413795;62428.68965517241;6214.620689655172;161158391.1724138
1688375190;4660.9655172413795;62146.206896551725;6214.620689655172;160008545.10344827
1688375191;4660.9655172413795;62428.68965517241;6214.620689655172;161200763.58620688
1688375192;4660.9655172413795;62287.448275862065;6214.620689655172;161200763.58620688
1688375193;4660.9655172413795;63417.379310344826;6214.620689655172;144610127.44827586
1688375194;4519.724137931034;62428.68965517241;6214.620689655172;158548109.24137932
1688375195;4096;60733.793103448275;6214.620689655172;158601639.72413793
1688375196;4096;61016.275862068964;6214.620689655172;158601780.96551725
1688375197;4096;61298.75862068965;6214.620689655172;160639470.3448276
1688375198;4096;62004.96551724138;6214.620689655172;172394849.10344827
1688375199;4096;61157.51724137931;423.7241379310345;167292363.03448275
1688375200;3954.758620689655;58756.41379310345;423.7241379310345;162825463.1724138
1688375201;3954.758620689655;58756.41379310345;423.7241379310345;155707321.37931034
1688375202;3954.758620689655;59745.10344827586;423.7241379310345;166271046.62068966
1688375203;3954.758620689655;54095.448275862065;423.7241379310345;174611208.8275862
1688375204;3954.758620689655;54660.41379310345;423.7241379310345;163331531.03448275
1688375205;3954.758620689655;53106.75862068965;0;166534461.79310346
1688375206;3954.758620689655;47739.58620689655;0;164293384.8275862
1688375207;3954.758620689655;46750.89655172414;141.24137931034483;153706919.72413793
1688375208;1836.1379310344828;50281.93103448276;141.24137931034483;165731222.06896552
1688375209;1836.1379310344828;52824.275862068964;141.24137931034483;170938650.4827586
1688375210;1836.1379310344828;56779.03448275862;141.24137931034483;167030501.5172414
1688375211;1836.1379310344828;54377.93103448276;141.24137931034483;158026928.55172414
1688375212;1836.1379310344828;55649.10344827586;141.24137931034483;157951081.93103448
1688375213;847.448275862069;55084.137931034486;141.24137931034483;166217092.4137931
1688375214;282.48275862068965;53530.48275862069;141.24137931034483;164668098.20689654
1688375215;282.48275862068965;54095.448275862065;141.24137931034483;160557126.62068966
1688375216;282.48275862068965;52965.51724137931;847.448275862069;158512940.13793102
1688375217;282.48275862068965;54660.41379310345;847.448275862069;152225015.1724138
1688375218;0;52541.793103448275;847.448275862069;154265388.13793102
1688375219;0;52541.793103448275;847.448275862069;156055340.13793102
1688375220;0;53671.724137931036;847.448275862069;154863121.6551724
1688375221;0;53812.96551724138;847.448275862069;158412517.5172414
1688375222;0;49293.24137931034;847.448275862069;160497381.5172414
1688375223;1129.9310344827586;55931.58620689655;847.448275862069;148939316.96551725
1688375224;1129.9310344827586;55507.862068965514;847.448275862069;152580802.20689654
1688375225;1129.9310344827586;56920.275862068964;847.448275862069;160788197.5172414
1688375226;1129.9310344827586;57908.96551724138;847.448275862069;153173451.03448275
1688375227;1129.9310344827586;57202.75862068965;847.448275862069;145703053.24137932
1688375228;1412.4137931034484;59038.89655172414;847.448275862069;150079134.89655173
1688375229;3389.793103448276;63276.13793103448;847.448275862069;158557572.4137931
1688375230;3389.793103448276;62428.68965517241;847.448275862069;171926775.1724138
1688375231;3389.793103448276;64547.31034482759;847.448275862069;154691513.37931034
1688375232;3389.793103448276;64406.06896551724;847.448275862069;147099648
1688375233;3389.793103448276;65536;847.448275862069;154698010.4827586
1688375234;4378.482758620689;63982.3448275862;847.448275862069;159535951.44827586
1688375235;4943.448275862069;63276.13793103448;847.448275862069;169763663.44827586
1688375236;4943.448275862069;66242.20689655172;706.2068965517242;179478528
1688375237;4943.448275862069;66242.20689655172;706.2068965517242;158432150.06896552
1688375238;4943.448275862069;60875.03448275862;706.2068965517242;154671033.37931034
1688375239;4943.448275862069;57626.48275862069;706.2068965517242;152978255.44827586
1688375240;5225.931034482758;59321.379310344826;706.2068965517242;151369516.13793102
1688375241;5225.931034482758;61298.75862068965;5367.172413793103;164264571.58620688
1688375242;5225.931034482758;62287.448275862065;5367.172413793103;161812197.5172414
1688375243;5225.931034482758;64123.58620689655;6073.379310344828;154133609.93103448
1688375244;5225.931034482758;67654.62068965517;6073.379310344828;162875180.13793102
1688375245;5225.931034482758;66242.20689655172;5367.172413793103;164525020.68965518
1688375246;5225.931034482758;66383.44827586207;5367.172413793103;164525020.68965518
1688375247;5225.931034482758;67089.6551724138;5367.172413793103;145503337.93103448
1688375248;5225.931034482758;67513.37931034483;5367.172413793103;143713385.93103448
1688375249;5225.931034482758;63982.3448275862;5367.172413793103;144622697.93103448
1688375250;5225.931034482758;65536;5367.172413793103;162632527.44827586
1688375251;5225.931034482758;67230.89655172413;5790.896551724138;162678995.86206895
1688375252;4096;62428.68965517241;5790.896551724138;159128611.31034482
1688375253;4096;63841.10344827586;5790.896551724138;153751552
1688375254;4096;62993.65517241379;5790.896551724138;150884493.24137932
1688375255;4096;62711.1724137931;5790.896551724138;170970288.55172414
1688375256;4096;62287.448275862065;5790.896551724138;166700137.93103448
1688375257;3813.5172413793102;61016.275862068964;5790.896551724138;160558539.03448275
1688375258;1836.1379310344828;57061.51724137931;5790.896551724138;155246027.03448275
1688375259;1836.1379310344828;67089.6551724138;5790.896551724138;150505260.13793102
1688375260;1836.1379310344828;65112.275862068964;5790.896551724138;152926278.62068966
1688375261;1836.1379310344828;65959.72413793103;5790.896551724138;160020833.10344827
1688375262;1836.1379310344828;66665.93103448275;5790.896551724138;153456922.4827586
1688375263;847.448275862069;67513.37931034483;5790.896551724138;166367090.75862068
1688375264;282.48275862068965;70055.72413793103;5790.896551724138;156139520
1688375265;282.48275862068965;70055.72413793103;5790.896551724138;151920640
1688375266;282.48275862068965;68219.58620689655;5790.896551724138;153754376.8275862
1688375267;282.48275862068965;68219.58620689655;5790.896551724138;167632613.5172414
1688375268;282.48275862068965;68360.8275862069;5790.896551724138;169906882.20689654
1688375269;0;68502.06896551725;5790.896551724138;168554919.72413793
1688375270;0;66665.93103448275;1129.9310344827586;157407161.37931034
1688375271;0;66383.44827586207;1129.9310344827586;145952909.24137932
1688375272;1129.9310344827586;66242.20689655172;423.7241379310345;147602749.79310346
1688375273;1129.9310344827586;62852.41379310345;423.7241379310345;144079201.10344827
1688375274;1129.9310344827586;63558.620689655174;423.7241379310345;150550174.89655173
1688375275;1129.9310344827586;62569.93103448276;423.7241379310345;159911936
1688375276;1129.9310344827586;62993.65517241379;423.7241379310345;163504410.4827586
1688375277;1412.4137931034484;61863.724137931036;423.7241379310345;166689403.58620688
1688375278;1977.3793103448274;62569.93103448276;423.7241379310345;168802657.10344827
1688375279;1977.3793103448274;61722.48275862069;423.7241379310345;153436018.75862068
1688375280;1977.3793103448274;65394.75862068965;0;147982547.86206895
1688375281;1977.3793103448274;64264.8275862069;0;154260585.93103448
1688375282;1977.3793103448274;63699.862068965514;0;155753083.58620688
1688375283;2259.862068965517;63841.10344827586;0;159620837.5172414
1688375284;2259.862068965517;63276.13793103448;0;141695470.3448276
1688375285;2259.862068965517;64264.8275862069;0;138143249.6551724
1688375286;2259.862068965517;63982.3448275862;0;140001562.4827586
1688375287;2259.862068965517;64123.58620689655;0;145396983.1724138
1688375288;2259.862068965517;53671.724137931036;0;142843056.55172414
1688375289;2259.862068965517;53389.24137931034;0;141845186.20689654
1688375290;2259.862068965517;53671.724137931036;0;134553741.24137932
1688375291;2259.862068965517;53671.724137931036;0;143742340.4137931
1688375292;2259.862068965517;52824.275862068964;0;122791300.4137931
1688375293;2259.862068965517;50988.137931034486;0;128865668.4137931
1688375294;2259.862068965517;48304.55172413793;0;123897079.1724138
1688375295;2259.862068965517;49575.724137931036;0;122381559.1724138
1688375296;2259.862068965517;49716.96551724138;0;107606157.2413793
1688375297;2259.862068965517;48587.03448275862;0;119798678.06896551
1688375298;2259.862068965517;47598.3448275862;1271.1724137931035;129450831.44827586
1688375299;2259.862068965517;47880.8275862069;1271.1724137931035;127706217.93103448
1688375300;2259.862068965517;49010.75862068965;1271.1724137931035;127706217.93103448
1688375301;1129.9310344827586;47315.862068965514;1271.1724137931035;126172901.51724137
1688375302;1129.9310344827586;48869.51724137931;1271.1724137931035;119377496.27586207
1688375303;1129.9310344827586;48022.06896551724;1271.1724137931035;113814987.03448276
1688375304;1129.9310344827586;48869.51724137931;1836.1379310344828;119681165.2413793
1688375305;1129.9310344827586;47598.3448275862;1836.1379310344828;117162972.68965517
1688375306;847.448275862069;50281.93103448276;1836.1379310344828;114469923.31034483
1688375307;282.48275862068965;49434.48275862069;1836.1379310344828;124621364.96551724
1688375308;282.48275862068965;50281.93103448276;1836.1379310344828;121466032.55172414
1688375309;282.48275862068965;45762.206896551725;1836.1379310344828;124086342.62068966
1688375310;282.48275862068965;49010.75862068965;1836.1379310344828;116287417.37931034
1688375311;282.48275862068965;49293.24137931034;1836.1379310344828;114794919.72413793
1688375312;0;49010.75862068965;1836.1379310344828;118913094.62068966
1688375313;0;48869.51724137931;1836.1379310344828;127665540.4137931
1688375314;0;49434.48275862069;1836.1379310344828;127577405.79310344
1688375315;0;49575.724137931036;2542.344827586207;125718245.51724137
1688375316;0;55225.379310344826;2542.344827586207;117157181.79310344
1688375317;0;54519.1724137931;2542.344827586207;111082672.55172414
1688375318;0;54801.65517241379;2542.344827586207;127512717.2413793
1688375319;0;54519.1724137931;2542.344827586207;127966667.03448276
1688375320;0;53954.206896551725;2542.344827586207;116048436.96551724
1688375321;0;54942.89655172414;2542.344827586207;116048436.96551724
1688375322;0;55084.137931034486;2542.344827586207;111113180.68965517
1688375323;0;55790.3448275862;2542.344827586207;124762606.34482758
1688375324;0;53671.724137931036;2542.344827586207;126190274.20689654
1688375325;0;55790.3448275862;2542.344827586207;127251279.44827586
1688375326;0;55790.3448275862;2542.344827586207;115910302.89655173
1688375327;0;55790.3448275862;1271.1724137931035;117811411.86206897
1688375328;0;53530.48275862069;6214.620689655172;125849035.03448276
1688375329;0;52541.793103448275;6214.620689655172;130387968
1688375330;0;55084.137931034486;6214.620689655172;130270455.1724138
1688375331;0;53671.724137931036;6214.620689655172;136100899.31034482
1688375332;0;54519.1724137931;6214.620689655172;133545277.79310344
1688375333;0;55225.379310344826;5932.137931034483;122890310.62068966
1688375334;0;55225.379310344826;5932.137931034483;123382113.10344827
1688375335;0;53106.75862068965;5932.137931034483;126479960.27586207
1688375336;0;54942.89655172414;5932.137931034483;116865518.34482758
1688375337;0;53954.206896551725;5932.137931034483;114932488.8275862
1688375338;0;53812.96551724138;5932.137931034483;115189830.62068966
1688375339;0;50564.41379310345;5932.137931034483;118881597.79310344
1688375340;0;53106.75862068965;5932.137931034483;121209961.93103448
1688375341;0;53248;5932.137931034483;114028120.27586207
1688375342;0;55931.58620689655;5932.137931034483;107916323.31034483
1688375343;0;54801.65517241379;5932.137931034483;120818864.55172414
1688375344;0;54942.89655172414;5225.931034482758;120818723.31034483
1688375345;0;50564.41379310345;5225.931034482758;120841463.1724138
1688375346;0;52259.31034482759;5225.931034482758;130992481.10344827
1688375347;0;51129.379310344826;5225.931034482758;118703916.13793103
1688375348;0;50281.93103448276;5225.931034482758;119404049.65517241
1688375349;0;49152;5225.931034482758;119395575.1724138
1688375350;0;50281.93103448276;5225.931034482758;121477049.37931034
1688375351;0;54942.89655172414;5225.931034482758;127600428.13793103
1688375352;0;54942.89655172414;5225.931034482758;119718594.20689654
1688375353;0;55931.58620689655;5225.931034482758;117987257.37931034
1688375354;0;54236.68965517241;5225.931034482758;125842679.1724138
1688375355;0;54801.65517241379;5225.931034482758;122716866.20689654
1688375356;0;56496.55172413793;5225.931034482758;109377889.10344827
1688375357;0;56637.793103448275;282.48275862068965;104340232.8275862
1688375358;0;56496.55172413793;282.48275862068965;107584406.06896551
1688375359;0;53812.96551724138;282.48275862068965;107593163.03448276
1688375360;0;55649.10344827586;282.48275862068965;108955577.37931034
1688375361;0;54801.65517241379;282.48275862068965;108161039.72571428
1688375362;0;53530.48275862069;0;104753997.64492145
1688375363;0;58756.41379310345;0;105811826.7586207
1688375364;0;61157.51724137931;0;102664262.62068966
1688375365;0;61581.24137931034;0;104041931.03448276
1688375366;0;61157.51724137931;0;115697028.4137931
1688375367;0;62004.96551724138;5367.172413793103;112819376.55172414
1688375368;0;62004.96551724138;5508.413793103448;109003316.96551724
1688375369;0;58332.68965517241;5508.413793103448;106706025.93103448
1688375370;0;58473.93103448276;5508.413793103448;100561460.96551724
1688375371;0;58050.206896551725;5508.413793103448;95760384
1688375372;0;60592.55172413793;5508.413793103448;88929950.89655173
1688375373;0;60592.55172413793;5508.413793103448;91995312.55172414
1688375374;0;61440;5508.413793103448;95012228.4137931
1688375375;0;60310.06896551724;5508.413793103448;84861210.48275863
1688375376;0;60310.06896551724;5508.413793103448;79296723.86206897
1688375377;0;61157.51724137931;5508.413793103448;89842370.20689654
1688375378;0;61157.51724137931;5508.413793103448;89807201.10344827
1688375379;0;60733.793103448275;5508.413793103448;87727421.79310344
1688375380;0;56355.31034482759;6214.620689655172;80805323.03448276
1688375381;0;56355.31034482759;6214.620689655172;81676358.62068966
1688375382;0;57767.724137931036;6214.620689655172;95884535.1724138
1688375383;0;57626.48275862069;6214.620689655172;86418961.65517241
1688375384;0;58050.206896551725;6214.620689655172;86420939.03448276
1688375385;0;56637.793103448275;6214.620689655172;86420515.31034483
1688375386;0;57767.724137931036;6214.620689655172;83417864.8275862
1688375387;0;58897.65517241379;6214.620689655172;75806366.89655173
1688375388;0;58897.65517241379;6214.620689655172;93668740.4137931
1688375389;0;56920.275862068964;6214.620689655172;94227915.03448276
1688375390;0;59745.10344827586;6214.620689655172;92186935.92933452
1688375391;0;60310.06896551724;6214.620689655172;93577311.3130813
1688375392;0;60733.793103448275;6214.620689655172;95185955.31034483
1688375393;0;59038.89655172414;6214.620689655172;100674595.31034483
1688375394;0;59462.620689655174;6214.620689655172;104067072
1688375395;0;60875.03448275862;6214.620689655172;91309726.89655173
1688375396;0;62004.96551724138;847.448275862069;91325687.1724138
1688375397;0;62146.206896551725;706.2068965517242;91325828.4137931
1688375398;0;63417.379310344826;706.2068965517242;93461963.03448276
1688375399;0;61440;1271.1724137931035;98451456
1688375400;0;61581.24137931034;1271.1724137931035;98833090.20689654
1688375401;0;58897.65517241379;1271.1724137931035;101494784
1688375402;0;58332.68965517241;1271.1724137931035;101478258.7586207
1688375403;0;56779.03448275862;1271.1724137931035;99907372.13793103
1688375404;0;56214.06896551724;1271.1724137931035;99907372.13793103
1688375405;0;58473.93103448276;1271.1724137931035;103915237.51724137
1688375406;0;57767.724137931036;1271.1724137931035;96589329.65517241
1688375407;0;60875.03448275862;1271.1724137931035;101550433.10344827
1688375408;0;59180.137931034486;1271.1724137931035;108565609.93103448
1688375409;0;59038.89655172414;5084.689655172414;113531656.8275862
1688375410;0;60733.793103448275;5084.689655172414;111400324.4137931
1688375411;0;59321.379310344826;5084.689655172414;101978535.72413793
1688375412;0;58473.93103448276;5084.689655172414;108068299.03448276
1688375413;0;58615.1724137931;5084.689655172414;108070700.13793103
1688375414;0;59321.379310344826;5084.689655172414;108075078.62068966
1688375415;0;59462.620689655174;5225.931034482758;120919993.37931034
1688375416;0;59603.862068965514;5225.931034482758;120748385.10344827
1688375417;0;59603.862068965514;5225.931034482758;102877254.62068966
1688375418;0;62004.96551724138;5225.931034482758;97927168
1688375419;0;59462.620689655174;5225.931034482758;99690425.37931034
1688375420;0;62287.448275862065;5225.931034482758;99690425.37931034
1688375421;0;59321.379310344826;5225.931034482758;105953209.37931034
1688375422;0;58050.206896551725;5225.931034482758;103226685.79310344
1688375423;0;56214.06896551724;5225.931034482758;107816465.65517241
1688375424;0;55225.379310344826;5225.931034482758;107814488.27586207
1688375425;0;54801.65517241379;5225.931034482758;107798528
1688375426;0;55084.137931034486;5225.931034482758;109030294.06896551
1688375427;0;54942.89655172414;5225.931034482758;106863086.34482758
1688375428;0;57202.75862068965;4660.9655172413795;112792116.96551724
1688375429;0;55225.379310344826;4660.9655172413795;113780382.89655173
1688375430;0;56214.06896551724;5367.172413793103;116189678.34482758
1688375431;0;57344;5367.172413793103;115379235.31034483
1688375432;0;56637.793103448275;5367.172413793103;116947438.34482758
1688375433;0;62004.96551724138;5367.172413793103;118496432.55172414
1688375434;0;60027.58620689655;5367.172413793103;114488425.93103448
1688375435;0;59886.3448275862;5367.172413793103;110048361.93103448
1688375436;0;59321.379310344826;5367.172413793103;112153140.96551724
1688375437;0;59321.379310344826;5367.172413793103;108832556.13793103
1688375438;0;58332.68965517241;847.448275862069;103525976.27586207
1688375439;0;57626.48275862069;847.448275862069;111928708.4137931
1688375440;0;56637.793103448275;847.448275862069;107130597.51724137
1688375441;0;59038.89655172414;847.448275862069;101040834.20689654
1688375442;0;58756.41379310345;847.448275862069;102619630.34482758
1688375443;0;57908.96551724138;847.448275862069;105401096.8275862
1688375444;0;56920.275862068964;706.2068965517242;98141713.65517241
1688375445;0;56496.55172413793;706.2068965517242;106412102.62068966
1688375446;0;57061.51724137931;706.2068965517242;107748528.55172414
1688375447;0;55790.3448275862;706.2068965517242;104702516.96551724
1688375448;0;54660.41379310345;706.2068965517242;113753970.7586207
1688375449;0;53671.724137931036;706.2068965517242;113753970.7586207
1688375450;0;50423.1724137931;706.2068965517242;116169622.06896551
1688375451;0;50846.89655172414;706.2068965517242;112965278.89655173
1688375452;0;51835.58620689655;1412.4137931034484;100045788.68965517
1688375453;0;50281.93103448276;1412.4137931034484;101685459.86206897
1688375454;0;52400.55172413793;1412.4137931034484;105796996.4137931
1688375455;0;51129.379310344826;6073.379310344828;110964453.51724137
1688375456;0;50846.89655172414;6073.379310344828;113666259.86206897
1688375457;0;50281.93103448276;6073.379310344828;114015126.06896551
1688375458;0;50705.65517241379;6073.379310344828;113573181.79310344
1688375459;0;52118.06896551724;5367.172413793103;104715652.4137931
1688375460;0;51411.862068965514;5367.172413793103;102477117.79310344
1688375461;0;52259.31034482759;5508.413793103448;100067116.13793103
1688375462;0;49010.75862068965;5508.413793103448;104720313.37931034
1688375463;0;48728.275862068964;5508.413793103448;117520030.89655173
1688375464;0;48869.51724137931;5508.413793103448;116179508.96551724
1688375465;0;46327.1724137931;5932.137931034483;109113626.48275863
1688375466;0;47598.3448275862;5932.137931034483;109598508.13793103
1688375467;0;48445.793103448275;5932.137931034483;112798614.06896551
1688375468;0;46892.137931034486;5932.137931034483;99361191.72413793
1688375469;0;46750.89655172414;5932.137931034483;102526411.03448276
1688375470;0;47315.862068965514;5932.137931034483;107464350.89655173
1688375471;0;45762.206896551725;5932.137931034483;121553037.2413793
1688375472;0;47598.3448275862;5932.137931034483;118766768.55172414
1688375473;0;47315.862068965514;5932.137931034483;113181236.96551724
1688375474;0;52965.51724137931;5932.137931034483;104910848
1688375475;0;51553.10344827586;5932.137931034483;103590806.06896551
1688375476;0;51976.8275862069;5932.137931034483;103590806.06896551
1688375477;0;54660.41379310345;5932.137931034483;99422914.20689654
1688375478;0;53106.75862068965;5932.137931034483;102460168.8275862
1688375479;0;53106.75862068965;5932.137931034483;93742044.68965517
1688375480;0;56779.03448275862;5932.137931034483;96779299.31034483
1688375481;0;54942.89655172414;5225.931034482758;102853808.55172414
1688375482;0;55790.3448275862;5225.931034482758;103004089.37931034
1688375483;0;54519.1724137931;5225.931034482758;98892552.8275862
1688375484;0;55366.620689655174;564.9655172413793;92493188.4137931
1688375485;0;54519.1724137931;564.9655172413793;94190768.55172414
1688375486;0;54377.93103448276;564.9655172413793;94525651.86206897
1688375487;0;54377.93103448276;564.9655172413793;98239311.44827586
1688375488;0;52259.31034482759;564.9655172413793;95951342.34482758
1688375489;0;52400.55172413793;564.9655172413793;103548292.4137931
1688375490;0;54942.89655172414;423.7241379310345;108475215.44827586
1688375491;0;53389.24137931034;423.7241379310345;105310278.62068966
1688375492;0;52683.03448275862;423.7241379310345;94003623.72413793
1688375493;0;52683.03448275862;423.7241379310345;94003623.72413793
1688375494;0;53530.48275862069;0;98653007.44827586
1688375495;0;53530.48275862069;0;103519055.44827586
1688375496;0;54942.89655172414;0;112748190.89655173
1688375497;0;55225.379310344826;0;112749885.79310344
1688375498;0;57767.724137931036;0;109580570.48275863
1688375499;0;54942.89655172414;0;105877221.51724137
1688375500;0;58615.1724137931;0;90205360.55172414
1688375501;0;55790.3448275862;0;101119929.37931034
1688375502;0;56920.275862068964;0;102396327.72413793
1688375503;0;52118.06896551724;0;104024699.5862069
1688375504;0;55225.379310344826;0;114808196.4137931
1688375505;0;53812.96551724138;0;118896145.65517241
1688375506;0;52541.793103448275;0;118321716.96551724
1688375507;0;52965.51724137931;0;115287569.65517241
1688375508;0;53530.48275862069;0;113114571.03448276
1688375509;0;50564.41379310345;706.2068965517242;111505831.72413793
1688375510;0;53248;706.2068965517242;110823494.62068966
1688375511;0;58473.93103448276;706.2068965517242;114317100.13793103
1688375512;0;56072.8275862069;706.2068965517242;121113352.8275862
1688375513;0;56072.8275862069;706.2068965517242;121159115.03448276
1688375514;0;57061.51724137931;706.2068965517242;116764248.27586207
1688375515;0;64123.58620689655;706.2068965517242;105161975.1724138
1688375516;0;63699.862068965514;706.2068965517242;100520359.72413793
1688375517;0;63558.620689655174;706.2068965517242;100520359.72413793
1688375518;0;62711.1724137931;706.2068965517242;92923409.65517241
1688375519;0;61016.275862068964;706.2068965517242;87376013.2413793
1688375520;0;62428.68965517241;706.2068965517242;84338758.62068966
1688375521;0;63982.3448275862;706.2068965517242;82845696
1688375522;0;65536;706.2068965517242;82850074.48275863
1688375523;0;64688.55172413793;706.2068965517242;78200690.7586207
1688375524;0;63558.620689655174;706.2068965517242;69153474.20689654
1688375525;0;62146.206896551725;706.2068965517242;56724232.827586204
1688375526;0;63982.3448275862;706.2068965517242;56722537.93103448
1688375527;0;61581.24137931034;706.2068965517242;56722537.93103448
1688375528;0;61581.24137931034;1412.4137931034484;55490630.62068965
1688375529;0;62146.206896551725;1412.4137931034484;55490630.62068965
1688375530;0;65112.275862068964;1412.4137931034484;44576061.79310345
1688375531;0;68219.58620689655;1412.4137931034484;43299663.448275864
1688375532;0;65677.24137931035;1412.4137931034484;41671291.5862069
1688375533;0;64264.8275862069;1412.4137931034484;30871410.75862069
1688375534;0;63417.379310344826;6214.620689655172;26783461.517241377
1688375535;0;64547.31034482759;6214.620689655172;20708952.275862068
1688375536;0;63417.379310344826;6214.620689655172;20705844.96551724
1688375537;0;65112.275862068964;6214.620689655172;18964621.24137931
1688375538;0;64123.58620689655;5508.413793103448;17536105.931034483
1688375539;0;65818.4827586207;5790.896551724138;12143933.793103447
1688375540;0;62993.65517241379;6497.103448275862;6860376.275862069
1688375541;0;66665.93103448275;6497.103448275862;64123.58620689655
1688375542;0;65818.4827586207;6497.103448275862;18361.379310344826
1688375543;0;66807.1724137931;6497.103448275862;13841.655172413793
1688375544;0;58191.448275862065;6497.103448275862;52965.51724137931
1688375545;0;59462.620689655174;6497.103448275862;52965.51724137931
1688375546;0;60875.03448275862;6497.103448275862;52965.51724137931
1688375547;0;61722.48275862069;6497.103448275862;52965.51724137931
1688375548;0;59180.137931034486;6497.103448275862;47457.10344827586
1688375549;0;59745.10344827586;6497.103448275862;52259.31034482759
1688375550;0;60875.03448275862;6497.103448275862;52259.31034482759
1688375551;0;61722.48275862069;6497.103448275862;47880.8275862069
1688375552;0;60875.03448275862;6497.103448275862;47880.8275862069
1688375553;0;61581.24137931034;6497.103448275862;47880.8275862069
1688375554;0;59886.3448275862;6497.103448275862;50846.89655172414
1688375555;0;60027.58620689655;6497.103448275862;50846.89655172414
1688375556;0;59745.10344827586;6497.103448275862;50846.89655172414
1688375557;0;60451.31034482759;5790.896551724138;48163.31034482759
1688375558;0;56072.8275862069;5790.896551724138;48163.31034482759
1688375559;0;55366.620689655174;5790.896551724138;48163.31034482759
1688375560;0;54095.448275862065;5790.896551724138;48163.31034482759
1688375561;0;62004.96551724138;5790.896551724138;48163.31034482759
1688375562;0;61157.51724137931;5790.896551724138;48163.31034482759
1688375563;0;64406.06896551724;988.6896551724137;48163.31034482759
1688375564;0;61863.724137931036;988.6896551724137;48163.31034482759
1688375565;0;62287.448275862065;988.6896551724137;48163.31034482759
1688375566;0;61157.51724137931;988.6896551724137;48163.31034482759
1688375567;0;63134.89655172414;988.6896551724137;48163.31034482759
1688375568;0;58756.41379310345;706.2068965517242;48163.31034482759
1688375569;0;56496.55172413793;0;48163.31034482759
1688375570;0;54660.41379310345;0;48163.31034482759
1688375571;0;58473.93103448276;423.7241379310345;48163.31034482759
1688375572;0;59462.620689655174;423.7241379310345;48163.31034482759
1688375573;0;60592.55172413793;423.7241379310345;9039.448275862069
1688375574;0;58897.65517241379;423.7241379310345;9039.448275862069
1688375575;0;57626.48275862069;423.7241379310345;15536.551724137931
1688375576;0;58191.448275862065;423.7241379310345;15536.551724137931
1688375577;0;59038.89655172414;423.7241379310345;14265.379310344828
1688375578;0;56496.55172413793;423.7241379310345;9463.172413793103
1688375579;0;54660.41379310345;423.7241379310345;9463.172413793103
1688375580;0;53248;423.7241379310345;9463.172413793103
1688375581;0;56920.275862068964;423.7241379310345;9463.172413793103
1688375582;0;57061.51724137931;423.7241379310345;9463.172413793103
1688375583;0;57908.96551724138;423.7241379310345;6497.103448275862
1688375584;0;56072.8275862069;423.7241379310345;6497.103448275862
1688375585;0;56355.31034482759;423.7241379310345;6497.103448275862
1688375586;0;57061.51724137931;423.7241379310345;6497.103448275862
1688375587;0;57908.96551724138;423.7241379310345;6497.103448275862
1688375588;0;57202.75862068965;423.7241379310345;7344.551724137931
1688375589;0;54095.448275862065;423.7241379310345;7344.551724137931
1688375590;0;48304.55172413793;5932.137931034483;7344.551724137931
1688375591;0;49999.448275862065;5932.137931034483;7344.551724137931
1688375592;0;48445.793103448275;5932.137931034483;7344.551724137931
1688375593;0;49293.24137931034;5932.137931034483;7344.551724137931
1688375594;0;48445.793103448275;5932.137931034483;7344.551724137931
1688375595;0;47880.8275862069;5932.137931034483;7344.551724137931
1688375596;0;48445.793103448275;5932.137931034483;7344.551724137931
1688375597;0;55507.862068965514;5932.137931034483;7344.551724137931
1688375598;0;55366.620689655174;6638.3448275862065;7344.551724137931
1688375599;0;53530.48275862069;11581.793103448275;7344.551724137931
1688375600;0;52541.793103448275;11158.068965517241;7344.551724137931
1688375601;0;50705.65517241379;11158.068965517241;7344.551724137931
1688375602;0;51976.8275862069;11158.068965517241;7344.551724137931
1688375603;0;51835.58620689655;11158.068965517241;7344.551724137931
1688375604;0;51694.3448275862;11158.068965517241;847.448275862069
1688375605;0;50281.93103448276;11158.068965517241;847.448275862069
1688375606;0;50564.41379310345;11158.068965517241;847.448275862069
1688375607;0;52541.793103448275;11158.068965517241;847.448275862069
1688375608;0;52541.793103448275;11158.068965517241;847.448275862069
1688375609;0;51411.862068965514;11158.068965517241;847.448275862069
1688375610;0;49716.96551724138;11158.068965517241;847.448275862069
1688375611;0;51270.620689655174;11158.068965517241;847.448275862069
1688375612;0;51411.862068965514;11158.068965517241;847.448275862069
1688375613;0;51411.862068965514;11158.068965517241;847.448275862069
1688375614;0;52118.06896551724;11158.068965517241;847.448275862069
1688375615;0;50705.65517241379;11158.068965517241;847.448275862069
1688375616;0;51270.620689655174;11158.068965517241;847.448275862069
1688375617;0;51411.862068965514;11158.068965517241;0
1688375618;0;51411.862068965514;11158.068965517241;4802.206896551724
1688375619;0;51411.862068965514;5649.6551724137935;4802.206896551724
1688375620;0;51835.58620689655;5649.6551724137935;4802.206896551724
1688375621;0;50846.89655172414;6214.620689655172;4802.206896551724
1688375622;0;52683.03448275862;6214.620689655172;4802.206896551724
1688375623;0;53530.48275862069;6214.620689655172;4943.448275862069
1688375624;0;53530.48275862069;6214.620689655172;5649.6551724137935
1688375625;0;50846.89655172414;6214.620689655172;5649.6551724137935
1688375626;0;46044.68965517241;6355.862068965517;5649.6551724137935
1688375627;0;46892.137931034486;5649.6551724137935;5649.6551724137935
1688375628;0;46892.137931034486;706.2068965517242;5649.6551724137935
1688375629;0;44914.75862068965;706.2068965517242;5649.6551724137935
1688375630;0;46185.93103448276;706.2068965517242;5649.6551724137935
1688375631;0;44632.275862068964;706.2068965517242;5649.6551724137935
1688375632;0;46327.1724137931;847.448275862069;5649.6551724137935
1688375633;0;48445.793103448275;847.448275862069;5649.6551724137935
1688375634;0;48445.793103448275;847.448275862069;5649.6551724137935
1688375635;0;48163.31034482759;847.448275862069;5649.6551724137935
1688375636;0;46750.89655172414;847.448275862069;5649.6551724137935
1688375637;0;48304.55172413793;847.448275862069;5649.6551724137935
1688375638;0;53671.724137931036;847.448275862069;5649.6551724137935
1688375639;0;52541.793103448275;847.448275862069;5649.6551724137935
1688375640;0;51129.379310344826;847.448275862069;5649.6551724137935
1688375641;0;51129.379310344826;847.448275862069;11440.551724137931
1688375642;0;53389.24137931034;847.448275862069;11440.551724137931
1688375643;0;53530.48275862069;847.448275862069;11440.551724137931
1688375644;0;53530.48275862069;847.448275862069;11440.551724137931
1688375645;0;54095.448275862065;847.448275862069;11440.551724137931
1688375646;0;53812.96551724138;847.448275862069;12146.758620689656
1688375647;0;54660.41379310345;847.448275862069;7344.551724137931
1688375648;0;53530.48275862069;847.448275862069;7344.551724137931
1688375649;0;51411.862068965514;847.448275862069;12146.758620689656
1688375650;0;53248;282.48275862068965;12146.758620689656
1688375651;0;51411.862068965514;282.48275862068965;12711.724137931034
1688375652;0;51553.10344827586;282.48275862068965;12570.48275862069
1688375653;0;53954.206896551725;282.48275862068965;11864.275862068966
1688375654;0;53954.206896551725;282.48275862068965;12429.241379310344
1688375655;0;52683.03448275862;141.24137931034483;12429.241379310344
1688375656;0;52400.55172413793;141.24137931034483;12429.241379310344
1688375657;0;53248;141.24137931034483;12429.241379310344
1688375658;0;53248;141.24137931034483;12429.241379310344
1688375659;0;50988.137931034486;141.24137931034483;12429.241379310344
1688375660;0;52824.275862068964;141.24137931034483;12429.241379310344
1688375661;0;50423.1724137931;0;12429.241379310344
1688375662;0;49716.96551724138;0;12429.241379310344
1688375663;0;49999.448275862065;0;12429.241379310344
1688375664;0;52259.31034482759;0;12429.241379310344
1688375665;0;51411.862068965514;0;12429.241379310344
1688375666;0;50705.65517241379;0;12429.241379310344
1688375667;0;44491.03448275862;706.2068965517242;12429.241379310344
1688375668;0;46892.137931034486;706.2068965517242;12429.241379310344
1688375669;0;49716.96551724138;706.2068965517242;12429.241379310344
1688375670;0;51694.3448275862;706.2068965517242;6638.3448275862065
1688375671;0;47880.8275862069;706.2068965517242;6638.3448275862065
1688375672;0;48869.51724137931;706.2068965517242;6638.3448275862065
1688375673;0;49434.48275862069;5932.137931034483;6638.3448275862065
1688375674;0;50281.93103448276;5932.137931034483;6638.3448275862065
1688375675;0;49434.48275862069;5932.137931034483;5932.137931034483
1688375676;0;50140.68965517241;5932.137931034483;5932.137931034483
1688375677;141.24137931034483;49152;5932.137931034483;5932.137931034483
1688375678;706.2068965517242;50988.137931034486;5932.137931034483;1129.9310344827586
1688375679;706.2068965517242;48304.55172413793;5932.137931034483;1129.9310344827586
1688375680;706.2068965517242;51270.620689655174;5932.137931034483;564.9655172413793
1688375681;706.2068965517242;49434.48275862069;5932.137931034483;564.9655172413793
1688375682;988.6896551724137;48022.06896551724;5932.137931034483;564.9655172413793
1688375683;988.6896551724137;49999.448275862065;6638.3448275862065;0
1688375684;988.6896551724137;51694.3448275862;6638.3448275862065;0
1688375685;988.6896551724137;50846.89655172414;6638.3448275862065;0
1688375686;988.6896551724137;50846.89655172414;6638.3448275862065;0
1688375687;988.6896551724137;49999.448275862065;6638.3448275862065;0
1688375688;988.6896551724137;51694.3448275862;6638.3448275862065;0
1688375689;988.6896551724137;49010.75862068965;6638.3448275862065;0
1688375690;988.6896551724137;50988.137931034486;6638.3448275862065;0
1688375691;988.6896551724137;48587.03448275862;6638.3448275862065;0
1688375692;988.6896551724137;50281.93103448276;6638.3448275862065;0
1688375693;988.6896551724137;48163.31034482759;6638.3448275862065;0
1688375694;988.6896551724137;50988.137931034486;6638.3448275862065;0
1688375695;988.6896551724137;49716.96551724138;6638.3448275862065;0
1688375696;988.6896551724137;51553.10344827586;5932.137931034483;0
1688375697;988.6896551724137;48304.55172413793;5932.137931034483;0
1688375698;988.6896551724137;45197.24137931035;5932.137931034483;0
1688375699;988.6896551724137;43784.8275862069;5932.137931034483;0
1688375700;988.6896551724137;47457.10344827586;5932.137931034483;0
1688375701;988.6896551724137;44773.51724137931;5932.137931034483;0
1688375702;988.6896551724137;44914.75862068965;706.2068965517242;0
1688375703;988.6896551724137;44773.51724137931;706.2068965517242;0
1688375704;988.6896551724137;46327.1724137931;706.2068965517242;0
1688375705;988.6896551724137;45197.24137931035;706.2068965517242;0
1688375706;847.448275862069;46892.137931034486;706.2068965517242;1412.4137931034484
1688375707;282.48275862068965;45056;706.2068965517242;1412.4137931034484
1688375708;282.48275862068965;46044.68965517241;2118.6206896551726;1412.4137931034484
1688375709;282.48275862068965;43784.8275862069;10451.862068965516;1412.4137931034484
1688375710;282.48275862068965;56637.793103448275;10451.862068965516;1412.4137931034484
1688375711;0;55649.10344827586;10451.862068965516;1412.4137931034484
1688375712;0;53671.724137931036;9745.655172413793;1412.4137931034484
1688375713;0;52683.03448275862;9745.655172413793;1412.4137931034484
1688375714;0;54801.65517241379;9745.655172413793;1412.4137931034484
1688375715;0;55507.862068965514;10169.379310344828;1412.4137931034484
1688375716;0;56355.31034482759;10169.379310344828;1412.4137931034484
1688375717;0;54519.1724137931;10169.379310344828;2118.6206896551726
1688375718;0;56355.31034482759;10169.379310344828;2118.6206896551726
1688375719;0;60733.793103448275;10169.379310344828;2118.6206896551726
1688375720;0;62711.1724137931;10169.379310344828;2118.6206896551726
1688375721;0;60733.793103448275;10169.379310344828;2118.6206896551726
1688375722;0;61722.48275862069;10169.379310344828;2118.6206896551726
1688375723;0;60168.8275862069;10169.379310344828;2118.6206896551726
1688375724;0;61298.75862068965;11723.034482758621;2118.6206896551726
1688375725;0;62569.93103448276;11723.034482758621;2118.6206896551726
1688375726;0;63417.379310344826;11723.034482758621;2118.6206896551726
1688375727;0;62569.93103448276;11723.034482758621;2118.6206896551726
1688375728;0;61863.724137931036;11723.034482758621;2118.6206896551726
1688375729;0;61157.51724137931;11723.034482758621;2118.6206896551726
1688375730;0;63134.89655172414;11864.275862068966;2118.6206896551726
1688375731;0;62287.448275862065;11864.275862068966;2118.6206896551726
1688375732;0;60451.31034482759;11864.275862068966;11440.551724137931
1688375733;0;60875.03448275862;11864.275862068966;11440.551724137931
1688375734;0;60592.55172413793;11864.275862068966;11440.551724137931
1688375735;0;63841.10344827586;11864.275862068966;10028.137931034482
1688375736;0;64688.55172413793;11864.275862068966;10028.137931034482
1688375737;0;64547.31034482759;10451.862068965516;12429.241379310344
1688375738;0;63841.10344827586;2118.6206896551726;12429.241379310344
1688375739;0;51835.58620689655;2118.6206896551726;12429.241379310344
1688375740;0;54660.41379310345;2118.6206896551726;12429.241379310344
1688375741;0;59745.10344827586;2118.6206896551726;12429.241379310344
1688375742;0;58897.65517241379;2118.6206896551726;12429.241379310344
1688375743;0;57908.96551724138;2118.6206896551726;12570.48275862069
1688375744;0;57908.96551724138;1694.896551724138;12570.48275862069
1688375745;0;59180.137931034486;1694.896551724138;12570.48275862069
1688375746;0;59321.379310344826;1694.896551724138;11864.275862068966
1688375747;0;58473.93103448276;1694.896551724138;11864.275862068966
1688375748;0;53530.48275862069;1694.896551724138;11864.275862068966
1688375749;0;52400.55172413793;1694.896551724138;11864.275862068966
1688375750;0;54377.93103448276;1694.896551724138;11864.275862068966
1688375751;0;53530.48275862069;1694.896551724138;11864.275862068966
1688375752;0;53530.48275862069;1694.896551724138;11864.275862068966
1688375753;0;52683.03448275862;141.24137931034483;11864.275862068966
1688375754;0;51270.620689655174;141.24137931034483;11864.275862068966
1688375755;0;52683.03448275862;141.24137931034483;11864.275862068966
1688375756;0;53954.206896551725;141.24137931034483;11864.275862068966
1688375757;0;53954.206896551725;141.24137931034483;11864.275862068966
1688375758;0;51835.58620689655;141.24137931034483;11864.275862068966
1688375759;0;50846.89655172414;0;11864.275862068966
1688375760;0;53530.48275862069;0;11864.275862068966
1688375761;0;53530.48275862069;5367.172413793103;2542.344827586207
1688375762;0;51835.58620689655;5367.172413793103;2542.344827586207
1688375763;0;51835.58620689655;5367.172413793103;2542.344827586207
1688375764;0;49293.24137931034;5367.172413793103;2542.344827586207
1688375765;0;49434.48275862069;5367.172413793103;2542.344827586207
1688375766;0;52118.06896551724;5367.172413793103;141.24137931034483
1688375767;0;52118.06896551724;5367.172413793103;847.448275862069
1688375768;0;52118.06896551724;5367.172413793103;847.448275862069
1688375769;0;49293.24137931034;5367.172413793103;847.448275862069
1688375770;0;46327.1724137931;5367.172413793103;847.448275862069
1688375771;0;46327.1724137931;5367.172413793103;847.448275862069
1688375772;0;45479.724137931036;5367.172413793103;706.2068965517242
1688375773;0;45479.724137931036;5367.172413793103;706.2068965517242
1688375774;0;46468.41379310345;5367.172413793103;706.2068965517242
1688375775;0;49293.24137931034;5367.172413793103;706.2068965517242
1688375776;0;50564.41379310345;5367.172413793103;706.2068965517242
1688375777;0;49858.206896551725;5367.172413793103;706.2068965517242
1688375778;0;49858.206896551725;5367.172413793103;706.2068965517242
1688375779;0;47880.8275862069;5367.172413793103;706.2068965517242
1688375780;0;50705.65517241379;5367.172413793103;706.2068965517242
1688375781;0;49716.96551724138;5367.172413793103;1412.4137931034484
1688375782;0;49010.75862068965;5367.172413793103;1412.4137931034484
1688375783;0;49575.724137931036;5367.172413793103;1412.4137931034484
1688375784;0;48445.793103448275;5367.172413793103;1412.4137931034484
1688375785;0;48869.51724137931;5367.172413793103;1412.4137931034484
1688375786;0;50140.68965517241;5367.172413793103;1412.4137931034484
1688375787;0;56214.06896551724;5367.172413793103;1412.4137931034484
1688375788;0;55366.620689655174;5367.172413793103;1412.4137931034484
1688375789;0;53389.24137931034;5367.172413793103;1412.4137931034484
1688375790;0;56355.31034482759;0;1412.4137931034484
1688375791;0;57061.51724137931;0;1412.4137931034484
1688375792;0;56920.275862068964;423.7241379310345;1412.4137931034484
1688375793;0;57485.24137931034;423.7241379310345;1412.4137931034484
1688375794;0;56496.55172413793;423.7241379310345;1412.4137931034484
1688375795;0;54660.41379310345;423.7241379310345;1412.4137931034484
1688375796;0;55366.620689655174;423.7241379310345;706.2068965517242
1688375797;0;58050.206896551725;423.7241379310345;1412.4137931034484
1688375798;0;57202.75862068965;423.7241379310345;1412.4137931034484
1688375799;0;56072.8275862069;423.7241379310345;1412.4137931034484
1688375800;0;58191.448275862065;423.7241379310345;1412.4137931034484
1688375801;0;59180.137931034486;423.7241379310345;1412.4137931034484
1688375802;0;56779.03448275862;423.7241379310345;1412.4137931034484
1688375803;0;56072.8275862069;423.7241379310345;1412.4137931034484
1688375804;0;53106.75862068965;423.7241379310345;1412.4137931034484
1688375805;0;52824.275862068964;423.7241379310345;1412.4137931034484
1688375806;0;55084.137931034486;423.7241379310345;1412.4137931034484
1688375807;0;56920.275862068964;423.7241379310345;6355.862068965517
1688375808;0;56072.8275862069;423.7241379310345;6355.862068965517
1688375809;0;53812.96551724138;423.7241379310345;6355.862068965517
1688375810;0;54801.65517241379;423.7241379310345;5649.6551724137935
1688375811;0;57344;423.7241379310345;5649.6551724137935
1688375812;0;55084.137931034486;423.7241379310345;6214.620689655172
1688375813;0;55649.10344827586;423.7241379310345;6214.620689655172
1688375814;0;53106.75862068965;423.7241379310345;6214.620689655172
1688375815;0;54377.93103448276;423.7241379310345;6214.620689655172
1688375816;0;48869.51724137931;423.7241379310345;6214.620689655172
1688375817;0;51976.8275862069;423.7241379310345;6214.620689655172
1688375818;0;50423.1724137931;423.7241379310345;6214.620689655172
1688375819;0;48445.793103448275;423.7241379310345;6214.620689655172
1688375820;0;48869.51724137931;423.7241379310345;6214.620689655172
1688375821;0;51835.58620689655;0;6214.620689655172
1688375822;0;48869.51724137931;0;6214.620689655172
1688375823;1694.896551724138;58191.448275862065;0;6214.620689655172
1688375824;1694.896551724138;56496.55172413793;0;6214.620689655172
1688375825;1694.896551724138;59462.620689655174;0;6214.620689655172
1688375826;1694.896551724138;57344;0;5508.413793103448
1688375827;1694.896551724138;59038.89655172414;0;5508.413793103448
1688375828;9321.931034482759;58756.41379310345;1271.1724137931035;5508.413793103448
1688375829;9321.931034482759;58473.93103448276;1271.1724137931035;6779.586206896552
1688375830;9321.931034482759;57767.724137931036;1271.1724137931035;6779.586206896552
1688375831;9321.931034482759;61016.275862068964;1271.1724137931035;6779.586206896552
1688375832;9321.931034482759;58615.1724137931;1271.1724137931035;6779.586206896552
1688375833;10169.379310344828;60875.03448275862;1271.1724137931035;6779.586206896552
1688375834;10734.344827586207;58897.65517241379;1271.1724137931035;6779.586206896552
1688375835;10734.344827586207;58756.41379310345;1271.1724137931035;6779.586206896552
1688375836;10734.344827586207;57485.24137931034;1271.1724137931035;1836.1379310344828
1688375837;10734.344827586207;59321.379310344826;1271.1724137931035;1836.1379310344828
1688375838;10734.344827586207;60875.03448275862;1271.1724137931035;1836.1379310344828
1688375839;11016.827586206897;60733.793103448275;1271.1724137931035;1836.1379310344828
1688375840;11016.827586206897;61016.275862068964;1271.1724137931035;1836.1379310344828
1688375841;11016.827586206897;63841.10344827586;1977.3793103448274;1271.1724137931035
1688375842;11016.827586206897;62993.65517241379;1977.3793103448274;1271.1724137931035
1688375843;11016.827586206897;65818.4827586207;1977.3793103448274;1271.1724137931035
1688375844;11016.827586206897;63417.379310344826;1977.3793103448274;1271.1724137931035
1688375845;11016.827586206897;63134.89655172414;1977.3793103448274;1977.3793103448274
1688375846;11016.827586206897;61440;1977.3793103448274;1977.3793103448274
1688375847;11016.827586206897;63841.10344827586;1977.3793103448274;1977.3793103448274
1688375848;11016.827586206897;63699.862068965514;1977.3793103448274;1977.3793103448274
1688375849;11016.827586206897;62711.1724137931;1977.3793103448274;1977.3793103448274
1688375850;11016.827586206897;62428.68965517241;1977.3793103448274;1977.3793103448274
1688375851;11016.827586206897;63276.13793103448;1977.3793103448274;1977.3793103448274
1688375852;9321.931034482759;54942.89655172414;1977.3793103448274;1977.3793103448274
1688375853;9321.931034482759;57202.75862068965;10593.103448275862;1977.3793103448274
1688375854;9321.931034482759;53530.48275862069;10593.103448275862;12005.51724137931
1688375855;9321.931034482759;52965.51724137931;10593.103448275862;12005.51724137931
1688375856;9321.931034482759;52683.03448275862;10593.103448275862;12005.51724137931
1688375857;1694.896551724138;53954.206896551725;9321.931034482759;12005.51724137931
1688375858;1694.896551724138;52259.31034482759;10310.620689655172;10734.344827586207
1688375859;1694.896551724138;52824.275862068964;10734.344827586207;11299.310344827587
1688375860;1694.896551724138;51553.10344827586;10734.344827586207;12146.758620689656
1688375861;1694.896551724138;53106.75862068965;10734.344827586207;12146.758620689656
1688375862;847.448275862069;51694.3448275862;10734.344827586207;12146.758620689656
1688375863;282.48275862068965;57767.724137931036;10734.344827586207;12146.758620689656
1688375864;282.48275862068965;55649.10344827586;10875.58620689655;12146.758620689656
1688375865;282.48275862068965;56214.06896551724;10875.58620689655;12146.758620689656
1688375866;282.48275862068965;56637.793103448275;10875.58620689655;12146.758620689656
1688375867;282.48275862068965;54377.93103448276;10875.58620689655;12146.758620689656
1688375868;0;54942.89655172414;10875.58620689655;12146.758620689656
1688375869;0;54942.89655172414;10875.58620689655;12146.758620689656
1688375870;0;54236.68965517241;10169.379310344828;12146.758620689656
1688375871;0;54236.68965517241;10169.379310344828;12146.758620689656
1688375872;0;53812.96551724138;10169.379310344828;12146.758620689656
1688375873;0;53671.724137931036;10169.379310344828;12146.758620689656
1688375874;0;53812.96551724138;10169.379310344828;11440.551724137931
1688375875;0;53106.75862068965;10169.379310344828;11440.551724137931
1688375876;0;54095.448275862065;10169.379310344828;11440.551724137931
1688375877;0;53248;10169.379310344828;11440.551724137931
1688375878;0;55931.58620689655;10169.379310344828;11440.551724137931
1688375879;0;56779.03448275862;10169.379310344828;11440.551724137931
1688375880;0;58332.68965517241;10169.379310344828;11440.551724137931
1688375881;0;57344;10169.379310344828;11440.551724137931
1688375882;0;57908.96551724138;1553.655172413793;11440.551724137931
1688375883;0;57908.96551724138;1553.655172413793;1412.4137931034484
1688375884;0;58191.448275862065;1553.655172413793;1412.4137931034484
1688375885;0;57626.48275862069;1553.655172413793;1412.4137931034484
1688375886;0;58050.206896551725;1553.655172413793;1412.4137931034484
1688375887;0;57908.96551724138;564.9655172413793;1412.4137931034484
1688375888;0;58050.206896551725;141.24137931034483;847.448275862069
1688375889;0;58756.41379310345;141.24137931034483;0
1688375890;0;59180.137931034486;141.24137931034483;4802.206896551724
1688375891;0;58473.93103448276;141.24137931034483;4802.206896551724
