Time;{instance="10.231.0.208:9100"};{instance="192.168.221.10:9100"};{instance="192.168.221.11:9100"};{instance="192.168.221.12:9100"}
1688374811;15.468789675723315;24.60865159162262;13.610288141891157;15.562761917819657
1688374812;15.468789675723315;24.609943170528158;13.610288141891157;15.564351556554378
1688374813;15.468789675723315;24.609148352740128;13.61187778062588;15.570610759072368
1688374814;15.468789675723315;24.614612725032792;13.61724281135558;15.560278107296643
1688374815;15.468789675723315;24.613817907244762;13.61724281135558;15.57577708496023
1688374816;15.468789675723315;24.623057664030522;13.61724281135558;16.052470000536502
1688374817;15.275010331247163;24.62464729960656;13.61724281135558;16.255248291635127
1688374818;15.4309499270589;24.629118149664187;13.618037630722945;16.25773210215813
1688374819;15.328981762236927;24.628025275205655;13.612970657256007;16.45683435368269
1688374820;16.18236767290525;24.62087191511346;13.617441516197426;16.660606168990522
1688374821;16.19690610265525;24.619878392878437;13.61724281135558;16.709388207662457
1688374822;16.532684082908876;24.600007948177883;13.616447991988224;16.91902181580458
1688374823;16.566042808705138;24.59285458808568;13.616447991988224;16.963034938272337
1688374824;16.41707369291052;24.590668839168618;13.617342163776502;17.212707572045403
1688374825;16.655464109496286;24.592258474744668;13.622806546927125;17.178430986827852
1688374826;16.51436167829243;24.590867543615623;13.622806546927125;17.240029487798523
1688374827;16.4341015798095;24.590867543615623;13.62201172755977;17.266457231763365
1688374828;16.703958734758295;24.5898740213806;13.62201172755977;16.866563737558593
1688374829;16.509283185708522;24.587688272463538;13.61664669683006;17.48235004242349
1688374830;16.579386299023636;24.586794102452014;13.610387494312072;17.40594803073566
1688374831;16.688723257006576;24.586595398005006;13.609592674944714;17.539974446557338
1688374832;16.70515367418981;24.585204466875965;13.608797855577349;17.603858053209187
1688374833;16.51993806230614;24.59146365695665;13.610387494312072;17.644393840944726
1688374834;16.62588935856647;24.598517664825337;13.605519225686969;17.32924796178509
1688374835;16.504105114838662;24.598219608154825;13.604724406319612;17.712748306537986
1688374836;16.632262368867845;24.59662997257879;13.604724406319612;17.75646337174298
1688374837;16.35971660019816;24.59662997257879;13.604724406319612;17.86088276613036
1688374838;16.3596170219122;24.603584628223985;13.603929586952246;17.667940364702872
1688374839;16.45421639357322;24.60885029606963;13.603929586952246;17.64628153694221
1688374840;16.725268487953514;24.61491078170329;13.611182313679437;17.69218235540746
1688374841;16.45093031013657;24.61491078170329;13.610983608837602;17.745733310283573
1688374842;16.435893988956774;24.61570559949132;13.610188789470234;17.80296030473375
1688374843;16.465867053030415;24.62186543734849;13.610188789470234;17.821340502604023
1688374844;16.532385348051005;24.62166673290148;13.609393970102868;17.823526255864273
1688374845;16.389092194556053;24.62166673290148;13.609393970102868;17.785474278651748
1688374846;16.46706199246193;24.62166673290148;13.610188789470234;17.833163440693557
1688374847;16.43320537523587;24.621567380677977;13.610188789470234;17.817763815450892
1688374848;16.46865524503727;24.627727218535156;13.610188789470234;17.80902080240989
1688374849;16.57460654129761;24.62653499185312;13.609393970102868;17.8474701893061
1688374850;16.562457990410607;24.625740174065093;13.609393970102868;17.819949568711134
1688374851;16.419563150059503;24.62732980964114;13.609393970102868;17.87439469537554
1688374852;16.674782296972325;24.608254182728608;13.610188789470234;17.904299774072598
1688374853;16.427031521506418;24.60745936494059;13.610188789470234;17.86624779686007
1688374854;16.541148237215396;24.607360012717084;13.610188789470234;17.85283522003581
1688374855;16.832813036789197;24.6080554782816;13.610188789470234;17.857405431398142
1688374856;16.578689251021927;24.60706195604657;13.610188789470234;17.860684061288524
1688374857;16.692805966730894;24.60706195604657;13.610188789470234;17.837932356897745
1688374858;16.481301687354055;24.6078567738346;13.610188789470234;17.861081470972206
1688374859;16.518344809730788;24.61401661169177;13.603929586952246;17.901219849024063
1688374860;16.57390949329589;24.606565194929065;13.60313476758488;17.87439469537554
1688374861;16.600696052218854;24.605770377141045;13.60313476758488;17.910757681432422
1688374862;16.649091099194912;24.605770377141045;13.60313476758488;17.908472575751254
1688374863;16.643514715181208;24.606565194929065;13.60313476758488;17.95606238537214
1688374864;16.580481660169188;24.60865159162262;13.604028939373169;17.903008192600634
1688374865;16.61463701225311;24.61491078170329;13.603234120005803;17.897345104608164
1688374866;16.499225778826666;24.61491078170329;13.603234120005803;17.9461271432801
1688374867;16.60467918365721;24.613817907244762;13.603234120005803;17.935595786662528
1688374868;16.667712238669242;24.613817907244762;13.602439300638435;17.906286822491
1688374869;16.596314607636664;24.613817907244762;13.603432824847639;17.91194991048347
1688374870;16.719393369081935;24.61888487064341;13.603432824847639;17.946524552963783
1688374871;16.63435351287298;24.620573858442953;13.603432824847639;17.918010408159613
1688374872;16.58157702131473;24.620573858442953;13.604028939373169;17.913539549218193
1688374873;16.5600681115476;24.61401661169177;13.604028939373169;17.918904579947903
1688374874;16.550309439523613;24.6186861661964;13.604227644215005;17.94940577317048
1688374875;16.51237011257325;24.619282279537412;13.604227644215005;17.913837606480953
1688374876;16.436889771816354;24.618487461749396;13.605022463582372;17.970766543668372
1688374877;16.479509278206795;24.623852481818542;13.605022463582372;17.958546195895153
1688374878;16.51157348628558;24.62514406072408;13.605022463582372;17.910360271748736
1688374879;16.525116133176;24.625342765171087;13.604227644215005;18.0098120450901
1688374880;16.708041444482614;24.612029567221715;13.604227644215005;17.976330279239917
1688374881;16.50968149885236;24.618288757302388;13.604227644215005;17.978019270395563
1688374882;16.555587088679445;24.60646584270556;13.604227644215005;17.981496605127777
1688374883;16.59253063277022;24.60726066049358;13.603432824847639;18.00703017730433
1688374884;16.582074912744527;24.59990859595438;13.603432824847639;18.007328234567087
1688374885;16.721683669658994;24.59990859595438;13.590914419811673;18.02898706232775
1688374886;16.58317027389008;24.599014425942855;13.590914419811673;18.03017929137879
1688374887;16.70117054275144;24.59861701704884;13.591709239179028;18.067436449223962
1688374888;16.48080379592426;24.598517664825337;13.597968441697017;18.04488344967502
1688374889;16.563852086414034;24.604677502682513;13.59717362232965;18.06405846691266
1688374890;16.606372014518513;24.604975559353015;13.59717362232965;18.044187982728577
1688374891;16.778343714369647;24.604975559353015;13.598763261064384;18.08601535193608
1688374892;16.505100897698245;24.604180741564996;13.597968441697017;18.051341357034843
1688374893;16.72457143995181;24.604677502682513;13.597968441697017;18.050844594930247
1688374894;16.60716864080618;24.617195882843856;13.609493322523791;18.069622202484204
1688374895;16.55359552296026;24.62266025513651;13.61575252504178;18.050049775562883
1688374896;16.642220197463743;24.62266025513651;13.621216908192402;18.079557444576256
1688374897;16.51406294343456;24.623157016254027;13.622806546927125;18.07528529047667
1688374898;16.467559883891713;24.622362198465996;13.622806546927125;18.090883620561183
1688374899;16.49534222567427;24.621567380677977;13.62201172755977;18.083134131729384
1688374900;16.5884479230459;24.621269324007468;13.62201172755977;18.093963545609714
1688374901;16.71192499763502;24.62186543734849;13.62201172755977;18.1439378133327
1688374902;16.750063481157294;24.62107061956047;13.622806546927125;18.098732461813892
1688374903;16.660443023794237;24.62266025513651;13.62201172755977;18.133009047031447
1688374904;16.713219515352485;24.622560902913005;13.61575252504178;18.134698038187093
1688374905;16.74627950629086;24.63388705639232;13.61575252504178;18.100520805390463
1688374906;16.529397999472238;24.64163652982554;13.61575252504178;18.12058999441639
1688374907;16.449038322703345;24.64143782537853;13.614162886307046;18.1351948002917
1688374908;16.563752508128083;24.640344950920003;13.61575252504178;18.145924861751105
1688374909;16.65317380891923;24.647995072129714;13.61575252504178;18.130326531666597
1688374910;16.63863537916922;24.64004689424949;13.616547344409147;18.136585734184585
1688374911;16.48598186679413;24.63895401979096;13.616547344409147;18.160827724889174
1688374912;16.64560585918634;24.613917259468266;13.616547344409147;18.12804142598543
1688374913;16.75713353946039;24.613917259468266;13.61575252504178;18.159734848259045
1688374914;16.610853037386665;24.60129952708342;13.617342163776502;18.17036555729753
1688374915;16.475426568482476;24.60100147041291;13.617342163776502;18.153972407845664
1688374916;16.447046756984175;24.601796288200926;13.617342163776502;18.20722530545902
1688374917;16.44565266098075;24.60159758375392;13.616547344409147;18.17036555729753
1688374918;16.166435147151816;24.600604061518894;13.617342163776502;18.190534098744383
1688374919;16.50639541541572;24.60755871716409;13.61575252504178;18.22043917744144
1688374920;16.405920924883123;24.607360012717084;13.621813022717921;18.18596388738204
1688374921;16.555985401823282;24.606565194929065;13.621813022717921;18.18715611643309
1688374922;16.6350505608747;24.608154830505104;13.621813022717921;18.246072102038912
1688374923;16.760519201182987;24.60646584270556;13.621813022717921;18.189043812430572
1688374924;16.44525434783691;24.6078567738346;13.627277405868554;18.242296710043938
1688374925;16.525813181177718;24.607757421611097;13.628867044603277;18.21000717324479
1688374926;16.435196940955056;24.606863251599577;13.628867044603277;18.18258590507075
1688374927;16.307039686925872;24.606565194929065;13.628867044603277;18.195799777053168
1688374928;16.196408211225453;24.607360012717084;13.62807222523591;18.14910413922056
1688374929;16.489168371944817;24.613619202797754;13.62807222523591;18.163013478149427
1688374930;16.467559883891713;24.613619202797754;13.628867044603277;18.16132448699378
1688374931;16.608662315095568;24.612526328339225;13.629661863970643;18.153674350582904
1688374932;16.391681229990983;24.613321146127255;13.629661863970643;18.131717465559483
1688374933;16.17201153116551;24.61292373723324;13.629661863970643;18.152184064269093
1688374934;16.451726936424237;24.61212891944522;13.628867044603277;18.146819033539387
1688374935;16.421554715778676;24.623852481818542;13.628867044603277;18.177717636445646
1688374936;16.608562736809606;24.63090648968724;13.629661863970643;18.272499846003743
1688374937;16.93478120161118;24.630608433016732;13.629661863970643;18.15655557078959
1688374938;16.93478120161118;24.62971426300521;13.628867044603277;18.12138481378376
1688374939;16.92950355245535;24.636768270873898;13.628867044603277;18.15138924490173
1688374940;15.93073334428694;24.629416206334696;13.629661863970643;18.158940028891678
1688374941;15.937006776302365;24.629316854111195;13.629661863970643;18.155462694159464
1688374942;15.40266969384656;24.617593291737872;13.629661863970643;18.193017909267397
1688374943;15.408943125861974;24.617593291737872;13.622607842085287;18.183480076859038
1688374944;15.43075077048699;24.618388109525892;13.622607842085287;18.166590165302555
1688374945;15.434634323639385;24.618189405078883;13.621813022717921;18.219147595969474
1688374946;15.155516388096412;24.617394587290864;13.615553820199933;18.24507857782971
1688374947;15.149143377795038;24.617394587290864;13.615553820199933;18.22769190416863
1688374948;15.274014548387582;24.61729523506736;13.616348639567299;18.247363683510876
1688374949;15.133509586899486;24.616301712832332;13.615653172620856;18.238918727732635
1688374950;15.303589299317387;24.610042522751662;13.616249287146376;18.239415489837242
1688374951;15.159698676106693;24.609247704963632;13.616249287146376;18.258491154653967
1688374952;15.412627522442456;24.61024122719866;13.617044106513742;18.51372752399858
1688374953;15.123452180017626;24.610638636092673;13.617044106513742;18.255113172342675
1688374954;15.2081933013687;24.60944640941064;13.623303309031732;18.332310003397858
1688374955;15.119269892007347;24.617394587290864;13.623104604189894;18.278560343679896
1688374956;15.158105423531342;24.62862138854668;13.622309784822528;18.338569205915846
1688374957;15.878653900730411;24.62862138854668;13.621514965455162;18.604336931878017
1688374958;15.674617992800489;24.628323331876167;13.621514965455162;18.613477354602704
1688374959;15.198534207630686;24.626932400747126;13.622309784822528;18.333998994553504
1688374960;15.099453813101515;24.62544211739459;13.622309784822528;18.400763821412035
1688374961;15.405557464139374;24.621964789571994;13.621514965455162;18.377912764600335
1688374962;15.565281034817547;24.625342765171087;13.615255762937172;18.639010926779253
1688374963;15.053548223274438;24.624945356277074;13.615255762937172;18.34959732463801
1688374964;15.189671740180334;24.624150538489054;13.615255762937172;18.415766036971025
1688374965;15.32240959536364;24.630409728569724;13.61605058230454;18.379502403335056
1688374966;14.966616379632258;24.63110519413424;13.622309784822528;18.423316820960977
1688374967;15.311953875337947;24.63080713746374;13.622309784822528;18.66136522148635
1688374968;15.315339537060545;24.630509080793228;13.622309784822528;18.66146457390727
1688374969;14.91642892350894;24.643126813178075;13.614460943569817;18.380595279965185
1688374970;15.15103536522826;24.64272940428407;13.61187778062588;18.45709664407392
1688374971;15.15103536522826;24.641735882049044;13.60979137978655;18.358042280416242
1688374972;15.15103536522826;24.629018797440683;13.60979137978655;18.366387883773562
1688374973;15.15103536522826;24.62891944521718;13.61605058230454;18.383873909855563
1688374974;15.15103536522826;24.629118149664187;13.61605058230454;18.338966615599517
1688374975;15.15103536522826;24.63488057862735;13.622309784822528;18.332111298556008
1688374976;15.15611385781217;24.634781226403845;13.621514965455162;18.311545347425483
1688374977;15.15611385781217;24.633986408615826;13.623104604189894;18.322871523410413
1688374978;15.15611385781217;24.627429161864644;13.623104604189894;18.306180316695773
1688374979;15.15611385781217;24.627727218535156;13.623104604189894;18.290184576927583
1688374980;15.15611385781217;24.627429161864644;13.622309784822528;18.30031852386147
1688374981;15.162387289827583;24.624945356277074;13.621514965455162;18.306776431221294
1688374982;15.162387289827583;24.622759607360013;13.621514965455162;18.323268933094095
1688374983;15.161988976683748;24.622759607360013;13.621514965455162;18.317903902364385
1688374984;15.161988976683748;24.60209434487144;13.621514965455162;18.287502061562734
1688374985;15.161988976683748;24.607757421611097;13.621514965455162;18.292668387450593
1688374986;15.161988976683748;24.60835353495211;13.621514965455162;18.271903731478222
1688374987;15.161988976683748;24.60835353495211;13.620720146087795;18.241005128571963
1688374988;15.161988976683748;24.60726066049358;13.620720146087795;18.266041938643916
1688374989;15.161988976683748;24.608750943846125;13.622309784822528;18.275182361368604
1688374990;15.161988976683748;24.607956126058106;13.62211107998068;18.27965322031002
1688374991;15.161988976683748;24.607757421611097;13.62211107998068;18.29723859881294
1688374992;15.161988976683748;24.606962603823067;13.62211107998068;18.326845620247234
1688374993;15.161988976683748;24.606962603823067;13.62211107998068;18.311545347425483
1688374994;15.161988976683748;24.613420498350756;13.62211107998068;18.312141461951004
1688374995;15.168262408699162;24.61997774510194;13.621912375138844;18.325951448458945
1688374996;15.168262408699162;24.619779040654933;13.621912375138844;18.316413616050585
1688374997;15.174535840714576;24.619779040654933;13.621912375138844;18.30776995543051
1688374998;15.174535840714576;24.618984222866914;13.621713670297009;18.30568355459118
1688374999;15.302493938171846;24.619182927313908;13.620918850929641;18.342245245489895
1688375000;15.521466588995603;24.618785518419905;13.621713670297009;18.340953664017935
1688375001;15.161988976683748;24.625839526288594;13.620918850929641;18.319791598361878
1688375002;15.161988976683748;24.625839526288594;13.620918850929641;18.315519444262296
1688375003;15.159001628104974;24.626336287406115;13.620720146087795;18.322970875831334
1688375004;15.159001628104974;24.639053372014462;13.620720146087795;18.30061658112423
1688375005;15.1715484921358;24.639053372014462;13.620720146087795;18.34929926737525
1688375006;15.1715484921358;24.638258554226443;13.621514965455162;18.348206390745126
1688375007;15.1715484921358;24.638258554226443;13.620720146087795;18.3738393153426
1688375008;15.1715484921358;24.639053372014462;13.620720146087795;18.34115236885977
1688375009;15.1715484921358;24.643921630966105;13.620720146087795;18.357148108627964
1688375010;15.1715484921358;24.643921630966105;13.621514965455162;18.356055231997836
1688375011;14.618490691919718;24.642828756507573;13.621514965455162;18.372547733870636
1688375012;14.618490691919718;24.643424869848584;13.621514965455162;18.342443950331734
1688375013;14.618490691919718;24.643424869848584;13.621514965455162;18.361320910306624
1688375014;14.618490691919718;24.642630052060564;13.621514965455162;18.35227984000286
1688375015;14.624067075933421;24.649684059929267;13.621316260613325;18.348703152849723
1688375016;14.624067075933421;24.655049079998413;13.620521441245959;18.378806936388614
1688375017;14.63661393996425;24.654751023327904;13.62211107998068;18.33429705181626
1688375018;14.63661393996425;24.654751023327904;13.62211107998068;18.35277660210747
1688375019;14.63661393996425;24.666673290148232;13.62211107998068;18.352478544844697
1688375020;14.63661393996425;24.66875968684179;13.620521441245959;17.900425029656695
1688375021;14.642887371979663;24.667964869053773;13.620521441245959;17.88313770841654
1688375022;14.642887371979663;24.66925644795931;13.62211107998068;17.917513646055017
1688375023;14.642887371979663;24.655148432221917;13.621316260613325;17.909068690276776
1688375024;14.649160803995077;24.66140762230259;13.621316260613325;17.89873603850105
1688375025;14.649160803995077;24.667766164606764;13.621316260613325;17.92963464140731
1688375026;14.649160803995077;24.666375233477723;13.620521441245959;17.906882937016523
1688375027;14.649160803995077;24.666971346818745;13.620521441245959;17.907180994279294
1688375028;14.6554342360105;24.666474585701227;13.621316260613325;17.944835561808137
1688375029;14.6554342360105;24.665679767913208;13.616249287146376;17.923772848573005
1688375030;14.6554342360105;24.665580415689703;13.615057058095337;17.935198376978857
1688375031;14.6554342360105;24.6654810634662;13.620720146087795;17.931224280142033
1688375032;14.798030341503733;24.665878472360212;13.621316260613325;17.917712350896853
1688375033;14.804303773519145;24.659619282279532;13.621316260613325;17.984179120492627
1688375034;14.804303773519145;24.658824464491513;13.621216908192402;17.916023359741207
1688375035;14.810577205534559;24.658029646703493;13.621216908192402;17.94135822707592
1688375036;14.810577205534559;24.657532885585976;13.621216908192402;17.940364702866717
1688375037;14.810577205534559;24.65743353336247;13.620422088825034;17.951392821588886
1688375038;14.810577205534559;24.657334181138978;13.620422088825034;17.964904750834066
1688375039;14.810577205534559;24.657334181138978;13.620422088825034;17.947220019910226
1688375040;14.810577205534559;24.665679767913208;13.620422088825034;17.96351381694118
1688375041;14.810577205534559;24.665580415689703;13.620422088825034;17.972058125140332
1688375042;14.810577205534559;24.664785597901684;13.626681291343024;17.96232158789013
1688375043;14.823124069565385;24.664785597901684;13.625886471975669;17.955267566004785
1688375044;14.82939750158081;24.66528235901919;13.625091652608301;17.9651034556759
1688375045;14.82939750158081;24.66468624567818;13.626681291343024;17.982688834178816
1688375046;14.82939750158081;24.664586893454675;13.626681291343024;17.984973939859994
1688375047;14.82939750158081;24.664586893454675;13.626681291343024;18.00285737562567
1688375048;14.82939750158081;24.662699201208127;13.626681291343024;17.964209283887623
1688375049;14.82939750158081;24.664288836784166;13.62747611071039;18.00285737562567
1688375050;14.82939750158081;24.664090132337158;13.62747611071039;18.008917873301822
1688375051;14.82939750158081;24.663394666772643;13.628270930077758;18.033060511585486
1688375052;14.82939750158081;24.66309661010213;13.62747611071039;18.004745071623162
1688375053;14.82939750158081;24.66389142789016;13.62747611071039;18.037730075368753
1688375054;14.82939750158081;24.663990780113654;13.621216908192402;18.03822683747335
1688375055;14.82939750158081;24.669157095735805;13.621216908192402;18.047069202935273
1688375056;14.82939750158081;24.668859039065293;13.620422088825034;18.059985017654924
1688375057;14.841944365611637;24.669653856853312;13.619627269457679;18.074788528372064
1688375058;14.841944365611637;24.668859039065293;13.621216908192402;18.048857546511833
1688375059;14.841944365611637;24.668859039065293;13.621216908192402;18.042896401256613
1688375060;14.841944365611637;24.669653856853312;13.620422088825034;18.02203239286332
1688375061;14.841944365611637;24.66359337121965;13.620620793666882;18.03564367452942
1688375062;14.841944365611637;24.63845725867345;13.615553820199933;17.992226666587186
1688375063;14.841944365611637;24.63766244088542;13.61575252504178;18.020840163812267
1688375064;14.841944365611637;24.637165679767914;13.614957705674414;18.06445587659634
1688375065;14.84224310046951;24.63726503199142;13.61008943704931;18.060978541864124
1688375066;14.84224310046951;24.637165679767914;13.608499798314588;18.100222748127702
1688375067;14.84224310046951;24.63706632754441;13.608499798314588;18.06952285006329
1688375068;14.84224310046951;24.63706632754441;13.609294617681943;18.063462352387138
1688375069;14.84224310046951;24.63597345308588;13.608499798314588;18.00404960467672
1688375070;14.84224310046951;24.638854667567458;13.609294617681943;18.001267736890945
1688375071;14.848516532484924;24.6368676230974;13.608499798314588;17.99739299247505
1688375072;14.752622643106438;24.6368676230974;13.608499798314588;18.01090492172023
1688375073;14.752622643106438;24.636569566426893;13.608499798314588;18.032066987376282
1688375074;14.752622643106438;24.63031037634622;13.609294617681943;18.01964793476123
1688375075;14.758199027120146;24.636569566426893;13.604227644215005;18.03802813263151
1688375076;14.758199027120146;24.635774748638873;13.603035415163966;18.018058296026496
1688375077;14.758199027120146;24.636172157532886;13.603035415163966;18.03524626484574
1688375078;14.758199027120146;24.636172157532886;13.595981393278612;18.00553989099052
1688375079;14.758199027120146;24.635277987521363;13.595981393278612;18.018455705710178
1688375080;14.758199027120146;24.64243134761356;13.6022405957966;18.003354137730277
1688375081;14.758199027120146;24.641338473155027;13.601445776429234;18.031272168008915
1688375082;14.758199027120146;24.636569566426893;13.601445776429234;17.973647763875068
1688375083;14.758199027120146;24.63567539641537;13.601247071587396;17.995803353740325
1688375084;14.758199027120146;24.635377339744867;13.601247071587396;18.011103626562065
1688375085;14.758199027120146;24.648293128800226;13.602041890954752;18.01726347665914
1688375086;14.758199027120146;24.64710090211819;13.602041890954752;18.010308807194708
1688375087;14.702236030411209;24.65981798672654;13.602041890954752;18.00673212004157
1688375088;15.215263359671793;24.665878472360212;13.601247071587396;18.497036317283943
1688375089;15.43672546764453;24.671342844652866;13.595782688436763;18.489882942977676
1688375090;15.259575696923534;24.670945435758853;13.6022405957966;18.495247973707375
1688375091;15.205305531075897;24.671541549099874;13.603631529689487;18.50587868274586
1688375092;15.611186624644635;24.65902316893852;13.60283671032212;18.10519036917373
1688375093;15.338342121117066;24.65276397885785;13.596577507804131;18.366288531352648
1688375094;15.604116566341542;24.652068513293322;13.595782688436763;18.352975306949304
1688375095;15.351187720005777;24.64620673210667;13.59508722149032;18.372150324186954
1688375096;15.291938639860192;24.64620673210667;13.59508722149032;18.09744088034193
1688375097;15.425373543045207;24.645312562095146;13.59508722149032;18.0914797350867
1688375098;15.20908950594233;24.645908675436157;13.595882040857688;18.061475303968734
1688375099;15.270031416949214;24.646604141000672;13.59508722149032;18.056110273239025
1688375100;15.420693363605132;24.646504788777168;13.601147719166473;18.050149127983804
1688375101;15.46918798886715;24.64570997098915;13.601147719166473;18.00553989099052
1688375102;15.375683978351685;24.651373047728807;13.601147719166473;18.476669070995257
1688375103;15.184991560740269;24.652068513293322;13.601843186112916;18.003056080467516
1688375104;15.51957460156238;24.644716448754124;13.601843186112916;18.19083215600714
1688375105;15.225022031695767;24.644716448754124;13.601843186112916;17.96053324431356
1688375106;15.559804229089803;24.64570997098915;13.59508722149032;17.98874933185497
1688375107;15.2797900889732;24.651869808846328;13.593994344860205;18.014680313715203
1688375108;15.508023520391145;24.650776934387796;13.595385278753092;17.996498820686767
1688375109;15.361145548601673;24.650776934387796;13.595385278753092;18.03951841894531
1688375110;15.329977545096519;24.649982116599766;13.597372327171497;17.936092548767135
1688375111;15.676709136805634;24.65057822994079;13.595385278753092;17.988948036696804
1688375112;15.473270698591469;24.65028017327028;13.595385278753092;17.963811874203937
1688375113;15.198335051058764;24.65028017327028;13.595385278753092;17.994213715005593
1688375114;15.322708330221513;24.649386003258755;13.594590459385724;18.35039214400537
1688375115;15.268039851230043;24.668859039065293;13.602638005480284;17.973548411454143
1688375116;15.380961627507507;24.667964869053773;13.602439300638435;17.93410550034873
1688375117;15.418303484742113;24.66786551683027;13.602439300638435;17.96748791377799
1688375118;15.66963907850254;24.674621468028455;13.60164448127108;18.403148279514127
1688375119;15.469586302010985;24.687537257083815;13.588331256867736;17.989742856064172
1688375120;15.369111811478387;24.686742439295795;13.590119600444305;17.9281443550935
1688375121;15.465503592286666;24.686742439295795;13.589126076235104;17.925263134886805
1688375122;15.465503592286666;24.68038389699162;13.595385278753092;17.950399297379683
1688375123;15.465503592286666;24.679390374756583;13.595385278753092;17.94195434160144
1688375124;15.323704113081105;24.67958907920359;13.594590459385724;17.99987680299806
1688375125;15.257185818060515;24.67362794579343;13.601843186112916;18.027596128434865
1688375126;15.30966357476089;24.67362794579343;13.607903683789058;18.013289379822318
1688375127;15.402769272132522;24.67362794579343;13.607903683789058;18.010805569299304
1688375128;15.36851434176264;24.67362794579343;13.607903683789058;17.9918292569035
1688375129;15.522661528427106;24.672733775781897;13.607903683789058;18.010010749931947
1688375130;15.315140380488634;24.679489726980087;13.607903683789058;18.03137152042984
1688375131;15.340632421694123;24.678694909192068;13.607903683789058;18.0263045469629
1688375132;15.673721788226857;24.678694909192068;13.607903683789058;18.438617093782728
1688375133;15.673721788226857;24.677900091404048;13.607903683789058;18.448850393137526
1688375134;15.366323619471533;24.678893613639076;13.607108864421702;18.448751040716605
1688375135;15.375186086921888;24.67203831021738;13.607108864421702;18.156654923210514
1688375136;15.188178065890956;24.671044787982353;13.620422088825034;18.01338873224324
1688375137;15.26286178036017;24.671839605770373;13.60283671032212;18.000572269944502
1688375138;15.25330226490812;24.673429241346422;13.607108864421702;18.03017929137879
1688375139;15.370107594337979;24.67392600246393;13.607108864421702;18.006036653095126
1688375140;15.285167316414983;24.67392600246393;13.613169362097842;18.069721554905126
1688375141;15.270230573521138;24.67929102253309;13.619428564615832;18.02709936633026
1688375142;15.231892933426938;24.68008584032111;13.620223383983198;18.02690066148842
1688375143;15.324600317654735;24.6798871358741;13.620223383983198;18.479947700885624
1688375144;15.540585619899726;24.67879426141557;13.620223383983198;18.054918044187986
1688375145;15.177921502437176;24.685152803719745;13.618435040406629;18.044486039991337
1688375146;15.31304923648349;24.68584826928427;13.61217583788864;18.042002229468324
1688375147;15.538096162750747;24.685550212613762;13.612970657256007;18.145229394804662
1688375148;15.707379248880994;24.685550212613762;13.613765476623374;18.480245758148385
1688375149;15.303589299317387;24.683960577037713;13.613765476623374;17.999380040893453
1688375150;15.397192888118816;24.69012041489489;13.613765476623374;18.042399639152006
1688375151;15.330674593098227;24.69637960497556;13.613765476623374;18.00166514657463
1688375152;15.42915751791164;24.68306640702619;13.612970657256007;18.0277948332767
1688375153;15.24732756775058;24.676707864722015;13.61456029599073;18.0098120450901
1688375154;15.40695156014279;24.675913046933996;13.614361591148894;17.994313067426514
1688375155;15.597544399468255;24.67710527361603;13.614361591148894;18.039220361682553
1688375156;15.491095211778116;24.676211103604494;13.613566771781526;18.077272338895078
1688375157;15.232589981428646;24.676211103604494;13.61277195241416;18.094957069818918
1688375158;15.439214924793498;24.676707864722015;13.61277195241416;18.048956898932754
1688375159;15.479743287178794;24.677303978063026;13.613566771781526;17.999777450577138
1688375160;15.39490258754176;24.675913046933996;13.607307569263538;18.021336925916877
1688375161;15.395699213829428;24.675614990263483;13.613566771781526;18.002658670783834
1688375162;15.395699213829428;24.67611175138099;13.613566771781526;18.017958943605585
1688375163;15.395699213829428;24.67611175138099;13.61277195241416;18.009911397511026
1688375164;15.401972645844852;24.6760123991575;13.61277195241416;18.018555058131103
1688375165;14.856084482217813;24.67521758136947;13.619825974299516;18.027596128434865
1688375166;14.85329629021096;24.68117871477964;13.626085176817504;18.014481608873368
1688375167;14.859569722226373;24.681973532567657;13.626085176817504;18.044187982728577
1688375168;14.859569722226373;24.681377419226646;13.626085176817504;18.01547513308257
1688375169;14.859569722226373;24.681973532567657;13.626085176817504;18.051937471560365
1688375170;14.864946949668155;24.680582601438616;13.625290357450137;18.003552842572113
1688375171;14.87122038168357;24.681675475897148;13.626085176817504;18.032365044639043
1688375172;14.870622911967812;24.681079362556137;13.626085176817504;17.976827041344514
1688375173;14.870423755395901;24.6798871358741;13.626085176817504;18.052533586085893
1688375174;15.255393408913253;24.680185192544613;13.61277195241416;18.10280591107164
1688375175;15.512305386687375;24.679390374756583;13.61277195241416;18.51581392483791
1688375176;15.547456521630899;24.685748917060767;13.606612102317095;18.528232977452962
1688375177;15.549846400493905;24.684954099272737;13.607208216842615;18.629373741949973
1688375178;15.726498279785107;24.686543734848787;13.606413397475258;18.610000019870487
1688375179;15.582010186858653;24.686543734848787;13.606413397475258;18.52574916692995
1688375180;15.579321573137761;24.686146325954773;13.606413397475258;18.48342503561784
1688375181;15.6602787196224;24.685947621507765;13.611082961258514;18.524457585457988
1688375182;15.557016037082949;24.666971346818745;13.612672599993248;18.078166510683367
1688375183;15.485020936334626;24.666673290148232;13.612672599993248;18.085220532568712
1688375184;15.768819051317672;24.66687199459524;13.61187778062588;18.081047730890056
1688375185;15.560899590235355;24.66150697452609;13.61187778062588;18.0914797350867
1688375186;15.522761106713068;24.67303183245241;13.61217583788864;18.08094837846914
1688375187;15.52455351586033;24.671342844652866;13.613566771781526;18.05571286355535
1688375188;15.76095236672691;24.671938957993877;13.613566771781526;18.06644292501476
1688375189;15.68666696540153;24.678396852521555;13.608499798314588;18.060978541864124
1688375190;15.681389316245697;24.678396852521555;13.607307569263538;18.00176449899554
1688375191;15.712258584892979;24.677800739180544;13.6022405957966;17.995306591635718
1688375192;15.756969235288555;24.678595556968563;13.60104836674555;18.12446473883229
1688375193;15.905340881367414;24.67750268251003;13.601843186112916;18.566980421611934
1688375194;15.56299073424049;24.67750268251003;13.601843186112916;18.010010749931947
1688375195;15.681688051103581;24.67750268251003;13.600253547378195;17.97583351713531
1688375196;15.701603708295364;24.6907165282359;13.606512749896172;18.01696541939637
1688375197;15.631500594980263;24.69200810714144;13.61277195241416;18.356055231997836
1688375198;15.529831165016162;24.690219767118393;13.607704978947222;17.97106460093113
1688375199;15.748803815839917;24.690219767118393;13.607307569263538;17.95814878621147
1688375200;15.588582353731951;24.691014584906412;13.607307569263538;18.03405403579469
1688375201;15.767723690172119;24.689424949330363;13.607307569263538;18.590328240528244
1688375202;15.438617455077742;24.68962365377737;13.607307569263538;18.007328234567087
1688375203;15.445787091666796;24.683960577037713;13.606512749896172;17.974144525979664
1688375204;15.558609289658298;24.683960577037713;13.607307569263538;17.98626552133196
1688375205;15.617360478374087;24.68366252036721;13.607307569263538;17.970269781563765
1688375206;15.60142795262065;24.689226244883354;13.61277195241416;18.032265692218118
1688375207;15.973153694105468;24.689126892659864;13.613566771781526;18.600660892303967
1688375208;15.421987881322597;24.689921710447884;13.613566771781526;17.960731949155406
1688375209;15.609493793783324;24.695485434964038;13.61277195241416;17.92665406877969
1688375210;15.765831702738897;24.693796447164484;13.614361591148894;18.04796337472355
1688375211;15.46998461515482;24.688332074871834;13.61277195241416;18.01458096129428
1688375212;15.560999168521317;24.669157095735805;13.61992532672044;18.0229265646516
1688375213;15.645541133300478;24.668362277947775;13.619130507353072;17.961824825785534
1688375214;15.670834017934055;24.668362277947775;13.619130507353072;17.982986891441588
1688375215;15.587885305730232;24.669157095735805;13.61992532672044;17.973051649349536
1688375216;15.697919311714891;24.68127806700314;13.625389709871062;17.957055909581353
1688375217;15.986497184423964;24.681973532567657;13.625191005029224;18.50736896905967
1688375218;15.687065278545365;24.674919524698957;13.625191005029224;17.95576432810938
1688375219;15.693338710560777;24.675714342486987;13.624396185661858;17.920394866261702
1688375220;15.693338710560777;24.674919524698957;13.604823758740526;17.92625665909601
1688375221;15.699612142576191;24.668163573500777;13.606413397475258;17.93350938582321
1688375222;15.699612142576191;24.668560982394784;13.606413397475258;17.966991151673394
1688375223;15.972257489531838;24.674323411357946;13.606413397475258;17.928045002672576
1688375224;15.881541671023214;24.66657393792473;13.61187778062588;18.416064094233786
1688375225;15.884827754459863;24.666474585701227;13.61187778062588;18.493459630130804
1688375226;15.561098746807268;24.684556690378734;13.61426223872797;18.436928102627082
1688375227;15.710764910603592;24.690815880459404;13.613467419360603;18.430271490425408
1688375228;15.499559366084636;24.689723006000875;13.613467419360603;18.031570225271675
1688375229;15.518977131846635;24.691014584906412;13.613467419360603;18.01358743708508
1688375230;15.930335031143105;24.690815880459404;13.613467419360603;18.342443950331734
1688375231;15.67212853565152;24.69727377498708;13.619130507353072;18.328435258981955
1688375232;15.614970599511068;24.66468624567818;13.61813698314387;18.38586095827397
1688375233;15.583205126290157;24.591662361403642;13.618931802511236;18.01398484676876
1688375234;15.537897006178836;24.521519691610692;13.61813698314387;18.01338873224324
1688375235;15.827669818319412;24.436474188292333;13.61813698314387;18.045280859358705
1688375236;15.531324839305539;24.376266740849662;13.61813698314387;17.957353966844114
1688375237;15.614074394937438;24.370603664110003;13.618931802511236;17.948710306224037
1688375238;15.791124587372474;24.370106902992493;13.618931802511236;18.14155335523061
1688375239;16.022544523941107;24.363847712911813;13.618931802511236;18.498526603597753
1688375240;15.490896055206205;24.35838334061916;13.61813698314387;17.90886998543494
1688375241;15.629309872689156;24.364145769582322;13.61813698314387;17.917513646055017
1688375242;15.51708514441341;24.350832571632953;13.618931802511236;17.90857192817218
1688375243;15.651017939028211;24.339506418153633;13.61813698314387;17.891682016615697
1688375244;15.509915507824367;24.338810952589117;13.617938278302022;17.926455363937855
1688375245;15.723909244350176;24.338810952589117;13.617143458934667;17.916917531529485
1688375246;15.755276404427255;24.344374677105275;13.61128166610036;17.89893474334289
1688375247;15.889906247043772;24.344175972658267;13.613268714518767;18.441200256726653
1688375248;15.938799185449625;24.342288280411715;13.613268714518767;18.44974456492582
1688375249;15.613974816651478;24.342288280411715;13.60700951200078;18.44736010682372
1688375250;15.62711915039806;24.341990223741206;13.606214692633412;17.924170258256677
1688375251;15.581313138856945;24.347852004927873;13.606214692633412;17.838230414160506
1688375252;15.557314771940833;24.34695783491635;13.606214692633412;17.869427074329526
1688375253;15.900959436785211;24.347951357151377;13.606214692633412;17.90708164185837
1688375254;15.908626964804052;24.340897349282674;13.606214692633412;18.027596128434865
1688375255;15.537000801605206;24.340897349282674;13.606214692633412;17.876679801056717
1688375256;15.75328483870807;24.36046973731272;13.606214692633412;17.8654529774927
1688375257;15.683580038536793;24.36046973731272;13.605419873266056;17.914731778269243
1688375258;15.708375031740573;24.361264555100746;13.604625053898689;17.898636686080128
1688375259;15.721021474057363;24.36076779398323;13.599955490115423;17.901517906286823
1688375260;15.76931694274747;24.36076779398323;13.593696287597446;17.881846126944577
1688375261;15.594258316031606;24.377955728649205;13.605419873266056;17.82044633081574
1688375262;15.889507933899939;24.378452489766723;13.605419873266056;17.878468144633274
1688375263;15.80626048683824;24.3775583197552;13.605419873266056;17.895656113452517
1688375264;15.742928696968338;24.378055080872706;13.605419873266056;17.890787844827415
1688375265;15.874869925863965;24.376862854190673;13.599160670748066;17.8746927526383
1688375266;15.672427270509392;24.396435242220715;13.60075030948279;17.94344462791525
1688375267;15.025367568348047;24.396435242220715;13.599955490115423;17.936092548767135
1688375268;15.317032367921845;24.395342367762186;13.599955490115423;17.925660544570487
1688375269;15.32330579993727;24.395342367762186;13.599955490115423;17.949008363486797
1688375270;15.329579231952684;24.389083177681513;13.599955490115423;17.94523297149182
1688375271;15.335852663968097;24.388288359893494;13.599955490115423;17.90559135554456
1688375272;15.347702479997217;24.38332074871835;13.599955490115423;17.840316814999834
1688375273;15.347702479997217;24.38252593093033;13.599955490115423;17.892973598087668
1688375274;15.347702479997217;24.381731113142312;13.599955490115423;17.855617087821575
1688375275;15.347702479997217;24.381731113142312;13.599160670748066;17.88909885367177
1688375276;15.347702479997217;24.395640424432695;13.599160670748066;17.895358056189757
1688375277;15.347702479997217;24.395640424432695;13.599955490115423;17.910857033853343
1688375278;15.347702479997217;24.388487064340502;13.599160670748066;18.04786402230263
1688375279;15.347702479997217;24.388487064340502;13.599160670748066;17.99480982953111
1688375280;15.347702479997217;24.395243015538693;13.599160670748066;18.010507512036543
1688375281;15.347702479997217;24.395044311091684;13.605618578107892;18.007228882146176
1688375282;15.347702479997217;24.396037833326712;13.604625053898689;17.965500865359584
1688375283;15.347702479997217;24.3957397766562;13.599160670748066;17.932217804351236
1688375284;15.347702479997217;24.383221396494857;13.599160670748066;17.916222064583042
1688375285;15.347702479997217;24.382426578706827;13.5983658513807;17.91284408227175
1688375286;15.347702479997217;24.388189007669993;13.599955490115423;17.89813992397553
1688375287;15.347702479997217;24.388785121011004;13.599955490115423;17.97195877271941
1688375288;15.347702479997217;24.387692246552472;13.599955490115423;17.947518077172987
1688375289;15.347702479997217;24.387692246552472;13.601545128850157;17.93897376897383
1688375290;15.35397591201263;24.38808965544649;13.60075030948279;17.914831130690157
1688375291;15.35397591201263;24.394448197750663;13.60075030948279;17.913738254060043
1688375292;15.35397591201263;24.394448197750663;13.60075030948279;17.92506443004497
1688375293;15.360249344028043;24.393653379962643;13.599955490115423;17.907975813646647
1688375294;15.360249344028043;24.393653379962643;13.599955490115423;17.890787844827415
1688375295;15.360249344028043;24.39335532329213;13.60075030948279;17.93023075593283
1688375296;15.360249344028043;24.39415014108016;13.599160670748066;17.92784629783074
1688375297;15.360249344028043;24.39415014108016;13.611778428204957;17.927051478463373
1688375298;15.360249344028043;24.39415014108016;13.611579723363121;17.91671882668765
1688375299;15.360249344028043;24.400011922266817;13.598862613485307;17.916520121845814
1688375300;15.370207172623939;24.393752732186147;13.598862613485307;17.950498649800593
1688375301;15.379866266361953;24.400409331160834;13.599657432852663;17.95059800222152
1688375302;15.385442650375659;24.392858562174624;13.606115340212499;17.9242696106776
1688375303;15.385442650375659;24.38650001987045;13.60591663537065;17.920295513840788
1688375304;15.385442650375659;24.38650001987045;13.605121816003296;17.92486572520312
1688375305;15.385442650375659;24.38650001987045;13.612970657256007;17.90777710880481
1688375306;15.385442650375659;24.392163096610098;13.619031154932149;17.936788015713578
1688375307;15.385442650375659;24.393454675515635;13.618236335564793;17.942153046443288
1688375308;15.385442650375659;24.393454675515635;13.617441516197426;17.951690878851643
1688375309;15.385442650375659;24.392659857727615;13.617441516197426;17.929237231723626
1688375310;15.385442650375659;24.392659857727615;13.617441516197426;17.90867128059309
1688375311;15.385442650375659;24.393951436633156;13.61664669683006;17.91880522752698
1688375312;15.385044337231824;24.392361801057106;13.618236335564793;17.89893474334289
1688375313;15.385044337231824;24.391566983269087;13.618236335564793;17.94582908601734
1688375314;15.385044337231824;24.392063744386594;13.617441516197426;17.925660544570487
1688375315;15.385044337231824;24.391268926598574;13.617441516197426;17.920394866261702
1688375316;15.385044337231824;24.405376942335966;13.618832450090313;17.955664975688467
1688375317;15.385044337231824;24.40547629455947;13.61813698314387;17.93708607297634
1688375318;15.385044337231824;24.41253030242817;13.61813698314387;17.946325848121937
1688375319;15.385044337231824;24.412232245757657;13.61813698314387;17.91522854037384
1688375320;15.385044337231824;24.412232245757657;13.61813698314387;17.907876461225737
1688375321;15.385044337231824;24.412232245757657;13.616547344409147;17.924667020361284
1688375322;15.385044337231824;24.40488018121846;13.617342163776502;17.9242696106776
1688375323;15.385044337231824;24.40488018121846;13.617342163776502;17.943245923073402
1688375324;15.385044337231824;24.41113937129913;13.617342163776502;17.970865896089293
1688375325;15.385044337231824;24.397031355561737;13.616547344409147;17.909068690276776
1688375326;15.385044337231824;24.404582124547947;13.61813698314387;17.931919747088475
1688375327;15.385044337231824;24.403787306759927;13.618931802511236;17.931919747088475
1688375328;15.385044337231824;24.403787306759927;13.618931802511236;17.936986720555414
1688375329;15.00943504259461;24.403787306759927;13.612672599993248;17.93867571171107
1688375330;15.015708474610022;24.405078885665464;13.612672599993248;17.711655429907857
1688375331;15.021981906625436;24.404284067877434;13.612672599993248;17.677875606794913
1688375332;15.021981906625436;24.398024877796765;13.61187778062588;17.65949540892463
1688375333;15.094275742231645;24.404284067877434;13.61187778062588;17.657011598401617
1688375334;15.10054917424707;24.397726821126252;13.61187778062588;17.699435082134652
1688375335;15.097860560526167;24.397726821126252;13.610983608837602;17.669828060700354
1688375336;15.097860560526167;24.397726821126252;13.610983608837602;17.692877822353893
1688375337;15.097860560526167;24.403687954536423;13.610983608837602;17.692877822353893
1688375338;15.104133992541591;24.397428764455753;13.610188789470234;17.645884127258526
1688375339;15.013019860889132;24.398223582243773;13.611778428204957;17.668536479228393
1688375340;15.025566724919958;24.397826173349756;13.611778428204957;17.65502454998321
1688375341;15.028354916926812;24.396932003338236;13.611778428204957;17.676782730164785
1688375342;15.033931300940518;24.396435242220715;13.61724281135558;18.068628678275
1688375343;15.040204732955932;24.396435242220715;13.61724281135558;18.077669748578764
1688375344;15.040204732955932;24.397230060008745;13.61724281135558;18.09287066897959
1688375345;15.040204732955932;24.39713070778524;13.618832450090313;18.12525955819966
1688375346;15.040204732955932;24.402396375630886;13.618037630722945;18.048460136828158
1688375347;15.059025029002171;24.408655565711555;13.618037630722945;18.103898787701755
1688375348;15.059025029002171;24.407860747923536;13.618037630722945;18.054123224820618
1688375349;15.059025029002171;24.407761395700035;13.618037630722945;17.98636487375288
1688375350;15.059025029002171;24.407463339029523;13.61724281135558;18.105488426436487
1688375351;15.059025029002171;24.406668521241503;13.618832450090313;18.02709936633026
1688375352;15.059025029002171;24.408258156817553;13.618832450090313;18.04696985051435
1688375353;15.059025029002171;24.40815880459405;13.618037630722945;17.67270928090705
1688375354;15.059025029002171;24.407165282359024;13.618037630722945;17.730234332619986
1688375355;15.059025029002171;24.40875491793506;13.618037630722945;17.71264895411706
1688375356;15.059025029002171;24.41471605134523;13.618037630722945;17.36888957773234
1688375357;15.059025029002171;24.42117394587291;13.618931802511236;17.35358930491059
1688375358;15.059025029002171;24.42037912808489;13.618931802511236;17.355775058170842
1688375359;15.057929667856628;24.42037912808489;13.61813698314387;17.393131568436925
1688375360;15.057929667856628;24.4208758892024;13.61813698314387;17.45453136456576
1688375361;15.057929667856628;24.4208758892024;13.617342163776502;
1688375362;15.057929667856628;24.399912570043313;13.617342163776502;17.379619639191745
1688375363;15.057929667856628;24.399217104478797;13.61813698314387;17.935595786662528
1688375364;15.057929667856628;24.399614513372814;13.612275190309564;17.948710306224037
1688375365;15.057929667856628;24.397528116679258;13.61187778062588;17.919202637210663
1688375366;15.076650385616908;24.399117752255293;13.61187778062588;17.919600046894345
1688375367;15.080533938769314;24.41034455351111;13.612573247572325;17.531529490779096
1688375368;15.080533938769314;24.40388665898343;13.612573247572325;17.52447546889375
1688375369;15.080533938769314;24.403687954536423;13.612573247572325;17.4863241392603
1688375370;15.080533938769314;24.39842228669078;13.611778428204957;17.478674002849427
1688375371;15.080533938769314;24.391268926598574;13.610884256416679;17.481157813372437
1688375372;15.080533938769314;24.397528116679258;13.610884256416679;17.483144861790844
1688375373;15.080533938769314;24.396733298891228;13.6124738951514;17.474799258433528
1688375374;15.080533938769314;24.398322934467277;13.611679075784044;17.481058460951516
1688375375;15.080533938769314;24.396435242220715;13.611679075784044;17.486224786839376
1688375376;15.080533938769314;24.398024877796765;13.611679075784044;17.465758188129765
1688375377;15.080533938769314;24.40547629455947;13.61187778062588;17.467447179285422
1688375378;15.080533938769314;24.405078885665464;13.611679075784044;17.466553007497133
1688375379;15.080533938769314;24.404284067877434;13.610884256416679;17.485628672313858
1688375380;15.080533938769314;24.4100464968406;13.610784903995754;17.47340832454064
1688375381;15.080533938769314;24.410841314628616;13.61068555157483;17.48215133758164
1688375382;15.080533938769314;24.404284067877434;13.61813698314387;17.482648099686248
1688375383;15.080533938769314;24.40388665898343;13.616944754092819;17.46168473887203
1688375384;15.080533938769314;24.403489250089414;13.616944754092819;17.484933205367415
1688375385;15.080533938769314;24.404284067877434;13.618534392827552;17.487317663469504
1688375386;15.080533938769314;24.40935103127608;13.618534392827552;17.48205198516072
1688375387;15.080533938769314;24.421074593649404;13.618534392827552;17.439032386902177
1688375388;15.080533938769314;24.421074593649404;13.617739573460186;17.478375945586667
1688375389;15.080533938769314;24.421869411437424;13.618534392827552;17.414194281672057
1688375390;15.080533938769314;24.414517346898222;13.618534392827552;17.426712686708036
1688375391;15.080533938769314;24.414517346898222;13.617739573460186;17.400384295164116
1688375392;15.080533938769314;24.408357509041057;13.62419748082001;17.41369751956746
1688375393;15.080533938769314;24.407562691253027;13.62419748082001;17.43982720626953
1688375394;15.080533938769314;24.396236537773717;13.623402661452655;17.399688828217673
1688375395;15.080533938769314;24.39514366331519;13.618733097669388;17.405351916210144
1688375396;15.080533938769314;24.395640424432695;13.617938278302022;17.40882925094236
1688375397;15.080533938769314;24.39544171998569;13.610884256416679;17.446881228154886
1688375398;15.080533938769314;24.396435242220715;13.610884256416679;17.441416845004266
1688375399;15.080932251913149;24.395640424432695;13.611679075784044;17.438933034481252
1688375400;15.080932251913149;24.388288359893494;13.610884256416679;17.385580784446976
1688375401;15.080932251913149;24.38789095099948;13.610884256416679;17.43615116669548
1688375402;15.080932251913149;24.382227874259822;13.610884256416679;17.417770968825195
1688375403;15.080932251913149;24.382625283153835;13.610884256416679;17.466950417180815
1688375404;15.080932251913149;24.376564797520174;13.61008943704931;17.422738589871223
1688375405;15.080932251913149;24.375273218614634;13.6124738951514;17.41608197766955
1688375406;15.080932251913149;24.37706155863768;13.6124738951514;17.42601721976159
1688375407;15.080932251913149;24.37507451416763;13.6124738951514;17.42234118018754
1688375408;15.080932251913149;24.37507451416763;13.611679075784044;17.419261255139006
1688375409;15.080932251913149;24.37576997973214;13.610884256416679;17.4124059380955
1688375410;15.080932251913149;24.375471923061642;13.611679075784044;17.831375097116986
1688375411;15.080932251913149;24.37427969637961;13.611679075784044;17.861677585497727
1688375412;15.080932251913149;24.374180344156105;13.611679075784044;17.843396740048366
1688375413;15.080932251913149;24.373385526368086;13.611679075784044;17.78775938433291
1688375414;15.080932251913149;24.372193299686053;13.610884256416679;17.68135294152713
1688375415;15.080932251913149;24.381433056471803;13.610884256416679;17.697149976453474
1688375416;15.080932251913149;24.38053888646028;13.611679075784044;17.71533146948192
1688375417;15.080932251913149;24.38053888646028;13.611579723363121;17.28583095384285
1688375418;15.080932251913149;24.382029169812824;13.611579723363121;17.30898006791731
1688375419;15.080932251913149;24.381631760918808;13.610784903995754;17.274008015753317
1688375420;15.080932251913149;24.38083694313079;13.610784903995754;17.280763980375912
1688375421;15.080932251913149;24.380936295354296;13.610784903995754;17.300237054876312
1688375422;15.080932251913149;24.379942773119268;13.610784903995754;17.249865377469654
1688375423;15.080932251913149;24.379942773119268;13.612374542730487;17.254932350936592
1688375424;15.080932251913149;24.380638238683783;13.612374542730487;17.269437804390975
1688375425;15.080932251913149;24.37865119421373;13.611579723363121;17.242413945900616
1688375426;15.080932251913149;24.379843420895764;13.611579723363121;17.274902187541606
1688375427;15.080932251913149;24.392361801057106;13.612374542730487;17.252547892834503
1688375428;15.080932251913149;24.396932003338236;13.6124738951514;17.219562889088913
1688375429;15.080932251913149;24.397826173349756;13.611679075784044;17.257515513880527
1688375430;15.080932251913149;24.39653459444422;13.611679075784044;17.21340303899185
1688375431;15.08113140848507;24.396435242220715;13.611679075784044;17.2438048797935
1688375432;15.08113140848507;24.396435242220715;13.616944754092819;17.221152527823648
1688375433;15.08113140848507;24.39683265111473;13.618534392827552;17.256720694513163
1688375434;15.08113140848507;24.396435242220715;13.617739573460186;17.27619376901357
1688375435;15.08113140848507;24.39653459444422;13.616944754092819;17.267351403551643
1688375436;15.08113140848507;24.40199896673687;13.616944754092819;17.2423145934797
1688375437;15.08113140848507;24.40766204347653;13.617739573460186;17.197606004065502
1688375438;15.08113140848507;24.401402853395858;13.616944754092819;17.215092030147495
1688375439;15.08113140848507;24.400210626713825;13.616944754092819;17.238241144221966
1688375440;15.08113140848507;24.402197671183878;13.616944754092819;17.24310941284706
1688375441;15.08113140848507;24.40199896673687;13.616149934725463;17.237943086959195
1688375442;15.08113140848507;24.402893136748403;13.616149934725463;17.225027272239547
1688375443;15.08113140848507;24.401005444501845;13.623998775978174;17.237843734538284
1688375444;15.08113140848507;24.407264634582525;13.623998775978174;17.2515543686253
1688375445;15.08113140848507;24.408556213488055;13.623998775978174;17.266755289026126
1688375446;15.08113140848507;24.407761395700035;13.623998775978174;17.26059543892906
1688375447;15.08113140848507;24.406569169018;13.623203956610809;17.269735861653746
1688375448;15.08113140848507;24.40736398680603;13.623203956610809;17.282949733636155
1688375449;15.08113140848507;24.406569169018;13.617739573460186;17.269040394707304
1688375450;15.08113140848507;24.399217104478797;13.617739573460186;17.2870231828939
1688375451;15.08113140848507;24.399217104478797;13.617739573460186;17.261290905875505
1688375452;15.08113140848507;24.380240829789766;13.616944754092819;17.282055561847876
1688375453;15.08113140848507;24.381035647577797;13.616746049250983;17.30739042918259
1688375454;15.08113140848507;24.382327226483326;13.617540868618349;17.291394689414396
1688375455;15.08113140848507;24.382327226483326;13.617540868618349;17.31881595758844
1688375456;15.08113140848507;24.382327226483326;13.616746049250983;17.29397785235833
1688375457;15.08113140848507;24.38789095099948;13.616746049250983;17.334911049777546
1688375458;15.08113140848507;24.387394189881974;13.616746049250983;17.321001710848694
1688375459;15.08113140848507;24.386599372093944;13.616746049250983;17.305999495289704
1688375460;15.08113140848507;24.388189007669993;13.616746049250983;17.315636680118985
1688375461;15.08113140848507;24.38808965544649;13.616746049250983;17.34464758702775
1688375462;15.08113140848507;24.386996780987957;13.61664669683006;17.30898006791731
1688375463;15.086707792498766;24.38630131542344;13.617441516197426;17.31583538496082
1688375464;15.087504418786434;24.38630131542344;13.617441516197426;17.325969331894708
1688375465;15.087504418786434;24.38630131542344;13.617441516197426;17.360345269533184
1688375466;15.087504418786434;24.381731113142312;13.618236335564793;17.348919741127332
1688375467;15.087504418786434;24.38590390652943;13.617441516197426;17.343356005555787
1688375468;15.087504418786434;24.38600325875293;13.617441516197426;17.364220013949083
1688375469;15.087504418786434;24.38679807654095;13.61664669683006;17.373658493936517
1688375470;15.087504418786434;24.38570520208242;13.611977133046803;17.4275075060754
1688375471;15.087504418786434;24.38570520208242;13.617441516197426;17.35418541943612
1688375472;15.087504418786434;24.393255971068626;13.617441516197426;17.418069026087956
1688375473;15.087504418786434;24.398620991137786;13.617441516197426;17.416181330090474
1688375474;15.087504418786434;24.405575646782975;13.61664669683006;17.426513981866197
1688375475;15.087504418786434;24.41173548464015;13.61664669683006;17.40704090736579
1688375476;15.087504418786434;24.41094066685212;13.61664669683006;17.40614673557751
1688375477;15.087504418786434;24.429817589317647;13.618435040406629;17.403364867791737
1688375478;15.087504418786434;24.434983904939788;13.617441516197426;17.407239612207626
1688375479;15.087504418786434;24.434983904939788;13.623700718715416;17.461287329188345
1688375480;15.087504418786434;24.43389103048126;13.623700718715416;17.421049598715577
1688375481;15.087504418786434;24.429221475976636;13.622905899348048;17.41727420672059
1688375482;15.087504418786434;24.42286293367245;13.622905899348048;17.415386510723106
1688375483;15.087504418786434;24.41630568692127;13.631549559968125;17.424328228605944
1688375484;15.087504418786434;24.41551086913325;13.630754740600759;17.41727420672059
1688375485;15.087504418786434;24.415411516909746;13.629959921233404;17.44121814016242
1688375486;15.087504418786434;24.416206334697765;13.629959921233404;17.43615116669548
1688375487;15.087504418786434;24.420577832531887;13.629959921233404;17.436349871537317
1688375488;15.087504418786434;24.419683662520363;13.59260341096732;17.453041078251953
1688375489;15.087504418786434;24.421273298096413;13.5881325520259;17.435952461853642
1688375490;15.087504418786434;24.42117394587291;13.58694032297485;17.477382421377463
1688375491;15.087504418786434;24.420180423637884;13.58694032297485;17.461784091292955
1688375492;15.087504418786434;24.420180423637884;13.586145503607483;17.470030342229347
1688375493;15.087504418786434;24.42037912808489;13.586145503607483;17.445987056366608
1688375494;15.087504418786434;24.421968763660928;13.586145503607483;17.493477513566567
1688375495;15.087504418786434;24.421968763660928;13.58694032297485;17.464864016341487
1688375496;15.087504418786434;24.42147200254342;13.579886301089495;17.450656620149864
1688375497;15.09387742908781;24.433195564916744;13.579091481722138;17.476885659272856
1688375498;15.09387742908781;24.434089734928264;13.585350684240128;17.49109305546448
1688375499;15.09387742908781;24.432599451575733;13.579091481722138;17.51444087438079
1688375500;15.09387742908781;24.4317052815642;13.579886301089495;17.518216266375763
1688375501;15.09387742908781;24.43091046377618;13.579886301089495;17.49566326682682
1688375502;15.09387742908781;24.432202042681716;13.579886301089495;17.520898781740613
1688375503;15.09387742908781;24.431903986011207;13.593994344860205;17.518911733322206
1688375504;15.09387742908781;24.43071175932917;13.59866390864346;17.562030684001673
1688375505;15.09387742908781;24.43071175932917;13.59866390864346;17.557957234743938
1688375506;15.09387742908781;24.4315065771172;13.600253547378195;17.576138727772385
1688375507;15.09387742908781;24.44293208282001;13.599458728010827;17.59163770543597
1688375508;15.09387742908781;24.449191272900684;13.605817282949728;17.518514323638524
1688375509;15.09387742908781;24.449191272900684;13.599955490115423;17.520004609952334
1688375510;15.09387742908781;24.43716965385685;13.604028939373169;17.52169360110798
1688375511;15.09387742908781;24.43637483606883;13.599756785273588;17.519209790584966
1688375512;15.09387742908781;24.40925167905258;13.598564556222536;17.950697354642443
1688375513;15.09387742908781;24.409052974605572;13.598564556222536;17.72576347367857
1688375514;15.09387742908781;24.410443905734613;13.591510534337193;17.69734868129532
1688375515;15.09387742908781;24.398322934467277;13.591510534337193;17.7059923419154
1688375516;15.09387742908781;24.398322934467277;13.591510534337193;17.710165143594057
1688375517;15.09387742908781;24.404582124547947;13.591510534337193;17.336898098195963
1688375518;15.09387742908781;24.404582124547947;13.592305353704559;17.336401336091356
1688375519;15.09387742908781;24.403687954536423;13.592305353704559;17.33769291756332
1688375520;15.09387742908781;24.4026944323014;13.592305353704559;17.33769291756332
1688375521;15.09387742908781;24.404284067877434;13.592305353704559;17.338487736930684
1688375522;15.09387742908781;24.404184715653933;13.592305353704559;17.301031874243677
1688375523;15.09387742908781;24.403191193418905;13.593000820651003;17.307291076761665
1688375524;15.09387742908781;24.403191193418905;13.591907944020875;17.307291076761665
1688375525;15.09387742908781;24.402893136748403;13.591907944020875;17.307291076761665
1688375526;15.09387742908781;24.402893136748403;13.591907944020875;17.313351574437817
1688375527;15.09387742908781;24.402098318960373;13.591907944020875;17.325869979473786
1688375528;15.09387742908781;24.40815880459405;13.591709239179028;17.330340838415214
1688375529;15.09387742908781;24.40686722568851;13.592504058546396;17.33113565778257
1688375530;15.09387742908781;24.40845686126456;13.592504058546396;17.332129181991775
1688375531;15.09387742908781;24.40736398680603;13.591709239179028;17.332129181991775
1688375532;15.09387742908781;24.413821881333707;13.591709239179028;17.337593565142406
1688375533;15.09387742908781;24.415212812462737;13.590914419811673;17.336798745775038
1688375534;15.09387742908781;24.41441799467472;13.590914419811673;17.338388384509763
1688375535;15.09387742908781;24.41441799467472;13.591709239179028;17.331831124729014
1688375536;15.09387742908781;24.41411993800421;13.590914419811673;17.331533067466253
1688375537;15.09387742908781;24.419484958073355;13.590914419811673;17.331235010203493
1688375538;15.09387742908781;24.42554544370703;13.59717362232965;17.335209107040306
1688375539;15.09387742908781;24.42524738703652;13.583860397926317;17.33441428767295
1688375540;15.09387742908781;24.42604220482454;13.58545003666104;17.335109754619392
1688375541;15.09387742908781;24.424949330366008;13.584655217293683;17.335109754619392
1688375542;15.09387742908781;24.41869014028534;13.585251331819205;17.32775767547128
1688375543;15.09387742908781;24.419385605849865;13.591510534337193;17.326068684315633
1688375544;15.09387742908781;24.41849143583833;13.591510534337193;17.326068684315633
1688375545;15.09387742908781;24.418292731391332;13.593100173071914;17.326863503683
1688375546;15.09387742908781;24.418292731391332;13.592305353704559;17.326863503683
1688375547;15.09387742908781;24.418292731391332;13.591510534337193;17.33312270620099
1688375548;15.09387742908781;24.412828359098683;13.604028939373169;17.332129181991775
1688375549;15.09387742908781;24.41233159798116;13.604227644215005;17.40316616294989
1688375550;15.09387742908781;24.411536780193146;13.603432824847639;17.402371343582534
1688375551;15.09387742908781;24.410443905734613;13.599160670748066;17.414094929251146
1688375552;15.09387742908781;24.410443905734613;13.59717362232965;17.3317317723081
1688375553;15.09387742908781;24.40577435122998;13.59717362232965;17.331533067466253
1688375554;15.09387742908781;24.40577435122998;13.590914419811673;17.331533067466253
1688375555;15.09387742908781;24.4062711123475;13.590914419811673;17.33193047714994
1688375556;15.09387742908781;24.4062711123475;13.591709239179028;17.313748984121492
1688375557;15.09387742908781;24.41253030242817;13.591709239179028;17.306098847710626
1688375558;15.09387742908781;24.41173548464015;13.597968441697017;17.30530402834326
1688375559;15.09387742908781;24.41173548464015;13.59717362232965;17.30530402834326
1688375560;15.09387742908781;24.412232245757657;13.59717362232965;17.306098847710626
1688375561;15.09387742908781;24.412232245757657;13.59717362232965;17.30530402834326
1688375562;15.09387742908781;24.41769661805031;13.598763261064384;17.311463878440325
1688375563;15.09387742908781;24.41034455351111;13.597968441697017;17.310669059072957
1688375564;15.09387742908781;24.41113937129913;13.597968441697017;17.310669059072957
1688375565;15.09387742908781;24.41034455351111;13.597968441697017;17.309874239705604
1688375566;15.09387742908781;24.41034455351111;13.597968441697017;17.309874239705604
1688375567;15.09387742908781;24.4100464968406;13.603432824847639;17.317723080958313
1688375568;15.09387742908781;24.417299209156297;13.611480370942196;17.316928261590945
1688375569;15.09387742908781;24.4171005047093;13.605221168424208;17.31573603253991
1688375570;15.09387742908781;24.4100464968406;13.604426349056853;17.316530851907263
1688375571;15.09387742908781;24.409450383499586;13.604426349056853;17.306396904973386
1688375572;15.09387742908781;24.397528116679258;13.603035415163966;17.305403380764183
1688375573;15.09387742908781;24.39335532329213;13.604426349056853;17.30619820013154
1688375574;15.09387742908781;24.39107022215157;13.604426349056853;17.304310504134058
1688375575;15.09387742908781;24.39107022215157;13.603631529689487;17.302720865399323
1688375576;15.09387742908781;24.390176052140045;13.603631529689487;17.302720865399323
1688375577;15.09387742908781;24.390772165481067;13.598564556222536;17.294474614462928
1688375578;15.09387742908781;24.389977347693037;13.597372327171497;17.293679795095564
1688375579;15.09387742908781;24.389977347693037;13.597372327171497;17.295269433830295
1688375580;15.09387742908781;24.389182529905018;13.598167146538865;17.295269433830295
1688375581;15.09387742908781;24.396733298891228;13.598167146538865;17.293381737832803
1688375582;15.09387742908781;24.395938481103208;13.598167146538865;17.293381737832803
1688375583;15.09387742908781;24.41491475579224;13.59896196590622;17.294971376567535
1688375584;15.09387742908781;24.416007630250768;13.598167146538865;17.29417655720017
1688375585;15.09387742908781;24.415212812462737;13.597372327171497;17.291593394256232
1688375586;15.09387742908781;24.415212812462737;13.597372327171497;17.291593394256232
1688375587;15.09387742908781;24.42067718475539;13.597372327171497;17.29079857488888
1688375588;15.09387742908781;24.41958431029686;13.602737357901196;17.29000375552151
1688375589;15.09387742908781;24.42037912808489;13.590218952865229;17.298448711299752
1688375590;15.09387742908781;24.419186901402856;13.590914419811673;17.297653891932384
1688375591;15.09387742908781;24.41928625362636;13.59081506739075;17.297653891932384
1688375592;15.09387742908781;24.42008107141438;13.590020248023382;17.297653891932384
1688375593;15.09387742908781;24.42167070699042;13.596478155383206;17.298448711299752
1688375594;15.09387742908781;24.415411516909746;13.59627945054137;17.295964900776738
1688375595;15.09387742908781;24.414616699121726;13.597074269908738;17.29536878625122
1688375596;15.09387742908781;24.414318642451217;13.597074269908738;17.294673319304778
1688375597;15.09387742908781;24.414318642451217;13.595484631174005;17.294673319304778
1688375598;15.09387742908781;24.414318642451217;13.595285926332167;17.294673319304778
1688375599;15.09387742908781;24.414318642451217;13.59508722149032;17.294673319304778
1688375600;15.09387742908781;24.42027977586139;13.59508722149032;17.294673319304778
1688375601;15.09387742908781;24.42027977586139;13.594292402122965;17.29387849993741
1688375602;15.09387742908781;24.409052974605572;13.59747167959242;17.300932521822755
1688375603;15.09387742908781;24.40170091006637;13.596676860225054;17.300932521822755
1688375604;15.09387742908781;24.400409331160834;13.596676860225054;17.300932521822755
1688375605;15.09387742908781;24.401204148948853;13.596676860225054;17.300137702455398
1688375606;15.09387742908781;24.400409331160834;13.596676860225054;17.300137702455398
1688375607;15.09387742908781;24.39385208440965;13.598266498959777;17.29894547340435
1688375608;15.09387742908781;24.39385208440965;13.59747167959242;17.299740292771716
1688375609;15.09387742908781;24.393057266621632;13.59747167959242;17.299740292771716
1688375610;15.09387742908781;24.39464690219767;13.596676860225054;17.299740292771716
1688375611;15.09387742908781;24.39355402773914;13.596676860225054;17.29894547340435
1688375612;15.09387742908781;24.39355402773914;13.596676860225054;17.293679795095564
1688375613;15.092383754798433;24.401601557842866;13.596676860225054;17.293481090253728
1688375614;15.092383754798433;24.401204148948853;13.596676860225054;17.273709958490556
1688375615;15.092383754798433;24.401601557842866;13.595882040857688;17.279074989220266
1688375616;15.091387971938842;24.40060803560784;13.595882040857688;17.285334191738254
1688375617;15.091387971938842;24.401402853395858;13.595882040857688;17.28612901110561
1688375618;15.091387971938842;24.401800262289875;13.596676860225054;17.28612901110561
1688375619;15.091387971938842;24.40011127449032;13.596676860225054;17.291593394256232
1688375620;15.091387971938842;24.40030997893733;13.596676860225054;17.291593394256232
1688375621;15.091387971938842;24.40030997893733;13.598266498959777;17.2923882136236
1688375622;15.091387971938842;24.40060803560784;13.596676860225054;17.291593394256232
1688375623;15.091387971938842;24.399813217819812;13.59747167959242;17.291593394256232
1688375624;15.091387971938842;24.399813217819812;13.596676860225054;17.291394689414396
1688375625;15.091387971938842;24.399813217819812;13.596676860225054;17.29059987004703
1688375626;15.091387971938842;24.39951516114931;13.596676860225054;17.29685907256502
1688375627;15.091387971938842;24.405575646782975;13.596676860225054;17.29924353066711
1688375628;15.091387971938842;24.40497953344196;13.596676860225054;17.305502733185097
1688375629;15.091387971938842;24.410443905734613;13.59747167959242;17.30470791381774
1688375630;15.091387971938842;24.41173548464015;13.59747167959242;17.305502733185097
1688375631;15.091387971938842;24.41173548464015;13.59747167959242;17.305502733185097
1688375632;15.091387971938842;24.399217104478797;13.59747167959242;17.30470791381774
1688375633;15.091387971938842;24.400011922266817;13.596577507804131;17.30470791381774
1688375634;15.091387971938842;24.399415808925806;13.596577507804131;17.30470791381774
1688375635;15.091387971938842;24.399018400031792;13.595782688436763;17.305502733185097
1688375636;15.091387971938842;24.392361801057106;13.583264283400798;17.305502733185097
1688375637;15.091387971938842;24.392361801057106;13.583264283400798;17.305502733185097
1688375638;15.091387971938842;24.390474108810555;13.583264283400798;17.302522160557487
1688375639;15.091387971938842;24.39246115328061;13.58336363582171;17.302522160557487
1688375640;15.091387971938842;24.391865039939596;13.582568816454355;17.303316979924855
1688375641;15.091387971938842;24.391467631045582;13.584953274556444;17.302124750873805
1688375642;15.091387971938842;24.39335532329213;13.591212477074432;17.302124750873805
1688375643;15.091387971938842;24.3919643921631;13.584257807610001;17.308383953391793
1688375644;15.091387971938842;24.385407145411918;13.590715714969825;17.307589134024425
1688375645;15.091387971938842;24.384016214282877;13.592106648862712;17.31275545991229
1688375646;15.091387971938842;24.38411556650638;13.591311829495345;17.310669059072957
1688375647;15.091387971938842;24.391566983269087;13.59051701012799;17.2962629580395
1688375648;15.091387971938842;24.39037475658705;13.59051701012799;17.29954158792988
1688375649;15.091387971938842;24.396633946667723;13.590616362548902;17.300336407297234
1688375650;15.091387971938842;24.39633588999722;13.590616362548902;17.294573966883853
1688375651;15.091387971938842;24.39633588999722;13.589821543181547;17.29397785235833
1688375652;15.091387971938842;24.39713070778524;13.589821543181547;17.292984328149117
1688375653;15.091387971938842;24.397627468902748;13.589821543181547;17.30381374202945
1688375654;15.091387971938842;24.39683265111473;13.596478155383206;17.30460856139682
1688375655;15.091387971938842;24.39683265111473;13.596180098120447;17.30460856139682
1688375656;15.091387971938842;24.396633946667723;13.596180098120447;17.30381374202945
1688375657;15.091387971938842;24.40199896673687;13.59776973685518;17.30381374202945
1688375658;15.091387971938842;24.40199896673687;13.603432824847639;17.30381374202945
1688375659;15.091387971938842;24.40358860231292;13.608698503156425;17.30381374202945
1688375660;15.091387971938842;24.403489250089414;13.608698503156425;17.30460856139682
1688375661;15.091387971938842;24.40249572785439;13.609493322523791;17.30460856139682
1688375662;15.091387971938842;24.3849103842944;13.609493322523791;17.30381374202945
1688375663;15.091387971938842;24.389977347693037;13.610288141891157;17.30381374202945
1688375664;15.091387971938842;24.395938481103208;13.609493322523791;17.303018922662083
1688375665;15.091387971938842;24.39514366331519;13.609493322523791;17.30381374202945
1688375666;15.091387971938842;24.39514366331519;13.609493322523791;17.30381374202945
1688375667;15.091387971938842;24.38967929102254;13.609294617681943;17.305403380764183
1688375668;15.091387971938842;24.389381234352026;13.61008943704931;17.31166258328216
1688375669;15.091387971938842;24.388586416564006;13.61008943704931;17.310867763914807
1688375670;15.091387971938842;24.388586416564006;13.61008943704931;17.31166258328216
1688375671;15.091387971938842;24.394845606644676;13.61008943704931;17.310867763914807
1688375672;15.086010744497058;24.40229702340738;13.608499798314588;17.310867763914807
1688375673;15.086010744497058;24.40229702340738;13.602041890954752;17.31732567127463
1688375674;15.085214118209379;24.401502205619362;13.608499798314588;17.316332147065427
1688375675;15.090790502223083;24.408556213488055;13.608301093472742;17.31792178580015
1688375676;15.090790502223083;24.406668521241503;13.608301093472742;17.317126966432795
1688375677;15.090790502223083;24.412927711322176;13.608301093472742;17.317126966432795
1688375678;15.090790502223083;24.419186901402856;13.601247071587396;17.316332147065427
1688375679;15.090790502223083;24.42465127369551;13.609095912840107;17.316332147065427
1688375680;15.090790502223083;24.425942852601047;13.609095912840107;17.316332147065427
1688375681;15.090790502223083;24.425148034813017;13.609890732207475;17.316332147065427
1688375682;15.090790502223083;24.425148034813017;13.60283671032212;17.316332147065427
1688375683;15.090790502223083;24.425942852601047;13.608897207998272;17.31553732769806
1688375684;15.090591345651172;24.424849978142515;13.610486846732995;17.317126966432795
1688375685;15.090591345651172;24.424849978142515;13.608897207998272;17.322293292320655
1688375686;15.090591345651172;24.424055160354484;13.608897207998272;17.322293292320655
1688375687;15.090591345651172;24.438361880538885;13.608897207998272;17.322293292320655
1688375688;15.090591345651172;24.437070301633344;13.608897207998272;17.329347314206
1688375689;15.090591345651172;24.43627548384533;13.603035415163966;17.334811697356635
1688375690;15.090591345651172;24.43627548384533;13.601843186112916;17.336401336091356
1688375691;15.090591345651172;24.437865119421375;13.602638005480284;17.33560651672399
1688375692;15.090591345651172;24.41958431029686;13.602638005480284;17.33560651672399
1688375693;15.090591345651172;24.41332512021619;13.608102388630904;17.328254437575886
1688375694;15.090591345651172;24.41928625362636;13.608102388630904;17.334911049777546
1688375695;15.090591345651172;24.41928625362636;13.607307569263538;17.332427239254542
1688375696;15.090591345651172;24.41849143583833;13.608897207998272;17.330936952940736
1688375697;15.090591345651172;24.41849143583833;13.608102388630904;17.337196155458724
1688375698;15.090591345651172;24.42475062591901;13.608102388630904;17.330936952940736
1688375699;15.090591345651172;24.43071175932917;13.608102388630904;17.324975807685504
1688375700;15.090591345651172;24.43071175932917;13.608897207998272;17.325770627052872
1688375701;15.090591345651172;24.43071175932917;13.608897207998272;17.324578398001822
1688375702;15.090591345651172;24.42991694154115;13.609692027365627;17.323783578634455
1688375703;15.090591345651172;24.430413702658672;13.609692027365627;17.32120041569053
1688375704;15.090591345651172;24.435878074951322;13.608897207998272;17.32030624390225
1688375705;15.090591345651172;24.435878074951322;13.608102388630904;17.312358050228603
1688375706;15.090591345651172;24.42852601041211;13.608897207998272;17.312358050228603
1688375707;15.090591345651172;24.43011564598816;13.608897207998272;17.312954164754135
1688375708;15.090591345651172;24.423856455907476;13.608698503156425;17.30470791381774
1688375709;15.090591345651172;24.42932082820014;13.608698503156425;17.306297552552465
1688375710;15.090591345651172;24.43667289273934;13.607108864421702;17.299442235508955
1688375711;15.090591345651172;24.43667289273934;13.607108864421702;17.299442235508955
1688375712;15.090591345651172;24.43667289273934;13.607108864421702;17.303913094450373
1688375713;15.090591345651172;24.43667289273934;13.607903683789058;17.31096711633573
1688375714;15.090591345651172;24.43637483606883;13.607108864421702;17.309377477600997
1688375715;15.090591345651172;24.43637483606883;13.606910159579854;17.309377477600997
1688375716;15.090591345651172;24.43558001828081;13.600650957061866;17.309377477600997
1688375717;15.090591345651172;24.43558001828081;13.59985613769451;17.30858265823363
1688375718;15.090591345651172;24.44313078726702;13.601445776429234;17.316431499486352
1688375719;15.090591345651172;24.454854349640343;13.595186573911244;17.322491997162494
1688375720;15.090591345651172;24.454953701863847;13.595186573911244;17.321697177795137
1688375721;15.090591345651172;24.454158884075827;13.595186573911244;17.321697177795137
1688375722;15.090591345651172;24.42902277152963;13.595186573911244;17.327062208524836
1688375723;15.090591345651172;24.42256487700195;13.594391754543878;17.326068684315633
1688375724;15.090591345651172;24.42912212375313;13.594391754543878;17.30470791381774
1688375725;15.090591345651172;24.429420180423634;13.595285926332167;17.31017229696836
1688375726;15.090591345651172;24.428625362635614;13.595285926332167;17.31017229696836
1688375727;15.090591345651172;24.428625362635614;13.601545128850157;17.316630204328188
1688375728;15.090591345651172;24.426240909271545;13.607208216842615;17.318021138221074
1688375729;15.090591345651172;24.426240909271545;13.60700951200078;17.318021138221074
1688375730;15.090591345651172;24.425942852601047;13.607804331368145;17.317226318853706
1688375731;15.090591345651172;24.427532488177086;13.607804331368145;17.318021138221074
1688375732;15.090591345651172;24.427532488177086;13.606910159579854;17.318021138221074
1688375733;15.090591345651172;24.427532488177086;13.606910159579854;17.32428034073906
1688375734;15.090591345651172;24.428029249294603;13.606910159579854;17.323485521371694
1688375735;15.090591345651172;24.4209752414259;13.606910159579854;17.329744723889682
1688375736;15.090591345651172;24.4208758892024;13.606910159579854;17.32428034073906
1688375737;15.090591345651172;24.42147200254342;13.606910159579854;17.324081635897226
1688375738;15.090591345651172;24.42147200254342;13.606115340212499;17.32328681652986
1688375739;15.090591345651172;24.42067718475539;13.606115340212499;17.32209458747881
1688375740;15.090591345651172;24.41988236696737;13.61396418146521;17.318915310009363
1688375741;15.090591345651172;24.42037912808489;13.614759000832578;17.319312719693038
1688375742;15.090591345651172;24.41958431029686;13.61396418146521;17.319312719693038
1688375743;15.090591345651172;24.41958431029686;13.620223383983198;17.318418547904756
1688375744;15.090591345651172;24.419484958073355;13.626482586501186;17.318418547904756
1688375745;15.090591345651172;24.419981719190876;13.627277405868554;17.32547256979011
1688375746;15.090591345651172;24.419385605849865;13.627277405868554;17.324677750422744
1688375747;15.090591345651172;24.419385605849865;13.627277405868554;17.32547256979011
1688375748;15.090591345651172;24.419385605849865;13.62568776713382;17.32547256979011
1688375749;15.090591345651172;24.431804633787703;13.62568776713382;17.32547256979011
1688375750;15.090591345651172;24.431605929340694;13.619428564615832;17.324677750422744
1688375751;15.090591345651172;24.433195564916744;13.621018203350566;17.32547256979011
1688375752;15.090591345651172;24.4315065771172;13.620223383983198;17.324677750422744
1688375753;15.090591345651172;24.426638318165562;13.620223383983198;17.324677750422744
1688375754;15.090591345651172;24.426638318165562;13.620223383983198;17.324677750422744
1688375755;15.090591345651172;24.42554544370703;13.619428564615832;17.32547256979011
1688375756;15.090591345651172;24.432599451575733;13.620223383983198;17.32547256979011
1688375757;15.090591345651172;24.432599451575733;13.607704978947222;17.32547256979011
1688375758;15.090591345651172;24.432599451575733;13.607704978947222;17.32269070200434
1688375759;15.090591345651172;24.431804633787703;13.606910159579854;17.32269070200434
1688375760;15.090591345651172;24.425446091483526;13.608499798314588;17.32269070200434
1688375761;15.090591345651172;24.42604220482454;13.607704978947222;17.323485521371694
1688375762;15.090591345651172;24.42524738703652;13.607506274105386;17.32269070200434
1688375763;15.090591345651172;24.4315065771172;13.606711454738019;17.32269070200434
1688375764;15.090591345651172;24.42415451257799;13.608301093472742;17.321101063269605
1688375765;15.090591345651172;24.41869014028534;13.608301093472742;17.32656544642023
1688375766;15.090591345651172;24.41789532249732;13.607506274105386;17.332824648938217
1688375767;15.090591345651172;24.417597265826807;13.601247071587396;17.333619468305585
1688375768;15.090591345651172;24.418392083614826;13.602041890954752;17.333917525568342
1688375769;15.090591345651172;24.418392083614826;13.602041890954752;17.332526591675457
1688375770;15.090591345651172;24.418590788061834;13.601247071587396;17.332526591675457
1688375771;15.090591345651172;24.418094026944324;13.601247071587396;17.332526591675457
1688375772;15.090591345651172;24.417299209156297;13.60045225222003;17.328055732734036
1688375773;15.090591345651172;24.418888844732344;13.60045225222003;17.328055732734036
1688375774;15.090591345651172;24.406171760123996;13.599657432852663;17.326863503683
1688375775;15.090591345651172;24.404184715653933;13.607506274105386;17.32845314241772
1688375776;15.090591345651172;24.40497953344196;13.607506274105386;17.340574137770016
1688375777;15.090591345651172;24.39792552557326;13.606711454738019;17.33977931840265
1688375778;15.090591345651172;24.39792552557326;13.606711454738019;17.33977931840265
1688375779;15.090591345651172;24.39792552557326;13.602439300638435;17.33977931840265
1688375780;15.090591345651172;24.39136827882208;13.608400445893665;17.33977931840265
1688375781;15.090591345651172;24.39057346103406;13.607605626526297;17.340574137770016
1688375782;15.090591345651172;24.373385526368086;13.607605626526297;17.34037543292818
1688375783;15.090591345651172;24.372292651909554;13.607605626526297;17.34037543292818
1688375784;15.090591345651172;24.372292651909554;13.607605626526297;17.339580613560813
1688375785;15.090591345651172;24.37944601200175;13.60075030948279;17.34037543292818
1688375786;15.090591345651172;24.379346659778246;13.599955490115423;17.3458398160788
1688375787;15.090591345651172;24.379147955331238;13.601545128850157;17.352893837964146
1688375788;15.090591345651172;24.384811032070896;13.60075030948279;17.346634635446158
1688375789;15.090591345651172;24.383817509835872;13.60075030948279;17.3458398160788
1688375790;15.090591345651172;24.38630131542344;13.60075030948279;17.346634635446158
1688375791;15.090591345651172;24.385208440964913;13.594491106964801;17.345641111236954
1688375792;15.090591345651172;24.385208440964913;13.594491106964801;17.345641111236954
1688375793;15.090591345651172;24.38570520208242;13.595285926332167;17.344846291869597
1688375794;15.090591345651172;24.38570520208242;13.595285926332167;17.344846291869597
1688375795;15.090591345651172;24.3849103842944;13.595484631174005;17.344846291869597
1688375796;15.090591345651172;24.3849103842944;13.59468981180665;17.34305794829303
1688375797;15.090591345651172;24.385407145411918;13.595484631174005;17.33660004093319
1688375798;15.090591345651172;24.398322934467277;13.593894992439282;17.335805221565835
1688375799;15.090591345651172;24.39713070778524;13.601743833691993;17.324876455264583
1688375800;15.090591345651172;24.39732941223225;13.601843186112916;17.324876455264583
1688375801;15.090591345651172;24.396733298891228;13.601843186112916;17.324876455264583
1688375802;15.090591345651172;24.390970869928065;13.60104836674555;17.329546019047847
1688375803;15.090591345651172;24.389381234352026;13.602638005480284;17.329546019047847
1688375804;15.090591345651172;24.389977347693037;13.602638005480284;17.330340838415214
1688375805;15.090591345651172;24.389977347693037;13.609095912840107;17.33650068851228
1688375806;15.090591345651172;24.396037833326712;13.608102388630904;17.338090327247002
1688375807;15.090591345651172;24.395839128879704;13.608102388630904;17.338090327247002
1688375808;15.090591345651172;24.395243015538693;13.608897207998272;17.337295507879634
1688375809;15.090591345651172;24.397428764455753;13.608102388630904;17.337295507879634
1688375810;15.090591345651172;24.402893136748403;13.608102388630904;17.338090327247002
1688375811;15.090591345651172;24.401800262289875;13.607307569263538;17.337295507879634
1688375812;15.090591345651172;24.383420100941855;13.607307569263538;17.331036305361657
1688375813;15.090591345651172;24.382426578706827;13.607307569263538;17.331036305361657
1688375814;15.090591345651172;24.383618805388863;13.606512749896172;17.330936952940736
1688375815;15.090591345651172;24.38977864324604;13.606512749896172;17.330936952940736
1688375816;15.090591345651172;24.388387712116998;13.607903683789058;17.330142133573368
1688375817;15.090591345651172;24.388387712116998;13.607903683789058;17.32388293105538
1688375818;15.090591345651172;24.388487064340502;13.607108864421702;17.324677750422744
1688375819;15.090591345651172;24.38808965544649;13.614162886307046;17.312159345386767
1688375820;15.090591345651172;24.39405078885666;13.609393970102868;17.311364526019403
1688375821;15.090591345651172;24.38650001987045;13.6085991507355;17.311364526019403
1688375822;15.090591345651172;24.394448197750663;13.6085991507355;17.311364526019403
1688375823;15.114091821137487;24.393653379962643;13.626681291343024;17.32149847295329
1688375824;15.11100489427275;24.393653379962643;13.626681291343024;17.322293292320655
1688375825;15.112199833704265;24.39335532329213;13.625886471975669;17.316034089802667
1688375826;15.112199833704265;24.39415014108016;13.625886471975669;17.323088111688012
1688375827;15.112199833704265;24.39335532329213;13.626681291343024;17.322293292320655
1688375828;15.112199833704265;24.392262448833602;13.619627269457679;17.323088111688012
1688375829;15.11100489427275;24.393653379962643;13.619428564615832;17.328353789996797
1688375830;15.110805737700838;24.400707387831343;13.619428564615832;17.328353789996797
1688375831;15.110805737700838;24.406072407900492;13.619428564615832;17.328353789996797
1688375832;15.110606581128916;24.405873703453484;13.620223383983198;17.327558970629443
1688375833;15.110606581128916;24.418392083614826;13.620223383983198;17.327558970629443
1688375834;15.110606581128916;24.419186901402856;13.620223383983198;17.328353789996797
1688375835;15.110606581128916;24.418888844732344;13.620223383983198;17.328353789996797
1688375836;15.110606581128916;24.418094026944324;13.618633745248465;17.32090235842777
1688375837;15.110606581128916;24.418094026944324;13.619428564615832;17.32000818663948
1688375838;15.110606581128916;24.417795970273815;13.624892947766455;17.320803006006848
1688375839;15.110606581128916;24.417001152485796;13.626482586501186;17.327062208524836
1688375840;15.110606581128916;24.416007630250768;13.626482586501186;17.32626738915747
1688375841;15.110606581128916;24.417299209156297;13.626482586501186;17.32547256979011
1688375842;15.110407424557003;24.411040019075624;13.619229859773995;17.32547256979011
1688375843;15.110407424557003;24.410841314628616;13.620819498508718;17.32626738915747
1688375844;15.110407424557003;24.410841314628616;13.61575252504178;17.32626738915747
1688375845;15.110407424557003;24.404383420100938;13.613765476623374;17.32000818663948
1688375846;15.110407424557003;24.40358860231292;13.613765476623374;17.319014662430277
1688375847;15.110407424557003;24.40329054564241;13.613765476623374;17.319809481797645
1688375848;15.110407424557003;24.40329054564241;13.613765476623374;17.32060430116501
1688375849;15.110407424557003;24.40408536343044;13.612970657256007;17.319809481797645
1688375850;15.110407424557003;24.4100464968406;13.612970657256007;17.319809481797645
1688375851;15.110407424557003;24.4100464968406;13.612970657256007;17.319809481797645
1688375852;15.110407424557003;24.409947144617096;13.612970657256007;17.319014662430277
1688375853;15.110407424557003;24.409649087946583;13.61217583788864;17.31821984306292
1688375854;15.110407424557003;24.408854270158564;13.613765476623374;17.319809481797645
1688375855;15.110407424557003;24.403389897865914;13.620024679141352;17.319014662430277
1688375856;15.110407424557003;24.402595080077894;13.619229859773995;17.325273864948265
1688375857;15.110407424557003;24.40229702340738;13.619229859773995;17.331533067466253
1688375858;15.110606581128916;24.4030918411954;13.620819498508718;17.33232788683362
1688375859;15.110606581128916;24.4030918411954;13.620620793666882;17.33232788683362
1688375860;15.110606581128916;24.402396375630886;13.615553820199933;17.33232788683362
1688375861;15.110606581128916;24.402098318960373;13.613566771781526;17.33232788683362
1688375862;15.110407424557003;24.402098318960373;13.613566771781526;17.331334362624418
1688375863;15.110407424557003;24.402893136748403;13.61277195241416;17.331334362624418
1688375864;15.110407424557003;24.401204148948853;13.61277195241416;17.332129181991775
1688375865;15.110407424557003;24.407165282359024;13.613566771781526;17.332129181991775
1688375866;15.110407424557003;24.406569169018;13.613566771781526;17.325869979473786
1688375867;15.110407424557003;24.40815880459405;13.61277195241416;17.325869979473786
1688375868;15.110407424557003;24.42634026149505;13.61277195241416;17.32666479884115
1688375869;15.110407424557003;24.42743313595358;13.605717930528815;17.320405596323162
1688375870;15.110407424557003;24.42743313595358;13.607307569263538;17.320405596323162
1688375871;15.110407424557003;24.43448714382228;13.60104836674555;17.311861288124007
1688375872;15.110407424557003;24.434387791598777;13.607307569263538;17.311861288124007
1688375873;15.110407424557003;24.4279298970711;13.605717930528815;17.312258697807692
1688375874;15.110407424557003;24.4279298970711;13.605717930528815;17.311463878440325
1688375875;15.110407424557003;24.4279298970711;13.605717930528815;17.29268627088636
1688375876;15.115983808570698;24.426837022612567;13.606512749896172;17.291891451519003
1688375877;15.115983808570698;24.42604220482454;13.605717930528815;17.29268627088636
1688375878;15.122257240586123;24.419484958073355;13.60492311116145;17.29268627088636
1688375879;15.128530672601537;24.419087549179352;13.613765476623374;17.291891451519003
1688375880;15.128530672601537;24.42614155704804;13.613566771781526;17.293481090253728
1688375881;15.128530672601537;24.42534673926002;13.613566771781526;17.29268627088636
1688375882;15.128530672601537;24.425048682589512;13.614361591148894;17.29894547340435
1688375883;15.128530672601537;24.425048682589512;13.614361591148894;17.29894547340435
1688375884;15.128530672601537;24.425843500377542;13.614361591148894;17.29815065403699
1688375885;15.128530672601537;24.4208758892024;13.614361591148894;17.29894547340435
1688375886;15.128530672601537;24.41849143583833;13.613566771781526;17.299740292771716
1688375887;15.128530672601537;24.41849143583833;13.61277195241416;17.29894547340435
1688375888;15.128530672601537;24.41928625362636;13.613566771781526;17.29268627088636
1688375889;15.128530672601537;24.42554544370703;13.61277195241416;17.28791735468218
1688375890;15.128530672601537;24.4315065771172;13.61277195241416;17.287122535314815
1688375891;15.128530672601537;24.43071175932917;13.619031154932149;17.287122535314815
