Time;{instance="10.231.0.208:9100"};{instance="192.168.221.10:9100"};{instance="192.168.221.11:9100"};{instance="192.168.221.12:9100"}
1688374811;542;22148.666666666668;1199.888888888889;737.6666666666667
1688374812;542;24232.111111111113;1242.7777777777778;1273.6666666666667
1688374813;557.8888888888889;27832.111111111113;1148.6666666666667;1279.5555555555557
1688374814;551.2222222222223;30309.333333333336;712.3333333333334;2711
1688374815;557.8888888888889;28973.88888888889;1237;4202.777777777778
1688374816;648.5555555555557;42228;1242.7777777777778;7331.777777777778
1688374817;8861414.88888889;40797.333333333336;1237;3064183.666666667
1688374818;21810835;55747.55555555556;1242.7777777777778;16012574.222222224
1688374819;34361555.222222224;55914.88888888889;1259.6666666666667;28797599.333333336
1688374820;47446342.11111111;62541.11111111112;1341.1111111111113;41612782.222222224
1688374821;60307252.77777778;67475.88888888889;1298.2222222222224;54590445.55555556
1688374822;73458922.55555557;67667.66666666667;1983.888888888889;67399534.22222222
1688374823;86418189.22222222;77528.88888888889;1889.7777777777778;80644286.44444445
1688374824;99476723.8888889;79432.33333333334;1453.4444444444446;93313203.66666667
1688374825;112369490.77777779;71371.77777777778;1985.4444444444446;106533224
1688374826;116737399.22222222;80195.88888888889;1991.2222222222224;116376839.44444445
1688374827;116972327.33333334;65666.66666666667;1985.4444444444446;116620983.33333334
1688374828;117374812.22222222;68990.88888888889;1968.5555555555557;117064797.77777779
1688374829;116833144.66666667;67550;1887.1111111111113;116589976.22222222
1688374830;117201424.8888889;63727.444444444445;1934.6666666666667;116827219.55555557
1688374831;116892746.44444445;68645.88888888889;1267.5555555555557;116930551.33333334
1688374832;117050750.22222222;57026.222222222226;1305.2222222222224;116717729.77777779
1688374833;117200738.44444445;56122.55555555556;1211.111111111111;116961880.66666667
1688374834;116929792.22222222;51945.55555555556;776.6666666666667;116994725.55555557
1688374835;116565984.44444445;44153.333333333336;770.8888888888889;116649630.44444445
1688374836;116661331.55555557;45177.55555555556;1327.5555555555557;116585102.66666667
1688374837;116484866.66666667;40401;1321.7777777777778;116233561.11111112
1688374838;116943587.55555557;34306.222222222226;1327.5555555555557;116905597.33333334
1688374839;116962255.11111112;32157.88888888889;1280;116746522.00000001
1688374840;117282356.22222222;22182.222222222223;1267.2222222222224;116646427.33333334
1688374841;117174442.00000001;23409.222222222223;1248.111111111111;116838014.00000001
1688374842;116969937.11111112;22195.88888888889;1253.888888888889;116957181.77777779
1688374843;116979047.77777779;23609.333333333336;1150.5555555555557;116137650.00000001
1688374844;117180526.8888889;22795.77777777778;1156.3333333333335;116785374.66666667
1688374845;116954106.22222222;23009;688;116551891.33333334
1688374846;116977630.44444445;22185.111111111113;1246.888888888889;116708171.11111112
1688374847;117085204.8888889;22343.77777777778;1261.888888888889;116859496.44444445
1688374848;116929136.8888889;25200.77777777778;1267.6666666666667;116802649.11111112
1688374849;116962163.55555557;26136.444444444445;1261.888888888889;117195023.33333334
1688374850;116849554.66666667;26859.222222222223;1249.111111111111;116996850.00000001
1688374851;116895490.44444445;27871.222222222223;1243.3333333333335;116891545.55555557
1688374852;117191205.55555557;27456.55555555556;1268.111111111111;117481784.22222222
1688374853;117381864.8888889;28077.444444444445;1283.4444444444446;117213706.22222222
1688374854;117487575.33333334;27447.333333333336;1200.888888888889;117713609.55555557
1688374855;117947275.11111112;27753.444444444445;741.8888888888889;117760746.44444445
1688374856;117685758.8888889;28467.000000000004;1257.3333333333335;117682416.00000001
1688374857;117878767.77777779;26059.444444444445;1251.5555555555557;117714988.8888889
1688374858;117957739.11111112;24136.77777777778;1257.3333333333335;117470454.22222222
1688374859;118061103.77777779;22748.77777777778;1251.5555555555557;117460274.8888889
1688374860;117899162.22222222;23445.88888888889;1257.3333333333335;117492090.44444445
1688374861;118033627.77777779;22507.88888888889;1251.111111111111;117730488.8888889
1688374862;117858007.77777779;23920.333333333336;1235.7777777777778;117876960.00000001
1688374863;117933980.66666667;23663.222222222223;1230;117526830.8888889
1688374864;117447357.55555557;23988.333333333336;1135.888888888889;117145610.22222222
1688374865;117797072.22222222;23360.111111111113;688;117219491.55555557
1688374866;117624239.11111112;23649.444444444445;693.7777777777778;117284021.55555557
1688374867;117487346.22222222;24181.444444444445;1218.4444444444446;117384365.11111112
1688374868;117634425.33333334;23368.666666666668;1224.2222222222224;117741005.55555557
1688374869;117564125.11111112;21809.666666666668;1218.4444444444446;117672681.77777779
1688374870;117594036.22222222;22091.88888888889;1205.6666666666667;117306940.44444445
1688374871;117668093.11111112;21716;1199.888888888889;117257110.22222222
1688374872;117570810.00000001;22927.111111111113;1224.2222222222224;117253008.66666667
1688374873;117859435.77777779;22922.111111111113;1218.4444444444446;117973460.00000001
1688374874;117899630.8888889;24258.333333333336;1135.888888888889;117660179.33333334
1688374875;117649719.11111112;23350.666666666668;1130.111111111111;117458299.33333334
1688374876;117581097.33333334;23387.666666666668;693.7777777777778;117505826.44444445
1688374877;117439558.00000001;23740;1225.7777777777778;116996141.33333334
1688374878;117496361.55555557;26700.77777777778;1231.5555555555557;117190846.8888889
1688374879;117445861.33333334;29197.77777777778;1269.2222222222224;117174304.44444445
1688374880;117404241.55555557;29680.55555555556;1329.888888888889;117343820.8888889
1688374881;117357188.22222222;28135.111111111113;1305.5555555555557;117386816.44444445
1688374882;117435913.33333334;28702.222222222223;1311.3333333333335;116823507.11111112
1688374883;117261159.77777779;28056.222222222223;1326;117299077.11111112
1688374884;117610076.66666667;28314.88888888889;1331.7777777777778;117496768.8888889
1688374885;117640780.8888889;27819.333333333336;1245;117604343.77777779
1688374886;117642752.66666667;26032.666666666668;821.6666666666667;117815006.00000001
1688374887;118167403.55555557;25848.666666666668;1435.888888888889;117579726.44444445
1688374888;117811423.11111112;21893.88888888889;1416.7777777777778;117931688.22222222
1688374889;117621499.11111112;21005.88888888889;1412.888888888889;117398103.77777779
1688374890;117638317.33333334;22607.111111111113;1464.5555555555557;117443310.8888889
1688374891;117343716.8888889;21321.222222222223;1458.7777777777778;117598353.11111112
1688374892;117395601.77777779;21612.222222222223;1501.5555555555557;117232206.8888889
1688374893;117451400.00000001;22428.333333333336;1514.3333333333335;117186654.00000001
1688374894;117219644.8888889;23686.666666666668;1512.7777777777778;117207615.33333334
1688374895;117173232.8888889;24928.77777777778;1398.3333333333335;116806797.77777779
1688374896;116721002.8888889;21960.444444444445;804.5555555555557;117004205.11111112
1688374897;117025227.11111112;24124.111111111113;1403.6666666666667;116791822.8888889
1688374898;117337126.00000001;23972.222222222223;1352.6666666666667;117260855.33333334
1688374899;117350364.66666667;22516;1301;117020564.22222222
1688374900;117637356.00000001;23989.77777777778;1306.7777777777778;116938612.22222222
1688374901;117291621.55555557;22485.333333333336;1262.111111111111;116989246.66666667
1688374902;117015283.77777779;22880.111111111113;1249.3333333333335;116920796.66666667
1688374903;117361822.66666667;21951.111111111113;1243.5555555555557;116755077.77777779
1688374904;117364927.55555557;22420.444444444445;1249.3333333333335;117269617.11111112
1688374905;117501658.22222222;22558.222222222223;1223.111111111111;117072467.33333334
1688374906;117585690.66666667;21070.77777777778;628.1111111111112;117109306.8888889
1688374907;117426162.22222222;21053.222222222223;711;117177194.66666667
1688374908;117319439.77777779;24852.111111111113;1265.4444444444446;117180568.22222222
1688374909;117293638.8888889;26649.666666666668;1278.2222222222224;118214292.44444445
1688374910;117620110.66666667;29548.88888888889;1303;117662751.33333334
1688374911;117884327.33333334;28207.77777777778;1325.1111111111113;117695334.66666667
1688374912;117718104.44444445;28419.55555555556;1330.888888888889;117702179.33333334
1688374913;117765366.8888889;28267.000000000004;1325.1111111111113;117668710.00000001
1688374914;117874056.11111112;28998.666666666668;1359.3333333333335;117926648.22222222
1688374915;117831040.8888889;29952.222222222223;1440.888888888889;117649292.44444445
1688374916;117998428.22222222;29099.444444444445;1358;117738228.66666667
1688374917;118198386.00000001;27329.222222222223;818.2222222222223;117953008.44444445
1688374918;117694892.22222222;25467.222222222223;1431.5555555555557;116728750.22222222
1688374919;117637543.11111112;23848;1388.2222222222224;117348229.77777779
1688374920;117389668.8888889;24859.55555555556;1366.1111111111113;117255016.22222222
1688374921;117427922.8888889;24771;1360.3333333333335;117237301.33333334
1688374922;117436054.8888889;24937.666666666668;1366.1111111111113;117202550.44444445
1688374923;117210170.33333334;25075;1331.888888888889;117123804.44444445
1688374924;117309369.77777779;24784.666666666668;1227.6666666666667;117280158.66666667
1688374925;114466762.66666667;25097;1221.888888888889;115843971.55555557
1688374926;111260653.11111112;23134;1213;112946316.22222222
1688374927;107694669.77777779;23173.88888888889;581.1111111111112;109683953.33333334
1688374928;106081109.55555557;22840.77777777778;1227.5555555555557;106325116.66666667
1688374929;104335508.66666667;22158.333333333336;1221.7777777777778;105211834.22222222
1688374930;103530286.22222222;22933.111111111113;1248.6666666666667;104167685.11111112
1688374931;101745305.55555557;23555.444444444445;1264;102147475.77777779
1688374932;100378475.33333334;22698.55555555556;1297.7777777777778;100847855.77777779
1688374933;98396384.22222222;23659.666666666668;1292;99504510.44444445
1688374934;99387539.77777779;23633;1297.7777777777778;98666342.8888889
1688374935;96060388.66666667;24781.222222222223;1292;99517596.44444445
1688374936;89337363.8888889;23802;1297.7777777777778;91465458
1688374937;77912596.33333334;23991.666666666668;651.3333333333334;83358989.44444445
1688374938;66651423.00000001;26663.55555555556;1308.2222222222224;71555006.33333334
1688374939;54369550.55555556;28477.333333333336;1302.1111111111113;59539186.333333336
1688374940;43134820.333333336;28535.55555555556;1341.6666666666667;48441111.888888896
1688374941;31535178.77777778;29993.000000000004;1307.888888888889;36707385
1688374942;20287567.444444444;29005.333333333336;1313.6666666666667;25112491.222222224
1688374943;8995433.222222222;28969.666666666668;1307.888888888889;14093422.111111112
1688374944;6284202.333333334;28479.666666666668;1334.1111111111113;3230293.4444444445
1688374945;13386185.111111112;27726.77777777778;1328.3333333333335;10834075.88888889
1688374946;25141702.88888889;28702.444444444445;1334.1111111111113;19989351.333333336
1688374947;37308770.222222224;24486.333333333336;677.2222222222223;31900646.000000004
1688374948;50007217.333333336;22342;1200;44416634.888888896
1688374949;62421800.44444445;21420.444444444445;1236.3333333333335;56739322.44444445
1688374950;75294984.66666667;22259.77777777778;1242.111111111111;69710890.8888889
1688374951;88272757.33333334;21693.333333333336;1236.3333333333335;82620964.44444445
1688374952;90816047.55555557;23748.666666666668;1264.7777777777778;90894119.33333334
1688374953;95143264;22248.111111111113;1280.3333333333335;92993385.11111112
1688374954;98420010;23732.444444444445;1286.1111111111113;96782716.8888889
1688374955;99417018.8888889;22323.222222222223;1280.3333333333335;98815611.33333334
1688374956;100388802;23807;1286.1111111111113;99852735.55555557
1688374957;91765951.33333334;23219.111111111113;763;97473109.77777779
1688374958;80548530;26458.444444444445;671.7777777777778;85150451.55555557
1688374959;80540757.11111112;32527.222222222226;4361.333333333334;80678743.33333334
1688374960;80368533.11111112;33226.333333333336;4367.111111111111;80371451.77777778
1688374961;89482604.22222222;32208.222222222226;4412.111111111111;84866099.77777779
1688374962;84859044.22222222;33612.333333333336;4376.111111111111;87740288.22222222
1688374963;84755134.8888889;34162.555555555555;4405.666666666667;84897162.66666667
1688374964;84680878.66666667;33766.444444444445;4411.444444444444;84993020
1688374965;84484103.77777779;32953.333333333336;4405.666666666667;84869193.55555557
1688374966;88416877.55555557;33001.77777777778;4413.666666666667;87142937.11111112
1688374967;87219745.11111112;29620.77777777778;4428.666666666667;88479325.33333334
1688374968;74992303.33333334;24502.222222222223;739.1111111111112;79979495.33333334
1688374969;74422523.33333334;26790.111111111113;1364.1111111111113;74577520.22222222
1688374970;71569901;25615.444444444445;1296.4444444444446;74773351.33333334
1688374971;67896822.33333334;26716.111111111113;1309.2222222222224;71135294.33333334
1688374972;55307222.77777778;25501.444444444445;1279.6666666666667;61160628.77777778
1688374973;42628957;28046.111111111113;1273.888888888889;48267907.66666667
1688374974;29686881.444444448;27619.111111111113;1279.6666666666667;35443315.222222224
1688374975;21678511.222222224;27716.111111111113;1251.2222222222224;23033208.555555556
1688374976;21678481.88888889;27578.333333333336;1236.2222222222224;21696777
1688374977;21040512.333333336;24244.444444444445;1230.4444444444446;21696760.77777778
1688374978;8804743.666666668;22164.88888888889;605.4444444444445;14495939.88888889
1688374979;537.3333333333334;23313.666666666668;1144.6666666666667;1532301.2222222222
1688374980;530;23791.111111111113;1224.888888888889;1303
1688374981;530;22639.111111111113;1219.111111111111;1392.888888888889
1688374982;523.3333333333334;21929.222222222223;1224.888888888889;1380.1111111111113
1688374983;530;21952.88888888889;1219.111111111111;1332.5555555555557
1688374984;523.3333333333334;23360.77777777778;1224.888888888889;897.8888888888889
1688374985;548.6666666666667;22320.666666666668;1219.111111111111;1393.2222222222224
1688374986;535.3333333333334;23345.55555555556;1224.888888888889;1376.3333333333335
1688374987;535.3333333333334;22071.55555555556;1219.111111111111;1370.5555555555557
1688374988;549.6666666666667;22600.55555555556;679.8888888888889;1388.2222222222224
1688374989;549.6666666666667;20789.88888888889;1111.5555555555557;1365.2222222222224
1688374990;549.6666666666667;22728.444444444445;1205.5555555555557;1275.3333333333335
1688374991;556.3333333333334;22306;1220.888888888889;1385.888888888889
1688374992;549.6666666666667;23528.55555555556;1226.6666666666667;1391.6666666666667
1688374993;549.6666666666667;22133.55555555556;1232.5555555555557;1330.6666666666667
1688374994;531;23717.55555555556;1238.3333333333335;849.6666666666667
1688374995;531;22607.333333333336;1232.5555555555557;1367.5555555555557
1688374996;600.1111111111112;22891.77777777778;1238.3333333333335;1373.3333333333335
1688374997;579.1111111111112;21677.444444444445;1232.5555555555557;1344.888888888889
1688374998;585.7777777777778;24817.666666666668;707.8888888888889;1350.6666666666667
1688374999;579.1111111111112;26717.55555555556;1157.888888888889;1344.888888888889
1688375000;659.1111111111112;28794.88888888889;1230.7777777777778;1234.3333333333335
1688375001;659.1111111111112;28096.333333333336;1225;1324.6666666666667
1688375002;665.7777777777778;29083.111111111113;1219.111111111111;1328.2222222222224
1688375003;659.1111111111112;30214.55555555556;1213.3333333333335;1285.4444444444446
1688375004;665.7777777777778;30903.000000000004;1219.111111111111;767.5555555555557
1688375005;610;31248.333333333336;1233.7777777777778;780.3333333333334
1688375006;610;31143.77777777778;1239.5555555555557;1302.4444444444446
1688375007;603.3333333333334;26953.333333333336;1233.7777777777778;1296.6666666666667
1688375008;610;24671.111111111113;695.5555555555557;1302.4444444444446
1688375009;530;21702.666666666668;601.5555555555555;1296.6666666666667
1688375010;530;23102;1153.888888888889;1206.3333333333335
1688375011;523.3333333333334;22309.222222222223;1162.7777777777778;1196.6666666666667
1688375012;530;21871.666666666668;1272.2222222222224;1283.7777777777778
1688375013;523.3333333333334;21289.222222222223;1328.6666666666667;1278
1688375014;531;22240.333333333336;1359.4444444444446;1304.6666666666667
1688375015;537.6666666666667;22085.55555555556;1353.6666666666667;803.6666666666667
1688375016;556.3333333333334;23349.111111111113;1359.4444444444446;1354.2222222222224
1688375017;569.5555555555555;21732.77777777778;1374.1111111111113;1348.4444444444446
1688375018;617;22404.77777777778;1379.888888888889;1402.6666666666667
1688375019;623.6666666666667;20751.88888888889;827.5555555555557;1396.888888888889
1688375020;623.6666666666667;23029.111111111113;1365.1111111111113;1388
1688375021;617;21022.434473567304;1274.2222222222224;1300.888888888889
1688375022;623.6666666666667;23005.666666666668;1324.5555555555557;1413.4444444444446
1688375023;609.3333333333334;21983.333333333336;1285;1368.2222222222224
1688375024;602.6666666666667;23029.77777777778;1345.6666666666667;1352.888888888889
1688375025;590.6666666666667;22316.88888888889;1339.888888888889;802.3333333333334
1688375026;633.2222222222223;23843.444444444445;1347.888888888889;1333.2222222222224
1688375027;585.7777777777778;22091.333333333336;1362.888888888889;1279
1688375028;579.1111111111112;25778.55555555556;1368.6666666666667;1284.7777777777778
1688375029;593.1111111111112;25555;816.4444444444445;1279
1688375030;593.1111111111112;27993.88617163184;1341.4444444444446;1284.7777777777778
1688375031;605.1111111111112;27005.111111111113;1247.4444444444446;1172.2222222222224
1688375032;612.4444444444445;28325.88888888889;1330.3333333333335;1178
1688375033;612.4444444444445;27373.55555555556;1269.6666666666667;1312.5555555555557
1688375034;612.4444444444445;28476.000000000004;1275.4444444444446;1318.3333333333335
1688375035;550;27240.444444444445;1247;806
1688375036;550;28058.77777777778;1232;1335.4444444444446
1688375037;556.6666666666667;25159.333333333336;1226.2222222222224;1329.6666666666667
1688375038;542.6666666666667;21905.88888888889;1232;1335.4444444444446
1688375039;564.7777777777778;21071.55555555556;688.4444444444445;1352.3333333333335
1688375040;552.7777777777778;20847;1206.111111111111;1358.1111111111113
1688375041;545.4444444444445;21447.333333333336;1111.5555555555557;1352.3333333333335
1688375042;545.4444444444445;22598.77777777778;1117.3333333333335;1217.7777777777778
1688375043;538.7777777777778;22783.88888888889;1199.888888888889;1307.6666666666667
1688375044;545.4444444444445;23398.111111111113;1205.6666666666667;1313.888888888889
1688375045;545.4444444444445;23420.77777777778;1199.888888888889;839.3333333333334
1688375046;557.4444444444445;23561.88888888889;1205.6666666666667;1380.1111111111113
1688375047;557.4444444444445;24270.222222222223;1199.888888888889;1374.3333333333335
1688375048;542;23152;1205.6666666666667;1380.1111111111113
1688375049;542;22723.666666666668;669.4444444444445;1374.3333333333335
1688375050;535.3333333333334;22762.444444444445;1205.6666666666667;1380.1111111111113
1688375051;548.6666666666667;21973.666666666668;1221;1374.3333333333335
1688375052;548.6666666666667;21475;1138.4444444444446;1326
1688375053;548.6666666666667;22037.55555555556;1220.888888888889;1396.7777777777778
1688375054;542;23274.444444444445;1238.3333333333335;1347.6666666666667
1688375055;523.3333333333334;21932.333333333336;1232.5555555555557;843.8888888888889
1688375056;599.1111111111112;21789.666666666668;1238.3333333333335;849.6666666666667
1688375057;599.1111111111112;22508.444444444445;1232.5555555555557;1330.2222222222224
1688375058;592.4444444444445;25156;1238.3333333333335;1336
1688375059;599.1111111111112;25698.666666666668;722.8888888888889;1330.2222222222224
1688375060;585.7777777777778;26406.88888888889;707.5555555555557;1336
1688375061;611.1111111111112;27122.333333333336;1239.5555555555557;1288.6666666666667
1688375062;604.4444444444445;28028.55555555556;1157.111111111111;1198.888888888889
1688375063;604.4444444444445;27421.666666666668;1227.888888888889;1299.888888888889
1688375064;611.1111111111112;28972.666666666668;1233.6666666666667;1268.6666666666667
1688375065;542;28986.111111111113;1227.888888888889;1281.4444444444446
1688375066;535.3333333333334;28019.333333333336;1233.6666666666667;778.2222222222223
1688375067;535.3333333333334;26221.000000000004;1227.888888888889;1309.2222222222224
1688375068;543.1111111111112;23631.666666666668;1212.888888888889;1315
1688375069;549.7777777777778;22823.666666666668;1207.111111111111;1350.7777777777778
1688375070;524.4444444444445;22056.88888888889;675.1111111111112;1356.5555555555557
1688375071;524.4444444444445;22790.77777777778;1227.5555555555557;1350.7777777777778
1688375072;531.1111111111112;22136;1167.7777777777778;1249.7777777777778
1688375073;531.1111111111112;23461.333333333336;1180.5555555555557;1244
1688375074;524.4444444444445;23447.222222222223;1318.3333333333335;1347.3333333333335
1688375075;544.4444444444445;24777.333333333336;1312.5555555555557;1360.5555555555557
1688375076;569.7777777777778;22837.55555555556;1318.3333333333335;829.5555555555557
1688375077;562;25052;1312.5555555555557;1347.4444444444446
1688375078;609.4444444444445;23800.111111111113;1338.7777777777778;1332.7777777777778
1688375079;609.4444444444445;23921.88888888889;1333;1327
1688375080;616.1111111111112;21660;780.5555555555557;1332.7777777777778
1688375081;616.1111111111112;23252.666666666668;1301.1111111111113;1327
1688375082;609.4444444444445;22316.111111111113;1306.888888888889;1332.7777777777778
1688375083;609.4444444444445;22699.222222222223;1187.6666666666667;1210.888888888889
1688375084;596.1111111111112;23189.666666666668;1321.4444444444446;1314.2222222222224
1688375085;577.4444444444445;23165;1370.5555555555557;1336.4444444444446
1688375086;639.8888888888889;21372;1376.3333333333335;818.5555555555557
1688375087;1832.4444444444446;22749.333333333336;1393.5555555555557;1406.3333333333335
1688375088;12094260.666666668;24412.111111111113;1399.3333333333335;6273584.555555556
1688375089;24897249.77777778;27838.666666666668;1393.5555555555557;19384065.444444444
1688375090;37601576.88888889;26535.666666666668;850.3333333333334;31799599.666666668
1688375091;50554468.66666667;26707.666666666668;1382.3333333333335;45006042.77777778
1688375092;63423983.333333336;27844.000000000004;1369.5555555555557;57697913.00000001
1688375093;76058009.77777778;27692.222222222223;1235.7777777777778;70344015.22222222
1688375094;89103160.44444445;29043.000000000004;1275.2222222222224;83195042.77777778
1688375095;101992586;28797.333333333336;1269.4444444444446;96321870.33333334
1688375096;114372279.33333334;28615.444444444445;1231.7777777777778;109373561.66666667
1688375097;115399925.55555557;26204;1226;115287447.11111112
1688375098;115351249.11111112;23152.55555555556;1252.5555555555557;115122044.66666667
1688375099;115825903.33333334;22487.77777777778;1274.7777777777778;115605869.11111112
1688375100;115540679.33333334;22342.222222222223;724.2222222222223;115562498.66666667
1688375101;113475430.00000001;19343.777777777777;1241.5555555555557;115547327.55555557
1688375102;103183094.8888889;21259.666666666668;1247.3333333333335;107253295.33333334
1688375103;103353265.77777779;22416.55555555556;1153;103313075.77777779
1688375104;99377143.33333334;22936.111111111113;1166.111111111111;99334699.55555557
1688375105;99858656.66666667;22808.77777777778;1241.3333333333335;98852007.55555557
1688375106;99642969.33333334;21787;1247.111111111111;99671484.44444445
1688375107;98325444.8888889;21745.88888888889;1220.5555555555557;99929015.55555557
1688375108;95620698.44444445;22756.333333333336;1198.3333333333335;95904285.11111112
1688375109;91669816.8888889;21926.77777777778;1192.5555555555557;95366002
1688375110;93581799.11111112;24161.111111111113;675.2222222222223;91495338.66666667
1688375111;104002393.33333334;21776.88888888889;1228.3333333333335;99966736.22222222
1688375112;103103357.33333334;21579.222222222223;1234.111111111111;104136392.44444445
1688375113;107179164.66666667;21495;1221;107044000.44444445
1688375114;102409568;22744.666666666668;1145.7777777777778;103293871.55555557
1688375115;102585049.11111112;23223.111111111113;1258.4444444444446;102412921.55555557
1688375116;104004812.66666667;23783.222222222223;1264.2222222222224;102500338.8888889
1688375117;105875159.11111112;23381.666666666668;1258.4444444444446;106668843.55555557
1688375118;98516750;30442.444444444445;1946.6666666666667;100262158
1688375119;98743905.77777779;31536.666666666668;1940.888888888889;98771102.66666667
1688375120;94946384.55555557;33175.77777777778;1387.7777777777778;98956588.22222222
1688375121;82630099;30936.111111111113;1382;87614650.33333334
1688375122;69640988.55555557;31165.222222222223;1925.5555555555557;75558591
1688375123;61547546.11111111;31741.77777777778;1919.7777777777778;66739734.55555556
1688375124;56952698.11111111;32133.000000000004;1807.1111111111113;57524940.44444445
1688375125;56943554.11111111;32529.222222222226;1897.0000000000002;56915698.66666667
1688375126;57496175.44444445;31549.55555555556;1902.7777777777778;56695503.77777778
1688375127;69307886.77777778;24606;1214.5555555555557;63566303.55555556
1688375128;69006948.11111112;22573;1220.3333333333335;69264520.8888889
1688375129;73226891.11111112;20250.444444444445;1214.5555555555557;69108396.66666667
1688375130;85921813.77777779;22134.222222222223;1238.888888888889;79986685.8888889
1688375131;95012013.77777779;21066.444444444445;695.3333333333334;93136722.55555557
1688375132;95012057.77777779;20387.88888888889;1268.7777777777778;95046305.44444445
1688375133;86527059.55555557;21676.111111111113;1304.7777777777778;92135324.66666667
1688375134;73679651.77777778;22043.222222222223;1235.3333333333335;79454561.55555557
1688375135;67470450;22829.77777777778;1325.2222222222224;68029117.77777778
1688375136;67100681.55555556;22740.111111111113;1331;67238875.55555557
1688375137;67384102.66666667;22196.222222222223;1325.2222222222224;66891299.55555556
1688375138;66994580.66666667;22609.111111111113;1331;66951081.55555556
1688375139;67320802;21937.77777777778;1327.1111111111113;67549858.8888889
1688375140;71092432.44444445;22414.55555555556;1332.888888888889;67054628.44444445
1688375141;83822587.55555557;21061.666666666668;759.4444444444445;78002010.8888889
1688375142;94745331.33333334;21255.77777777778;1270;91087857.77777779
1688375143;95199652;20238.777777777777;1243.7777777777778;95234487.33333334
1688375144;101520152.66666667;21848.444444444445;1153.888888888889;101018254.55555557
1688375145;101483738.22222222;21747.88888888889;1221.5555555555557;101630331
1688375146;101297787.33333334;22568.222222222223;1323;101601752.55555557
1688375147;95921667.33333334;22374.55555555556;1360.6666666666667;100782194.33333334
1688375148;82900567.33333334;24487.55555555556;1346;88682085.44444445
1688375149;81677491.33333334;27423.333333333336;1340.2222222222224;81708563
1688375150;81909664.8888889;28889.77777777778;1346;81955664.11111112
1688375151;84003909.33333334;28370.55555555556;812.2222222222223;81871743.44444445
1688375152;96456101.33333334;27886.111111111113;1363.1111111111113;90620412.77777779
1688375153;96188915.77777779;28141.77777777778;1357.3333333333335;96528144
1688375154;95960284.8888889;28362.55555555556;1289.6666666666667;96368649.33333334
1688375155;96042220.44444445;28753.444444444445;1188.2222222222224;95835743.11111112
1688375156;101139270.66666667;29106.88888888889;1246.2222222222224;96975276.22222222
1688375157;114263029.55555557;25952.77777777778;1240.4444444444446;108224022.22222222
1688375158;115444998.66666667;23669.444444444445;1246.2222222222224;115817646.8888889
1688375159;115113949.22222222;21471;1261.2222222222224;115739650.8888889
1688375160;104370994.22222222;20883.444444444445;1248.4444444444446;110253932.00000001
1688375161;91464481.55555557;22019.444444444445;697.5555555555557;97358616.8888889
1688375162;78723165.55555557;21846.77777777778;1241.111111111111;84269618.44444445
1688375163;66187890.888888896;22072.55555555556;1235.3333333333335;71518399.55555557
1688375164;53366020.44444445;22928.666666666668;1241.111111111111;59414211.55555556
1688375165;40849904.88888889;22681.222222222223;1139.6666666666667;46181659.55555556
1688375166;27726102.000000004;23613.88888888889;1234.2222222222224;33817409.77777778
1688375167;14905378.444444446;22852.333333333336;1228.4444444444446;20542507.111111112
1688375168;2274055.2222222225;23074.222222222223;1213.4444444444446;7516430.888888889
1688375169;523.3333333333334;22877.333333333336;1207.6666666666667;812.8888888888889
1688375170;516.6666666666667;23500.77777777778;1213.4444444444446;1355
1688375171;516.6666666666667;22648;691;1349.2222222222224
1688375172;523.3333333333334;22270.333333333336;1234.6666666666667;1375.7777777777778
1688375173;516.6666666666667;21771.111111111113;1228.888888888889;1370
1688375174;4578698.666666667;23836;1234.6666666666667;846583.0000000001
1688375175;17444188;23260.55555555556;1159.111111111111;11628176.111111112
1688375176;30426942.000000004;24501.55555555556;1164.888888888889;24595093.444444448
1688375177;43474717.55555556;24719;1247.4444444444446;37796677.222222224
1688375178;55906251.11111111;28124.77777777778;1253.2222222222224;50218433.44444445
1688375179;69090422.44444445;28064.000000000004;1247.4444444444446;63159369.888888896
1688375180;81882421.33333334;33713.333333333336;1937.5555555555557;76181667.22222222
1688375181;94848500.66666667;33145.222222222226;1393.888888888889;88874474.77777779
1688375182;107608883.33333334;33989.444444444445;1922.7777777777778;101746734.77777779
1688375183;115662479.11111112;33076.555555555555;1917.0000000000002;113399924.44444445
1688375184;115819302.22222222;34125.66666666667;1903.7777777777778;115741463.11111112
1688375185;115784596.00000001;33542.555555555555;1898.0000000000002;115751807.33333334
1688375186;115721257.11111112;33792.444444444445;1815.4444444444446;115385743.55555557
1688375187;114445140.22222222;31560.000000000004;1897.888888888889;115883072.22222222
1688375188;114022706.44444445;28627.666666666668;1903.6666666666667;114579532.8888889
1688375189;114168150.00000001;23788.55555555556;1192.4444444444446;114080546.8888889
1688375190;114249198.00000001;24835.666666666668;1216.7777777777778;114314900.44444445
1688375191;114923187.55555557;24162.77777777778;687.8888888888889;114553228.8888889
1688375192;109670290.22222222;23019.666666666668;716.3333333333334;113883196.44444445
1688375193;99715728.8888889;23490.55555555556;1273.888888888889;102527903.33333334
1688375194;99506204.44444445;24038.444444444445;1323.3333333333335;99408942.8888889
1688375195;99558260;24624.222222222223;1317.5555555555557;99553989.33333334
1688375196;99982133.55555557;23706.666666666668;1235.111111111111;99538523.11111112
1688375197;95566528.44444445;24228.77777777778;1236.6666666666667;95023426.66666667
1688375198;95453080.22222222;23441.444444444445;1343.888888888889;95450848.8888889
1688375199;95465941.33333334;22263.444444444445;1319.5555555555557;95246288
1688375200;95115178;21276.222222222223;1325.3333333333335;95482000
1688375201;91440836.22222222;22635;1315.4444444444446;91663488.8888889
1688375202;101428708.44444445;22238.88888888889;776.4444444444445;98556360.8888889
1688375203;101667336.8888889;22201.88888888889;1288.2222222222224;101622037.11111112
1688375204;101717574.44444445;21918.111111111113;1294;101751543.33333334
1688375205;103180713.33333334;23002;1361.6666666666667;101845979.11111112
1688375206;103998097.11111112;22694.333333333336;1360.1111111111113;107616107.55555557
1688375207;91563796.22222222;22112.55555555556;1252.888888888889;97152039.11111112
1688375208;90721991.11111112;22449.666666666668;1401.6666666666667;90965718
1688375209;90668269.33333334;27728.111111111113;1395.888888888889;90507642
1688375210;99856749.33333334;28686.000000000004;1493.1111111111113;95491742.66666667
1688375211;99923605.77777779;27105.000000000004;1487.3333333333335;99835613.33333334
1688375212;99081714.66666667;27783.55555555556;931.8888888888889;99993354.22222222
1688375213;97546037.77777779;27684.111111111113;1456.5555555555557;97273434.66666667
1688375214;97339690.66666667;27844.88888888889;1388.888888888889;97377533.33333334
1688375215;101007928.44444445;28096.000000000004;1405.7777777777778;97390689.11111112
1688375216;110127211.33333334;28837.666666666668;1411.5555555555557;107862355.55555557
1688375217;100518114;28152.000000000004;1290.7777777777778;104464516.66666667
1688375218;96154657.77777779;23396.55555555556;1296.5555555555557;100494324.44444445
1688375219;83261122.44444445;20533.55555555556;1276.4444444444446;88951545.55555557
1688375220;70138642.66666667;23515.666666666668;1284.4444444444446;75946978.22222222
1688375221;58003382.00000001;21683.111111111113;1278.6666666666667;62865260.00000001
1688375222;46589129.55555556;21474.88888888889;754;52475092.888888896
1688375223;33616262.66666667;21990.444444444445;1293.3333333333335;39372953.77777778
1688375224;32313176.000000004;23121.333333333336;1276.4444444444446;32214034.000000004
1688375225;35870675.55555556;23103.444444444445;1270.6666666666667;32279976.666666668
1688375226;46145682.888888896;23717;1248.4444444444446;41910628.222222224
1688375227;50554760;23420.88888888889;1242.6666666666667;46196085.11111111
1688375228;63142634.00000001;24080.55555555556;1152.7777777777778;57650278.222222224
1688375229;76211716.22222222;21932.666666666668;1222.2222222222224;70426295.77777778
1688375230;89166585.55555557;22282.333333333336;1228;83423867.55555557
1688375231;102245390.66666667;23827.666666666668;1222.2222222222224;96368261.33333334
1688375232;115264747.11111112;22392.444444444445;704;109370396.00000001
1688375233;115830649.77777779;23666.666666666668;698.2222222222223;115653843.33333334
1688375234;115725450.00000001;23525.88888888889;1249.111111111111;115626891.77777779
1688375235;115683106.00000001;23134.111111111113;1262.3333333333335;115737268.8888889
1688375236;115674006.00000001;23951;1268.111111111111;115630058.00000001
1688375237;116239436.44444445;24554.55555555556;1277;115789833.33333334
1688375238;110434176.22222222;26059;1288.1111111111113;114710731.77777779
1688375239;97505696.66666667;30915.333333333336;1297;103167864.22222222
1688375240;95290904.44444445;30809.333333333336;1383.7777777777778;95224642.44444445
1688375241;95461746.44444445;34634.555555555555;1356.888888888889;95401964.44444445
1688375242;96337952.66666667;33349.555555555555;2119.222222222222;96236732.44444445
1688375243;96393268.66666667;33604;1589.1111111111113;96426954.66666667
1688375244;96586078.66666667;34464.333333333336;2107.777777777778;96612451.55555557
1688375245;96590877.77777779;33899.88888888889;2129.888888888889;96258038.8888889
1688375246;96156914.66666667;33248.555555555555;2121;96181860.22222222
1688375247;91792717.33333334;31374.77777777778;2013.8888888888891;93147500.66666667
1688375248;91766381.55555557;27549.77777777778;2005.0000000000002;91736251.55555557
1688375249;84891074;25825;1918.2222222222224;86735100.66666667
1688375250;84192312.44444445;22710.88888888889;2012.3333333333335;84668963.55555557
1688375251;84102229.33333334;21856.666666666668;1250;84141582.66666667
1688375252;84235212.44444445;22872.222222222223;1235;84138629.55555557
1688375253;84019407.77777779;23007.55555555556;738.5555555555557;84075952.44444445
1688375254;79435020;22902;1267.3333333333335;79826861.55555557
1688375255;79574058.22222222;23577.77777777778;1284.7777777777778;79628864.8888889
1688375256;89737480.22222222;23052.333333333336;1290.5555555555557;83916788.44444445
1688375257;102975542.44444445;22212.222222222223;1284.7777777777778;96816947.55555557
1688375258;112215708.44444445;22885.111111111113;1311;110046587.55555557
1688375259;112583281.33333334;22540.333333333336;1216.888888888889;111920471.33333334
1688375260;112326473.33333334;23689.111111111113;1310.888888888889;117665447.11111112
1688375261;112132742.00000001;22430;1305.1111111111113;113670588.44444445
1688375262;112150764.66666667;21734.55555555556;1269.6666666666667;112047092.00000001
1688375263;116378278.44444445;22946.77777777778;731.5555555555557;116405980.44444445
1688375264;116566585.77777779;26208.222222222223;3493.444444444445;116566448.8888889
1688375265;116531862.22222222;34680.333333333336;3561.1111111111113;116206202.00000001
1688375266;116247511.55555557;33476.66666666667;4401.777777777778;116519432.8888889
1688375267;109781146.77777779;33069.11111111112;4375.555555555556;115022459.77777779
1688375268;96922121.44444445;32409.000000000004;4381.333333333334;102843320.55555557
1688375269;84298236.33333334;37816;4287.333333333334;84760851
1688375270;71342392.55555557;39102.66666666667;4381.88888888889;75571112.11111112
1688375271;58505615.222222224;38963.333333333336;4394.666666666667;64192325.66666667
1688375272;45791282.11111111;38701.77777777778;4381.88888888889;51340642.77777778
1688375273;32744595.222222224;35283.444444444445;1596.7777777777778;38387999.222222224
1688375274;19716272.111111112;28844.111111111113;1529.1111111111113;25797766.111111112
1688375275;6762506.555555556;29565.666666666668;1226.2222222222224;12540921
1688375276;545.6666666666667;30003.77777777778;1232;808233
1688375277;552.3333333333334;29572.77777777778;1248.888888888889;1350.7777777777778
1688375278;531.3333333333334;23369.55555555556;1254.6666666666667;1387.1111111111113
1688375279;531.3333333333334;22481.55555555556;1160.111111111111;1404.5555555555557
1688375280;538;24886.333333333336;1168.111111111111;1433
1688375281;538;23177.444444444445;1261.888888888889;890.3333333333334
1688375282;561.3333333333334;23099.222222222223;1267.6666666666667;810.2222222222223
1688375283;568;22242.444444444445;1261.888888888889;1464.4444444444446
1688375284;561.3333333333334;23616.444444444445;729.8888888888889;1470.2222222222224
1688375285;568;23608.88888888889;1254.5555555555557;1500.7777777777778
1688375286;554;24309.88888888889;1237.6666666666667;1525.1111111111113
1688375287;554;24265;1231.888888888889;1488.7777777777778
1688375288;560.6666666666667;22739.111111111113;1237.6666666666667;1548.888888888889
1688375289;560.6666666666667;21446.77777777778;1211.111111111111;1520.4444444444446
1688375290;554;23584.333333333336;1117.3333333333335;1522.4444444444446
1688375291;531.3333333333334;23306.55555555556;1237.4444444444446;1516.6666666666667
1688375292;531.3333333333334;23383.333333333336;1243.2222222222224;839.2222222222223
1688375293;545.3333333333334;22639.55555555556;1237.4444444444446;1505.4444444444446
1688375294;538.6666666666667;22925.55555555556;712.7777777777778;1456.3333333333335
1688375295;538.6666666666667;22981.444444444445;1244.7777777777778;1432
1688375296;618.7777777777778;23853.111111111113;1269.5555555555557;1437.7777777777778
1688375297;730.1111111111112;24021.88888888889;1263.7777777777778;1354.4444444444446
1688375298;737.4444444444445;22798.666666666668;1269.5555555555557;1360.2222222222224
1688375299;744.1111111111112;27101.000000000004;1263.7777777777778;1319.1111111111113
1688375300;744.1111111111112;28520.333333333336;1143.6666666666667;1317.5555555555557
1688375301;751.4444444444445;28440.000000000004;1233.5555555555557;1332.5555555555557
1688375302;737.4444444444445;28102.222222222223;1239.3333333333335;666.3333333333334
1688375303;750.7777777777778;27496.666666666668;1233.5555555555557;1255.111111111111
1688375304;765.8888888888889;28168.111111111113;701.5555555555557;1357.888888888889
1688375305;699.7777777777778;27242.000000000004;1242.6666666666667;1352.1111111111113
1688375306;581.7777777777778;28984.444444444445;1248.4444444444446;1357.888888888889
1688375307;581.7777777777778;28416.000000000004;1242.6666666666667;1352.1111111111113
1688375308;567.7777777777778;22960.444444444445;1248.4444444444446;1357.888888888889
1688375309;560.4444444444445;21006.666666666668;1242.6666666666667;1379.888888888889
1688375310;553.1111111111112;23462.88888888889;1152.7777777777778;1372.2222222222224
1688375311;567.1111111111112;22411.55555555556;1242.5555555555557;1366.4444444444446
1688375312;572.4444444444445;24467.222222222223;1271.5555555555557;807.8888888888889
1688375313;564;23337.333333333336;1330.2222222222224;705.1111111111112
1688375314;557.3333333333334;24331.88888888889;815.5555555555557;1379.888888888889
1688375315;571.3333333333334;22810.666666666668;1375.3333333333335;1394.5555555555557
1688375316;557.3333333333334;25394.333333333336;1381.1111111111113;1400.3333333333335
1688375317;557.3333333333334;23835;1375.3333333333335;1394.5555555555557
1688375318;618.1111111111112;24262.55555555556;1381.1111111111113;1379.888888888889
1688375319;625.4444444444445;21588.222222222223;1395.7777777777778;1387.888888888889
1688375320;626.5555555555555;23695.77777777778;1306;1393.6666666666667
1688375321;615.2222222222223;22097.88888888889;1277;1369.3333333333335
1688375322;615.2222222222223;22658;1314;1375.1111111111113
1688375323;615.2222222222223;23075;1281.3333333333335;718.8888888888889
1688375324;615.2222222222223;22870.333333333336;721.5555555555557;1406.4444444444446
1688375325;629.2222222222223;21718.77777777778;770.6666666666667;1463
1688375326;691.6666666666667;23248.222222222223;1380.3333333333335;1468.7777777777778
1688375327;663.2222222222223;22930.222222222223;1374.5555555555557;1463
1688375328;656.5555555555557;22516.55555555556;1387.888888888889;1447.6666666666667
1688375329;655.4444444444445;26532.333333333336;1382.1111111111113;1441.888888888889
1688375330;648.1111111111112;28645.333333333336;1387.888888888889;1436
1688375331;648.1111111111112;28097.000000000004;1305;1430.2222222222224
1688375332;640.7777777777778;27633.55555555556;1380.4444444444446;1417.4444444444446
1688375333;633.4444444444445;29032.111111111113;1374.6666666666667;709.4444444444445
1688375334;619.4444444444445;28362.77777777778;1325.5555555555557;1322
1688375335;563.6666666666667;27934.88888888889;715.8888888888889;1316.2222222222224
1688375336;531.3333333333334;28239.55555555556;1259.4444444444446;1322
1688375337;524;29304.77777777778;1248.3333333333335;1316.2222222222224
1688375338;516.6666666666667;23402.666666666668;1254.111111111111;1322
1688375339;523.3333333333334;20791.666666666668;1248.3333333333335;1316.2222222222224
1688375340;516.6666666666667;23226.88888888889;1235.5555555555557;1344.6666666666667
1688375341;530;22408.111111111113;1162.3333333333335;1470.4444444444446
1688375342;523.3333333333334;22623.77777777778;1256.7777777777778;2935.3333333333335
1688375343;548.6666666666667;23614.222222222223;1270;5018.777777777778
1688375344;549.7777777777778;23739.88888888889;1275.7777777777778;5979.555555555556
1688375345;556.4444444444445;23547.88888888889;732.2222222222223;6209.111111111111
1688375346;556.4444444444445;23071.333333333336;1245.6666666666667;6203.333333333334
1688375347;556.4444444444445;24198.111111111113;1239.888888888889;6256.444444444445
1688375348;556.4444444444445;24337.666666666668;1245.6666666666667;6269.333333333334
1688375349;570.4444444444445;21767.111111111113;1239.888888888889;88092.33333333334
1688375350;578.7777777777778;23917.55555555556;1224.888888888889;3910096.666666667
1688375351;585.4444444444445;22860.222222222223;1151.5555555555557;7227376.777777778
1688375352;560.1111111111112;22934.666666666668;1226.7777777777778;7225279.333333334
1688375353;559.6666666666667;23264.88888888889;1221;7224318.555555556
1688375354;559.6666666666667;23881.222222222223;1226.7777777777778;7224103.000000001
1688375355;566.3333333333334;23506.77777777778;690.6666666666667;7224130.111111112
1688375356;622.1111111111112;23951.55555555556;696.4444444444445;7224091.000000001
1688375357;615.4444444444445;24441.444444444445;1221.111111111111;7224064.111111112
1688375358;638.1111111111112;24612.222222222223;1245.888888888889;7142255.111111112
1688375359;616.4444444444445;27694.444444444445;1240.111111111111;3319068.4444444445
1688375360;623.7777777777778;29646.88888888889;1224.7777777777778;1317.4444444444446
1688375361;637;28859.111111111113;1130.5555555555557;1223.6206875
1688375362;651;30150.111111111113;1246.6666666666667;1371.9016764373137
1688375363;651;33326.88888888889;1261.3333333333335;1671.888888888889
1688375364;644.3333333333334;38707.11111111112;1295.1111111111113;2270
1688375365;581.8888888888889;37607.77777777778;2048.1111111111113;5431.777777777778
1688375366;588.5555555555555;36798.88888888889;1544.2222222222224;5437.555555555556
1688375367;565.8888888888889;37222.66666666667;2057.222222222222;5431.777777777778
1688375368;565.8888888888889;32225.222222222226;2063;5437.555555555556
1688375369;551.8888888888889;29921.111111111113;2057.222222222222;5452.222222222223
1688375370;545.3333333333334;31336.000000000004;2063;5470.730002061288
1688375371;530.6666666666667;30483.666666666668;1946.888888888889;5749.426120575087
1688375372;524;27096.000000000004;1932.2222222222224;5116.333333333334
1688375373;549.3333333333334;22926.444444444445;2020.7777777777778;3853.666666666667
1688375374;556;23608.77777777778;1328.1111111111113;691.8888888888889
1688375375;563.3333333333334;23796;1350.6666666666667;1367.6666666666667
1688375376;556.6666666666667;23187.666666666668;860.2222222222223;1393.888888888889
1688375377;570.6666666666667;24306.222222222223;1385;1388.1111111111113
1688375378;570.6666666666667;24457.77777777778;1426.1111111111113;1373.4444444444446
1688375379;624.7777777777778;22957.444444444445;1420.3333333333335;1367.6666666666667
1688375380;625.4444444444445;23319.111111111113;1426.1111111111113;1373.4444444444446
1688375381;625.4444444444445;23659.333333333336;1420.3333333333335;1349.1111111111113
1688375382;621.8888888888889;22576.55555555556;1303.7777777777778;1354.888888888889
1688375383;615.2222222222223;22604;1345;1349.1111111111113
1688375384;607.8888888888889;23512;1301.6666666666667;691.8888888888889
1688375385;614.8888888888889;23266.55555555556;1272.888888888889;1381.7777777777778
1688375386;607.5555555555555;21979.666666666668;748.1111111111112;1387.5555555555557
1688375387;670;21947;1237.4444444444446;1381.7777777777778
1688375388;634.5555555555555;22572.55555555556;1298.1111111111113;1387.5555555555557
1688375389;634.5555555555555;28118.111111111113;1292.3333333333335;1381.7777777777778
1688375390;648.5555555555557;28833.000000000004;1298.1111111111113;1387.5555555555557
1688375391;660.7777777777778;30274.000000000004;1292.3333333333335;1381.7777777777778
1688375392;668.1111111111112;29747.111111111113;1209.3333333333335;1387.5555555555557
1688375393;674.7777777777778;29777.000000000004;1310.4444444444446;1363.2222222222224
1688375394;667.7777777777778;30982.444444444445;1325.6666666666667;652.8888888888889
1688375395;667.7777777777778;34477.66666666667;2096.888888888889;3898.777777777778
1688375396;605.3333333333334;35360.11111111112;1572.2222222222224;3911.888888888889
1688375397;594;34037.66666666667;1534.2222222222224;3906.1111111111113
1688375398;594;28840.222222222223;2079.666666666667;3911.888888888889
1688375399;586.6666666666667;26159.333333333336;2073.888888888889;3906.1111111111113
1688375400;560;27187.000000000004;2079.666666666667;3957.777777777778
1688375401;559.3333333333334;26807.88888888889;2076.1111111111113;3944.666666666667
1688375402;546;26886.88888888889;1975.0000000000002;3950.444444444445
1688375403;557.3333333333334;26324.77777777778;2059.5555555555557;3944.666666666667
1688375404;564.6666666666667;22732.333333333336;1288.3333333333335;698.7777777777778
1688375405;578.6666666666667;22307.88888888889;1317.888888888889;774.2222222222223
1688375406;564.6666666666667;22923.77777777778;1301;1388.5555555555557
1688375407;564;21970.111111111113;755.5555555555557;1401.3333333333335
1688375408;557.3333333333334;23500.333333333336;1306.4444444444446;1521.5555555555557
1688375409;550;20849.222222222223;1300.6666666666667;1492.5555555555557
1688375410;550;22173.88888888889;1285.6666666666667;1792.4444444444446
1688375411;556.6666666666667;23200.55555555556;1279.888888888889;1949.6666666666667
1688375412;538;23179.222222222223;1167.3333333333335;1955.4444444444446
1688375413;524;23946.222222222223;1161.5555555555557;1977.6666666666667
1688375414;516.6666666666667;23844.111111111113;1227.5555555555557;2013.2222222222224
1688375415;523.3333333333334;24415.88888888889;1221.7777777777778;1398.888888888889
1688375416;579.1111111111112;23698.333333333336;1227.5555555555557;2135.222222222222
1688375417;579.1111111111112;23348.55555555556;676.6666666666667;2015.0000000000002
1688375418;604.4444444444445;24162.55555555556;1212.888888888889;1998.1111111111113
1688375419;604.4444444444445;28604.333333333336;1207.111111111111;1705.5555555555557
1688375420;597.7777777777778;27568.333333333336;1212.888888888889;1548.3333333333335
1688375421;597.7777777777778;28041.000000000004;1207.111111111111;1563.3333333333335
1688375422;604.4444444444445;28051.666666666668;1212.888888888889;1541.1111111111113
1688375423;611.7777777777778;27666.222222222223;1111.5555555555557;1435.4444444444446
1688375424;605.1111111111112;28027.77777777778;1205.5555555555557;1459.7777777777778
1688375425;542.6666666666667;32438.55555555556;1260;1094.4444444444446
1688375426;549.3333333333334;32643.000000000004;2073.1111111111113;4070.3333333333335
1688375427;530.6666666666667;31803.55555555556;1536.888888888889;4064.5555555555557
1688375428;524;25822.222222222223;2080.444444444445;4070.3333333333335
1688375429;530.6666666666667;26722.333333333336;2074.666666666667;4085.0000000000005
1688375430;538;26630.000000000004;2080.444444444445;4070.0000000000005
1688375431;545.3333333333334;27353.000000000004;2074.666666666667;4084.666666666667
1688375432;531.3333333333334;27148.88888888889;2080.444444444445;4090.5555555555557
1688375433;550;25687.333333333336;2006.8888888888891;4128.111111111111
1688375434;556.6666666666667;21685;2010.7777777777778;4156.555555555556
1688375435;557.3333333333334;21268.88888888889;1340.1111111111113;791.1111111111112
1688375436;564.6666666666667;21925.333333333336;1345.888888888889;1476.888888888889
1688375437;571.3333333333334;22572.88888888889;823.4444444444445;1564.6666666666667
1688375438;585.6666666666667;20784.444444444445;1374.3333333333335;1550
1688375439;632.4444444444445;20909.333333333336;1368.5555555555557;1544.2222222222224
1688375440;625.1111111111112;19386.222222222223;1374.3333333333335;1529.5555555555557
1688375441;632.4444444444445;21295.77777777778;1368.5555555555557;1505.2222222222224
1688375442;620.4444444444445;23076;1353.888888888889;1449.1111111111113
1688375443;620.4444444444445;23094;1308.3333333333335;1420.6666666666667
1688375444;620.4444444444445;23467.222222222223;1171.6666666666667;1426.4444444444446
1688375445;613.7777777777778;22065.55555555556;1199.111111111111;759.2222222222223
1688375446;676.2222222222223;21341.55555555556;1264.7777777777778;1323.2222222222224
1688375447;661.8888888888889;22568.111111111113;713.8888888888889;1343.3333333333335
1688375448;626.4444444444445;20571.666666666668;719.6666666666667;1430.1111111111113
1688375449;619.7777777777778;28018.55555555556;1313.888888888889;1424.3333333333335
1688375450;619.1111111111112;26261.111111111113;1319.6666666666667;1430.1111111111113
1688375451;619.7777777777778;25253.666666666668;1313.888888888889;1447
1688375452;627.1111111111112;26509.333333333336;1301.1111111111113;1475.4444444444446
1688375453;627.1111111111112;26389.000000000004;1295.3333333333335;1469.6666666666667
1688375454;633.7777777777778;28549.88888888889;1286.4444444444446;1492.2222222222224
1688375455;572;27832.77777777778;1199.6666666666667;834.6666666666667
1688375456;572;27774.88888888889;1220.111111111111;1479.2222222222224
1688375457;560.6666666666667;28754.55555555556;1318;1392.4444444444446
1688375458;567.3333333333334;22313.222222222223;723.7777777777778;1501.2222222222224
1688375459;567.3333333333334;22818.88888888889;1248.4444444444446;1495.4444444444446
1688375460;560;23274.444444444445;1254.2222222222224;1501.7777777777778
1688375461;553.3333333333334;22353.333333333336;1248.4444444444446;1473.3333333333335
1688375462;552.6666666666667;23866.55555555556;1275;1479.1111111111113
1688375463;571.3333333333334;23078.88888888889;1250.6666666666667;1438
1688375464;564;24296.111111111113;1256.4444444444446;1443.7777777777778
1688375465;564;23675.444444444445;1258.6666666666667;766
1688375466;556.6666666666667;23883;1160.7777777777778;771.7777777777778
1688375467;564;23099.88888888889;1273.3333333333335;1319.888888888889
1688375468;557.3333333333334;23010.444444444445;767.2222222222223;1340.3333333333335
1688375469;571.3333333333334;22897.77777777778;1318.7777777777778;1392.3333333333335
1688375470;564;24010.222222222223;1324.5555555555557;1474.1111111111113
1688375471;571.3333333333334;21989.222222222223;1298;1468.3333333333335
1688375472;560.3333333333334;22445.111111111113;1303.7777777777778;1492.6666666666667
1688375473;567;22663.333333333336;1298;1479.5555555555557
1688375474;560.3333333333334;24154.55555555556;1281.1111111111113;1492.6666666666667
1688375475;560.3333333333334;23285.111111111113;1275.3333333333335;1486.888888888889
1688375476;615.4444444444445;23827.666666666668;1162.7777777777778;835.7777777777778
1688375477;648.4444444444445;22968.444444444445;1226.6666666666667;1461
1688375478;659.7777777777778;23652.333333333336;675.1111111111112;1385.7777777777778
1688375479;666.4444444444445;26119.111111111113;1218.7777777777778;1399.6666666666667
1688375480;659.7777777777778;30134.333333333336;1224.5555555555557;1405.4444444444446
1688375481;652.1111111111112;28113.111111111113;1218.7777777777778;1381.1111111111113
1688375482;652.7777777777778;28324.444444444445;1224.5555555555557;1415
1688375483;666.7777777777778;28534.77777777778;1218.7777777777778;1427.6666666666667
1688375484;673.4444444444445;29372.55555555556;1224.5555555555557;1452
1688375485;604.3333333333334;28245.222222222223;1239.2222222222224;1446.2222222222224
1688375486;585.3333333333334;28864.000000000004;1177.5555555555557;806.3333333333334
1688375487;566.6666666666667;27583.88888888889;1171.7777777777778;1446.2222222222224
1688375488;573.2222222222223;24206;716.4444444444445;1356.3333333333335
1688375489;565.8888888888889;20647.333333333336;1241.111111111111;1474
1688375490;565.8888888888889;24375.111111111113;1246.888888888889;1479.7777777777778
1688375491;558.5555555555555;23802.55555555556;1241.111111111111;1471.7777777777778
1688375492;551.2222222222223;21690.77777777778;1246.888888888889;1479.5555555555557
1688375493;658.1111111111112;22584.222222222223;1241.111111111111;1455.2222222222224
1688375494;726.5555555555557;23319.77777777778;1249.6666666666667;1461
1688375495;712.5555555555557;23036.666666666668;1243.5555555555557;1455.2222222222224
1688375496;726.8888888888889;23125.444444444445;1267.888888888889;838.0000000000001
1688375497;720.3333333333334;22103.666666666668;1194.888888888889;1463.2222222222224
1688375498;720.3333333333334;22615.88888888889;670.2222222222223;1345.5555555555557
1688375499;767.1111111111112;20365.88888888889;671.7777777777778;1347.1111111111113
1688375500;767.1111111111112;23480.77777777778;1294.2222222222224;1434.3333333333335
1688375501;760.4444444444445;22901.77777777778;1288.4444444444446;1408.1111111111113
1688375502;653.5555555555557;22638.666666666668;1294.2222222222224;1413.888888888889
1688375503;592.4444444444445;23762.444444444445;1291.1111111111113;1408.1111111111113
1688375504;599.1111111111112;25106.111111111113;1379;1413.888888888889
1688375505;584.7777777777778;25172;1354.6666666666667;1406.2222222222224
1688375506;640.5555555555557;24887.333333333336;1339.3333333333335;792.2222222222223
1688375507;647.2222222222223;25870.55555555556;1333.5555555555557;805
1688375508;605.1111111111112;25305.444444444445;1386.888888888889;1434.4444444444446
1688375509;605.1111111111112;28304.111111111113;764.4444444444445;1363
1688375510;611.7777777777778;31712.000000000004;1395.5555555555557;1461.4444444444446
1688375511;605.1111111111112;32748.88888888889;1389.7777777777778;1455.6666666666667
1688375512;604.4444444444445;31654.111111111113;1369.6666666666667;2360.222222222222
1688375513;605.1111111111112;31733.000000000004;1261.3333333333335;2527.777777777778
1688375514;612.4444444444445;33027.77777777778;1285.6666666666667;2730.5555555555557
1688375515;550;33781.66666666667;1279.888888888889;2745.3333333333335
1688375516;557.3333333333334;31944.333333333336;1285.6666666666667;2910.3333333333335
1688375517;545.3333333333334;32102.111111111113;1225;2273.5555555555557
1688375518;545.3333333333334;26065.77777777778;1253.4444444444446;2882.3333333333335
1688375519;546;23777.666666666668;622.3333333333334;2783.888888888889
1688375520;560;23312.666666666668;1251.6666666666667;2878.5555555555557
1688375521;553.3333333333334;24309.222222222223;1266.6666666666667;1997.2222222222224
1688375522;552.6666666666667;23946.77777777778;1381;1829.6666666666667
1688375523;564.6666666666667;23114.333333333336;1356.6666666666667;1606.1111111111113
1688375524;571.3333333333334;23912.88888888889;1362.4444444444446;1580.1111111111113
1688375525;564;23861.666666666668;1379.3333333333335;1396.5555555555557
1688375526;557.3333333333334;24091.333333333336;1385.1111111111113;1402.3333333333335
1688375527;564;24051.55555555556;1356.6666666666667;777.7777777777778
1688375528;563.3333333333334;23277.88888888889;1362.4444444444446;1429.2222222222224
1688375529;556;22281.222222222223;751.6666666666667;1334.5555555555557
1688375530;563.7777777777778;23142.333333333336;1352.7777777777778;1468
1688375531;564.4444444444445;23786;1238.4444444444446;1483.3333333333335
1688375532;545.1111111111112;24175.88888888889;1244.2222222222224;1489.1111111111113
1688375533;545.1111111111112;23697.77777777778;1238.4444444444446;1501.888888888889
1688375534;545.7777777777778;24623.333333333336;1221.5555555555557;1507.6666666666667
1688375535;552.4444444444445;25031.111111111113;1215.7777777777778;1494.5555555555557
1688375536;643.3333333333334;23789.222222222223;1221.5555555555557;1481.7777777777778
1688375537;636.6666666666667;30009.111111111113;1215.7777777777778;830.3333333333334
1688375538;690.4444444444445;28698.111111111113;2068;4311.444444444444
1688375539;689.3333333333334;33261.77777777778;1446.1111111111113;4154.777777777778
1688375540;717.1111111111112;32878.333333333336;2068;4220.222222222223
1688375541;710.4444444444445;34169.555555555555;2062.222222222222;4214.444444444444
1688375542;710.4444444444445;34147.66666666667;2068;4337.333333333334
1688375543;703.1111111111112;35760.222222222226;2062.222222222222;4331.555555555556
1688375544;738.2222222222223;34796.66666666667;2088.444444444445;4381.666666666667
1688375545;647.3333333333334;37392.88888888889;2082.666666666667;4375.88888888889
1688375546;654.6666666666667;30152.333333333336;2109.222222222222;4381.666666666667
1688375547;601.5555555555555;32418.444444444445;1238.4444444444446;900.5555555555557
1688375548;601.5555555555555;24918.666666666668;1244.2222222222224;1581.4444444444446
1688375549;580.4444444444445;24475.222222222223;622.3333333333334;1494.888888888889
1688375550;580.4444444444445;23604.444444444445;1262.7777777777778;1500.6666666666667
1688375551;581.1111111111112;24902.55555555556;1257;1440.2222222222224
1688375552;595.1111111111112;22370.333333333336;1262.7777777777778;1466.4444444444446
1688375553;578.6666666666667;24760.55555555556;1236.5555555555557;1423.6666666666667
1688375554;572;22550.55555555556;1265.5555555555557;1422.1111111111113
1688375555;564.6666666666667;24712.222222222223;1266.7777777777778;1416.3333333333335
1688375556;564;22785.88888888889;1291.1111111111113;1444.7777777777778
1688375557;564.6666666666667;24378.222222222223;1306.4444444444446;763.8888888888889
1688375558;564;22887.444444444445;1312.2222222222224;1433.1111111111113
1688375559;618.1111111111112;22475.88888888889;671.7777777777778;1427.3333333333335
1688375560;617.4444444444445;21704.77777777778;677.5555555555557;1344.7777777777778
1688375561;624.4444444444445;22668.666666666668;1302.5555555555557;1407
1688375562;599.1111111111112;21451.77777777778;1308.3333333333335;1412.7777777777778
1688375563;599.1111111111112;23765.77777777778;1297.888888888889;1414.3333333333335
1688375564;605.7777777777778;22917.88888888889;1275.888888888889;1420.1111111111113
1688375565;605.7777777777778;24340;1251.5555555555557;1391.6666666666667
1688375566;660.8888888888889;23103.222222222223;1258.888888888889;1436.7777777777778
1688375567;654.2222222222223;24631.55555555556;1275.7777777777778;767.5555555555557
1688375568;618.7777777777778;23111.222222222223;1394.5555555555557;810.8888888888889
1688375569;618.7777777777778;27907.55555555556;1388.7777777777778;1483.2222222222224
1688375570;597.7777777777778;28702.88888888889;763.7777777777778;1400.5555555555557
1688375571;604.4444444444445;32712.000000000004;3637.666666666667;2180.5555555555557
1688375572;604.4444444444445;39265;4459.777777777778;2186.3333333333335
1688375573;597.7777777777778;40743;4454;3045.444444444445
1688375574;597.7777777777778;39101.88888888889;4459.777777777778;3043.888888888889
1688375575;535.3333333333334;39709.222222222226;4449.88888888889;3019.2222222222226
1688375576;535.3333333333334;39377.555555555555;4433;3025
1688375577;523.3333333333334;40164;4314.222222222223;2981.666666666667
1688375578;516.6666666666667;34110.222222222226;4320;2316.666666666667
1688375579;523.3333333333334;32419.444444444445;4314.222222222223;2996.3333333333335
1688375580;516.6666666666667;29019.000000000004;1461.1111111111113;2209
1688375581;524;21965.666666666668;1272;2322
1688375582;530.6666666666667;21792.88888888889;1313.1111111111113;1462.888888888889
1688375583;556.6666666666667;23261;1307.3333333333335;1464.4444444444446
1688375584;556.6666666666667;23537.666666666668;1294.5555555555557;1442.4444444444446
1688375585;550;22705.55555555556;1311.4444444444446;1436.6666666666667
1688375586;550;23140;1317.2222222222224;1442.4444444444446
1688375587;557.3333333333334;23161;1311.4444444444446;1436.6666666666667
1688375588;564;23392.55555555556;1317.2222222222224;775.5555555555557
1688375589;570.6666666666667;22054.444444444445;1309.2222222222224;1447.888888888889
1688375590;563.3333333333334;22250.222222222223;663.4444444444445;1334.888888888889
1688375591;577.6666666666667;21389.77777777778;717.8888888888889;1405.1111111111113
1688375592;545;22260;1258.888888888889;1499.2222222222224
1688375593;545;22602.333333333336;1253.111111111111;1526.6666666666667
1688375594;559;23450.77777777778;1236.2222222222224;1532.4444444444446
1688375595;552.3333333333334;22720;1230.4444444444446;1526.6666666666667
1688375596;614.1111111111112;23046.222222222223;1236.2222222222224;1532.4444444444446
1688375597;607.4444444444445;23114.444444444445;1230.4444444444446;1508.1111111111113
1688375598;619.4444444444445;23418.88888888889;1217.6666666666667;843.1111111111112
1688375599;619.4444444444445;27745.666666666668;1211.888888888889;1515.4444444444446
1688375600;605.1111111111112;28706.666666666668;1122.111111111111;1445.2222222222224
1688375601;612.4444444444445;27554.77777777778;676.6666666666667;1351.1111111111113
1688375602;626.4444444444445;28106.666666666668;1240.6666666666667;1458.6666666666667
1688375603;632.3333333333334;29363.88888888889;1234.888888888889;1471.3333333333335
1688375604;639.6666666666667;29411.333333333336;1261.111111111111;1495.6666666666667
1688375605;570.5555555555555;28880.333333333336;1255.3333333333335;1489.888888888889
1688375606;570.5555555555555;28660.77777777778;1261.111111111111;1495.6666666666667
1688375607;559.2222222222223;29258.000000000004;1255.3333333333335;1489.888888888889
1688375608;573.2222222222223;23586.333333333336;1261.111111111111;817.5555555555557
1688375609;573.2222222222223;22005.111111111113;1255.3333333333335;1489.888888888889
1688375610;565.8888888888889;23419.666666666668;1165.5555555555557;1495.6666666666667
1688375611;551.8888888888889;22634.88888888889;601.5555555555555;1362.2222222222224
1688375612;546;22098.77777777778;1233.4444444444446;1437.7777777777778
1688375613;571.3333333333334;23478.333333333336;1207.2222222222224;1462
1688375614;578.6666666666667;23936.222222222223;1213;1503.1111111111113
1688375615;592.6666666666667;23913.77777777778;1249.4444444444446;1497.3333333333335
1688375616;585.3333333333334;22874.444444444445;1275.6666666666667;1495.7777777777778
1688375617;585.3333333333334;23710.666666666668;1309.5555555555557;1512.6666666666667
1688375618;599.6666666666667;23823.111111111113;1315.3333333333335;840.3333333333334
1688375619;653.7777777777778;22375.333333333336;1309.5555555555557;1512.6666666666667
1688375620;660.4444444444445;23419.666666666668;1315.3333333333335;1518.4444444444446
1688375621;646.4444444444445;21962.444444444445;683.4444444444445;1443.4444444444446
1688375622;620.4444444444445;21650.77777777778;1327.7777777777778;1496.2222222222224
1688375623;619.7777777777778;23266.77777777778;1340.5555555555557;1455.1111111111113
1688375624;606.4444444444445;23804.444444444445;1304.1111111111113;1460.888888888889
1688375625;606.4444444444445;23786;1277.888888888889;1462.4444444444446
1688375626;668.8888888888889;23160.222222222223;1244;1464.1111111111113
1688375627;647.8888888888889;23283;1238.2222222222224;1458.3333333333335
1688375628;626.4444444444445;23026.55555555556;1321.5555555555557;804.5555555555557
1688375629;626.4444444444445;27002.333333333336;1315.7777777777778;1477
1688375630;626.4444444444445;29153.111111111113;1321.5555555555557;1463.7777777777778
1688375631;626.4444444444445;27798.88888888889;677.2222222222223;1362.4444444444446
1688375632;619.7777777777778;27152.333333333336;771.2222222222223;1462.7777777777778
1688375633;612.4444444444445;28107.222222222223;1295.888888888889;1457
1688375634;619.1111111111112;29202.55555555556;1301.6666666666667;1492.7777777777778
1688375635;549.3333333333334;28935.77777777778;1314.4444444444446;1488.888888888889
1688375636;549.3333333333334;28761.111111111113;1320.2222222222224;1494.6666666666667
1688375637;516.6666666666667;29214.222222222223;1236.888888888889;1470.3333333333335
1688375638;516.6666666666667;24198.222222222223;1242.6666666666667;797.8888888888889
1688375639;516.6666666666667;22338.222222222223;1236.888888888889;1470.2222222222224
1688375640;516.6666666666667;23965.666666666668;1242.6666666666667;1476
1688375641;516.6666666666667;22993;1150.888888888889;1375.6666666666667
1688375642;523.3333333333334;23013;743.1111111111112;1500.2222222222224
1688375643;535.3333333333334;22809.333333333336;1275.1111111111113;1464.4444444444446
1688375644;535.3333333333334;24201.333333333336;1262.3333333333335;1442.4444444444446
1688375645;535.3333333333334;24197.55555555556;1279.2222222222224;1429.3333333333335
1688375646;542;24169.88888888889;1285;1435.1111111111113
1688375647;542;24015.666666666668;1279.2222222222224;1448.3333333333335
1688375648;542;23973.55555555556;1285;830.8888888888889
1688375649;549.3333333333334;22571.333333333336;1279.2222222222224;898.5555555555557
1688375650;563.3333333333334;23922.77777777778;1282.7777777777778;1617.7777777777778
1688375651;570.6666666666667;22492.333333333336;1160.111111111111;1514.3333333333335
1688375652;552;22570;628.1111111111112;1627.4444444444446
1688375653;552.6666666666667;22906;1267.4444444444446;1629
1688375654;566.6666666666667;23801.77777777778;1250.5555555555557;1642.1111111111113
1688375655;574;23306;1244.7777777777778;1629
1688375656;637.1111111111112;22725.222222222223;1250.5555555555557;1608.4444444444446
1688375657;651.1111111111112;23570.77777777778;1244.7777777777778;1540.4444444444446
1688375658;662.4444444444445;23950.444444444445;1269.5555555555557;1472.7777777777778
1688375659;655.1111111111112;27575.666666666668;1266;753.5555555555557
1688375660;641.1111111111112;29103.333333333336;1271.7777777777778;1409
1688375661;647.7777777777778;28120.77777777778;1307.5555555555557;1295.888888888889
1688375662;640.4444444444445;27738.55555555556;668.2222222222223;1322.4444444444446
1688375663;633.1111111111112;26893.77777777778;758.1111111111112;1449.7777777777778
1688375664;619.1111111111112;28722.111111111113;1319.5555555555557;1462.888888888889
1688375665;556.6666666666667;28399.111111111113;1313.7777777777778;1457.1111111111113
1688375666;549.3333333333334;28468.333333333336;1319.5555555555557;1470.2222222222224
1688375667;530.6666666666667;27279.333333333336;1294.7777777777778;1464.4444444444446
1688375668;524;23645.222222222223;1279.7777777777778;1470.2222222222224
1688375669;538;21309;1274;793.6666666666667
1688375670;531.3333333333334;23626.222222222223;1238.2222222222224;1477.5555555555557
1688375671;531.3333333333334;21570.444444444445;1232.4444444444446;1451
1688375672;547.3333333333334;23011.77777777778;1142.5555555555557;1323.6666666666667
1688375673;554;21513.444444444445;676.6666666666667;1434
1688375674;546.6666666666667;23718.77777777778;1248.2222222222224;1467.888888888889
1688375675;554;22482.222222222223;1254.111111111111;1462.1111111111113
1688375676;547.3333333333334;24172.111111111113;1280.3333333333335;1460.5555555555557
1688375677;554;21801.444444444445;1314.2222222222224;1477.4444444444446
1688375678;546.6666666666667;24362.55555555556;1320;1483.2222222222224
1688375679;607.4444444444445;21243.666666666668;1314.2222222222224;799.3333333333334
1688375680;614.7777777777778;24553.444444444445;1320;1506.5555555555557
1688375681;592.1111111111112;21850.111111111113;1314.2222222222224;1500.7777777777778
1688375682;599.4444444444445;23493.55555555556;1224.4444444444446;1390.4444444444446
1688375683;606.1111111111112;22140.333333333336;671.4444444444445;1459.4444444444446
1688375684;592.1111111111112;24604.77777777778;1291.5555555555557;1465.2222222222224
1688375685;592.1111111111112;23647.222222222223;1265.3333333333335;1459.4444444444446
1688375686;654.5555555555557;24777.666666666668;1231.4444444444446;1442.5555555555557
1688375687;673.8888888888889;22160.666666666668;1280.5555555555557;1455.3333333333335
1688375688;619.7777777777778;24564.111111111113;1314.3333333333335;1479.6666666666667
1688375689;626.7777777777778;26967.222222222223;1331.2222222222224;772.4444444444445
1688375690;633.4444444444445;30553.77777777778;1337;778.2222222222223
1688375691;633.4444444444445;27548.111111111113;1331.2222222222224;1450.4444444444446
1688375692;634.1111111111112;28359.222222222223;1318.4444444444446;1360.6666666666667
1688375693;634.1111111111112;26280.666666666668;686.6666666666667;1454.3333333333335
1688375694;640.7777777777778;28635.77777777778;1323.2222222222224;1497.4444444444446
1688375695;578.3333333333334;27953.222222222223;1336;1484.3333333333335
1688375696;552.3333333333334;29515.222222222223;1286.888888888889;1492
1688375697;560.1111111111112;27374.000000000004;1253.111111111111;1467.6666666666667
1688375698;545.7777777777778;23450.55555555556;1236.2222222222224;1466.1111111111113
1688375699;545.7777777777778;20774.444444444445;1230.4444444444446;1460.3333333333335
1688375700;531.7777777777778;24348.666666666668;1236.2222222222224;788.1111111111112
1688375701;524.4444444444445;22564.666666666668;1230.4444444444446;1460.3333333333335
1688375702;557.1111111111112;23848.77777777778;1257;1380.4444444444446
1688375703;557.1111111111112;22307.55555555556;620.4444444444445;1463.4444444444446
1688375704;557.7777777777778;24331.77777777778;726.3333333333334;1504.5555555555557
1688375705;572.8888888888889;22882.333333333336;1317.5555555555557;1478.3333333333335
1688375706;592.4444444444445;24742.55555555556;1323.3333333333335;1484.1111111111113
1688375707;605.7777777777778;23063.333333333336;1317.5555555555557;1485.6666666666667
1688375708;599.1111111111112;23614.88888888889;1323.3333333333335;1491.4444444444446
1688375709;605.7777777777778;21374.55555555556;1336.1111111111113;1504.2222222222224
1688375710;605.7777777777778;24134.55555555556;1341.888888888889;898.5555555555557
1688375711;579.7777777777778;22075.88888888889;1315.3333333333335;1564.4444444444446
1688375712;573.1111111111112;22453.444444444445;1321.1111111111113;1470
1688375713;565.7777777777778;21604.111111111113;1196.6666666666667;1436.2222222222224
1688375714;557.3333333333334;23197.222222222223;701.1111111111112;1537.6666666666667
1688375715;523.3333333333334;22654.55555555556;1230.5555555555557;1531.888888888889
1688375716;579.1111111111112;23942.222222222223;1236.3333333333335;1548.888888888889
1688375717;597.7777777777778;23337.111111111113;1230.5555555555557;1561.6666666666667
1688375718;597.7777777777778;23225.333333333336;1229.4444444444446;1587
1688375719;611.7777777777778;27599.000000000004;1223.6666666666667;1514.6666666666667
1688375720;605.1111111111112;29682.666666666668;1229.4444444444446;835.0000000000001
1688375721;619.4444444444445;28507.111111111113;1244.4444444444446;1496.1111111111113
1688375722;626.1111111111112;28702.77777777778;1250.2222222222224;1494.5555555555557
1688375723;626.1111111111112;29837.000000000004;1148.7777777777778;1451
1688375724;626.1111111111112;29880.111111111113;619.3333333333334;1563.5555555555557
1688375725;557;29988.444444444445;1268.6666666666667;1565.1111111111113
1688375726;545;30905.666666666668;1274.4444444444446;1580.3333333333335
1688375727;545;30845.666666666668;1257;1536.4444444444446
1688375728;531;24261.444444444445;1262.7777777777778;1542.2222222222224
1688375729;531;23773.111111111113;1257;1536.4444444444446
1688375730;523.3333333333334;25328.222222222223;1242;856.7777777777778
1688375731;536.5555555555555;24131.666666666668;1257.3333333333335;1529.1111111111113
1688375732;548.5555555555555;22558.55555555556;1284.2222222222224;1469.6666666666667
1688375733;555.2222222222223;22793.111111111113;1278.4444444444446;1377.5555555555557
1688375734;555.2222222222223;23220.444444444445;657.1111111111112;1472.1111111111113
1688375735;555.2222222222223;23277.333333333336;1271.4444444444446;1459.1111111111113
1688375736;548.5555555555555;23752;1297.6666666666667;1487.5555555555557
1688375737;555.2222222222223;23889.55555555556;1310.4444444444446;1481.7777777777778
1688375738;561.8888888888889;23027.77777777778;1316.2222222222224;1508.3333333333335
1688375739;616;21816.666666666668;1310.4444444444446;1523.3333333333335
1688375740;596.1111111111112;23937.222222222223;1334.1111111111113;905.3333333333334
1688375741;584.1111111111112;23698;1361.1111111111113;906.8888888888889
1688375742;577.4444444444445;23128.55555555556;1402.2222222222224;1576.7777777777778
1688375743;584.1111111111112;23065.88888888889;1368.4444444444446;1463.6666666666667
1688375744;591.7777777777778;22766.111111111113;754.1111111111112;1544.4444444444446
1688375745;591.7777777777778;23164.222222222223;1366.1111111111113;1516
1688375746;654.2222222222223;23291.666666666668;1353.3333333333335;1514.4444444444446
1688375747;672.8888888888889;23243.444444444445;1347.5555555555557;1487.888888888889
1688375748;612.1111111111112;22637.666666666668;1419.888888888889;1472.888888888889
1688375749;612.1111111111112;26718.77777777778;1375.1111111111113;1438.6666666666667
1688375750;612.1111111111112;28742.666666666668;1349.6666666666667;1444.4444444444446
1688375751;612.1111111111112;28808.444444444445;1308.5555555555557;754.1111111111112
1688375752;612.1111111111112;28267.88888888889;1314.3333333333335;1423.3333333333335
1688375753;597.7777777777778;29145.444444444445;1308.5555555555557;1344.4444444444446
1688375754;604.4444444444445;28321.55555555556;676.1111111111112;1445.888888888889
1688375755;535.3333333333334;28383.444444444445;1286.2222222222224;1470.1111111111113
1688375756;516.6666666666667;29037.55555555556;1310.5555555555557;1496.3333333333335
1688375757;516.6666666666667;30053.666666666668;1238.2222222222224;1513.2222222222224
1688375758;523.3333333333334;24044.55555555556;1244;1528.4444444444446
1688375759;516.6666666666667;22128.444444444445;1215.5555555555557;1522.6666666666667
1688375760;523.3333333333334;23906.666666666668;1221.3333333333335;1521.1111111111113
1688375761;516.6666666666667;23525.666666666668;1215.5555555555557;851.8888888888889
1688375762;542;22949.111111111113;1242.111111111111;1529
1688375763;542;23438.55555555556;1236.3333333333335;1427.5555555555557
1688375764;542;24158.111111111113;626.2222222222223;1527.7777777777778
1688375765;535.3333333333334;23932.222222222223;736;1501.5555555555557
1688375766;542;24008.222222222223;1277;1484.6666666666667
1688375767;542;24368.55555555556;1271.2222222222224;1450.888888888889
1688375768;548.6666666666667;24064.88888888889;1277;1456.6666666666667
1688375769;549.3333333333334;21820.666666666668;1289.7777777777778;1450.888888888889
1688375770;556;23962.333333333336;1295.5555555555557;1461
1688375771;530.6666666666667;23259.444444444445;1269;816.1111111111112
1688375772;538;23253.88888888889;1274.7777777777778;1518.5555555555557
1688375773;538;23816.77777777778;1269;1388.3333333333335
1688375774;544.6666666666667;24298.333333333336;1140.6666666666667;1475
1688375775;544.6666666666667;24471.333333333336;688.3333333333334;1469.2222222222224
1688375776;600.4444444444445;24653;1224.5555555555557;1475
1688375777;612.4444444444445;25347.444444444445;1218.7777777777778;1487.7777777777778
1688375778;626.8888888888889;25247.77777777778;1217.6666666666667;1500.888888888889
1688375779;634.2222222222223;28498.55555555556;1211.888888888889;1483.4444444444446
1688375780;641.5555555555557;31001.666666666668;1217.6666666666667;1427
1688375781;627.5555555555555;30136.55555555556;1232.6666666666667;724.5555555555557
1688375782;634.2222222222223;28917.111111111113;1238.4444444444446;730.3333333333334
1688375783;627.5555555555555;29342.000000000004;1232.6666666666667;1321.7777777777778
1688375784;627.5555555555555;28724.77777777778;1149.7777777777778;1364.5555555555557
1688375785;579.1111111111112;28887.88888888889;620.8888888888889;1484.6666666666667
1688375786;560.4444444444445;28424.77777777778;1247.3333333333335;1471.888888888889
1688375787;538.6666666666667;29360.444444444445;1229.888888888889;1466.1111111111113
1688375788;538.6666666666667;24096.666666666668;1235.6666666666667;1479.2222222222224
1688375789;538;21562.444444444445;1229.888888888889;1480.7777777777778
1688375790;538;24444.444444444445;1214.888888888889;1486.5555555555557
1688375791;531.3333333333334;24324.666666666668;1209.111111111111;1609.7777777777778
1688375792;556.6666666666667;22893.222222222223;1214.888888888889;937.4444444444445
1688375793;556.6666666666667;24017.666666666668;1248.7777777777778;1585.888888888889
1688375794;542.6666666666667;23138.333333333336;1265.7777777777778;1477.4444444444446
1688375795;556.6666666666667;24120.444444444445;673.5555555555557;1560
1688375796;556.6666666666667;22843.222222222223;788.4444444444445;1586.5555555555557
1688375797;556;24942;1340.5555555555557;1580.7777777777778
1688375798;549.3333333333334;24314.55555555556;1374.3333333333335;1586.5555555555557
1688375799;617.4444444444445;22272.55555555556;1368.5555555555557;1601.5555555555557
1688375800;617.4444444444445;23470;1374.3333333333335;1478.3333333333335
1688375801;599.4444444444445;24480.333333333336;1368.5555555555557;1484.2222222222224
1688375802;599.4444444444445;22599.111111111113;1373.6666666666667;798.7777777777778
1688375803;606.1111111111112;24618.77777777778;1349.3333333333335;1459.4444444444446
1688375804;592.1111111111112;22936.444444444445;1320.888888888889;1376.888888888889
1688375805;598.7777777777778;24407.333333333336;1206;1445.888888888889
1688375806;647.8888888888889;21984.111111111113;742.1111111111112;1444.3333333333335
1688375807;677.8888888888889;24567.111111111113;1236.2222222222224;1431.2222222222224
1688375808;616.4444444444445;23232.77777777778;1296.888888888889;1416.2222222222224
1688375809;623.1111111111112;28065.333333333336;1313.7777777777778;1436.3333333333335
1688375810;615.7777777777778;27684.111111111113;1319.5555555555557;1430.4444444444446
1688375811;609.1111111111112;29975.444444444445;1274.7777777777778;1424.6666666666667
1688375812;616.4444444444445;27832.000000000004;1280.5555555555557;752.3333333333334
1688375813;637.4444444444445;29720.77777777778;1274.7777777777778;1432
1688375814;630.7777777777778;28042.88888888889;1280.5555555555557;1364.888888888889
1688375815;568.3333333333334;28885.222222222223;1186.5555555555557;1366.4444444444446
1688375816;552.3333333333334;27078.88888888889;782.4444444444445;1503
1688375817;545.6666666666667;28906.111111111113;1259.4444444444446;1497.2222222222224
1688375818;545.6666666666667;22372.222222222223;1242.5555555555557;1507.1111111111113
1688375819;545.6666666666667;22562.666666666668;1236.7777777777778;1501.3333333333335
1688375820;559.6666666666667;21906.111111111113;1242.5555555555557;1507.1111111111113
1688375821;545.6666666666667;23700.77777777778;1236.7777777777778;1501.3333333333335
1688375822;557.3333333333334;22099.333333333336;1263.3333333333335;821.6666666666667
1688375823;557.3333333333334;24919.222222222223;1257.5555555555557;816.4444444444445
1688375824;564;23724.77777777778;1263.3333333333335;1521.4444444444446
1688375825;556.6666666666667;24679.666666666668;1162.7777777777778;1392.2222222222224
1688375826;556.6666666666667;23258.77777777778;630.8888888888889;1486.3333333333335
1688375827;557.3333333333334;24468.77777777778;1243.888888888889;1457.888888888889
1688375828;564;24060.333333333336;1249.6666666666667;1463.6666666666667
1688375829;556.6666666666667;23328.222222222223;1262.4444444444446;1457.888888888889
1688375830;556.6666666666667;22540.111111111113;1268.2222222222224;1463.6666666666667
1688375831;530.6666666666667;24074.111111111113;1241.6666666666667;1524.4444444444446
1688375832;538;22071.222222222223;1247.4444444444446;1507
1688375833;538;23563;1241.6666666666667;820.5555555555557
1688375834;538.6666666666667;22063.88888888889;1224.2222222222224;1504.4444444444446
1688375835;545.3333333333334;24020.88888888889;1328.3333333333335;1410.3333333333335
1688375836;600.4444444444445;21994.222222222223;715.3333333333334;1504.4444444444446
1688375837;593.7777777777778;23124.111111111113;1325.6666666666667;1498.6666666666667
1688375838;623.7777777777778;23244.55555555556;1433.1111111111113;1530.3333333333335
1688375839;630.4444444444445;29221.000000000004;1427.3333333333335;1524.5555555555557
1688375840;631.1111111111112;28830.222222222223;1433.1111111111113;1578.6666666666667
1688375841;631.1111111111112;29128.88888888889;1448.1111111111113;1572.888888888889
1688375842;638.4444444444445;29090.000000000004;1453.888888888889;1552.7777777777778
1688375843;657.6666666666667;34680.555555555555;1448.1111111111113;868.8888888888889
1688375844;651;33689;2190;4422.777777777778
1688375845;602.5555555555555;34405.77777777778;2184.222222222222;4328.666666666667
1688375846;602.5555555555555;33209;1573.888888888889;4441.111111111111
1688375847;565.8888888888889;33243.66666666667;1536.2222222222224;4409.444444444444
1688375848;565.8888888888889;27641.666666666668;2071.3333333333335;4415.222222222223
1688375849;558.5555555555555;26566.444444444445;2065.5555555555557;4294.555555555556
1688375850;557.8888888888889;28036.333333333336;2050.5555555555557;4300.333333333334
1688375851;558.2222222222223;27053.111111111113;2044.7777777777778;4320.333333333334
1688375852;538.3333333333334;23367;2062.222222222222;4318.777777777778
1688375853;563.6666666666667;23029.111111111113;1231.5555555555557;817.2222222222223
1688375854;549.6666666666667;24677.666666666668;1237.3333333333335;1492.7777777777778
1688375855;549.6666666666667;24031.55555555556;1250.111111111111;1401.1111111111113
1688375856;556.3333333333334;23941.444444444445;1188;1506.3333333333335
1688375857;549.6666666666667;22950.77777777778;748.5555555555557;1500.5555555555557
1688375858;556.3333333333334;24363.88888888889;1322.1111111111113;1506.3333333333335
1688375859;603.7777777777778;22531.88888888889;1316.3333333333335;1500.5555555555557
1688375860;596.1111111111112;23939.222222222223;1322.1111111111113;1501.3333333333335
1688375861;596.1111111111112;22279.111111111113;1304.6666666666667;1502.888888888889
1688375862;570.7777777777778;23095.444444444445;1309.7777777777778;1456.3333333333335
1688375863;570.7777777777778;23006.222222222223;1322.5555555555557;780.7777777777778
1688375864;577.4444444444445;23416.333333333336;1309.7777777777778;1436.5555555555557
1688375865;577.4444444444445;22785.77777777778;1283.5555555555557;1331.3333333333335
1688375866;654.2222222222223;22894.444444444445;1193.6666666666667;1337.1111111111113
1688375867;654.2222222222223;21907.222222222223;620.1111111111112;1419.5555555555557
1688375868;618.7777777777778;22635.88888888889;1319.3333333333335;1425.3333333333335
1688375869;618.7777777777778;27607.111111111113;1336.2222222222224;1424.6666666666667
1688375870;612.1111111111112;29303.444444444445;1342;1430.4444444444446
1688375871;618.7777777777778;27895.222222222223;1315.7777777777778;1440.5555555555557
1688375872;618.7777777777778;27812.111111111113;1303;1469.5555555555557
1688375873;612.1111111111112;28315.666666666668;1315.7777777777778;851.0000000000001
1688375874;612.1111111111112;28987.111111111113;1360.7777777777778;875.7777777777778
1688375875;542;28396.111111111113;1355;1548.1111111111113
1688375876;542.6666666666667;28488.333333333336;1360.7777777777778;1486.1111111111113
1688375877;538;27529.77777777778;661.5555555555557;1576
1688375878;538.6666666666667;25460.88888888889;3509.666666666667;1578.5555555555557
1688375879;546;31933.666666666668;4346.111111111111;3097.777777777778
1688375880;546;34229.88888888889;4351.88888888889;3087.666666666667
1688375881;552.6666666666667;32829.444444444445;4346.111111111111;3051.3333333333335
1688375882;552.6666666666667;33842.444444444445;4354.111111111111;2999.1111111111113
1688375883;564.6666666666667;33706.222222222226;4329.88888888889;2974.3333333333335
1688375884;564.6666666666667;34565.555555555555;4335.666666666667;2323.1111111111113
1688375885;564;34296.444444444445;4381.111111111111;2975
1688375886;550;34455.88888888889;4386.88888888889;2885.1111111111113
1688375887;550;30391.666666666668;1516.1111111111113;2980.5555555555557
1688375888;563.3333333333334;23213.333333333336;787;1481.7777777777778
1688375889;563.3333333333334;22302.111111111113;1342.3333333333335;1512.7777777777778
1688375890;556.6666666666667;24417.666666666668;1348.1111111111113;1525.888888888889
1688375891;556.6666666666667;22789.88888888889;1321.5555555555557;1575
