Time;{instance="10.231.0.208:9100"};{instance="192.168.221.10:9100"};{instance="192.168.221.11:9100"};{instance="192.168.221.12:9100"}
1688374811;11252;22148.666666666668;12013.88888888889;12441.88888888889
1688374812;11255.88888888889;24232.111111111113;12029.88888888889;12496.666666666668
1688374813;11256.222222222223;27832.111111111113;11939;12514.444444444445
1688374814;11256.666666666668;30309.333333333336;11974.333333333334;12800.222222222223
1688374815;11256.77777777778;28973.88888888889;12033.222222222223;12895.77777777778
1688374816;11265.111111111111;42228;12033.444444444445;12996.666666666668
1688374817;8872635.666666668;40797.333333333336;12033.444444444445;13364.88888888889
1688374818;21813562.88888889;55747.55555555556;12031.111111111111;29253.88888888889
1688374819;34373406.333333336;55914.88888888889;12036.555555555557;44030.55555555556
1688374820;47458415;62541.11111111112;12051.555555555557;68617.77777777778
1688374821;60319331.44444445;67475.88888888889;12035.555555555557;105323.33333333334
1688374822;73468321.22222222;67667.66666666667;12062.666666666668;143197.44444444447
1688374823;86430516.33333334;77528.88888888889;11972.333333333334;199789.22222222225
1688374824;99485995.8888889;79432.33333333334;12002.666666666668;242047.44444444447
1688374825;112482551.11111112;71371.77777777778;12063.333333333334;296020.1111111111
1688374826;116745280.66666667;80195.88888888889;12062.333333333334;342722.1111111111
1688374827;116990971.55555557;65666.66666666667;12062.77777777778;376273.1111111111
1688374828;117386611.55555557;68990.88888888889;12057.222222222223;417550.88888888893
1688374829;116840522.11111112;67550;12042.666666666668;435765.4444444445
1688374830;117208647.66666667;63727.444444444445;12059.77777777778;454251.88888888893
1688374831;116905567.33333334;68645.88888888889;12038.666666666668;463241.3333333334
1688374832;117040893.00000001;57026.222222222226;12078.222222222223;458584.88888888893
1688374833;117215151.66666667;56122.55555555556;11990.555555555557;466055.3333333334
1688374834;116941126.22222222;51945.55555555556;12018.111111111111;461588.6666666667
1688374835;116578923.33333334;44153.333333333336;12019.333333333334;452212.88888888893
1688374836;116671847.55555557;45177.55555555556;12085.88888888889;454398.88888888893
1688374837;116496204.11111112;40401;12084.333333333334;449845.7777777778
1688374838;116959152.00000001;34306.222222222226;12082.555555555557;462926.4444444445
1688374839;116975059.77777779;32157.88888888889;12068.333333333334;463414.4444444445
1688374840;117291936.22222222;22182.222222222223;12061.222222222223;471861.55555555556
1688374841;117207022.77777779;23409.222222222223;12027.555555555557;476315.3333333334
1688374842;116979861.11111112;22195.88888888889;12027.88888888889;480807.3333333334
1688374843;116833597.11111112;23609.333333333336;11938.444444444445;481656.6666666667
1688374844;117185588.44444445;22795.77777777778;11939.444444444445;492067.7777777778
1688374845;116968575.11111112;23009;11964.555555555557;493482.4444444445
1688374846;116985784.8888889;22185.111111111113;12029.555555555557;494087.7777777778
1688374847;117093338.55555557;22343.77777777778;12038.111111111111;492773.1111111111
1688374848;116940514.44444445;25200.77777777778;12037.77777777778;491327.55555555556
1688374849;116975311.22222222;26136.444444444445;12038.444444444445;491653.55555555556
1688374850;116860914.8888889;26859.222222222223;12033;491832.6666666667
1688374851;116902311.66666667;27871.222222222223;12031.222222222223;487453.3333333334
1688374852;117359404.66666667;27456.55555555556;12048.88888888889;491530.4444444445
1688374853;117402460.66666667;28077.444444444445;12055.77777777778;492075.7777777778
1688374854;117498925.8888889;27447.333333333336;11967.111111111111;489311.7777777778
1688374855;117961850.00000001;27753.444444444445;12000.111111111111;491715.7777777778
1688374856;117695812.44444445;28467.000000000004;12048.333333333334;488798.4444444445
1688374857;117893015.33333334;26059.444444444445;12047.333333333334;490412.00000000006
1688374858;117950479.00000001;24136.77777777778;12047.333333333334;488442.6666666667
1688374859;118072454.8888889;22748.77777777778;12047.111111111111;483279.7777777778
1688374860;117916503.00000001;23445.88888888889;12049.333333333334;481139.1111111111
1688374861;118043508.55555557;22507.88888888889;12040.555555555557;480999.3333333334
1688374862;117866109.44444445;23920.333333333336;12033.88888888889;479853.55555555556
1688374863;117941574.66666667;23663.222222222223;12033.111111111111;481117.55555555556
1688374864;117458704.44444445;23988.333333333336;11937;481416.88888888893
1688374865;117812947.11111112;23360.111111111113;11972.111111111111;482757.55555555556
1688374866;117630898.77777779;23649.444444444445;11972.88888888889;479662.22222222225
1688374867;117512940.33333334;24181.444444444445;12027.111111111111;479864.88888888893
1688374868;117404510.44444445;23368.666666666668;12024.444444444445;482014.6666666667
1688374869;117562710.8888889;21809.666666666668;12021.444444444445;488467.55555555556
1688374870;117591307.44444445;22091.88888888889;12012.77777777778;486437.55555555556
1688374871;117680103.44444445;21716;12011.111111111111;485770.6666666667
1688374872;117585921.00000001;22927.111111111113;12016.444444444445;485538.22222222225
1688374873;117870795.66666667;22922.111111111113;12015.111111111111;487316.88888888893
1688374874;117675267.8888889;24258.333333333336;11926.222222222223;488056.88888888893
1688374875;117663821.77777779;23350.666666666668;11926.666666666668;490383.55555555556
1688374876;117598262.22222222;23387.666666666668;11962.333333333334;492453.7777777778
1688374877;117689248.77777779;23740;12025.77777777778;492754.6666666667
1688374878;117520462.55555557;26700.77777777778;12028.111111111111;491314.4444444445
1688374879;117469983.33333334;29197.77777777778;12042.222222222223;491855.7777777778
1688374880;117402298.66666667;29680.55555555556;12048.444444444445;490224.22222222225
1688374881;117368503.33333334;28135.111111111113;12042.222222222223;494073.55555555556
1688374882;117444167.66666667;28702.222222222223;12042.666666666668;489388.4444444445
1688374883;117508207.33333334;28056.222222222223;12046.444444444445;488684.88888888893
1688374884;117621732.22222222;28314.88888888889;12046.77777777778;480536.88888888893
1688374885;117652108.00000001;27819.333333333336;12000.444444444445;479334.88888888893
1688374886;117656830.77777779;26032.666666666668;12027.444444444445;479556.22222222225
1688374887;118178738.55555557;25848.666666666668;12105.111111111111;479280.88888888893
1688374888;117825510.00000001;21893.88888888889;12095.222222222223;478600.88888888893
1688374889;117645128.77777779;21005.88888888889;12136.666666666668;477561.7777777778
1688374890;117648361.55555557;22607.111111111113;12150.111111111111;472329.55555555556
1688374891;117356820.55555557;21321.222222222223;12148.111111111111;473604.6666666667
1688374892;117394299.44444445;21612.222222222223;12220.555555555557;475708.4444444445
1688374893;117464336.44444445;22428.333333333336;12226.222222222223;487209.7777777778
1688374894;116940872.22222222;23686.666666666668;12182.222222222223;484963.55555555556
1688374895;117184722.33333334;24928.77777777778;12093.88888888889;482013.3333333334
1688374896;116725527.11111112;21960.444444444445;12022.88888888889;481840.88888888893
1688374897;117036556.77777779;24124.111111111113;12171.111111111111;483606.22222222225
1688374898;117352017.66666667;23972.222222222223;12124;485850.22222222225
1688374899;117359264.44444445;22516;12109.666666666668;484358.88888888893
1688374900;117461405.8888889;23989.77777777778;12111.333333333334;483381.3333333334
1688374901;117314116.11111112;22485.333333333336;12040.222222222223;480789.3333333334
1688374902;117021741.44444445;22880.111111111113;12034.666666666668;476191.1111111111
1688374903;117659991.11111112;21951.111111111113;12033.88888888889;477557.1111111111
1688374904;117373651.00000001;22420.444444444445;12035.88888888889;483687.3333333334
1688374905;117515402.44444445;22558.222222222223;12029;484531.7777777778
1688374906;117596995.22222222;21070.77777777778;11882.666666666668;487447.7777777778
1688374907;117437465.33333334;21053.222222222223;11973.666666666668;485199.55555555556
1688374908;117330426.22222222;24852.111111111113;12037;488363.1111111111
1688374909;117491091.66666667;26649.666666666668;12043.111111111111;494579.1111111111
1688374910;117629970.00000001;29548.88888888889;12063.555555555557;496321.55555555556
1688374911;117896307.44444445;28207.77777777778;12101.111111111111;496587.7777777778
1688374912;117731226.55555557;28419.55555555556;12102.333333333334;499389.55555555556
1688374913;117776384.33333334;28267.000000000004;12101.222222222223;494889.3333333334
1688374914;117889778.11111112;28998.666666666668;12152.333333333334;495288.22222222225
1688374915;117826269.55555557;29952.222222222223;12173;488468.22222222225
1688374916;118009826.00000001;29099.444444444445;12083.555555555557;484823.7777777778
1688374917;118212858.8888889;27329.222222222223;12096;476437.55555555556
1688374918;117708761.66666667;25467.222222222223;12156.555555555557;461845.1111111111
1688374919;117651728.33333334;23848;12129;452809.22222222225
1688374920;117403541.66666667;24859.55555555556;12089.333333333334;442956.55555555556
1688374921;117440813.8888889;24771;12088.111111111111;431140.7777777778
1688374922;117448293.8888889;24937.666666666668;12086.111111111111;423738.55555555556
1688374923;117213524.55555557;25075;12032.555555555557;413527
1688374924;117332967.77777779;24784.666666666668;12004;398119.6666666667
1688374925;114478294.44444445;25097;12001.333333333334;369975
1688374926;111271321.11111112;23134;11925;337242.3333333334
1688374927;107706155.8888889;23173.88888888889;11856.555555555557;307724.1111111111
1688374928;105988575.33333334;22840.77777777778;12001.222222222223;272018.22222222225
1688374929;104346942;22158.333333333336;12001.555555555557;244242.22222222225
1688374930;103541771.22222222;22933.111111111113;12007.77777777778;211380.22222222225
1688374931;101751647.66666667;23555.444444444445;12015.77777777778;181284.6666666667
1688374932;100396184.11111112;22698.55555555556;12060.555555555557;155531.55555555556
1688374933;98409976;23659.666666666668;12062.555555555557;142361.55555555556
1688374934;99316493.8888889;23633;12064;143681.55555555556
1688374935;96073533.11111112;24781.222222222223;12065;150135.55555555556
1688374936;89348706.22222222;23802;12066.77777777778;136399.11111111112
1688374937;78028118.44444445;23991.666666666668;11921.333333333334;127888.88888888889
1688374938;66664573.44444445;26663.55555555556;12065.666666666668;111416.88888888889
1688374939;54380863.333333336;28477.333333333336;12067.88888888889;99452
1688374940;43153373.66666667;28535.55555555556;12068.666666666668;84192.66666666667
1688374941;31548314.666666668;29993.000000000004;12023.88888888889;65301.333333333336
1688374942;20300701.555555556;29005.333333333336;12023.88888888889;42969.55555555556
1688374943;9089101.777777778;28969.666666666668;12023.111111111111;22014.222222222223
1688374944;6295556.111111112;28479.666666666668;12029.88888888889;15217.444444444445
1688374945;13381084.555555556;27726.77777777778;12029.333333333334;15280.77777777778
1688374946;25112125.444444448;28702.444444444445;12030;15190.77777777778
1688374947;37320120.77777778;24486.333333333336;11882.333333333334;15856.444444444445
1688374948;50018576.11111111;22342;11995.111111111111;21613.111111111113
1688374949;62431543.77777778;21420.444444444445;12008.333333333334;28313.333333333336
1688374950;75306344.77777778;22259.77777777778;12010.222222222223;34483.11111111112
1688374951;88284120.77777779;21693.333333333336;12007.444444444445;40460.88888888889
1688374952;90827413;23748.666666666668;12014.111111111111;43860.222222222226
1688374953;95154583.55555557;22248.111111111113;12021;44500.88888888889
1688374954;98447754.77777779;23732.444444444445;12020.666666666668;45286.66666666667
1688374955;99469250.66666667;22323.222222222223;12021.88888888889;46719.55555555556
1688374956;100400118.22222222;23807;12025.666666666668;47320.222222222226
1688374957;91777267.8888889;23219.111111111113;11911.666666666668;45755.11111111112
1688374958;80554223.44444445;26458.444444444445;11888.666666666668;39076.88888888889
1688374959;80552092.22222222;32527.222222222226;12216;36700.88888888889
1688374960;80379859.22222222;33226.333333333336;12215.666666666668;36139.555555555555
1688374961;89493931.11111112;32208.222222222226;12223.111111111111;38884.88888888889
1688374962;84870362.77777779;33612.333333333336;12207.666666666668;39625.77777777778
1688374963;84766451.77777779;34162.555555555555;12242.88888888889;38510.66666666667
1688374964;84692191.33333334;33766.444444444445;12240.444444444445;38485.77777777778
1688374965;84495414.77777779;32953.333333333336;12238.88888888889;38117.11111111112
1688374966;88428188.55555557;33001.77777777778;12237;39126.444444444445
1688374967;87238296.8888889;29620.77777777778;12243.444444444445;39331.77777777778
1688374968;74780999.11111112;24502.222222222223;11914.333333333334;35569.77777777778
1688374969;74433817.66666667;26790.111111111113;12056.666666666668;33014.88888888889
1688374970;71581240.22222222;25615.444444444445;12041.88888888889;32739.77777777778
1688374971;67908170.44444445;26716.111111111113;12050.666666666668;31476.666666666668
1688374972;55318567.11111111;25501.444444444445;12014.77777777778;26522.222222222223
1688374973;42640292.222222224;28046.111111111113;12015.444444444445;20308.222222222223
1688374974;29698209.111111112;27619.111111111113;12017.555555555557;15138.77777777778
1688374975;21689832;27716.111111111113;12012.333333333334;15191.111111111111
1688374976;21689801;27578.333333333336;12006.77777777778;15195.444444444445
1688374977;21274429.111111112;24244.444444444445;12007.222222222223;15202.88888888889
1688374978;8816062;22164.88888888889;11867.555555555557;15204.666666666668
1688374979;11270.333333333334;23313.666666666668;11922.222222222223;15119.88888888889
1688374980;11263.555555555557;23791.111111111113;12005.88888888889;15151.88888888889
1688374981;11262.111111111111;22639.111111111113;12005.88888888889;15252.000000000002
1688374982;11261.222222222223;21929.222222222223;12004.222222222223;15244.555555555557
1688374983;11262;21952.88888888889;12001.333333333334;15228.555555555557
1688374984;11261.77777777778;23360.77777777778;12001;15188.666666666668
1688374985;11272.88888888889;22320.666666666668;12000.111111111111;15219.88888888889
1688374986;11272.555555555557;23345.55555555556;12001.333333333334;15209.444444444445
1688374987;11273.77777777778;22071.55555555556;11997.333333333334;15203.88888888889
1688374988;11273.111111111111;22600.55555555556;11941.666666666668;15204.666666666668
1688374989;11273.555555555557;20789.88888888889;11897;15172.666666666668
1688374990;11272.666666666668;22728.444444444445;11987.555555555557;15071.88888888889
1688374991;11272;22306;11997.77777777778;15168.444444444445
1688374992;11270.444444444445;23528.55555555556;11997.444444444445;15167.555555555557
1688374993;11268.555555555557;22133.55555555556;12012.77777777778;15160.444444444445
1688374994;11257;23717.55555555556;12011.666666666668;15136.88888888889
1688374995;11257.77777777778;22607.333333333336;12008.111111111111;15185.000000000002
1688374996;11257.222222222223;22891.77777777778;12011.111111111111;15187.77777777778
1688374997;11257.444444444445;21677.444444444445;12012.333333333334;15181.666666666668
1688374998;11258;24817.666666666668;11967.88888888889;15180.111111111111
1688374999;11257.222222222223;26717.55555555556;11931.77777777778;15180.444444444445
1688375000;11316;28794.88888888889;12015.111111111111;15085.000000000002
1688375001;11316;28096.333333333336;12017.333333333334;15176.555555555557
1688375002;11315.444444444445;29083.111111111113;12002;15175.333333333334
1688375003;11316.222222222223;30214.55555555556;12003.77777777778;15158.000000000002
1688375004;11315.111111111111;30903.000000000004;12005.333333333334;15108.444444444445
1688375005;11317.88888888889;31248.333333333336;12011.111111111111;15117.000000000002
1688375006;11317.333333333334;31143.77777777778;12010.222222222223;15165.333333333334
1688375007;11316.77777777778;26953.333333333336;12006.111111111111;15167.111111111111
1688375008;11319.333333333334;24671.111111111113;11952.555555555557;15165.88888888889
1688375009;11261.555555555557;21702.666666666668;11861.88888888889;15164.111111111111
1688375010;11263.444444444445;23102;11913.222222222223;15071.222222222223
1688375011;11263.444444444445;22309.222222222223;11988.111111111111;15139.333333333334
1688375012;11263.77777777778;21871.666666666668;12011.666666666668;15154.88888888889
1688375013;11264.111111111111;21289.222222222223;12034.666666666668;15155.666666666668
1688375014;11261.111111111111;22240.333333333336;12064;15174.77777777778
1688375015;11261.444444444445;22085.55555555556;12064.555555555557;15132.88888888889
1688375016;11270.666666666668;23349.111111111113;12066.88888888889;15185.444444444445
1688375017;11267.333333333334;21732.77777777778;12075.77777777778;15185.77777777778
1688375018;11266.222222222223;22404.77777777778;12076.111111111111;15241.88888888889
1688375019;11263.222222222223;20751.88888888889;12023.333333333334;15241.88888888889
1688375020;11265;23029.111111111113;12005.222222222223;15166.666666666668
1688375021;11265.222222222223;21022.434473567304;11990.222222222223;15151.000000000002
1688375022;11264.444444444445;23005.666666666668;12066;15248.333333333334
1688375023;11262.77777777778;21983.333333333336;12049.222222222223;15217.555555555557
1688375024;11261.77777777778;23029.77777777778;12057.444444444445;15209.666666666668
1688375025;11251.333333333334;22316.88888888889;12055.77777777778;15157.666666666668
1688375026;11251.77777777778;23843.444444444445;12055.111111111111;15203.000000000002
1688375027;11252.88888888889;22091.333333333336;12060.88888888889;15145.000000000002
1688375028;11253.77777777778;25778.55555555556;12064;15146.77777777778
1688375029;11260.555555555557;25555;12009.222222222223;15146.555555555557
1688375030;11258.555555555557;27993.88617163184;12058.666666666668;15147.444444444445
1688375031;11268.222222222223;27005.111111111113;11967.444444444445;15052.555555555557
1688375032;11277.555555555557;28325.88888888889;12039.88888888889;15057.000000000002
1688375033;11277.444444444445;27373.55555555556;12034.111111111111;15162.333333333334
1688375034;11278.666666666668;28476.000000000004;12036.111111111111;15161.111111111111
1688375035;11280.666666666668;27240.444444444445;12025.77777777778;15123.88888888889
1688375036;11279.444444444445;28058.77777777778;12017.77777777778;15172.000000000002
1688375037;11281.333333333334;25159.333333333336;12014.77777777778;15172.555555555557
1688375038;11274.444444444445;21905.88888888889;12011.77777777778;15172.444444444445
1688375039;11275.333333333334;21071.55555555556;11953.555555555557;15180.111111111111
1688375040;11265.666666666668;20847;12002.444444444445;15177.333333333334
1688375041;11257.444444444445;21447.333333333336;11910.88888888889;15174.222222222223
1688375042;11258.555555555557;22598.77777777778;11909.111111111111;15068.111111111111
1688375043;11258;22783.88888888889;11991.666666666668;15156.666666666668
1688375044;11257.666666666668;23398.111111111113;11995.111111111111;15168.333333333334
1688375045;11258.555555555557;23420.77777777778;11996.666666666668;15127.88888888889
1688375046;11269.222222222223;23561.88888888889;11998.111111111111;15171.111111111111
1688375047;11269.444444444445;24270.222222222223;11998.444444444445;15168.000000000002
1688375048;11270.555555555557;23152;11998.88888888889;15165.555555555557
1688375049;11271.444444444445;22723.666666666668;11945.222222222223;15166.000000000002
1688375050;11273.88888888889;22762.444444444445;11995.111111111111;15167.222222222223
1688375051;11278.444444444445;21973.666666666668;12002.444444444445;15168.333333333334
1688375052;11278.222222222223;21475;11921.222222222223;15094.444444444445
1688375053;11278.111111111111;22037.55555555556;12010.333333333334;15164.88888888889
1688375054;11278.666666666668;23274.444444444445;12030.666666666668;15157.555555555557
1688375055;11267.111111111111;21932.333333333336;12030.555555555557;15127.222222222223
1688375056;11267.222222222223;21789.666666666668;12032.88888888889;15130.555555555557
1688375057;11268;22508.444444444445;12033.666666666668;15171.111111111111
1688375058;11266.222222222223;25156;12032.111111111111;15172.000000000002
1688375059;11263.88888888889;25698.666666666668;11988.666666666668;15172.333333333334
1688375060;11259.555555555557;26406.88888888889;11982.111111111111;15173.111111111111
1688375061;11270.555555555557;27122.333333333336;12043.88888888889;15157.77777777778
1688375062;11270;28028.55555555556;11953;15067.77777777778
1688375063;11269.111111111111;27421.666666666668;12022.222222222223;15167.222222222223
1688375064;11269.111111111111;28972.666666666668;12021.555555555557;15151.000000000002
1688375065;11269.333333333334;28986.111111111113;12018.88888888889;15159.333333333334
1688375066;11268.555555555557;28019.333333333336;12018.333333333334;15114.333333333334
1688375067;11270.444444444445;26221.000000000004;12016;15170.333333333334
1688375068;11270.666666666668;23631.666666666668;12010.222222222223;15171.000000000002
1688375069;11272;22823.666666666668;12006.222222222223;15209.111111111111
1688375070;11261.666666666668;22056.88888888889;11942.222222222223;15209.555555555557
1688375071;11261.555555555557;22790.77777777778;12006.333333333334;15211.111111111111
1688375072;11262.444444444445;22136;11923.444444444445;15112.77777777778
1688375073;11263.88888888889;23461.333333333336;11929;15117.333333333334
1688375074;11262.222222222223;23447.222222222223;12036.444444444445;15209.222222222223
1688375075;11262.222222222223;24777.333333333336;12036.77777777778;15227.88888888889
1688375076;11273.88888888889;22837.55555555556;12040.88888888889;15175.666666666668
1688375077;11273.88888888889;25052;12040.333333333334;15221.77777777778
1688375078;11271.111111111111;23800.111111111113;12052.222222222223;15193.444444444445
1688375079;11268.555555555557;23921.88888888889;12052.333333333334;15193.555555555557
1688375080;11267;21660;11987.555555555557;15192.444444444445
1688375081;11265.88888888889;23252.666666666668;12045;15194.77777777778
1688375082;11263.666666666668;22316.111111111113;12047.222222222223;15193.111111111111
1688375083;11264.222222222223;22699.222222222223;11947.555555555557;15094.88888888889
1688375084;11262.555555555557;23189.666666666668;12099.77777777778;15168.333333333334
1688375085;11250.222222222223;23165;12107.111111111111;15212.000000000002
1688375086;11248.111111111111;21372;12109.666666666668;15165.666666666668
1688375087;13285.222222222223;22749.333333333336;12117;15284.111111111111
1688375088;12105829.88888889;24412.111111111113;12119.222222222223;15428.555555555557
1688375089;24908821;27838.666666666668;12121;17280.88888888889
1688375090;37613157.333333336;26535.666666666668;12060.111111111111;25655.77777777778
1688375091;50558956.55555556;26707.666666666668;12124;37060.444444444445
1688375092;63435575.222222224;27844.000000000004;12118.666666666668;45010.66666666667
1688375093;76069603.8888889;27692.222222222223;11966.222222222223;52721.55555555556
1688375094;89114765.11111112;29043.000000000004;12047.77777777778;62311.55555555556
1688375095;102004193.11111112;28797.333333333336;12046.222222222223;71139.55555555556
1688375096;114383691.33333334;28615.444444444445;12028.88888888889;80009.55555555556
1688375097;115411231.11111112;26204;12028;82587.77777777778
1688375098;115362073.55555557;23152.55555555556;12034.77777777778;80925.11111111111
1688375099;115837216.00000001;22487.77777777778;12066.111111111111;80109.55555555556
1688375100;115559096.66666667;22342.222222222223;11993.222222222223;78748
1688375101;113486751.8888889;19343.777777777777;12048.222222222223;81743.11111111112
1688375102;103164593.11111112;21259.666666666668;12048.666666666668;77107.33333333334
1688375103;103364603.22222222;22416.55555555556;11958.555555555557;74758.22222222223
1688375104;99305775.77777779;22936.111111111113;12035.444444444445;72879.55555555556
1688375105;99864360.33333334;22808.77777777778;12052.111111111111;76337.55555555556
1688375106;99654310.22222222;21787;12050.666666666668;77857.55555555556
1688375107;98337266.33333334;21745.88888888889;12043;80264.22222222223
1688375108;95632022.33333334;22756.333333333336;12008.111111111111;78578.88888888889
1688375109;91660629.77777779;21926.77777777778;12011.222222222223;79891.11111111111
1688375110;93593110.66666667;24161.111111111113;11956.88888888889;74384.88888888889
1688375111;104043535.77777779;21776.88888888889;12029.666666666668;81722.66666666667
1688375112;103081610.44444445;21579.222222222223;12029.666666666668;88187.77777777778
1688375113;107264317.11111112;21495;11955.77777777778;91006.22222222223
1688375114;102395226.33333334;22744.666666666668;11941.555555555557;84709.55555555556
1688375115;102577808.44444445;23223.111111111113;12070.444444444445;82850.22222222223
1688375116;104016120.33333334;23783.222222222223;12071.555555555557;82758.88888888889
1688375117;105886476.33333334;23381.666666666668;12073.222222222223;90914.22222222223
1688375118;98548585.22222222;30442.444444444445;12093.444444444445;83024.88888888889
1688375119;98755243.11111112;31536.666666666668;12093.666666666668;83320.22222222223
1688375120;94957797.11111112;33175.77777777778;12022.111111111111;83804.88888888889
1688375121;82674559.33333334;30936.111111111113;12023.111111111111;71315.11111111111
1688375122;69661252.55555557;31165.222222222223;12068.222222222223;61547.333333333336
1688375123;61590222.222222224;31741.77777777778;12067.88888888889;55488.88888888889
1688375124;56957549.00000001;32133.000000000004;11941.111111111111;48931.333333333336
1688375125;56955009.11111111;32529.222222222226;12024.555555555557;45536.66666666667
1688375126;57507628.333333336;31549.55555555556;12023.333333333334;38609.333333333336
1688375127;69319330.77777778;24606;12003;41570
1688375128;69018391.11111112;22573;12004.555555555557;42445.333333333336
1688375129;73238251.11111112;20250.444444444445;12003.88888888889;38991.555555555555
1688375130;85933189.77777779;22134.222222222223;12012.333333333334;45076
1688375131;95023393.55555557;21066.444444444445;11965.333333333334;52169.333333333336
1688375132;95023447.77777779;20387.88888888889;12026.555555555557;52566.444444444445
1688375133;86563538.44444445;21676.111111111113;12039.77777777778;49879.333333333336
1688375134;73690981.44444445;22043.222222222223;11965.333333333334;42603.55555555556
1688375135;67472105.44444445;22829.77777777778;12056.555555555557;36278.88888888889
1688375136;67112003.22222222;22740.111111111113;12059.444444444445;38780.88888888889
1688375137;67395424.22222222;22196.222222222223;12055.77777777778;39044.222222222226
1688375138;67005927.222222224;22609.111111111113;12057.111111111111;38686.88888888889
1688375139;67332145.44444445;21937.77777777778;12055.444444444445;43402.222222222226
1688375140;70901440.44444445;22414.55555555556;12057;42944.88888888889
1688375141;83833938;21061.666666666668;11996.333333333334;49400.88888888889
1688375142;94756678.22222222;21255.77777777778;12040.88888888889;56395.55555555556
1688375143;95211005.11111112;20238.777777777777;12034.222222222223;57821.11111111112
1688375144;101541186;21848.444444444445;11947;60696.11111111112
1688375145;101495103.22222222;21747.88888888889;11960.88888888889;58880.11111111112
1688375146;101309154.33333334;22568.222222222223;12054.333333333334;59328.11111111112
1688375147;95933016;22374.55555555556;12066.333333333334;58699.444444444445
1688375148;82911896.8888889;24487.55555555556;12059.222222222223;46866.77777777778
1688375149;81891154.55555557;27423.333333333336;12056.111111111111;44022.11111111112
1688375150;81920986.44444445;28889.77777777778;12055.77777777778;45732.77777777778
1688375151;84015225.66666667;28370.55555555556;12004.88888888889;46352.55555555556
1688375152;96467415.44444445;27886.111111111113;12059.111111111111;56905.00000000001
1688375153;96200224.44444445;28141.77777777778;12054.77777777778;59924.88888888889
1688375154;95971599.44444445;28362.55555555556;12036.111111111111;60822.222222222226
1688375155;96053534.44444445;28753.444444444445;11942.666666666668;60778.88888888889
1688375156;101121567.55555557;29106.88888888889;12019.666666666668;61294.88888888889
1688375157;114274352.55555557;25952.77777777778;12021.111111111111;69044.22222222223
1688375158;115456329.22222222;23669.444444444445;12022.444444444445;72460.22222222223
1688375159;115125322.00000001;21471;12031.111111111111;71291.55555555556
1688375160;104382400.11111112;20883.444444444445;12025.555555555557;67540.88888888889
1688375161;91475880.33333334;22019.444444444445;11968.111111111111;55540.88888888889
1688375162;78734556.66666667;21846.77777777778;12025.555555555557;48868.66666666667
1688375163;66199270.00000001;22072.55555555556;12024.77777777778;40876.88888888889
1688375164;53377392;22928.666666666668;12026.111111111111;33554.88888888889
1688375165;40890285.222222224;22681.222222222223;11935.222222222223;26615.333333333336
1688375166;27737453.88888889;23613.88888888889;12024.555555555557;18665.55555555556
1688375167;14916720.333333334;22852.333333333336;12022.88888888889;14886.000000000002
1688375168;2285344.5555555555;23074.222222222223;12014.444444444445;14885.333333333334
1688375169;11251.333333333334;22877.333333333336;12011.666666666668;14813.444444444445
1688375170;11251;23500.77777777778;12013.222222222223;14864.555555555557
1688375171;11250.77777777778;22648;11963.666666666668;14855.333333333334
1688375172;11246.666666666668;22270.333333333336;12027.555555555557;14863.222222222223
1688375173;11243;21771.111111111113;12027;14860.88888888889
1688375174;4587287.222222223;23836;12024.555555555557;14934.333333333334
1688375175;17455688.666666668;23260.55555555556;11951.77777777778;15089.88888888889
1688375176;30438453.000000004;24501.55555555556;11952.77777777778;21142.333333333336
1688375177;43459798.66666667;24719;12041.444444444445;31881.000000000004
1688375178;55910519.11111111;28124.77777777778;12044.333333333334;43470.333333333336
1688375179;69091631.11111112;28064.000000000004;12043;53548.333333333336
1688375180;81893949.11111112;33713.333333333336;12057;65482.11111111112
1688375181;94855849.11111112;33145.222222222226;11996;77863.66666666667
1688375182;107620431.44444445;33989.444444444445;12053.222222222223;87846.77777777778
1688375183;115667498.44444445;33076.555555555555;12057.555555555557;99247.11111111112
1688375184;115830611.55555557;34125.66666666667;12039.444444444445;102672.66666666667
1688375185;115795896.77777779;33542.555555555555;12039.666666666668;104272.66666666667
1688375186;115758997.77777779;33792.444444444445;11952.333333333334;103425.77777777778
1688375187;114463706.77777779;31560.000000000004;12039.88888888889;101883.55555555556
1688375188;114015461.33333334;28627.666666666668;12040.222222222223;100038.22222222223
1688375189;114179484.11111112;23788.55555555556;12019.111111111111;97826.44444444445
1688375190;114260205.22222222;24835.666666666668;12026.77777777778;96954.88888888889
1688375191;114781028.33333334;24162.77777777778;11970.88888888889;98638.88888888889
1688375192;109690821.66666667;23019.666666666668;11976.666666666668;95712
1688375193;99727059;23490.55555555556;12040.222222222223;83816
1688375194;99517543.11111112;24038.444444444445;12055.222222222223;78910.22222222223
1688375195;99546545.77777779;24624.222222222223;12054.555555555557;79439.55555555556
1688375196;99988460.11111112;23706.666666666668;11966.222222222223;80831.55555555556
1688375197;95601571.44444445;24228.77777777778;12041.555555555557;77149.55555555556
1688375198;95464395.22222222;23441.444444444445;12066;78074.22222222223
1688375199;95481773.55555557;22263.444444444445;12058.555555555557;76689.55555555556
1688375200;95260150.77777779;21276.222222222223;12058.111111111111;76790.88888888889
1688375201;91452142.77777779;22635;12059.111111111111;72006.22222222223
1688375202;101440022.44444445;22238.88888888889;12002.333333333334;78699.55555555556
1688375203;101675908.11111112;22201.88888888889;12084.666666666668;81308.88888888889
1688375204;101565836;21918.111111111113;12085.444444444445;84579.77777777778
1688375205;103192533.8888889;23002;12091.222222222223;83949.55555555556
1688375206;104014592.44444445;22694.333333333336;12025.444444444445;89987.11111111112
1688375207;91575121.33333334;22112.55555555556;12001.444444444445;79985.77777777778
1688375208;90726055.33333334;22449.666666666668;12111.333333333334;75624.88888888889
1688375209;90694911.44444445;27728.111111111113;12109.444444444445;74384.88888888889
1688375210;99860808.8888889;28686.000000000004;12173.77777777778;83892.44444444445
1688375211;99932499.44444445;27105.000000000004;12171.88888888889;87449.77777777778
1688375212;99095763.77777779;27783.55555555556;12075;88105.11111111112
1688375213;97606641.77777779;27684.111111111113;12135.333333333334;84018.66666666667
1688375214;97343397.44444445;27844.88888888889;12128.222222222223;83533.77777777778
1688375215;101019220;28096.000000000004;12127.111111111111;85012.22222222223
1688375216;110138504.8888889;28837.666666666668;12127.333333333334;101010.88888888889
1688375217;100536668.55555557;28152.000000000004;12052.111111111111;97291.77777777778
1688375218;96170590.55555557;23396.55555555556;12052.88888888889;98253.55555555556
1688375219;83279803.8888889;20533.55555555556;12080.88888888889;86042.22222222223
1688375220;70152492.55555557;23515.666666666668;12082.555555555557;75417.55555555556
1688375221;58014810.44444445;21683.111111111113;12081.111111111111;64298.88888888889
1688375222;46600557.333333336;21474.88888888889;12019.222222222223;54676.222222222226
1688375223;33639838.55555556;21990.444444444445;12073.666666666668;44369.333333333336
1688375224;32324920.111111112;23121.333333333336;12064.555555555557;37757.66666666667
1688375225;35882426;23103.444444444445;12062.222222222223;31834.333333333336
1688375226;46157435;23717;12026;42092.333333333336
1688375227;50562362.333333336;23420.88888888889;12022.222222222223;40861.88888888889
1688375228;63154267.77777778;24080.55555555556;11920.666666666668;52372.333333333336
1688375229;76223340.66666667;21932.666666666668;12003.555555555557;62785.66666666667
1688375230;89178220.22222222;22282.333333333336;12003.77777777778;72015.66666666667
1688375231;102123991.55555557;23827.666666666668;12005.111111111111;82000.55555555556
1688375232;115276338.66666667;22392.444444444445;11956.88888888889;92686.55555555556
1688375233;115841968.66666667;23666.666666666668;11958;96965.55555555556
1688375234;115736769.55555557;23525.88888888889;12011.111111111111;96372.88888888889
1688375235;115694416.22222222;23134.111111111113;12030.444444444445;95221.11111111112
1688375236;115689346.66666667;23951;12034.333333333334;94449.77777777778
1688375237;116250747.55555557;24554.55555555556;12085;91635.11111111112
1688375238;110445487.22222222;26059;12010.88888888889;90551.77777777778
1688375239;97517015;30915.333333333336;12088.333333333334;81644.44444444445
1688375240;95423812.55555557;30809.333333333336;12102;75855.55555555556
1688375241;95473048;34634.555555555555;12095.555555555557;74679.33333333334
1688375242;96349259.66666667;33349.555555555555;12127.222222222223;74450.22222222223
1688375243;96401027.11111112;33604;12082.444444444445;76246
1688375244;96597390.66666667;34464.333333333336;12120.111111111111;74218.66666666667
1688375245;96602185.11111112;33899.88888888889;12162.88888888889;76066.66666666667
1688375246;96166759.8888889;33248.555555555555;12115.666666666668;75729.33333333334
1688375247;91804027.33333334;31374.77777777778;12099.666666666668;72696.44444444445
1688375248;91777674.44444445;27549.77777777778;12024.666666666668;72463.11111111111
1688375249;84895738.55555557;25825;12009.222222222223;68279.33333333334
1688375250;84203603.66666667;22710.88888888889;12101.77777777778;70668.88888888889
1688375251;84113522.8888889;21856.666666666668;12070;74363.33333333334
1688375252;84247143;22872.222222222223;12064;76923.55555555556
1688375253;84030694.11111112;23007.55555555556;12021.222222222223;81207.77777777778
1688375254;79350439.44444445;22902;12041.88888888889;77160
1688375255;79586815;23577.77777777778;12045.77777777778;79330.66666666667
1688375256;89748773;23052.333333333336;12045.333333333334;87223.55555555556
1688375257;102980873.55555557;22212.222222222223;12043.333333333334;101132.44444444445
1688375258;112001505.44444445;22885.111111111113;12049.555555555557;113612.88888888889
1688375259;112594592.8888889;22540.333333333336;11956.222222222223;116206.88888888889
1688375260;112325675.33333334;23689.111111111113;12045;128156.66666666667
1688375261;112142605.55555557;22430;12040.666666666668;125819.33333333334
1688375262;111958157.8888889;21734.55555555556;12026;123331.11111111112
1688375263;116478207.66666667;22946.77777777778;11969.77777777778;128251.33333333334
1688375264;116575312.55555557;26208.222222222223;12226.555555555557;131234
1688375265;116543179.22222222;34680.333333333336;12231.111111111111;131872
1688375266;116005701.8888889;33476.66666666667;12265.444444444445;131462.44444444447
1688375267;110036140.77777779;33069.11111111112;12256;130359.77777777778
1688375268;96933537.8888889;32409.000000000004;12256.666666666668;116211.11111111112
1688375269;84321753.44444445;37816;12167.666666666668;91062
1688375270;71358150.66666667;39102.66666666667;12262.222222222223;78915.33333333334
1688375271;58720932.55555556;38963.333333333336;12270;67995.11111111111
1688375272;45809933.66666667;38701.77777777778;12262.77777777778;55772.66666666667
1688375273;32758566.444444448;35283.444444444445;11997.333333333334;40322.444444444445
1688375274;19727652.111111112;28844.111111111113;11991.88888888889;25490.88888888889
1688375275;7032976.888888889;29565.666666666668;12020.88888888889;14271.111111111111
1688375276;11272.111111111111;30003.77777777778;12021.88888888889;14276.111111111111
1688375277;11272.333333333334;29572.77777777778;12028.555555555557;14262.444444444445
1688375278;11272.555555555557;23369.55555555556;12027.333333333334;14277.666666666668
1688375279;11274;22481.55555555556;11934.555555555557;14277.000000000002
1688375280;11276.666666666668;24886.333333333336;11935.77777777778;14284.333333333334
1688375281;11276.555555555557;23177.444444444445;12033;14261.444444444445
1688375282;11295.555555555557;23099.222222222223;12036.444444444445;14171.77777777778
1688375283;11295.88888888889;22242.444444444445;12037.666666666668;14298.88888888889
1688375284;11293.333333333334;23616.444444444445;11974.333333333334;14300.111111111111
1688375285;11293.222222222223;23608.88888888889;12031.88888888889;14299.222222222223
1688375286;11286;24309.88888888889;12027.444444444445;14300.77777777778
1688375287;11285.222222222223;24265;12026.555555555557;14279.555555555557
1688375288;11284.666666666668;22739.111111111113;12028.333333333334;14285.111111111111
1688375289;11282.77777777778;21446.77777777778;12019.666666666668;14275.333333333334
1688375290;11284.333333333334;23584.333333333336;11922.666666666668;14278.000000000002
1688375291;11270.77777777778;23306.55555555556;12028.555555555557;14277.666666666668
1688375292;11266.666666666668;23383.333333333336;12028.666666666668;14139.000000000002
1688375293;11272.333333333334;22639.55555555556;12027.222222222223;14280.77777777778
1688375294;11271;22925.55555555556;11970.222222222223;14272.111111111111
1688375295;11268.77777777778;22981.444444444445;12015.222222222223;14267.77777777778
1688375296;11270.222222222223;23853.111111111113;12035.666666666668;14268.77777777778
1688375297;11361.222222222223;24021.88888888889;12035.555555555557;14255.222222222223
1688375298;11367.77777777778;22798.666666666668;12037.444444444445;14256.000000000002
1688375299;11365.333333333334;27101.000000000004;12036.444444444445;14220.111111111111
1688375300;11365.88888888889;28520.333333333336;11928.444444444445;14212.111111111111
1688375301;11376.222222222223;28440.000000000004;12017.88888888889;14220.222222222223
1688375302;11370.88888888889;28102.222222222223;12019.88888888889;14076.555555555557
1688375303;11375;27496.666666666668;12021.88888888889;14142.333333333334
1688375304;11382.333333333334;28168.111111111113;11973.444444444445;14240.444444444445
1688375305;11389.444444444445;27242.000000000004;12018.222222222223;14237.444444444445
1688375306;11298.222222222223;28984.444444444445;12020.88888888889;14237.77777777778
1688375307;11298.333333333334;28416.000000000004;12019.333333333334;14239.444444444445
1688375308;11291.111111111111;22960.444444444445;12022.111111111111;14236.666666666668
1688375309;11282.666666666668;21006.666666666668;12025.666666666668;14251.88888888889
1688375310;11275.222222222223;23462.88888888889;11940.222222222223;14251.555555555557
1688375311;11280.555555555557;22411.55555555556;12031.111111111111;14252.111111111111
1688375312;11287.555555555557;24467.222222222223;12039.88888888889;14204.222222222223
1688375313;11281.333333333334;23337.333333333336;12063.555555555557;14106.222222222223
1688375314;11281.666666666668;24331.88888888889;12037.666666666668;14261.666666666668
1688375315;11288.666666666668;22810.666666666668;12098.444444444445;14269.111111111111
1688375316;11281.77777777778;25394.333333333336;12099.666666666668;14268.77777777778
1688375317;11282.333333333334;23835;12099.666666666668;14271.666666666668
1688375318;11283.666666666668;24262.55555555556;12099.333333333334;14262.88888888889
1688375319;11292.555555555557;21588.222222222223;12102.666666666668;14261.666666666668
1688375320;11294.444444444445;23695.77777777778;12010.88888888889;14262.77777777778
1688375321;11293.555555555557;22097.88888888889;12003.222222222223;14266.222222222223
1688375322;11292.444444444445;22658;12074.555555555557;14264.333333333334
1688375323;11292.77777777778;23075;12044.444444444445;14115.000000000002
1688375324;11292;22870.333333333336;11983.666666666668;14258.666666666668
1688375325;11299.333333333334;21718.77777777778;11992;14306.111111111111
1688375326;11300.111111111111;23248.222222222223;12060.88888888889;14306.77777777778
1688375327;11311.333333333334;22930.222222222223;12057.666666666668;14307.333333333334
1688375328;11302.666666666668;22516.55555555556;12088;14299.444444444445
1688375329;11304.111111111111;26532.333333333336;12088.666666666668;14298.77777777778
1688375330;11295.444444444445;28645.333333333336;12088.444444444445;14278.444444444445
1688375331;11298.111111111111;28097.000000000004;12003;14279.222222222223
1688375332;11291.555555555557;27633.55555555556;12085.222222222223;14271.666666666668
1688375333;11282.555555555557;29032.111111111113;12082.88888888889;14118.555555555557
1688375334;11276;28362.77777777778;12071.555555555557;14199.222222222223
1688375335;11274.444444444445;27934.88888888889;11998.333333333334;14197.555555555557
1688375336;11262;28239.55555555556;12062.222222222223;14199.444444444445
1688375337;11261.88888888889;29304.77777777778;12029.333333333334;14202.000000000002
1688375338;11252.666666666668;23402.666666666668;12029.88888888889;14200.111111111111
1688375339;11253;20791.666666666668;12027.111111111111;14199.111111111111
1688375340;11250.111111111111;23226.88888888889;12018.77777777778;14207.88888888889
1688375341;11248.222222222223;22408.111111111113;11935;14299.333333333334
1688375342;11248.333333333334;22623.77777777778;12025.555555555557;14370.222222222223
1688375343;11257.333333333334;23614.222222222223;12044.77777777778;14415.444444444445
1688375344;11258.111111111111;23739.88888888889;12047.88888888889;14552.333333333334
1688375345;11259.222222222223;23547.88888888889;11982.77777777778;14549.88888888889
1688375346;11258.88888888889;23071.333333333336;12034.222222222223;14545.000000000002
1688375347;11257.77777777778;24198.111111111113;12031;14543.444444444445
1688375348;11260.77777777778;24337.666666666668;12029.333333333334;14547.666666666668
1688375349;11268.333333333334;21767.111111111113;12026.88888888889;14562.77777777778
1688375350;11273.333333333334;23917.55555555556;12019.222222222223;14530.88888888889
1688375351;11274.555555555557;22860.222222222223;11934.555555555557;15798.333333333334
1688375352;11266.111111111111;22934.666666666668;12007.555555555557;15284.333333333334
1688375353;11272.111111111111;23264.88888888889;12006.222222222223;14928.555555555557
1688375354;11270.444444444445;23881.222222222223;12006.77777777778;14656.666666666668
1688375355;11270.333333333334;23506.77777777778;11947.77777777778;14692.88888888889
1688375356;11269.333333333334;23951.55555555556;11948.88888888889;14662.666666666668
1688375357;11266.222222222223;24441.444444444445;12000;14624.000000000002
1688375358;11280.333333333334;24612.222222222223;12026;13998.77777777778
1688375359;11274.666666666668;27694.444444444445;12028.111111111111;13907.77777777778
1688375360;11281.222222222223;29646.88888888889;12020.77777777778;13905.444444444445
1688375361;11279.555555555557;28859.111111111113;11928.333333333334;12188.492125
1688375362;11279.88888888889;30150.111111111113;12023.666666666668;12972.745037539855
1688375363;11280.222222222223;33326.88888888889;12030.88888888889;14159.222222222223
1688375364;11279.333333333334;38707.11111111112;12070.77777777778;14368.111111111111
1688375365;11281.666666666668;37607.77777777778;12107.444444444445;14876.88888888889
1688375366;11279;36798.88888888889;12065.111111111111;14877.666666666668
1688375367;11264.222222222223;37222.66666666667;12103.222222222223;14878.444444444445
1688375368;11264.111111111111;32225.222222222226;12104;14879.000000000002
1688375369;11256.111111111111;29921.111111111113;12104;14889.222222222223
1688375370;11255.444444444445;31336.000000000004;12105.77777777778;13889.06565892538
1688375371;11247.88888888889;30483.666666666668;12011.333333333334;16067.053280173976
1688375372;11246.77777777778;27096.000000000004;12004.444444444445;14636.88888888889
1688375373;11256;22926.444444444445;12071.222222222223;14294.666666666668
1688375374;11253.444444444445;23608.77777777778;12058.444444444445;13786.666666666668
1688375375;11261.111111111111;23796;12100.77777777778;13934.000000000002
1688375376;11260.555555555557;23187.666666666668;12054.333333333334;13941.444444444445
1688375377;11266.222222222223;24306.222222222223;12116.666666666668;13940.333333333334
1688375378;11267.444444444445;24457.77777777778;12170.88888888889;13932.444444444445
1688375379;11267.666666666668;22957.444444444445;12171.222222222223;13933.444444444445
1688375380;11276.222222222223;23319.111111111113;12170.88888888889;13937.000000000002
1688375381;11277.444444444445;23659.333333333336;12174.333333333334;13931.111111111111
1688375382;11275.333333333334;22576.55555555556;12072.88888888889;13931.333333333334
1688375383;11274.333333333334;22604;12148.333333333334;13930.000000000002
1688375384;11267.222222222223;23512;12101.666666666668;13790.88888888889
1688375385;11259.222222222223;23266.55555555556;12093.222222222223;13941.77777777778
1688375386;11252.333333333334;21979.666666666668;12033.444444444445;13942.77777777778
1688375387;11251.111111111111;21947;12036.666666666668;13944.77777777778
1688375388;11262.666666666668;22572.55555555556;12047.444444444445;13946.111111111111
1688375389;11262.88888888889;28118.111111111113;12049.555555555557;13945.111111111111
1688375390;11271.666666666668;28833.000000000004;12048.555555555557;13944.555555555557
1688375391;11272.333333333334;30274.000000000004;12048;13942.666666666668
1688375392;11280.666666666668;29747.111111111113;11959.555555555557;13941.444444444445
1688375393;11285.111111111111;29777.000000000004;12057.555555555557;13934.555555555557
1688375394;11293.88888888889;30982.444444444445;12093.333333333334;13776.222222222223
1688375395;11293.555555555557;34477.66666666667;12120.77777777778;14307.555555555557
1688375396;11295.333333333334;35360.11111111112;12065.111111111111;14318.222222222223
1688375397;11291;34037.66666666667;12063;14317.111111111111
1688375398;11290;28840.222222222223;12119.333333333334;14317.333333333334
1688375399;11280.77777777778;26159.333333333336;12118.333333333334;14318.77777777778
1688375400;11279.222222222223;27187.000000000004;12114.666666666668;14333.666666666668
1688375401;11273.555555555557;26807.88888888889;12111.444444444445;14328.555555555557
1688375402;11268.333333333334;26886.88888888889;12012;14327.88888888889
1688375403;11270.88888888889;26324.77777777778;12084.444444444445;14326.666666666668
1688375404;11279.333333333334;22732.333333333336;12053.222222222223;13792.77777777778
1688375405;11284;22307.88888888889;12181.444444444445;13868.000000000002
1688375406;11275.77777777778;22923.77777777778;12172.666666666668;13922.555555555557
1688375407;11265.88888888889;21970.111111111113;12113.666666666668;13928.666666666668
1688375408;11264.333333333334;23500.333333333336;12168.333333333334;14005.666666666668
1688375409;11257.333333333334;20849.222222222223;12170.666666666668;13997.444444444445
1688375410;11255.555555555557;22173.88888888889;12166.222222222223;14162.333333333334
1688375411;11254.333333333334;23200.55555555556;12165.444444444445;14285.000000000002
1688375412;11245.222222222223;23179.222222222223;12050.333333333334;14285.333333333334
1688375413;11236.77777777778;23946.222222222223;12048.333333333334;14315.88888888889
1688375414;11230.666666666668;23844.111111111113;12008.333333333334;14274.000000000002
1688375415;11229.333333333334;24415.88888888889;12008.444444444445;14182.666666666668
1688375416;11231;23698.333333333336;12010.444444444445;14301.333333333334
1688375417;11232.88888888889;23348.55555555556;11956.111111111111;14185.000000000002
1688375418;11245.444444444445;24162.55555555556;12001.666666666668;14138.77777777778
1688375419;11246.444444444445;28604.333333333336;12000.111111111111;13940.77777777778
1688375420;11248.77777777778;27568.333333333336;12002.88888888889;13783.111111111111
1688375421;11247.555555555557;28041.000000000004;12001.111111111111;13755.111111111111
1688375422;11249.111111111111;28051.666666666668;12004;13688.666666666668
1688375423;11257.111111111111;27666.222222222223;11915;13609.88888888889
1688375424;11259.333333333334;28027.77777777778;12005.111111111111;13616.555555555557
1688375425;11259.444444444445;32438.55555555556;12037.555555555557;13454.666666666668
1688375426;11259.333333333334;32643.000000000004;12071.555555555557;13968.555555555557
1688375427;11247.222222222223;31803.55555555556;12026;13971.111111111111
1688375428;11246.77777777778;25822.222222222223;12081.333333333334;13972.444444444445
1688375429;11245.77777777778;26722.333333333336;12079.666666666668;13977.88888888889
1688375430;11253.444444444445;26630.000000000004;12081;13969.555555555557
1688375431;11258.77777777778;27353.000000000004;12079;13976.666666666668
1688375432;11250.666666666668;27148.88888888889;12080.111111111111;13977.555555555557
1688375433;11260.222222222223;25687.333333333336;11996.666666666668;14015.444444444445
1688375434;11260.77777777778;21685;12054;14022.444444444445
1688375435;11267.444444444445;21268.88888888889;12077.666666666668;13509.666666666668
1688375436;11273.555555555557;21925.333333333336;12076.555555555557;13597.111111111111
1688375437;11273.555555555557;22572.88888888889;12027.77777777778;13703.666666666668
1688375438;11279.77777777778;20784.444444444445;12085;13703.666666666668
1688375439;11272.333333333334;20909.333333333336;12086.333333333334;13711.000000000002
1688375440;11266.88888888889;19386.222222222223;12089.333333333334;13706.222222222223
1688375441;11273.88888888889;21295.77777777778;12089.666666666668;13699.111111111111
1688375442;11265.444444444445;23076;12083.88888888889;13653.555555555557
1688375443;11263.111111111111;23094;12002.444444444445;13645.444444444445
1688375444;11263;23467.222222222223;11943.77777777778;13644.222222222223
1688375445;11263.222222222223;22065.55555555556;12028.333333333334;13564.444444444445
1688375446;11262.444444444445;21341.55555555556;12037.555555555557;13522.555555555557
1688375447;11257.222222222223;22568.111111111113;11978.88888888889;13599.555555555557
1688375448;11269;20571.666666666668;11977.88888888889;13605.444444444445
1688375449;11268.666666666668;28018.55555555556;12040.444444444445;13604.222222222223
1688375450;11260.333333333334;26261.111111111113;12041.444444444445;13606.111111111111
1688375451;11264.77777777778;25253.666666666668;12041.666666666668;13615.666666666668
1688375452;11271.111111111111;26509.333333333336;12033.222222222223;13623.555555555557
1688375453;11270.555555555557;26389.000000000004;12033.88888888889;13625.333333333334
1688375454;11270.88888888889;28549.88888888889;11958.88888888889;13656.333333333334
1688375455;11278.444444444445;27832.77777777778;11942.222222222223;13594.666666666668
1688375456;11277.111111111111;27774.88888888889;12020.333333333334;13578.000000000002
1688375457;11271.77777777778;28754.55555555556;12042.77777777778;13571.444444444445
1688375458;11271.666666666668;22313.222222222223;11981.111111111111;13674.333333333334
1688375459;11272.111111111111;22818.88888888889;12034.88888888889;13674.444444444445
1688375460;11266.444444444445;23274.444444444445;12034.88888888889;13673.88888888889
1688375461;11269.555555555557;22353.333333333336;12034.222222222223;13668.444444444445
1688375462;11262.111111111111;23866.55555555556;12040.444444444445;13683.88888888889
1688375463;11273.555555555557;23078.88888888889;12030.666666666668;13652.222222222223
1688375464;11266.88888888889;24296.111111111113;12031.88888888889;13658.333333333334
1688375465;11267.111111111111;23675.444444444445;11962.555555555557;13583.111111111111
1688375466;11259.88888888889;23883;11942.444444444445;13574.222222222223
1688375467;11268;23099.88888888889;12045.222222222223;13522.88888888889
1688375468;11266.555555555557;23010.444444444445;11997;13597.444444444445
1688375469;11274;22897.77777777778;12091.444444444445;13603.77777777778
1688375470;11265.666666666668;24010.222222222223;12091.333333333334;13617.555555555557
1688375471;11274.111111111111;21989.222222222223;12083.77777777778;13601.77777777778
1688375472;11262.666666666668;22445.111111111113;12083.555555555557;13601.555555555557
1688375473;11261;22663.333333333336;12082.666666666668;13593.666666666668
1688375474;11259.88888888889;24154.55555555556;12074.333333333334;13602.666666666668
1688375475;11260.88888888889;23285.111111111113;12072.88888888889;13604.555555555557
1688375476;11250.444444444445;23827.666666666668;11966;13551.000000000002
1688375477;11258.222222222223;22968.444444444445;12046.333333333334;13529.333333333334
1688375478;11262.666666666668;23652.333333333336;11950.666666666668;13512.77777777778
1688375479;11264;26119.111111111113;12024;13587.000000000002
1688375480;11263.555555555557;30134.333333333336;12024.333333333334;13585.333333333334
1688375481;11264.88888888889;28113.111111111113;12025.555555555557;13576.444444444445
1688375482;11273.666666666668;28324.444444444445;12028.222222222223;13580.333333333334
1688375483;11286.555555555557;28534.77777777778;12029.333333333334;13587.666666666668
1688375484;11287;29372.55555555556;12029.88888888889;13593.666666666668
1688375485;11289.666666666668;28245.222222222223;12038.555555555557;13594.111111111111
1688375486;11291.88888888889;28864.000000000004;11958.666666666668;13542.88888888889
1688375487;11279.333333333334;27583.88888888889;11959.111111111111;13598.333333333334
1688375488;11279.666666666668;24206;11975.555555555557;13508.333333333334
1688375489;11273.444444444445;20647.333333333336;12031.77777777778;13618.77777777778
1688375490;11273.666666666668;24375.111111111113;12033.666666666668;13621.222222222223
1688375491;11265;23802.55555555556;12031.77777777778;13624.333333333334
1688375492;11253.88888888889;21690.77777777778;12032;13622.333333333334
1688375493;11264;22584.222222222223;12032.444444444445;13615.333333333334
1688375494;11264.77777777778;23319.77777777778;12034.111111111111;13614.444444444445
1688375495;11256.222222222223;23036.666666666668;12033.77777777778;13612.000000000002
1688375496;11256.77777777778;23125.444444444445;12042.222222222223;13564.111111111111
1688375497;11255;22103.666666666668;11959.444444444445;13611.666666666668
1688375498;11254.111111111111;22615.88888888889;11903.555555555557;13499.88888888889
1688375499;11244.555555555557;20365.88888888889;11976;13571.555555555557
1688375500;11245.333333333334;23480.77777777778;12054.666666666668;13598.333333333334
1688375501;11245.666666666668;22901.77777777778;12052.77777777778;13593.333333333334
1688375502;11234.111111111111;22638.666666666668;12052;13594.111111111111
1688375503;11239;23762.444444444445;12095.88888888889;13596.222222222223
1688375504;11239.333333333334;25106.111111111113;12103.444444444445;13594.88888888889
1688375505;11239.555555555557;25172;12095.222222222223;13598.000000000002
1688375506;11241;24887.333333333336;12089;13551.444444444445
1688375507;11241.222222222223;25870.55555555556;12090;13560.000000000002
1688375508;11254.111111111111;25305.444444444445;12022.444444444445;13543.666666666668
1688375509;11255.333333333334;28304.111111111113;11943.444444444445;13551.666666666668
1688375510;11256.555555555557;31712.000000000004;12087.88888888889;13640.555555555557
1688375511;11258.444444444445;32748.88888888889;12086.77777777778;13641.666666666668
1688375512;11253;31654.111111111113;12033.666666666668;14238.555555555557
1688375513;11261.444444444445;31733.000000000004;12017;14340.666666666668
1688375514;11268;33027.77777777778;12023.333333333334;14405.77777777778
1688375515;11266.88888888889;33781.66666666667;12022.88888888889;14365.666666666668
1688375516;11273.666666666668;31944.333333333336;12022.88888888889;14402.333333333334
1688375517;11261;32102.111111111113;12016.222222222223;14273.555555555557
1688375518;11260.444444444445;26065.77777777778;12022.88888888889;14201.77777777778
1688375519;11266;23777.666666666668;11878.77777777778;14033.555555555557
1688375520;11272.333333333334;23312.666666666668;12033.111111111111;14047.000000000002
1688375521;11272.444444444445;24309.222222222223;12040.88888888889;13382.222222222223
1688375522;11266.444444444445;23946.77777777778;12100.444444444445;13204.88888888889
1688375523;11278.666666666668;23114.333333333336;12094.88888888889;13057.444444444445
1688375524;11280.333333333334;23912.88888888889;12093.444444444445;13022.333333333334
1688375525;11273;23861.666666666668;12099.77777777778;12905.555555555557
1688375526;11274.444444444445;24091.333333333336;12100;12903.333333333334
1688375527;11275.222222222223;24051.55555555556;12094.444444444445;12865
1688375528;11272.666666666668;23277.88888888889;12095.77777777778;12924.444444444445
1688375529;11265.666666666668;22281.222222222223;11949.666666666668;12833.333333333334
1688375530;11267.77777777778;23142.333333333336;12089.444444444445;12915.555555555557
1688375531;11273.88888888889;23786;12032.222222222223;12924.666666666668
1688375532;11255.333333333334;24175.88888888889;12032.222222222223;12922.444444444445
1688375533;11254.666666666668;23697.77777777778;12033.444444444445;12929.555555555557
1688375534;11264.333333333334;24623.333333333336;12026.77777777778;12928.333333333334
1688375535;11263.555555555557;25031.111111111113;12026.444444444445;12930
1688375536;11262.77777777778;23789.222222222223;12023.333333333334;12924.666666666668
1688375537;11257.111111111111;30009.111111111113;12020.333333333334;12869.666666666668
1688375538;11266.88888888889;28698.111111111113;12057.666666666668;13412.222222222223
1688375539;11264;33261.77777777778;11910.444444444445;13322.222222222223
1688375540;11254.666666666668;32878.333333333336;12041.111111111111;13397.77777777778
1688375541;11253.555555555557;34169.555555555555;12039.444444444445;13397.77777777778
1688375542;11251.444444444445;34147.66666666667;12038.666666666668;13461.555555555557
1688375543;11242.222222222223;35760.222222222226;12038.111111111111;13461.444444444445
1688375544;11243;34796.66666666667;12047.111111111111;13476.88888888889
1688375545;11242.77777777778;37392.88888888889;12049.111111111111;13476.333333333334
1688375546;11253.555555555557;30152.333333333336;12059.333333333334;13473.666666666668
1688375547;11250.333333333334;32418.444444444445;12013.444444444445;12930.88888888889
1688375548;11250.333333333334;24918.666666666668;12014.555555555557;12996.88888888889
1688375549;11257.88888888889;24475.222222222223;11884.222222222223;12912.444444444445
1688375550;11257.88888888889;23604.444444444445;12044.555555555557;12914.222222222223
1688375551;11265.222222222223;24902.55555555556;12045.666666666668;12925.111111111111
1688375552;11273.111111111111;22370.333333333336;12046.77777777778;12931.77777777778
1688375553;11284.444444444445;24760.55555555556;12037.77777777778;12914
1688375554;11286.88888888889;22550.55555555556;12041.77777777778;12905
1688375555;11277.666666666668;24712.222222222223;12052.88888888889;12904.444444444445
1688375556;11272.222222222223;22785.88888888889;12063.333333333334;12913
1688375557;11280.222222222223;24378.222222222223;12069.88888888889;12846.111111111111
1688375558;11279.222222222223;22887.444444444445;12069.88888888889;12893.88888888889
1688375559;11279.222222222223;22475.88888888889;11909.666666666668;12892.88888888889
1688375560;11273.444444444445;21704.77777777778;11907.77777777778;12801.88888888889
1688375561;11266.666666666668;22668.666666666668;12043.88888888889;12885.333333333334
1688375562;11256.333333333334;21451.77777777778;12044.444444444445;12887.222222222223
1688375563;11253.88888888889;23765.77777777778;12049.222222222223;12894.111111111111
1688375564;11253;22917.88888888889;12031.333333333334;12897.222222222223
1688375565;11252.444444444445;24340;12022.88888888889;12889.666666666668
1688375566;11242.88888888889;23103.222222222223;12025.666666666668;12905.111111111111
1688375567;11238.222222222223;24631.55555555556;12031.222222222223;12859.111111111111
1688375568;11250.555555555557;23111.222222222223;12096.111111111111;12886.111111111111
1688375569;11250.77777777778;27907.55555555556;12097.88888888889;12951.666666666668
1688375570;11250.111111111111;28702.88888888889;11960.333333333334;12860.444444444445
1688375571;11248.444444444445;32712.000000000004;12304;12976.666666666668
1688375572;11248.555555555557;39265;12314.77777777778;12976.222222222223
1688375573;11251.111111111111;40743;12313.333333333334;13020
1688375574;11249.88888888889;39101.88888888889;12313;13011.666666666668
1688375575;11251.77777777778;39709.222222222226;12310.333333333334;13003.666666666668
1688375576;11252.444444444445;39377.555555555555;12302.666666666668;13002.555555555557
1688375577;11239.555555555557;40164;12236.555555555557;12974.222222222223
1688375578;11239.111111111111;34110.222222222226;12236.666666666668;12916.222222222223
1688375579;11240.111111111111;32419.444444444445;12237.88888888889;12969.88888888889
1688375580;11242.555555555557;29019.000000000004;11901.111111111111;12842.555555555557
1688375581;11250;21965.666666666668;12024.77777777778;12939
1688375582;11247.88888888889;21792.88888888889;12067.666666666668;12892.77777777778
1688375583;11266.77777777778;23261;12066;12900.222222222223
1688375584;11266.77777777778;23537.666666666668;12059;12885.555555555557
1688375585;11264.666666666668;22705.55555555556;12066.88888888889;12885
1688375586;11267.77777777778;23140;12068.88888888889;12888
1688375587;11275.111111111111;23161;12068.88888888889;12888
1688375588;11278.444444444445;23392.55555555556;12068.555555555557;12842.111111111111
1688375589;11277.333333333334;22054.444444444445;12066.77777777778;12900.77777777778
1688375590;11272.222222222223;22250.222222222223;11924;12807.111111111111
1688375591;11273;21389.77777777778;11971.222222222223;12826.666666666668
1688375592;11254.555555555557;22260;12023.77777777778;12917.555555555557
1688375593;11254.555555555557;22602.333333333336;12022.555555555557;12946.555555555557
1688375594;11262.666666666668;23450.77777777778;12015.111111111111;12950
1688375595;11260.555555555557;22720;12013.222222222223;12947
1688375596;11252.222222222223;23046.222222222223;12012.77777777778;12947.555555555557
1688375597;11246.666666666668;23114.444444444445;12012.555555555557;12937.88888888889
1688375598;11255.666666666668;23418.88888888889;12008.88888888889;12887.88888888889
1688375599;11253.333333333334;27745.666666666668;12008.555555555557;12932.333333333334
1688375600;11251.444444444445;28706.666666666668;11918;12913.222222222223
1688375601;11258.333333333334;27554.77777777778;11956.77777777778;12824.88888888889
1688375602;11266.111111111111;28106.666666666668;12022.88888888889;12908.111111111111
1688375603;11260.222222222223;29363.88888888889;12022;12912.333333333334
1688375604;11267.111111111111;29411.333333333336;12030.111111111111;12919.333333333334
1688375605;11267.444444444445;28880.333333333336;12028.88888888889;12920.222222222223
1688375606;11267.88888888889;28660.77777777778;12030.111111111111;12922.88888888889
1688375607;11265;29258.000000000004;12027;12926
1688375608;11274.444444444445;23586.333333333336;12028.333333333334;12880
1688375609;11276;22005.111111111113;12030.333333333334;12938.222222222223
1688375610;11277.333333333334;23419.666666666668;11939.555555555557;12939.333333333334
1688375611;11268.222222222223;22634.88888888889;11873.222222222223;12834.333333333334
1688375612;11275.333333333334;22098.77777777778;12012;12919
1688375613;11286.333333333334;23478.333333333336;12005.88888888889;12938
1688375614;11293.333333333334;23936.222222222223;12007.555555555557;13074.333333333334
1688375615;11302;23913.77777777778;12033.555555555557;13074.222222222223
1688375616;11293.222222222223;22874.444444444445;12042.77777777778;13064.88888888889
1688375617;11290.666666666668;23710.666666666668;12054.555555555557;13072.222222222223
1688375618;11296.222222222223;23823.111111111113;12054.88888888889;13015.111111111111
1688375619;11288.333333333334;22375.333333333336;12054.111111111111;13059.444444444445
1688375620;11290.111111111111;23419.666666666668;12055.111111111111;13060.444444444445
1688375621;11281.444444444445;21962.444444444445;11916.333333333334;12989.333333333334
1688375622;11263.555555555557;21650.77777777778;12060.222222222223;13055.333333333334
1688375623;11257.444444444445;23266.77777777778;12068.666666666668;12917.555555555557
1688375624;11256.666666666668;23804.444444444445;12044.555555555557;12917
1688375625;11256.77777777778;23786;12039.111111111111;12927.77777777778
1688375626;11256.444444444445;23160.222222222223;12026;12929.111111111111
1688375627;11249.555555555557;23283;12023.333333333334;12928.666666666668
1688375628;11267.77777777778;23026.55555555556;12038.77777777778;12888.444444444445
1688375629;11266.222222222223;27002.333333333336;12038.77777777778;12944.77777777778
1688375630;11265.666666666668;29153.111111111113;12038.77777777778;12923.111111111111
1688375631;11266.555555555557;27798.88888888889;11894.111111111111;12830.88888888889
1688375632;11267.333333333334;27152.333333333336;11983;12915.333333333334
1688375633;11259;28107.222222222223;12027.111111111111;12914.88888888889
1688375634;11260;29202.55555555556;12024;12921.88888888889
1688375635;11254.444444444445;28935.77777777778;12032.444444444445;12912.77777777778
1688375636;11255.444444444445;28761.111111111113;12035.555555555557;12919.111111111111
1688375637;11235.88888888889;29214.222222222223;12018.555555555557;12911
1688375638;11236.111111111111;24198.222222222223;12016.88888888889;12855.666666666668
1688375639;11237.555555555557;22338.222222222223;12017.333333333334;12902
1688375640;11237.111111111111;23965.666666666668;12017;12906.77777777778
1688375641;11238;22993;11926.444444444445;12824
1688375642;11238.88888888889;23013;11978.111111111111;12924.444444444445
1688375643;11249.222222222223;22809.333333333336;12024.77777777778;12914.555555555557
1688375644;11247.111111111111;24201.333333333336;12014.444444444445;12906.444444444445
1688375645;11246.666666666668;24197.55555555556;12018;12890.88888888889
1688375646;11249.444444444445;24169.88888888889;12020.111111111111;12890.555555555557
1688375647;11249.77777777778;24015.666666666668;12021.222222222223;12907
1688375648;11249.222222222223;23973.55555555556;12022.111111111111;12867.88888888889
1688375649;11260.444444444445;22571.333333333336;12020.555555555557;12880
1688375650;11264.111111111111;23922.77777777778;12017.88888888889;12980.222222222223
1688375651;11271.555555555557;22492.333333333336;11918.333333333334;12889.77777777778
1688375652;11261.333333333334;22570;11868.77777777778;12999.333333333334
1688375653;11269.555555555557;22906;12013;13000.444444444445
1688375654;11275.77777777778;23801.77777777778;12006.222222222223;13005.444444444445
1688375655;11280.77777777778;23306;12005.444444444445;12997.111111111111
1688375656;11288.222222222223;22725.222222222223;12004.88888888889;12971.111111111111
1688375657;11294.77777777778;23570.77777777778;12001.88888888889;12955.88888888889
1688375658;11293.333333333334;23950.444444444445;12021.666666666668;12939
1688375659;11286.88888888889;27575.666666666668;12022.444444444445;12836.88888888889
1688375660;11279;29103.333333333336;12023.444444444445;12852.333333333334
1688375661;11279;28120.77777777778;12060.333333333334;12741.333333333334
1688375662;11272;27738.55555555556;11917.666666666668;12756.444444444445
1688375663;11264.444444444445;26893.77777777778;12007.111111111111;12865.77777777778
1688375664;11258.111111111111;28722.111111111113;12059.222222222223;12876.555555555557
1688375665;11258;28399.111111111113;12060.222222222223;12876.88888888889
1688375666;11250.111111111111;28468.333333333336;12062.77777777778;12884.88888888889
1688375667;11239;27279.333333333336;12045.666666666668;12885.333333333334
1688375668;11240;23645.222222222223;12040.77777777778;12887.88888888889
1688375669;11245.88888888889;21309;12042.222222222223;12863.444444444445
1688375670;11247.222222222223;23626.222222222223;12010.666666666668;12919.111111111111
1688375671;11247.88888888889;21570.444444444445;12011.222222222223;12909.333333333334
1688375672;11329;23011.77777777778;11923.333333333334;12802.77777777778
1688375673;11328.77777777778;21513.444444444445;11963.333333333334;12912.333333333334
1688375674;11322;23718.77777777778;12023.77777777778;12926.222222222223
1688375675;11333.222222222223;22482.222222222223;12041.444444444445;12926.666666666668
1688375676;11335.555555555557;24172.111111111113;12049.666666666668;12920.333333333334
1688375677;11340.555555555557;21801.444444444445;12064.444444444445;12924.666666666668
1688375678;11336.88888888889;24362.55555555556;12065.555555555557;12923.77777777778
1688375679;11337;21243.666666666668;12064.333333333334;12868.333333333334
1688375680;11344.88888888889;24553.444444444445;12064.555555555557;12934.555555555557
1688375681;11266.88888888889;21850.111111111113;12066;12935.444444444445
1688375682;11277.222222222223;23493.55555555556;11978.444444444445;12825
1688375683;11277.666666666668;22140.333333333336;11927.77777777778;12907.111111111111
1688375684;11268.88888888889;24604.77777777778;12047.555555555557;12907.111111111111
1688375685;11267;23647.222222222223;12039.555555555557;12913.444444444445
1688375686;11262.666666666668;24777.666666666668;12023.555555555557;12904.77777777778
1688375687;11279.88888888889;22160.666666666668;12027.88888888889;12912.555555555557
1688375688;11279;24564.111111111113;12068.77777777778;12920.333333333334
1688375689;11271.111111111111;26967.222222222223;12074.77777777778;12855.666666666668
1688375690;11270.222222222223;30553.77777777778;12073.666666666668;12855.555555555557
1688375691;11266.666666666668;27548.111111111113;12070.88888888889;12913.444444444445
1688375692;11274.88888888889;28359.222222222223;12060.88888888889;12825.111111111111
1688375693;11274.77777777778;26280.666666666668;11921.222222222223;12920.555555555557
1688375694;11276;28635.77777777778;12057.222222222223;12939.555555555557
1688375695;11276.88888888889;27953.222222222223;12056;12934
1688375696;11260.111111111111;29515.222222222223;12058.333333333334;12936
1688375697;11259.555555555557;27374.000000000004;12017.333333333334;12928.555555555557
1688375698;11258.555555555557;23450.55555555556;12012.444444444445;12920.555555555557
1688375699;11258.77777777778;20774.444444444445;12012.111111111111;12919.77777777778
1688375700;11252.222222222223;24348.666666666668;12013.666666666668;12861.444444444445
1688375701;11245.222222222223;22564.666666666668;12015.222222222223;12907.333333333334
1688375702;11262.222222222223;23848.77777777778;12026.88888888889;12812
1688375703;11261.88888888889;22307.55555555556;11890.222222222223;12889.88888888889
1688375704;11268.111111111111;24331.77777777778;11991.222222222223;12943.555555555557
1688375705;11272.222222222223;22882.333333333336;12079.77777777778;12934.77777777778
1688375706;11280.555555555557;24742.55555555556;12081.77777777778;12935.77777777778
1688375707;11286.333333333334;23063.333333333336;12080.444444444445;12943.88888888889
1688375708;11287.88888888889;23614.88888888889;12082.555555555557;12947.222222222223
1688375709;11288.444444444445;21374.55555555556;12089.88888888889;12953.333333333334
1688375710;11289.222222222223;24134.55555555556;12088.555555555557;12932.88888888889
1688375711;11272.88888888889;22075.88888888889;12077.222222222223;12994.666666666668
1688375712;11273.222222222223;22453.444444444445;12077.444444444445;12907.444444444445
1688375713;11266.444444444445;21604.111111111113;11977.666666666668;12863
1688375714;11261.88888888889;23197.222222222223;11969.555555555557;12964.444444444445
1688375715;11254.555555555557;22654.55555555556;12011.444444444445;12966.111111111111
1688375716;11249.333333333334;23942.222222222223;12010.77777777778;12966.555555555557
1688375717;11260.222222222223;23337.111111111113;12007.222222222223;12972.444444444445
1688375718;11258.77777777778;23225.333333333336;12016.77777777778;13000.111111111111
1688375719;11263.77777777778;27599.000000000004;12016.333333333334;12976.222222222223
1688375720;11262.88888888889;29682.666666666668;12018.77777777778;12916
1688375721;11263.333333333334;28507.111111111113;12027.222222222223;12962.333333333334
1688375722;11263;28702.77777777778;12028.222222222223;12953.666666666668
1688375723;11261.333333333334;29837.000000000004;11937.666666666668;12874
1688375724;11260;29880.111111111113;11895.77777777778;12960.88888888889
1688375725;11259.333333333334;29988.444444444445;12054.666666666668;12967.88888888889
1688375726;11246.111111111111;30905.666666666668;12056.444444444445;13000
1688375727;11247.222222222223;30845.666666666668;12035.88888888889;12967.444444444445
1688375728;11240.222222222223;24261.444444444445;12037;12966.333333333334
1688375729;11241.222222222223;23773.111111111113;12035.111111111111;12964.88888888889
1688375730;11241.88888888889;25328.222222222223;12025.77777777778;12911.444444444445
1688375731;11241.666666666668;24131.666666666668;12032.444444444445;12974.88888888889
1688375732;11251.444444444445;22558.55555555556;12042.222222222223;12945.333333333334
1688375733;11252.444444444445;22793.111111111113;12038.222222222223;12865.88888888889
1688375734;11254.88888888889;23220.444444444445;11924;12978.666666666668
1688375735;11255.222222222223;23277.333333333336;12060.333333333334;12947.333333333334
1688375736;11255.444444444445;23752;12067.666666666668;12954.555555555557
1688375737;11261.444444444445;23889.55555555556;12074;12954.555555555557
1688375738;11260.333333333334;23027.77777777778;12076.333333333334;12963.444444444445
1688375739;11260.444444444445;21816.666666666668;12077.444444444445;12970.555555555557
1688375740;11261;23937.222222222223;12083.88888888889;12968.111111111111
1688375741;11252.222222222223;23698;12120;12976
1688375742;11252.88888888889;23128.55555555556;12163.444444444445;13011
1688375743;11252.666666666668;23065.88888888889;12120;12890.222222222223
1688375744;11253.111111111111;22766.111111111113;11984.222222222223;12970.666666666668
1688375745;11253.88888888889;23164.222222222223;12131.666666666668;12960.77777777778
1688375746;11247.444444444445;23291.666666666668;12126.555555555557;12952.444444444445
1688375747;11258;23243.444444444445;12126;12942.77777777778
1688375748;11257;22637.666666666668;12154.555555555557;12932.88888888889
1688375749;11256.77777777778;26718.77777777778;12140.666666666668;12885.77777777778
1688375750;11255.111111111111;28742.666666666668;12106;12885.444444444445
1688375751;11254.333333333334;28808.444444444445;12065.333333333334;12842.555555555557
1688375752;11253.444444444445;28267.88888888889;12065.111111111111;12892.111111111111
1688375753;11251.77777777778;29145.444444444445;12063.666666666668;12809.666666666668
1688375754;11252.111111111111;28321.55555555556;11910.555555555557;12913.444444444445
1688375755;11252.88888888889;28383.444444444445;12048.555555555557;12929.333333333334
1688375756;11242.555555555557;29037.55555555556;12056.333333333334;12939.88888888889
1688375757;11242.222222222223;30053.666666666668;12027.222222222223;12948.111111111111
1688375758;11240.555555555557;24044.55555555556;12030.222222222223;12981.77777777778
1688375759;11242.333333333334;22128.444444444445;12019.555555555557;12980
1688375760;11243.111111111111;23906.666666666668;12020.111111111111;12971.333333333334
1688375761;11242.88888888889;23525.666666666668;12020.444444444445;12920.666666666668
1688375762;11254.222222222223;22949.111111111113;12030.666666666668;12960.555555555557
1688375763;11254.222222222223;23438.55555555556;12030.444444444445;12858.444444444445
1688375764;11253.111111111111;24158.111111111113;11892.555555555557;12947.77777777778
1688375765;11253.77777777778;23932.222222222223;11991.88888888889;12939.444444444445
1688375766;11253.444444444445;24008.222222222223;12056.333333333334;12931.111111111111
1688375767;11257.444444444445;24368.55555555556;12056.444444444445;12891
1688375768;11257.88888888889;24064.88888888889;12060.666666666668;12893
1688375769;11264.77777777778;21820.666666666668;12067.666666666668;12892.333333333334
1688375770;11265.444444444445;23962.333333333336;12069.222222222223;12904.77777777778
1688375771;11253.555555555557;23259.444444444445;12060;12866.111111111111
1688375772;11260.444444444445;23253.88888888889;12061.111111111111;12920.77777777778
1688375773;11261.88888888889;23816.77777777778;12060.77777777778;12815.77777777778
1688375774;11262.111111111111;24298.333333333336;11955.555555555557;12905.88888888889
1688375775;11263.222222222223;24471.333333333336;11983;12898.111111111111
1688375776;11263.111111111111;24653;12039;12899.111111111111
1688375777;11273.88888888889;25347.444444444445;12038.333333333334;12908.555555555557
1688375778;11274.111111111111;25247.77777777778;12050.444444444445;12914.222222222223
1688375779;11282.555555555557;28498.55555555556;12051.666666666668;12893.77777777778
1688375780;11293.111111111111;31001.666666666668;12053.444444444445;12877
1688375781;11285.222222222223;30136.55555555556;12060.333333333334;12821.111111111111
1688375782;11285.666666666668;28917.111111111113;12060.444444444445;12829.222222222223
1688375783;11285.222222222223;29342.000000000004;12060.444444444445;12783
1688375784;11285;28724.77777777778;11971;12808.111111111111
1688375785;11291.666666666668;28887.88888888889;11989.222222222223;12911.555555555557
1688375786;11278.88888888889;28424.77777777778;12058.666666666668;12901.77777777778
1688375787;11270.111111111111;29360.444444444445;12040;12905.111111111111
1688375788;11267.444444444445;24096.666666666668;12039.666666666668;12915.111111111111
1688375789;11259.333333333334;21562.444444444445;12040.555555555557;12923.222222222223
1688375790;11259.666666666668;24444.444444444445;12035.444444444445;12926.444444444445
1688375791;11259.666666666668;24324.666666666668;12036.444444444445;12984.444444444445
1688375792;11268.88888888889;22893.222222222223;12037.111111111111;12940.333333333334
1688375793;11268.666666666668;24017.666666666668;12047.222222222223;12997.666666666668
1688375794;11259.555555555557;23138.333333333336;11977.77777777778;12910.444444444445
1688375795;11266.88888888889;24120.444444444445;11945.444444444445;12995
1688375796;11267.88888888889;22843.222222222223;12042.444444444445;13001.222222222223
1688375797;11267.333333333334;24942;12110.77777777778;13001.666666666668
1688375798;11267.222222222223;24314.55555555556;12145.88888888889;13001.333333333334
1688375799;11275.222222222223;22272.55555555556;12142.88888888889;13005.88888888889
1688375800;11276.666666666668;23470;12141.555555555557;12941
1688375801;11275.666666666668;24480.333333333336;12139.444444444445;12960
1688375802;11275.666666666668;22599.111111111113;12142.666666666668;12888.333333333334
1688375803;11274.77777777778;24618.77777777778;12137.88888888889;12926.666666666668
1688375804;11268.555555555557;22936.444444444445;12098.111111111111;12843.77777777778
1688375805;11269.555555555557;24407.333333333336;12001;12924.111111111111
1688375806;11264.444444444445;21984.111111111113;12020.555555555557;12914.444444444445
1688375807;11283;24567.111111111113;12038.111111111111;12908
1688375808;11272.88888888889;23232.77777777778;12047.555555555557;12901
1688375809;11270.77777777778;28065.333333333336;12055.88888888889;12914.77777777778
1688375810;11263.444444444445;27684.111111111113;12058.77777777778;12894.111111111111
1688375811;11263.88888888889;29975.444444444445;12041.333333333334;12894.222222222223
1688375812;11272.77777777778;27832.000000000004;12040.555555555557;12837.666666666668
1688375813;11273.555555555557;29720.77777777778;12040.444444444445;12889.88888888889
1688375814;11273.222222222223;28042.88888888889;12039.111111111111;12809.333333333334
1688375815;11273.222222222223;28885.222222222223;11948.222222222223;12817.666666666668
1688375816;11262.88888888889;27078.88888888889;11997.555555555557;12925.77777777778
1688375817;11264.555555555557;28906.111111111113;12052.555555555557;12926.444444444445
1688375818;11265.555555555557;22372.222222222223;12043.444444444445;12926.111111111111
1688375819;11264.88888888889;22562.666666666668;12040.555555555557;12927.555555555557
1688375820;11271.222222222223;21906.111111111113;12041.666666666668;12923.666666666668
1688375821;11264.333333333334;23700.77777777778;12037.444444444445;12924.555555555557
1688375822;11282.333333333334;22099.333333333336;12043.111111111111;12867.555555555557
1688375823;11282.222222222223;24919.222222222223;12043.77777777778;12864
1688375824;11282.88888888889;23724.77777777778;12044.88888888889;12919
1688375825;11274.222222222223;24679.666666666668;11949.333333333334;12818.666666666668
1688375826;11275.444444444445;23258.77777777778;11886.111111111111;12900.333333333334
1688375827;11282.444444444445;24468.77777777778;12032.333333333334;12893.333333333334
1688375828;11283;24060.333333333336;12032.88888888889;12894.222222222223
1688375829;11278.444444444445;23328.222222222223;12037.555555555557;12897.555555555557
1688375830;11280.444444444445;22540.111111111113;12040.222222222223;12897.88888888889
1688375831;11264.555555555557;24074.111111111113;12034.333333333334;12929.111111111111
1688375832;11272.444444444445;22071.222222222223;12033.222222222223;12927
1688375833;11273.88888888889;23563;12032.88888888889;12880
1688375834;11281.88888888889;22063.88888888889;12023.444444444445;12935.444444444445
1688375835;11282.333333333334;24020.88888888889;12081.444444444445;12854.111111111111
1688375836;11275.333333333334;21994.222222222223;11935.111111111111;12946.222222222223
1688375837;11275.222222222223;23124.111111111113;12079.222222222223;12944.333333333334
1688375838;11293.555555555557;23244.55555555556;12153.111111111111;12962.77777777778
1688375839;11290.666666666668;29221.000000000004;12152;12963.88888888889
1688375840;11297;28830.222222222223;12150.444444444445;12983.77777777778
1688375841;11298.111111111111;29128.88888888889;12155.77777777778;12984.77777777778
1688375842;11305.444444444445;29090.000000000004;12155.88888888889;12971
1688375843;11301.666666666668;34680.555555555555;12157.111111111111;12914.333333333334
1688375844;11302.666666666668;33689;12125.111111111111;13190.111111111111
1688375845;11310.111111111111;34405.77777777778;12126.666666666668;13102
1688375846;11309.222222222223;33209;11982.222222222223;13199.555555555557
1688375847;11289.77777777778;33243.66666666667;11994.333333333334;13180.000000000002
1688375848;11290.88888888889;27641.666666666668;12050.333333333334;13177.222222222223
1688375849;11283.222222222223;26566.444444444445;12051.444444444445;13129.333333333334
1688375850;11274.666666666668;28036.333333333336;12047;13128.222222222223
1688375851;11266.88888888889;27053.111111111113;12047.222222222223;13142.111111111111
1688375852;11264.111111111111;23367;12067.555555555557;13134.555555555557
1688375853;11273;23029.111111111113;12049.222222222223;12907
1688375854;11263.555555555557;24677.666666666668;12047.222222222223;12955.88888888889
1688375855;11264.444444444445;24031.55555555556;12055.444444444445;12866.77777777778
1688375856;11263.77777777778;23941.444444444445;11972.333333333334;12963.666666666668
1688375857;11263.444444444445;22950.77777777778;12019.88888888889;12966.77777777778
1688375858;11262.444444444445;24363.88888888889;12082.444444444445;12967.333333333334
1688375859;11263.333333333334;22531.88888888889;12081.111111111111;12965.666666666668
1688375860;11262.333333333334;23939.222222222223;12081.444444444445;12957.88888888889
1688375861;11261.444444444445;22279.111111111113;12061.444444444445;12967.77777777778
1688375862;11251.222222222223;23095.444444444445;12063.555555555557;12919.77777777778
1688375863;11251.444444444445;23006.222222222223;12071.555555555557;12866.77777777778
1688375864;11251.333333333334;23416.333333333336;12062.444444444445;12904.333333333334
1688375865;11250.77777777778;22785.77777777778;12054.222222222223;12807.111111111111
1688375866;11249.333333333334;22894.444444444445;11949.222222222223;12806.444444444445
1688375867;11248.555555555557;21907.222222222223;11886.333333333334;12881.666666666668
1688375868;11258.555555555557;22635.88888888889;12042.88888888889;12879.333333333334
1688375869;11258.333333333334;27607.111111111113;12047.77777777778;12889.111111111111
1688375870;11258.666666666668;29303.444444444445;12047;12889.222222222223
1688375871;11257.333333333334;27895.222222222223;12035.333333333334;12888.555555555557
1688375872;11257.88888888889;27812.111111111113;12027.666666666668;12897.88888888889
1688375873;11256.88888888889;28315.666666666668;12034.333333333334;12897.444444444445
1688375874;11257.555555555557;28987.111111111113;12074.88888888889;12916.444444444445
1688375875;11258.555555555557;28396.111111111113;12076.88888888889;12972.666666666668
1688375876;11265.555555555557;28488.333333333336;12077.333333333334;12908.666666666668
1688375877;11262.444444444445;27529.77777777778;11920.666666666668;13015.444444444445
1688375878;11268.555555555557;25460.88888888889;12220.222222222223;13006
1688375879;11274.111111111111;31933.666666666668;12245.222222222223;13044.77777777778
1688375880;11274.77777777778;34229.88888888889;12248;13046.666666666668
1688375881;11274.444444444445;32829.444444444445;12249.666666666668;13034.111111111111
1688375882;11275.77777777778;33842.444444444445;12252.555555555557;12990
1688375883;11284.444444444445;33706.222222222226;12220.222222222223;12972.555555555557
1688375884;11282.444444444445;34565.555555555555;12219.222222222223;12922.666666666668
1688375885;11275.88888888889;34296.444444444445;12268.111111111111;12941.666666666668
1688375886;11267.333333333334;34455.88888888889;12268.555555555557;12839.77777777778
1688375887;11267.555555555557;30391.666666666668;11961.333333333334;12939.555555555557
1688375888;11272.333333333334;23213.333333333336;12033.111111111111;12908
1688375889;11272;22302.111111111113;12092.111111111111;12946.77777777778
1688375890;11271.77777777778;24417.666666666668;12092.88888888889;12953.444444444445
1688375891;11271.88888888889;22789.88888888889;12084;12959.333333333334
