Time;{instance="10.231.0.208:9100"};{instance="192.168.221.10:9100"};{instance="192.168.221.11:9100"};{instance="192.168.221.12:9100"}
1688369340;0;1354928.551724138;1353798.6206896552;3016915.8620689656
1688369341;0;3531.0344827586205;1353798.6206896552;3038102.068965517
1688369342;1186710.0689655172;0;1353798.6206896552;3160275.8620689656
1688369343;3639366.620689655;0;251974.62068965516;3167196.689655172
1688369344;5120282.482758621;0;0;3169597.793103448
1688369345;6173519.448275862;0;0;3174682.4827586208
1688369346;8661768.827586208;0;0;1678653.7931034483
1688369347;11765406.896551725;0;0;377255.724137931
1688369348;15042065.655172413;0;0;377255.724137931
1688369349;18361096.827586208;0;0;232907.0344827586
1688369350;22340996.413793102;0;0;211014.62068965516
1688369351;26177394.75862069;0;0;211155.8620689655
1688369352;30227067.586206894;0;0;195901.79310344826
1688369353;34275045.51724138;0;0;195901.79310344826
1688369354;38305933.24137931;0;0;195901.79310344826
1688369355;42354899.862068966;0;0;197879.1724137931
1688369356;46187625.93103448;0;0;197879.1724137931
1688369357;49893799.72413793;0;0;198161.6551724138
1688369358;53798841.37931035;0;0;198161.6551724138
1688369359;57848514.20689655;0;0;198161.6551724138
1688369360;62042818.20689655;0;0;200986.4827586207
1688369361;65658597.51724138;0;0;201268.96551724136
1688369362;69852901.51724137;0;0;201268.96551724136
1688369363;73857377.10344827;0;0;201268.96551724136
1688369364;77807616;0;0;201268.96551724136
1688369365;82001920;0;0;201268.96551724136
1688369366;85997356.13793103;0;0;201268.96551724136
1688369367;90010871.1724138;0;0;201268.96551724136
1688369368;94150938.48275863;0;0;201268.96551724136
1688369369;98092137.93103448;0;0;200845.24137931035
1688369370;101961021.79310344;0;0;179659.0344827586
1688369371;104986694.62068966;0;0;57485.24137931034
1688369372;106466198.06896551;0;0;50564.41379310345
1688369373;108989757.79310344;0;0;48163.31034482759
1688369374;112130824.8275862;0;0;43078.620689655174
1688369375;113258354.7586207;0;0;5790.896551724138
1688369376;114349020.68965517;0;0;5932.137931034483
1688369377;114887009.10344827;0;0;5790.896551724138
1688369378;115563414.06896551;0;0;7627.0344827586205
1688369379;115922449.65517241;0;0;8474.48275862069
1688369380;115701830.62068966;0;0;8333.241379310344
1688369381;115991092.96551724;0;0;11158.068965517241
1688369382;115721604.4137931;2401.103448275862;0;11158.068965517241
1688369383;115722310.62068966;2401.103448275862;0;11158.068965517241
1688369384;115967081.93103448;2401.103448275862;0;9180.689655172413
1688369385;116138831.44827586;2401.103448275862;0;9321.931034482759
1688369386;116301541.51724137;2401.103448275862;0;9039.448275862069
1688369387;116482330.48275863;2401.103448275862;0;9039.448275862069
1688369388;116428093.79310344;2401.103448275862;0;9039.448275862069
1688369389;116138831.44827586;2401.103448275862;0;6214.620689655172
1688369390;116717356.13793103;2401.103448275862;0;5932.137931034483
1688369391;116138831.44827586;2401.103448275862;0;5932.137931034483
1688369392;116419054.34482758;2401.103448275862;0;8615.724137931034
1688369393;116428093.79310344;2401.103448275862;0;9463.172413793103
1688369394;116138831.44827586;2401.103448275862;0;9463.172413793103
1688369395;116337699.31034483;2401.103448275862;0;9463.172413793103
1688369396;116355778.20689654;2401.103448275862;0;9463.172413793103
1688369397;116138831.44827586;2401.103448275862;0;9463.172413793103
1688369398;115861009.65517241;2401.103448275862;0;10028.137931034482
1688369399;115776829.79310344;2401.103448275862;0;13276.689655172413
1688369400;115469488.55172414;2401.103448275862;0;19491.310344827587
1688369401;112910759.72413793;2401.103448275862;0;24717.241379310344
1688369402;108906284.13793103;2401.103448275862;0;24858.48275862069
1688369403;104711980.13793103;2401.103448275862;0;25705.931034482757
1688369404;103591088.55172414;2401.103448275862;0;58332.68965517241
1688369405;103446457.37931034;2401.103448275862;0;1757607.724137931
1688369406;103681483.03448276;2401.103448275862;0;3359143.724137931
1688369407;103735719.72413793;2401.103448275862;0;4900934.620689655
1688369408;103301826.20689654;2401.103448275862;0;6550351.448275862
1688369409;103736143.44827586;2401.103448275862;0;7988894.896551724
1688369410;103471880.8275862;2401.103448275862;0;9761050.48275862
1688369411;103888684.13793103;0;0;11522754.206896551
1688369412;103906763.03448276;0;0;12968359.72413793
1688369413;103662697.93103448;0;0;14572861.793103447
1688369414;103707895.1724138;0;0;16152081.655172413
1688369415;103888684.13793103;0;0;17700228.413793102
1688369416;103852526.34482758;0;0;19408542.896551725
1688369417;103906763.03448276;0;0;21074908.689655174
1688369418;103906763.03448276;0;0;22684071.724137932
1688369419;103762131.86206897;0;0;24298319.44827586
1688369420;104196025.37931034;0;0;25822878.896551725
1688369421;103960999.72413793;0;0;27456617.931034483
1688369422;103906763.03448276;0;0;29145017.379310343
1688369423;104105630.89655173;0;0;30781722.48275862
1688369424;104051394.20689654;0;0;32691023.44827586
1688369425;103970039.1724138;0;0;34502020.4137931
1688369426;104150828.13793103;0;0;35690990.344827585
1688369427;104437689.37931034;0;0;37348457.93103448
1688369428;104702658.20689654;0;564.9655172413793;38985445.51724138
1688369429;104702658.20689654;0;564.9655172413793;40608591.448275864
1688369430;104197014.06896551;0;564.9655172413793;41231607.172413796
1688369431;104197014.06896551;0;564.9655172413793;41231465.93103448
1688369432;104197014.06896551;0;564.9655172413793;41235138.20689655
1688369433;101702126.34482758;0;564.9655172413793;41216494.344827585
1688369434;97652453.51724137;0;564.9655172413793;39517078.06896552
1688369435;93602780.68965517;0;564.9655172413793;37919496.827586204
1688369436;92301100.13793103;0;564.9655172413793;36599878.62068965
1688369437;92445731.31034483;0;564.9655172413793;36509484.137931034
1688369438;92445307.5862069;0;564.9655172413793;36671911.72413793
1688369439;92420307.86206897;0;564.9655172413793;36420925.79310345
1688369440;92274688;0;564.9655172413793;36274458.48275862
1688369441;92274688;0;564.9655172413793;36398609.655172415
1688369442;92274688;0;564.9655172413793;36452846.344827585
1688369443;89960589.2413793;0;564.9655172413793;35809068.137931034
1688369444;85910916.4137931;0;564.9655172413793;34290723.31034483
1688369445;81861243.5862069;0;564.9655172413793;32582408.827586208
1688369446;77811570.7586207;0;564.9655172413793;30922398.896551725
1688369447;73906529.10344827;0;564.9655172413793;29321569.103448275
1688369448;69856856.27586207;0;564.9655172413793;27710569.931034483
1688369449;69422962.7586207;0;564.9655172413793;26717643.03448276
1688369450;69422962.7586207;0;564.9655172413793;26206631.724137932
1688369451;69422962.7586207;0;564.9655172413793;26185163.03448276
1688369452;69422962.7586207;0;564.9655172413793;26184598.068965517
1688369453;69323528.8275862;0;564.9655172413793;26047170.20689655
1688369454;68605740.13793103;0;564.9655172413793;25953668.413793102
1688369455;64501830.62068965;0;564.9655172413793;26299144.827586208
1688369456;60551591.72413793;0;564.9655172413793;27054644.96551724
1688369457;56501918.89655172;0;0;27344331.03448276
1688369458;52596877.24137931;0;0;27785145.379310343
1688369459;51729090.20689655;0;0;29556877.24137931
1688369460;51729090.20689655;0;0;31910806.068965517
1688369461;51729090.20689655;0;0;34252023.172413796
1688369462;51729090.20689655;0;0;36590980.4137931
1688369463;51729090.20689655;0;0;38172601.37931035
1688369464;51729090.20689655;0;0;38764544
1688369465;48981097.93103448;0;0;38990671.448275864
1688369466;44931425.10344827;0;0;39619195.5862069
1688369467;40881893.51724138;0;0;40332323.31034483
1688369468;36832220.68965517;0;0;41019321.37931035
1688369469;32782547.862068966;0;0;41582592
1688369470;28732875.03448276;0;0;42349532.68965517
1688369471;24683202.20689655;0;0;42828623.448275864
1688369472;22947628.137931034;0;0;44274935.172413796
1688369473;22947628.137931034;0;0;46768410.48275862
1688369474;22947628.137931034;0;0;49023752.827586204
1688369475;22947628.137931034;0;0;51317936.551724136
1688369476;22947628.137931034;0;0;53741214.89655172
1688369477;22947628.137931034;0;0;56045709.24137931
1688369478;19331848.827586208;0;0;57541737.93103448
1688369479;15282176;0;0;58264470.06896552
1688369480;11377134.344827587;0;0;58964744.827586204
1688369481;7273224.827586207;0;0;59638183.72413793
1688369482;3232591.448275862;0;0;60270803.862068966
1688369483;141.24137931034483;0;0;60790572.137931034
1688369484;141.24137931034483;0;0;61570083.31034483
1688369485;141.24137931034483;0;0;61253702.62068965
1688369486;141.24137931034483;0;0;61750166.06896552
1688369487;141.24137931034483;0;0;62102563.31034483
1688369488;141.24137931034483;0;0;61991971.31034483
1688369489;141.24137931034483;0;0;62078693.51724138
1688369490;141.24137931034483;0;0;61893384.827586204
1688369491;141.24137931034483;0;0;61666268.68965517
1688369492;141.24137931034483;0;0;62367108.4137931
1688369493;141.24137931034483;0;0;64188557.24137931
1688369494;141.24137931034483;0;0;65880911.448275864
1688369495;141.24137931034483;0;0;66056333.241379306
1688369496;0;0;0;66015655.72413793
1688369497;0;0;0;66107745.10344827
1688369498;0;0;0;65712834.20689655
1688369499;0;0;0;65605914.48275862
1688369500;0;0;0;64550982.62068965
1688369501;0;0;0;62608207.448275864
1688369502;0;0;0;62478971.5862069
1688369503;0;0;0;62775296
1688369504;0;0;0;62766256.551724136
1688369505;0;0;0;62648743.72413793
1688369506;0;0;0;62614422.06896552
1688369507;0;0;0;62914418.75862069
1688369508;0;0;0;63403396.4137931
1688369509;0;0;0;63322747.5862069
1688369510;0;0;0;63101422.344827585
1688369511;0;0;0;62956791.17241379
1688369512;0;0;0;63187297.10344827
1688369513;0;0;0;63250714.48275862
1688369514;0;0;0;63463141.51724138
1688369515;0;0;0;63210743.17241379
1688369516;0;0;0;62924729.37931035
1688369517;0;0;0;63022327.17241379
1688369518;0;0;0;62900153.37931035
1688369519;0;0;0;62963429.51724138
1688369520;0;0;0;63011592.827586204
1688369521;0;0;0;62979954.75862069
1688369522;0;0;0;62885605.51724138
1688369523;0;0;0;62912582.62068965
1688369524;0;0;0;62876424.827586204
1688369525;0;0;0;63025575.72413793
1688369526;0;0;0;63027553.10344827
1688369527;0;0;0;63613846.06896552
1688369528;0;0;0;63639269.51724138
1688369529;0;0;0;64458328.27586207
1688369530;0;0;0;66439238.62068965
1688369531;0;0;0;66384013.241379306
1688369532;0;0;0;66304635.5862069
1688369533;0;0;0;65521169.655172415
1688369534;0;0;0;65915939.31034483
1688369535;0;0;0;65616507.5862069
1688369536;0;0;0;64037711.448275864
1688369537;0;0;0;61709347.31034483
1688369538;0;0;0;61324040.827586204
1688369539;0;0;0;61581523.862068966
1688369540;0;0;0;61658359.17241379
1688369541;0;0;0;61381949.79310345
1688369542;0;0;0;61382373.51724138
1688369543;0;0;0;61377853.79310345
1688369544;0;0;0;61477287.72413793
1688369545;0;0;0;61582512.551724136
1688369546;0;0;0;61243109.51724138
1688369547;0;0;0;61315566.344827585
1688369548;0;0;0;61460338.75862069
1688369549;0;0;0;61586891.034482755
1688369550;0;0;0;61718528
1688369551;0;0;0;61252996.4137931
1688369552;0;0;0;61139579.5862069
1688369553;0;0;0;61162178.20689655
1688369554;0;0;0;61085342.89655172
1688369555;0;0;0;61112461.24137931
1688369556;0;0;0;61070230.06896552
1688369557;0;0;0;60681675.034482755
1688369558;0;0;0;60944101.51724138
1688369559;0;0;0;60789583.448275864
1688369560;0;0;0;60829554.75862069
1688369561;0;0;0;60511196.68965517
1688369562;0;0;0;61396073.93103448
1688369563;0;0;0;60984496.551724136
1688369564;0;0;0;61318249.93103448
1688369565;0;0;0;62802555.5862069
1688369566;0;0;0;64700557.24137931
1688369567;0;0;0;64800697.37931035
1688369568;0;0;0;64810866.75862069
1688369569;0;0;0;64761714.75862069
1688369570;0;0;0;64852815.448275864
1688369571;0;0;0;64766516.96551724
1688369572;0;0;0;64670755.31034483
1688369573;0;0;0;62651992.27586207
1688369574;0;0;0;62620212.96551724
1688369575;0;0;0;63022327.17241379
1688369576;0;0;0;62940972.137931034
1688369577;0;0;0;62904673.10344827
1688369578;0;0;0;62954107.5862069
1688369579;0;0;0;62587021.24137931
1688369580;0;0;0;63093230.344827585
1688369581;0;0;0;63463282.75862069
1688369582;0;0;0;63516530.75862069
1688369583;0;0;0;63561728
1688369584;0;0;0;63567236.4137931
1688369585;0;0;0;63282070.06896552
1688369586;0;0;0;63815397.51724138
1688369587;0;0;0;64055507.862068966
1688369588;0;0;0;64172173.24137931
1688369589;0;0;0;64072033.10344827
1688369590;0;0;0;63997316.4137931
1688369591;0;0;0;63891385.37931035
1688369592;0;0;0;63939831.17241379
1688369593;0;0;0;64113416.827586204
1688369594;0;0;0;64091806.89655172
1688369595;0;0;0;64408752.551724136
1688369596;0;0;0;64719201.10344827
1688369597;0;0;0;64789115.5862069
1688369598;0;0;0;64942786.20689655
1688369599;0;0;0;65030638.344827585
1688369600;0;0;0;64036299.034482755
1688369601;0;0;0;64157625.37931035
1688369602;0;0;0;64750980.4137931
1688369603;0;0;0;64918351.448275864
1688369604;0;0;0;64748579.31034483
1688369605;0;0;0;64816375.17241379
1688369606;0;0;0;64817646.344827585
1688369607;0;0;0;64863126.06896552
1688369608;0;0;0;64498582.06896552
1688369609;0;0;0;62254962.75862069
1688369610;0;0;0;59828859.5862069
1688369611;2939091.8620689656;0;0;58639042.20689655
1688369612;6772665.379310344;0;0;56307853.24137931
1688369613;10731943.72413793;0;0;54579058.75862069
1688369614;14636985.379310345;0;0;52552809.93103448
1688369615;18542027.03448276;0;0;50152836.4137931
1688369616;23305816.275862068;0;0;47754840.27586207
1688369617;27066226.75862069;0;0;45376476.68965517
1688369618;31161096.827586208;0;0;43153619.862068966
1688369619;35355400.827586204;0;0;41074688
1688369620;39088692.96551724;0;0;39198861.24137931
1688369621;43282996.96551724;0;0;36867672.27586207
1688369622;47025328.551724136;0;0;34386343.72413793
1688369623;51219632.551724136;0;0;32180718.344827585
1688369624;55269305.37931035;0;0;29962522.48275862
1688369625;59174347.034482755;0;0;27649836.137931034
1688369626;63368651.034482755;0;0;25225569.103448275
1688369627;67422973.72232568;0;0;22784353.103448275
1688369628;71269128.8275862;0;0;20416723.862068966
1688369629;75517669.51724137;0;0;19119563.03448276
1688369630;79666776.27586207;0;0;16789362.75862069
1688369631;83372950.06896551;0;0;15941349.51724138
1688369632;87567254.06896551;0;0;13740808.827586208
1688369633;91372861.79310344;0;0;11460890.48275862
1688369634;95476771.31034483;0;0;9083515.586206896
1688369635;99381812.96551724;0;0;6760801.1034482755
1688369636;103286854.62068966;0;0;4370573.24137931
1688369637;107580592.55172414;0;0;2737399.172413793
1688369638;111187332.4137931;0;0;2617202.7586206896
1688369639;115435873.10344827;0;0;2617202.7586206896
1688369640;116564532.96551724;0;0;1403515.5862068965
1688369641;116473291.03448276;0;0;1348290.2068965517
1688369642;116852947.86206897;0;0;739398.6206896552
1688369643;116798711.1724138;0;0;723155.8620689656
1688369644;116852947.86206897;0;0;723720.8275862068
1688369645;116428093.79310344;0;0;717223.724137931
1688369646;115126413.2413793;0;0;713410.2068965518
1688369647;115081216;0;0;662139.5862068966
1688369648;114647322.48275863;0;0;663410.7586206896
1688369649;115017939.86206897;0;0;260590.3448275862
1688369650;115008900.4137931;0;0;246042.4827586207
1688369651;115126413.2413793;0;0;249008.55172413794
1688369652;115126413.2413793;0;0;243076.41379310345
1688369653;115271044.4137931;0;0;237568
1688369654;115126413.2413793;0;0;419204.4137931034
1688369655;115126413.2413793;0;0;466237.7931034483
1688369656;114837150.89655173;0;0;466237.7931034483
1688369657;115180649.93103448;0;0;477960.8275862069
1688369658;114981782.06896551;0;0;496887.1724137931
1688369659;114882348.13793103;0;0;604371.8620689656
1688369660;115081216;0;0;604371.8620689656
1688369661;114746756.4137931;0;0;427537.6551724138
1688369662;115036018.7586207;0;0;427537.6551724138
1688369663;115180649.93103448;0;0;427537.6551724138
1688369664;114741248;0;0;416803.3103448276
1688369665;114786445.2413793;0;0;411577.3793103448
1688369666;114521900.13793103;0;0;396888.275862069
1688369667;114675570.7586207;0;0;396888.275862069
1688369668;115000990.89655173;0;0;544626.7586206896
1688369669;114838280.8275862;0;0;1538118.6206896552
1688369670;114946754.20689654;0;0;2595734.068965517
1688369671;114079249.65517241;0;0;3567474.7586206896
1688369672;114260038.62068966;0;0;4588932.413793104
1688369673;114350433.10344827;0;0;5659542.068965517
1688369674;113482646.06896551;0;0;6717157.517241379
1688369675;112614859.03448276;0;0;6987211.0344827585
1688369676;111747072;0;0;7800761.379310344
1688369677;110156129.10344827;0;0;8020674.206896552
1688369678;110246523.5862069;0;0;9032809.931034483
1688369679;110110931.86206897;0;0;9992262.620689655
1688369680;110300760.27586207;0;0;10970076.689655172
1688369681;110011497.93103448;0;0;11864558.344827587
1688369682;109866866.7586207;0;0;12890535.72413793
1688369683;109866866.7586207;0;0;13468212.965517242
1688369684;109722235.5862069;0;0;14457891.310344828
1688369685;110011497.93103448;0;0;15474688
1688369686;109722235.5862069;0;0;16330610.758620689
1688369687;109866866.7586207;0;0;17418875.586206898
1688369688;109478170.48275863;0;0;18273527.172413792
1688369689;109478170.48275863;0;0;19032840.827586208
1688369690;109857827.31034483;0;0;20106699.03448276
1688369691;109667998.89655173;0;0;21619817.931034483
1688369692;109469131.03448276;0;0;23255251.862068966
1688369693;109667998.89655173;0;0;24794782.896551725
1688369694;109622801.65517241;0;0;26465385.931034483
1688369695;109417295.44827586;0;0;28211553.103448275
1688369696;106316764.68965517;0;0;29012391.724137932
1688369697;103333746.7586207;0;0;28869455.44827586
1688369698;102899853.2413793;0;0;28648271.44827586
1688369699;102972168.8275862;0;0;29252925.79310345
1688369700;103676963.31034483;0;0;30010685.79310345
1688369701;103550411.03448276;0;0;30668164.413793102
1688369702;103215951.44827586;0;0;30659689.931034483
1688369703;103405779.86206897;0;0;30555171.310344826
1688369704;104906328.27586207;0;0;30313224.827586208
1688369705;105385419.03448276;0;0;29734982.620689657
1688369706;107166190.34482758;0;0;31121831.724137932
1688369707;106443034.48275863;0;0;31838066.75862069
1688369708;106497271.1724138;0;0;32040183.172413792
1688369709;106461113.37931034;0;0;32724638.896551725
1688369710;106605744.55172414;0;0;33561211.5862069
1688369711;103839673.37931034;0;0;33653159.72413793
1688369712;103286148.4137931;0;0;33449772.137931034
1688369713;102129099.03448276;0;0;33984794.48275862
1688369714;98537189.51724137;0;0;35042692.4137931
1688369715;94632147.86206897;0;0;36691120.551724136
1688369716;90437843.86206897;0;0;37744781.24137931
1688369717;86776867.31034483;0;0;38553811.862068966
1688369718;82871825.65517241;0;0;39744052.96551724
1688369719;78632324.4137931;0;0;40663110.62068965
1688369720;74727282.7586207;0;0;40962401.10344827
1688369721;70677609.93103448;0;0;41283725.24137931
1688369722;67013102.344827585;0;0;42269025.10344827
1688369723;63108060.68965517;0;0;42853764.4137931
1688369724;59284374.06896552;0;0;43613360.551724136
1688369725;58624494.344827585;0;0;45121959.72413793
1688369726;57033551.448275864;1412.4137931034484;0;47372499.862068966
1688369727;53562403.31034483;1412.4137931034484;0;48995363.31034483
1688369728;49639282.75862069;1412.4137931034484;0;49675864.27586207
1688369729;45463057.655172415;1412.4137931034484;0;49157649.655172415
1688369730;41558016;1412.4137931034484;0;49720496.551724136
1688369731;37842802.75862069;1412.4137931034484;0;50705372.68965517
1688369732;34181826.20689655;1412.4137931034484;0;52125131.034482755
1688369733;31090334.896551725;1412.4137931034484;0;54433721.37931035
1688369734;27429358.344827585;1412.4137931034484;0;56462795.034482755
1688369735;23479119.44827586;1412.4137931034484;0;56738780.68965517
1688369736;20007971.310344826;1412.4137931034484;0;56293446.62068965
1688369737;15904061.793103447;1412.4137931034484;0;57051065.37931035
1688369738;11890546.758620689;1412.4137931034484;0;57568432.551724136
1688369739;7840873.931034483;1412.4137931034484;0;58383254.06896552
1688369740;6557272.275862069;1412.4137931034484;0;59625189.51724138
1688369741;3350386.7586206896;1412.4137931034484;0;61493954.20689655
1688369742;457763.3103448276;1412.4137931034484;0;62262448.551724136
1688369743;0;1412.4137931034484;0;62596060.68965517
1688369744;0;1412.4137931034484;0;61862594.20689655
1688369745;0;1412.4137931034484;0;61780532.96551724
1688369746;0;1412.4137931034484;0;62534055.72413793
1688369747;0;1412.4137931034484;0;62993513.93103448
1688369748;0;1412.4137931034484;0;63064699.5862069
1688369749;0;1412.4137931034484;0;63575428.4137931
1688369750;0;1412.4137931034484;0;63853250.20689655
1688369751;0;1412.4137931034484;0;63615399.72413793
1688369752;0;1412.4137931034484;0;63714692.4137931
1688369753;0;1412.4137931034484;0;63370910.89655172
1688369754;0;1412.4137931034484;0;63257776.551724136
1688369755;0;0;0;62575298.20689655
1688369756;0;0;0;61246216.827586204
1688369757;0;0;0;60594105.37931035
1688369758;0;0;0;61139014.62068965
1688369759;0;0;0;60694104.27586207
1688369760;0;0;0;60979694.344827585
1688369761;0;0;0;60861475.31034483
1688369762;0;0;0;60649048.27586207
1688369763;0;0;0;60165437.79310345
1688369764;0;0;0;60695375.448275864
1688369765;0;0;0;61716691.862068966
1688369766;0;0;0;62079964.68965517
1688369767;0;0;0;62247618.20689655
1688369768;0;0;0;61935192.27586207
1688369769;0;0;0;61985897.93103448
1688369770;0;0;0;61482372.4137931
1688369771;0;0;0;60932096
1688369772;0;0;0;60403994.48275862
1688369773;0;0;0;60549190.62068965
1688369774;0;0;0;60215013.51724138
1688369775;0;0;0;59542139.5862069
1688369776;0;0;0;58637206.06896552
1688369777;0;0;0;58193849.37931035
1688369778;0;0;0;58086929.655172415
1688369779;0;0;0;58311079.72413793
1688369780;0;0;0;58306560
1688369781;0;0;0;58229865.93103448
1688369782;0;0;0;58437773.24137931
1688369783;0;0;0;58571528.827586204
1688369784;0;0;0;58675482.48275862
1688369785;0;0;0;59829848.27586207
1688369786;0;0;0;60448768
1688369787;0;0;0;60997208.27586207
1688369788;0;0;0;61431384.27586207
1688369789;0;0;0;61413870.344827585
1688369790;0;0;0;61401017.37931035
1688369791;0;0;0;61369238.06896552
1688369792;0;0;0;61346639.448275864
1688369793;0;0;0;60893960.827586204
1688369794;0;0;0;60226454.06896552
1688369795;0;0;0;59630274.20689655
1688369796;0;0;0;59463609.37931035
1688369797;0;0;0;61368673.10344827
1688369798;0;0;0;61086755.31034483
1688369799;0;0;0;61579405.24137931
1688369800;0;0;0;62097478.62068965
1688369801;0;0;0;62567529.93103448
1688369802;0;0;0;63104812.137931034
1688369803;0;0;0;63574580.96551724
1688369804;0;0;0;64000282.48275862
1688369805;0;0;0;64484881.655172415
1688369806;0;0;0;64898012.68965517
1688369807;0;0;0;65013971.862068966
1688369808;0;0;0;65059169.10344827
1688369809;0;0;0;64791516.68965517
1688369810;0;0;0;64237709.24137931
1688369811;0;0;0;63333764.4137931
1688369812;0;0;0;62676003.31034483
1688369813;0;0;0;62639845.51724138
1688369814;0;0;0;62090557.79310345
1688369815;0;0;0;61629969.655172415
1688369816;0;0;0;61756945.655172415
1688369817;0;0;0;61717963.034482755
1688369818;0;0;0;61662596.4137931
1688369819;0;0;0;61792538.48275862
1688369820;0;0;0;61977988.4137931
1688369821;0;0;0;62505383.72413793
1688369822;0;0;0;62930237.79310345
1688369823;0;0;0;63712150.06896552
1688369824;0;0;0;64353527.17241379
1688369825;0;0;0;63254386.75862069
1688369826;0;0;0;61162743.17241379
1688369827;0;0;0;61379831.17241379
1688369828;0;0;0;61261047.17241379
1688369829;0;0;0;60650884.4137931
1688369830;0;0;0;60140579.31034483
1688369831;0;0;0;59200476.68965517
1688369832;0;0;0;58635793.655172415
1688369833;0;0;0;57944558.344827585
1688369834;0;0;0;57676058.48275862
1688369835;0;0;0;58045828.4137931
1688369836;0;0;0;57883118.344827585
1688369837;0;0;0;57519845.51724138
1688369838;0;0;0;57914050.20689655
1688369839;0;0;0;58534099.862068966
1688369840;0;0;0;59344260.4137931
1688369841;0;0;0;60007106.20689655
1688369842;0;0;0;60738454.06896552
1688369843;0;0;0;61716691.862068966
1688369844;0;0;0;62297193.93103448
1688369845;0;0;0;61994372.4137931
1688369846;0;0;0;62084766.89655172
1688369847;0;0;0;61798611.862068966
1688369848;0;0;0;61341696
1688369849;0;0;0;60927858.75862069
1688369850;0;0;0;60500179.862068966
1688369851;0;0;0;60242555.5862069
1688369852;0;0;0;60164590.344827585
1688369853;0;0;0;60218827.034482755
1688369854;0;0;0;60711759.448275864
1688369855;0;0;0;60959920.551724136
1688369856;0;0;0;60661618.75862069
1688369857;0;0;0;60671646.89655172
1688369858;0;0;0;61313871.448275864
1688369859;0;0;0;61729686.06896552
1688369860;0;0;0;62437729.10344827
1688369861;0;0;0;63069925.51724138
1688369862;0;0;0;63770200.27586207
1688369863;0;0;0;63975424
1688369864;0;0;0;63882204.68965517
1688369865;0;0;0;64145761.10344827
1688369866;0;0;0;64217370.48275862
1688369867;0;0;0;64140535.17241379
1688369868;0;0;0;64042513.655172415
1688369869;0;0;0;63575852.137931034
1688369870;0;0;0;62958203.5862069
1688369871;0;0;0;62046066.75862069
1688369872;0;0;0;61029693.79310345
1688369873;0;0;0;60141568
1688369874;0;0;0;59626178.20689655
1688369875;3030333.793103448;0;0;59622788.4137931
1688369876;7080006.620689655;0;0;58708250.48275862
1688369877;11274310.620689655;0;0;57790746.48275862
1688369878;15179352.275862068;0;0;57224509.79310345
1688369879;19084393.931034483;0;0;56466043.5862069
1688369880;23079830.068965517;0;0;55433286.62068965
1688369881;27093345.103448275;0;0;54159854.344827585
1688369882;31233412.413793102;0;0;51809739.034482755
1688369883;31811937.103448275;0;0;50232779.034482755
1688369884;34180272.551724136;0;0;47938736.551724136
1688369885;38175708.68965517;0;0;45895821.24137931
1688369886;42171286.06896552;0;0;43606439.72413793
1688369887;46229998.344827585;0;0;41305335.172413796
1688369888;50735457.10344827;0;0;39215810.20689655
1688369889;54519172.4137931;0;0;36987303.72413793
1688369890;58494976;0;0;34728289.10344827
1688369891;62341402.48275862;0;0;32451760.551724136
1688369892;66007604.96551724;0;0;30532855.172413792
1688369893;69711377.65517241;0;0;28239518.896551725
1688369894;73277440;0;0;25814969.379310343
1688369895;76855507.86206897;0;0;24067672.275862068
1688369896;80409423.44827586;0;0;21737048.275862068
1688369897;84277036.13793103;0;0;19490886.620689657
1688369898;88123180.13793103;0;0;17678477.24137931
1688369899;92316495.44827586;0;0;15963100.689655172
1688369900;96510516.96551724;0;0;14503371.034482758
1688369901;100239995.5862069;0;0;12870479.448275862
1688369902;104082891.03448276;0;0;11324733.793103449
1688369903;107809827.31034483;0;0;9714582.068965517
1688369904;108919419.5862069;0;0;7447657.931034483
1688369905;108663913.93103448;0;0;6388065.1034482755
1688369906;108169992.8275862;0;0;5390759.724137931
1688369907;108370131.86206897;0;0;4092892.689655172
1688369908;108139202.20689654;0;0;2988950.068965517
1688369909;107774658.20689654;0;0;1892916.9655172413
1688369910;107950503.72413793;0;0;828804.4137931034
1688369911;107769714.7586207;0;0;797025.1034482758
1688369912;111186626.20689654;0;0;812561.6551724138
1688369913;112867963.5862069;0;0;811572.9655172414
1688369914;112922200.27586207;0;0;807053.2413793104
1688369915;112831664.55172414;0;0;886572.1379310344
1688369916;112967256.27586207;0;0;846459.5862068966
1688369917;112457233.65517241;0;0;683184.551724138
1688369918;112578560;0;0;694483.8620689656
1688369919;112742823.72413793;0;0;675557.5172413792
1688369920;112909912.27586207;0;0;665105.6551724138
1688369921;113293382.62068966;0;0;658608.551724138
1688369922;113519368.8275862;0;0;644343.172413793
1688369923;113228270.34482758;0;0;654936.275862069
1688369924;113600441.37931034;0;0;193500.6896551724
1688369925;114385460.96551724;0;0;567790.3448275862
1688369926;114712152.27586207;0;0;1525971.8620689656
1688369927;114626418.7586207;0;0;2602654.896551724
1688369928;114482776.27586207;0;0;3566627.3103448274
1688369929;114193796.4137931;0;0;4592463.448275862
1688369930;114513990.62068966;0;0;5627339.0344827585
1688369931;114865399.1724138;0;0;6675773.793103448
1688369932;114898873.37931034;0;0;7562910.896551724
1688369933;114754383.44827586;0;0;8404992
1688369934;115118362.48275863;0;0;9416845.24137931
1688369935;115368218.48275863;0;0;10557510.620689655
1688369936;115213276.68965517;0;0;11538573.24137931
1688369937;115823863.1724138;1977.3793103448274;0;12569070.344827587
1688369938;114416675.31034483;1977.3793103448274;0;13570754.206896551
1688369939;112396782.34482758;1977.3793103448274;0;13571036.689655172
1688369940;112405821.79310344;1977.3793103448274;0;14253515.034482758
1688369941;112396782.34482758;1977.3793103448274;0;15281611.034482758
1688369942;111891420.68965517;1977.3793103448274;0;16303068.689655172
1688369943;109577321.93103448;1977.3793103448274;0;16962948.413793102
1688369944;109288059.5862069;1977.3793103448274;0;17410118.620689657
1688369945;109143428.4137931;1977.3793103448274;0;18465474.20689655
1688369946;109143428.4137931;1977.3793103448274;0;19500067.310344826
1688369947;109251901.79310344;1977.3793103448274;0;20254578.75862069
1688369948;109251901.79310344;1977.3793103448274;0;21258522.48275862
1688369949;105672280.27586207;1977.3793103448274;0;21730833.655172415
1688369950;102490394.48275863;1977.3793103448274;0;21730833.655172415
1688369951;102754939.5862069;1977.3793103448274;0;22591276.137931034
1688369952;103529648.55172414;1977.3793103448274;0;23444091.586206894
1688369953;103484451.31034483;1977.3793103448274;0;24434899.862068966
1688369954;103050557.79310344;1977.3793103448274;0;25044356.413793102
1688369955;103149991.72413793;1977.3793103448274;0;24854528
1688369956;103385017.37931034;1977.3793103448274;0;24740546.20689655
1688369957;103240386.20689654;1977.3793103448274;0;24719077.517241377
1688369958;102565958.62068966;1977.3793103448274;0;25114977.103448275
1688369959;101553540.4137931;1977.3793103448274;0;25862285.24137931
1688369960;100975015.72413793;1977.3793103448274;0;26483888.551724136
1688369961;100685753.37931034;1977.3793103448274;0;27096593.655172415
1688369962;100785187.31034483;1977.3793103448274;0;28041074.75862069
1688369963;100631516.68965517;1977.3793103448274;0;28530476.137931034
1688369964;100776147.86206897;1977.3793103448274;0;29089227.03448276
1688369965;100730950.62068966;1977.3793103448274;0;29708005.517241377
1688369966;100351293.79310344;0;0;30187096.275862068
1688369967;100730950.62068966;0;0;29922692.413793102
1688369968;102484603.5862069;0;0;31580724.96551724
1688369969;102547879.72413793;0;0;32233542.620689657
1688369970;102611155.86206897;0;0;32382411.03448276
1688369971;103107478.06896551;0;0;33015172.413793102
1688369972;105285985.10344827;0;0;33578160.551724136
1688369973;105864509.79310344;0;0;34134086.62068965
1688369974;104875820.13793103;0;0;34451032.27586207
1688369975;104062269.79310344;0;0;34166995.862068966
1688369976;103519902.89655173;0;0;34393123.31034483
1688369977;102561721.37931034;0;0;34490156.137931034
1688369978;105479062.06896551;0;0;34818259.862068966
1688369979;104611275.03448276;0;0;35727006.89655172
1688369980;100416971.03448276;0;0;36477281.10344827
1688369981;96367298.20689654;0;0;37481083.5862069
1688369982;92462256.55172414;0;0;37917095.72413793
1688369983;88557214.89655173;0;0;38563275.034482755
1688369984;84263476.96551724;0;0;39196036.4137931
1688369985;80268040.8275862;0;0;40085998.344827585
1688369986;76362999.1724138;0;0;40727940.4137931
1688369987;73132385.10344827;0;0;41695161.37931035
1688369988;70095130.48275863;0;0;42181596.68965517
1688369989;66479351.17241379;0;0;42919159.172413796
1688369990;63008203.034482755;0;0;43454464
1688369991;58913332.96551724;0;0;44029457.655172415
1688369992;54908857.37931035;0;0;44576203.034482755
1688369993;50813987.31034483;0;0;45154727.72413793
1688369994;46908945.655172415;0;0;45730003.862068966
1688369995;43003904;0;0;46241438.89655172
1688369996;40400542.89655172;0;0;47246371.31034483
1688369997;36477422.344827585;0;0;47551593.93103448
1688369998;32445828.413793102;0;0;48758501.51724138
1688369999;28396155.586206894;0;0;49701993.93103448
1688370000;24355522.20689655;0;0;50343794.75862069
1688370001;20441441.103448275;0;0;51362710.06896552
1688370002;16247137.103448275;0;0;52615944.827586204
1688370003;13186153.931034483;0;0;53412687.448275864
1688370004;10004268.137931034;0;0;55014364.68965517
1688370005;6533120;0;0;56446976
1688370006;3351234.206896552;0;0;56426778.48275862
1688370007;0;0;0;57860660.96551724
1688370008;0;1129.9310344827586;0;59170674.75862069
1688370009;0;1129.9310344827586;0;59676883.862068966
1688370010;0;1129.9310344827586;0;60124477.79310345
1688370011;0;1129.9310344827586;0;61051444.96551724
1688370012;0;1129.9310344827586;0;61671777.10344827
1688370013;0;1129.9310344827586;0;62575721.93103448
1688370014;0;1129.9310344827586;0;62978401.10344827
1688370015;0;1129.9310344827586;0;63651698.75862069
1688370016;0;1129.9310344827586;0;63372182.06896552
1688370017;0;1129.9310344827586;0;62953401.37931035
1688370018;0;1129.9310344827586;0;62978683.5862069
1688370019;0;1129.9310344827586;0;63229104.551724136
1688370020;0;1129.9310344827586;0;63161591.17241379
1688370021;0;1129.9310344827586;0;63063287.17241379
1688370022;0;1129.9310344827586;0;62547191.17241379
1688370023;0;1129.9310344827586;0;62059625.93103448
1688370024;0;1129.9310344827586;0;61712030.89655172
1688370025;0;1129.9310344827586;0;61692398.344827585
1688370026;0;1129.9310344827586;0;61466553.37931035
1688370027;0;1129.9310344827586;0;61129975.17241379
1688370028;0;1129.9310344827586;0;61358503.72413793
1688370029;0;1129.9310344827586;0;61281668.4137931
1688370030;0;1129.9310344827586;0;61154409.93103448
1688370031;0;1129.9310344827586;0;60655969.10344827
1688370032;0;1129.9310344827586;0;60253713.655172415
1688370033;0;1129.9310344827586;0;59656686.344827585
1688370034;0;1129.9310344827586;0;58813051.5862069
1688370035;0;1129.9310344827586;0;59512337.655172415
1688370036;0;1129.9310344827586;0;59036354.20689655
1688370037;0;0;0;58520399.448275864
1688370038;0;0;0;58554156.137931034
1688370039;0;0;0;58614324.96551724
1688370040;0;0;0;58385796.4137931
1688370041;0;0;0;58305571.31034483
1688370042;0;0;0;58350768.551724136
1688370043;0;0;0;58450202.48275862
1688370044;0;0;0;58395965.79310345
1688370045;0;0;0;58655991.17241379
1688370046;0;0;0;58532546.20689655
1688370047;0;0;0;58453592.27586207
1688370048;0;0;0;58212916.96551724
1688370049;0;0;0;58246532.4137931
1688370050;0;0;0;58619974.62068965
1688370051;0;0;0;59113472
1688370052;0;0;0;59054433.10344827
1688370053;0;0;0;59762899.862068966
1688370054;0;0;0;60402864.551724136
1688370055;0;0;0;60836616.827586204
1688370056;0;0;0;60752436.96551724
1688370057;0;0;0;60238600.827586204
1688370058;0;0;0;59791148.137931034
1688370059;0;0;0;59360926.89655172
1688370060;0;0;0;58529297.655172415
1688370061;0;0;0;58086788.4137931
1688370062;0;0;0;57698092.137931034
1688370063;0;0;0;58476473.37931035
1688370064;0;0;0;59115025.655172415
1688370065;0;0;0;59564455.72413793
1688370066;0;0;0;59954281.93103448
1688370067;0;0;0;59870808.27586207
1688370068;0;0;0;59932813.24137931
1688370069;0;0;0;60152302.344827585
1688370070;0;0;0;60244956.68965517
1688370071;0;0;0;59642703.448275864
1688370072;0;0;0;59032681.93103448
1688370073;0;0;0;58711922.75862069
1688370074;0;0;0;57726481.655172415
1688370075;0;0;0;57799785.93103448
1688370076;0;0;0;57687922.75862069
1688370077;0;0;0;57877044.96551724
1688370078;0;0;0;57713911.17241379
1688370079;0;0;0;57762498.20689655
1688370080;0;0;0;57863909.51724138
1688370081;0;0;0;58440880.551724136
1688370082;0;0;0;58391163.5862069
1688370083;0;0;0;58342717.79310345
1688370084;0;0;0;57482840.27586207
1688370085;0;0;0;57610240
1688370086;0;0;0;58062636.137931034
1688370087;0;0;0;58602036.96551724
1688370088;0;0;0;59332254.89655172
1688370089;0;0;0;60624896
1688370090;0;0;0;61424463.448275864
1688370091;0;0;0;62138721.10344827
1688370092;0;0;0;62063721.93103448
1688370093;0;0;0;62036603.5862069
1688370094;0;0;0;62061603.31034483
1688370095;0;0;0;62346345.93103448
1688370096;0;0;0;62396062.89655172
1688370097;0;0;0;62138156.137931034
1688370098;0;0;0;61494660.4137931
1688370099;0;0;0;61096783.448275864
1688370100;0;0;0;61511891.862068966
1688370101;0;0;0;62040558.344827585
1688370102;0;0;0;62411034.48275862
1688370103;0;0;0;63359046.62068965
1688370104;0;0;0;63846188.137931034
1688370105;0;0;0;63814126.344827585
1688370106;0;0;0;63796047.448275864
1688370107;0;0;0;63924435.862068966
1688370108;0;0;0;63413565.79310345
1688370109;0;0;0;62778685.79310345
1688370110;0;0;0;63015406.344827585
1688370111;0;0;0;62731934.89655172
1688370112;0;0;0;62835041.10344827
1688370113;0;0;0;63138003.862068966
1688370114;0;0;0;63170913.10344827
1688370115;0;0;0;63055377.655172415
1688370116;0;0;0;62943090.75862069
1688370117;0;0;0;62707076.4137931
1688370118;0;0;0;62693517.24137931
1688370119;0;0;0;62996338.75862069
1688370120;0;0;0;63249302.06896552
1688370121;0;0;0;63306504.827586204
1688370122;0;0;0;63223031.17241379
1688370123;0;0;0;63299866.48275862
1688370124;0;0;0;63230234.48275862
1688370125;0;0;0;63070772.96551724
1688370126;0;0;0;63057213.79310345
1688370127;0;0;0;63740680.827586204
1688370128;0;0;0;64204376.27586207
1688370129;0;0;0;64287567.448275864
1688370130;0;0;0;64165534.89655172
1688370131;0;0;0;63330657.10344827
1688370132;0;0;0;63211166.89655172
1688370133;0;0;0;63051987.862068966
1688370134;141.24137931034483;0;0;62552699.5862069
1688370135;2936125.793103448;0;0;62294369.10344827
1688370136;6770123.0344827585;0;0;61161613.24137931
1688370137;10646068.965517242;0;0;60290436.4137931
1688370138;14362694.620689655;0;0;59576602.48275862
1688370139;17647121.655172415;0;0;58264328.827586204
1688370140;20951463.724137932;0;0;57217730.20689655
1688370141;24684190.896551725;0;0;55766616.27586207
1688370142;28927788.137931034;0;0;55315208.827586204
1688370143;32828310.068965517;0;0;54046155.034482755
1688370144;36832220.68965517;0;0;52852665.37931035
1688370145;40772007.72413793;0;0;51723864.27586207
1688370146;44930012.68965517;0;0;50555374.344827585
1688370147;47781817.37931035;0;0;48354551.17241379
1688370148;51105227.034482755;0;0;45927459.31034483
1688370149;54806174.89655172;0;0;43606016
1688370150;58762769.655172415;0;0;41260702.89655172
1688370151;62811030.06896552;0;0;38958327.172413796
1688370152;66714659.31034483;0;0;36648748.137931034
1688370153;70863624.8275862;0;0;34345101.24137931
1688370154;74908071.72413793;0;0;32403032.275862068
1688370155;76930507.03448276;0;0;30274383.44827586
1688370156;77605923.31034483;0;0;27886132.96551724
1688370157;81556162.20689654;0;0;25765252.413793102
1688370158;85750466.20689654;0;0;23565417.931034483
1688370159;89655507.86206897;0;0;21527728.551724136
1688370160;93705180.68965517;0;0;20122800.551724136
1688370161;97754853.51724137;0;0;17916186.48275862
1688370162;100068952.27586207;0;0;15852791.172413792
1688370163;102525987.31034483;0;0;14145889.103448275
1688370164;103350413.2413793;0;0;12191955.862068966
1688370165;103340102.62068966;0;0;11019793.655172413
1688370166;101210465.10344827;0;0;10030821.51724138
1688370167;97493839.44827586;0;0;9022781.793103449
1688370168;97337061.51724137;0;0;8257536
1688370169;97937761.10344827;0;0;8150192.551724138
1688370170;98254706.7586207;0;0;7912059.586206896
1688370171;97970387.86206897;0;0;7664039.724137931
1688370172;98020104.8275862;0;0;7686497.1034482755
1688370173;97677170.7586207;0;0;7573504
1688370174;97642001.65517241;0;0;7213197.24137931
1688370175;97343841.10344827;0;0;7062351.448275862
1688370176;98442275.31034483;0;0;7586639.448275862
1688370177;98879276.13793103;0;0;7593984
1688370178;99228001.10344827;0;0;7578729.931034483
1688370179;99194526.89655173;0;0;7575622.620689655
1688370180;99177860.4137931;0;0;7569972.9655172415
1688370181;99323904;0;0;7570255.448275862
1688370182;99224611.31034483;0;0;7567148.137931034
1688370183;98958653.79310344;0;0;8283665.655172413
1688370184;100967812.4137931;0;0;9106255.448275862
1688370185;104342068.96551724;0;0;10127854.344827587
1688370186;104441502.89655173;0;0;10859060.965517242
1688370187;103598574.34482758;0;0;11853259.034482758
1688370188;100151578.48275863;0;0;12702543.448275862
1688370189;96101905.65517241;0;0;14181199.448275862
1688370190;92052232.8275862;0;0;15824966.620689655
1688370191;89738134.06896551;0;0;17554891.03448276
1688370192;87280957.79310344;0;0;19394701.24137931
1688370193;83520547.31034483;0;0;21092987.586206898
1688370194;79696860.68965517;0;0;22689862.620689657
1688370195;77950552.27586207;0;0;24460888.275862068
1688370196;77950552.27586207;0;0;26323014.620689657
1688370197;74822903.1724138;0;0;28037402.48275862
1688370198;70917861.51724137;0;0;29239931.586206894
1688370199;66868188.68965517;0;0;30216050.75862069
1688370200;62908910.344827585;0;0;29788371.862068966
1688370201;58958671.448275864;0;0;28763665.655172415
1688370202;55297694.89655172;0;0;27919324.689655174
1688370203;51393076.96551724;0;0;28930612.96551724
1688370204;47533232.551724136;0;0;29841337.379310343
1688370205;43582993.655172415;0;0;30886947.310344826
1688370206;39822583.172413796;0;0;32529443.310344826
1688370207;35772910.344827585;0;0;34242418.75862069
1688370208;31849789.79310345;0;0;36229826.20689655
1688370209;27818195.862068966;0;0;38006784
1688370210;23768523.03448276;0;0;39778374.62068965
1688370211;19718850.20689655;0;0;41549117.79310345
1688370212;15940360.827586208;0;0;42048406.06896552
1688370213;11908766.896551725;0;0;42896984.27586207
1688370214;7859094.068965517;0;0;43457571.31034483
1688370215;3809421.2413793104;0;0;43245144.27586207
1688370216;458045.7931034483;0;0;44120840.827586204
1688370217;0;0;0;44938628.4137931
1688370218;0;0;0;45136648.827586204
1688370219;0;0;0;45416730.48275862
1688370220;0;0;0;45686784
1688370221;0;0;0;45755427.31034483
1688370222;0;0;0;45665597.79310345
1688370223;0;0;0;45510514.75862069
1688370224;0;0;0;45343708.68965517
1688370225;0;0;0;45106705.655172415
1688370226;0;0;0;43567598.344827585
1688370227;0;0;0;41470305.10344827
1688370228;0;0;0;39975547.5862069
1688370229;0;0;0;41293470.89655172
1688370230;0;0;0;43173252.4137931
1688370231;0;0;0;45139897.37931035
1688370232;0;0;0;45180433.655172415
1688370233;0;0;0;45228879.448275864
1688370234;0;0;0;45185377.10344827
1688370235;0;0;0;45239472.551724136
1688370236;0;0;0;45187213.24137931
1688370237;0;0;0;45070689.10344827
1688370238;0;0;0;45177891.31034483
1688370239;0;0;0;45123372.137931034
1688370240;0;0;0;45128033.10344827
1688370241;0;0;0;45394838.06896552
1688370242;0;0;0;45196393.93103448
1688370243;0;0;0;45440176.551724136
1688370244;0;0;0;46434233.37931035
1688370245;0;0;0;46230845.79310345
1688370246;0;0;0;46168558.344827585
1688370247;0;0;0;45927741.79310345
1688370248;0;0;0;45810228.96551724
1688370249;0;0;0;45395968
1688370250;0;0;0;45431560.827586204
1688370251;0;0;0;44394284.137931034
1688370252;0;0;0;42952350.89655172
1688370253;0;0;0;42288092.68965517
1688370254;0;0;0;42280041.93103448
1688370255;0;0;0;43523954.75862069
1688370256;0;0;0;45396674.20689655
1688370257;0;0;0;46913889.10344827
1688370258;0;0;0;46912335.448275864
1688370259;0;0;0;47110214.62068965
1688370260;0;0;0;46932674.20689655
1688370261;0;0;0;46468413.79310345
1688370262;0;0;0;46539458.20689655
1688370263;0;0;0;46689739.034482755
1688370264;0;0;0;46839737.37931035
1688370265;0;0;0;46406550.06896552
1688370266;0;0;0;46034096.551724136
1688370267;0;0;0;45975481.37931035
1688370268;0;0;0;45873222.62068965
1688370269;0;0;0;45687772.68965517
1688370270;0;0;0;45808110.344827585
1688370271;0;0;0;45935227.5862069
1688370272;0;0;0;45988616.827586204
1688370273;0;0;0;46142287.448275864
1688370274;0;0;0;46084096
1688370275;0;0;0;46069548.137931034
1688370276;0;0;0;45169699.31034483
1688370277;0;0;0;43562937.37931035
1688370278;0;0;0;43453475.31034483
1688370279;0;0;0;43351075.31034483
1688370280;0;0;0;44630580.96551724
1688370281;0;0;0;46375194.48275862
1688370282;0;0;0;47084226.20689655
1688370283;0;0;0;47190580.96551724
1688370284;0;0;0;47173914.48275862
1688370285;0;0;0;47109084.68965517
1688370286;0;0;0;47005131.034482755
1688370287;0;0;0;46889171.862068966
1688370288;0;0;0;46656829.79310345
1688370289;0;0;0;46629428.96551724
1688370290;0;0;0;46566011.5862069
1688370291;0;0;0;46439318.06896552
1688370292;0;0;0;46348782.344827585
1688370293;0;0;0;46284658.75862069
1688370294;0;0;0;47109084.68965517
1688370295;0;0;0;47402725.51724138
1688370296;0;0;0;47123491.31034483
1688370297;0;0;0;47460916.96551724
1688370298;0;0;0;47792410.48275862
1688370299;0;0;0;48006249.93103448
1688370300;0;0;0;46871799.17241379
1688370301;0;0;0;45589044.96551724
1688370302;0;0;0;43713359.448275864
1688370303;0;0;0;42665913.37931035
1688370304;0;0;0;40965932.137931034
1688370305;0;0;0;40416503.172413796
1688370306;0;0;0;40211420.68965517
1688370307;0;0;0;38678245.51724138
1688370308;0;0;0;36832644.4137931
1688370309;0;0;0;34975037.79310345
1688370310;0;0;0;33230424.275862068
1688370311;0;0;0;31585244.689655174
1688370312;0;0;0;29880884.96551724
1688370313;0;0;0;28145734.620689657
1688370314;0;0;0;26337844.96551724
1688370315;0;0;0;24718371.310344826
1688370316;0;0;0;23157230.344827585
1688370317;0;0;0;21301742.344827585
1688370318;0;0;0;19502892.137931034
1688370319;0;0;0;18269007.44827586
1688370320;0;0;0;16697697.103448275
1688370321;0;0;0;15011840
1688370322;0;0;0;13222170.48275862
1688370323;0;0;0;11175441.655172413
1688370324;0;0;0;9630825.931034483
1688370325;0;0;0;8081408
1688370326;0;0;0;6133548.137931034
1688370327;0;0;0;4211111.724137931
1688370328;0;0;0;2379352.275862069
1688370329;0;0;0;1868623.448275862
1688370330;0;0;0;1272019.8620689656
1688370331;0;0;0;1274562.2068965517
1688370332;0;0;0;667224.275862069
1688370333;0;0;0;736008.8275862068
1688370334;0;0;0;733890.2068965518
1688370335;0;0;0;733325.2413793104
1688370336;0;0;0;727393.1034482758
1688370337;0;0;0;727393.1034482758
1688370338;0;0;0;727675.5862068966
1688370339;0;0;0;727675.5862068966
1688370340;0;0;0;723155.8620689656
1688370341;0;0;0;704088.275862069
1688370342;0;0;0;672026.4827586206
1688370343;0;0;0;672026.4827586206
1688370344;0;0;0;668919.172413793
1688370345;0;0;0;535022.3448275862
1688370346;0;0;0;536576
1688370347;0;0;0;536576
1688370348;0;0;0;550417.6551724138
1688370349;0;0;0;359035.5862068965
1688370350;0;0;0;359035.5862068965
1688370351;0;0;0;358894.3448275862
1688370352;0;0;0;353668.4137931034
1688370353;0;0;0;119066.48275862068
1688370354;0;0;0;118219.03448275862
1688370355;0;0;0;113558.06896551725
1688370356;0;0;0;113558.06896551725
1688370357;0;0;0;110309.5172413793
1688370358;0;0;0;110309.5172413793
1688370359;0;0;0;110309.5172413793
1688370360;0;0;0;107767.1724137931
1688370361;0;0;0;107767.1724137931
1688370362;0;0;0;41242.48275862069
1688370363;0;0;0;41242.48275862069
1688370364;0;0;0;41242.48275862069
1688370365;0;0;0;39688.8275862069
1688370366;0;0;0;39688.8275862069
1688370367;0;0;0;39406.3448275862
1688370368;0;0;0;39406.3448275862
1688370369;0;0;0;39406.3448275862
1688370370;0;0;0;39406.3448275862
1688370371;0;0;0;39406.3448275862
1688370372;0;0;0;39406.3448275862
1688370373;0;0;0;39406.3448275862
1688370374;0;0;0;38417.65517241379
1688370375;0;0;0;36581.51724137931
1688370376;0;0;0;61157.51724137931
1688370377;0;0;0;47315.862068965514
1688370378;0;0;0;47315.862068965514
1688370379;0;0;0;47315.862068965514
1688370380;0;0;0;47315.862068965514
1688370381;0;0;0;47315.862068965514
1688370382;0;0;0;34180.41379310345
1688370383;0;0;0;34180.41379310345
1688370384;0;0;0;34180.41379310345
1688370385;0;0;0;34180.41379310345
1688370386;0;0;0;38276.41379310345
1688370387;0;0;0;38276.41379310345
1688370388;0;0;282.48275862068965;38276.41379310345
1688370389;0;0;282.48275862068965;38276.41379310345
1688370390;0;0;282.48275862068965;38276.41379310345
1688370391;0;0;282.48275862068965;32061.793103448275
1688370392;0;0;282.48275862068965;32061.793103448275
1688370393;0;0;282.48275862068965;32061.793103448275
1688370394;0;0;282.48275862068965;32061.793103448275
1688370395;0;0;282.48275862068965;32061.793103448275
1688370396;0;0;282.48275862068965;32061.793103448275
1688370397;0;0;282.48275862068965;32061.793103448275
1688370398;0;0;282.48275862068965;32061.793103448275
1688370399;0;0;282.48275862068965;32061.793103448275
1688370400;0;0;282.48275862068965;32061.793103448275
1688370401;0;0;282.48275862068965;32061.793103448275
1688370402;0;0;282.48275862068965;32061.793103448275
1688370403;0;0;282.48275862068965;28672
1688370404;0;0;282.48275862068965;28672
1688370405;0;0;282.48275862068965;4096
1688370406;0;0;282.48275862068965;4096
1688370407;0;0;282.48275862068965;4096
1688370408;0;0;282.48275862068965;4096
1688370409;0;0;282.48275862068965;4096
1688370410;0;0;282.48275862068965;4096
1688370411;0;0;282.48275862068965;6073.379310344828
1688370412;0;0;282.48275862068965;6073.379310344828
1688370413;0;0;282.48275862068965;6073.379310344828
1688370414;0;0;282.48275862068965;6073.379310344828
1688370415;0;0;282.48275862068965;1977.3793103448274
1688370416;0;0;282.48275862068965;4519.724137931034
1688370417;0;0;0;4519.724137931034
1688370418;0;0;0;4519.724137931034
1688370419;0;0;0;6638.3448275862065
1688370420;0;0;0;6638.3448275862065
1688370421;0;0;0;6638.3448275862065
1688370422;0;0;0;6638.3448275862065
1688370423;0;0;0;19350.068965517243
1688370424;0;0;0;19350.068965517243
1688370425;0;0;0;58756.41379310345
1688370426;0;0;0;62569.93103448276
1688370427;0;0;0;62569.93103448276
1688370428;0;0;0;62569.93103448276
1688370429;0;0;0;62569.93103448276
1688370430;0;0;0;62569.93103448276
1688370431;0;0;0;62569.93103448276
1688370432;0;0;0;62569.93103448276
1688370433;0;0;0;62711.1724137931
1688370434;0;0;0;62711.1724137931
1688370435;0;0;0;62711.1724137931
1688370436;0;0;0;72315.58620689655
1688370437;0;0;0;75987.86206896552
1688370438;0;0;0;75987.86206896552
1688370439;0;0;0;75987.86206896552
1688370440;0;0;0;74010.4827586207
1688370441;0;0;0;74010.4827586207
1688370442;0;0;0;74010.4827586207
1688370443;0;0;0;74010.4827586207
1688370444;0;0;0;74010.4827586207
1688370445;0;0;0;71468.13793103448
1688370446;0;0;0;71468.13793103448
1688370447;0;0;0;71468.13793103448
1688370448;0;0;0;69349.5172413793
1688370449;0;0;0;69349.5172413793
1688370450;0;0;0;69349.5172413793
1688370451;0;0;0;69349.5172413793
1688370452;0;0;0;56637.793103448275
1688370453;0;0;0;56637.793103448275
1688370454;0;0;0;17231.44827586207
1688370455;0;0;0;13417.931034482759
1688370456;0;0;0;13417.931034482759
1688370457;0;0;0;13417.931034482759
1688370458;0;0;0;14689.103448275862
1688370459;0;0;0;14689.103448275862
1688370460;0;0;0;14689.103448275862
1688370461;0;0;0;14689.103448275862
1688370462;0;0;0;14547.862068965516
1688370463;0;0;0;16384
1688370464;0;0;0;16384
1688370465;0;0;0;6779.586206896552
1688370466;0;0;0;7485.793103448275
1688370467;0;0;0;7485.793103448275
1688370468;0;0;0;8333.241379310344
1688370469;0;0;0;8333.241379310344
1688370470;0;0;0;8333.241379310344
1688370471;0;0;0;8333.241379310344
1688370472;0;0;0;8333.241379310344
1688370473;0;0;0;8333.241379310344
1688370474;0;0;0;8333.241379310344
1688370475;0;0;0;8333.241379310344
1688370476;0;0;0;8333.241379310344
1688370477;0;0;0;8333.241379310344
1688370478;0;0;0;8333.241379310344
1688370479;0;0;0;8333.241379310344
1688370480;0;0;0;8333.241379310344
1688370481;0;4519.724137931034;0;8333.241379310344
1688370482;0;4519.724137931034;0;8333.241379310344
1688370483;0;4519.724137931034;0;12146.758620689656
1688370484;0;4519.724137931034;0;12146.758620689656
1688370485;0;4519.724137931034;0;12146.758620689656
1688370486;0;4519.724137931034;0;34321.65517241379
1688370487;0;4519.724137931034;0;33050.48275862069
1688370488;0;4519.724137931034;0;33050.48275862069
1688370489;0;4519.724137931034;0;33050.48275862069
1688370490;0;4519.724137931034;0;36157.793103448275
1688370491;0;4519.724137931034;0;36157.793103448275
1688370492;0;4519.724137931034;0;34321.65517241379
1688370493;0;4519.724137931034;0;34321.65517241379
1688370494;0;4519.724137931034;0;34321.65517241379
1688370495;0;4519.724137931034;0;29943.1724137931
1688370496;0;4519.724137931034;0;34462.89655172414
1688370497;0;4519.724137931034;0;33615.448275862065
1688370498;0;4519.724137931034;0;33615.448275862065
1688370499;0;4519.724137931034;0;33615.448275862065
1688370500;0;4519.724137931034;0;33615.448275862065
1688370501;0;4519.724137931034;0;36581.51724137931
1688370502;0;4519.724137931034;0;36581.51724137931
1688370503;0;4519.724137931034;0;36581.51724137931
1688370504;0;4519.724137931034;0;36581.51724137931
1688370505;0;4519.724137931034;0;36581.51724137931
1688370506;0;4519.724137931034;0;36581.51724137931
1688370507;0;4519.724137931034;0;36581.51724137931
1688370508;0;4519.724137931034;0;36581.51724137931
1688370509;0;4519.724137931034;0;36581.51724137931
1688370510;0;0;0;36581.51724137931
1688370511;0;0;0;36581.51724137931
1688370512;0;0;0;32768
1688370513;0;0;0;32768
1688370514;0;0;0;32768
1688370515;0;0;0;10593.103448275862
1688370516;0;0;0;10593.103448275862
1688370517;0;0;0;10593.103448275862
1688370518;0;0;0;18502.620689655174
1688370519;0;0;0;15395.310344827585
1688370520;0;0;0;15395.310344827585
1688370521;0;0;0;15395.310344827585
1688370522;0;0;0;15395.310344827585
1688370523;0;0;0;15395.310344827585
1688370524;0;0;0;15395.310344827585
1688370525;0;0;0;15395.310344827585
1688370526;0;0;0;16525.241379310344
1688370527;0;0;0;16525.241379310344
1688370528;0;0;0;16525.241379310344
1688370529;0;0;0;18926.344827586207
1688370530;0;0;0;15960.275862068966
1688370531;0;0;0;15960.275862068966
1688370532;0;0;0;15960.275862068966
1688370533;0;0;0;15960.275862068966
1688370534;0;0;0;15960.275862068966
1688370535;0;0;0;15960.275862068966
1688370536;0;0;0;15960.275862068966
1688370537;0;0;0;15960.275862068966
1688370538;0;0;0;15960.275862068966
1688370539;0;0;0;15960.275862068966
1688370540;0;0;0;15960.275862068966
