Time;{instance="10.231.0.208:9100"};{instance="192.168.221.10:9100"};{instance="192.168.221.11:9100"};{instance="192.168.221.12:9100"}
1688369340;0;199150.3448275862;32344.275862068964;5225.931034482758
1688369341;0;199997.79310344826;32344.275862068964;6214.620689655172
1688369342;0;183613.79310344826;32344.275862068964;61581.24137931034
1688369343;0;167936;32344.275862068964;1188122.4827586208
1688369344;706.2068965517242;156212.9655172414;32203.03448275862;1216229.5172413792
1688369345;706.2068965517242;154800.55172413794;32203.03448275862;7518984.827586207
1688369346;706.2068965517242;149009.6551724138;32203.03448275862;7529719.172413793
1688369347;706.2068965517242;149433.3793103448;32203.03448275862;11234198.068965517
1688369348;1553.655172413793;150704.55172413794;1271.1724137931035;24226851.310344826
1688369349;1553.655172413793;145337.3793103448;1271.1724137931035;24226851.310344826
1688369350;1694.896551724138;146467.3103448276;6497.103448275862;24269223.724137932
1688369351;1694.896551724138;135732.9655172414;6497.103448275862;30608843.03448276
1688369352;1694.896551724138;132908.1379310345;6497.103448275862;30603899.586206894
1688369353;2259.862068965517;128953.37931034483;6497.103448275862;36679256.27586207
1688369354;2259.862068965517;129800.8275862069;5225.931034482758;39722160.551724136
1688369355;2259.862068965517;133190.62068965516;5225.931034482758;44181857.10344827
1688369356;2259.862068965517;131778.2068965517;5225.931034482758;49263015.72413793
1688369357;2259.862068965517;136439.1724137931;5225.931034482758;50313286.62068965
1688369358;2259.862068965517;137004.1379310345;5225.931034482758;57031715.31034483
1688369359;2259.862068965517;136015.44827586206;5225.931034482758;65302951.72413793
1688369360;2259.862068965517;136862.89655172414;5225.931034482758;67530752
1688369361;2259.862068965517;136862.89655172414;5225.931034482758;67540780.13793103
1688369362;2259.862068965517;135309.24137931035;5225.931034482758;73198344.8275862
1688369363;2259.862068965517;135591.72413793104;5225.931034482758;78534867.86206897
1688369364;2259.862068965517;135168;5225.931034482758;78534867.86206897
1688369365;2259.862068965517;136015.44827586206;5225.931034482758;85523350.06896551
1688369366;2259.862068965517;136439.1724137931;5225.931034482758;89654377.93103448
1688369367;2259.862068965517;136721.6551724138;5225.931034482758;89654377.93103448
1688369368;2259.862068965517;135732.9655172414;5225.931034482758;97600194.20689654
1688369369;2259.862068965517;91806.89655172413;5225.931034482758;103674703.44827586
1688369370;2259.862068965517;105366.06896551725;5225.931034482758;103677104.55172414
1688369371;2259.862068965517;99716.41379310345;5225.931034482758;107895137.10344827
1688369372;2259.862068965517;98586.48275862068;5225.931034482758;112040995.31034483
1688369373;1553.655172413793;93784.27586206897;5225.931034482758;118087397.51724137
1688369374;1553.655172413793;89264.55172413793;5225.931034482758;111784500.96551724
1688369375;1553.655172413793;89264.55172413793;5225.931034482758;118147990.06896551
1688369376;1553.655172413793;84038.62068965517;5225.931034482758;114759891.86206897
1688369377;706.2068965517242;80507.58620689655;5225.931034482758;106627213.2413793
1688369378;706.2068965517242;77117.79310344828;5225.931034482758;113202281.93103448
1688369379;564.9655172413793;74716.6896551724;0;122199357.79310344
1688369380;564.9655172413793;73728;0;115862704.55172414
1688369381;564.9655172413793;69208.27586206897;0;119812943.44827586
1688369382;0;69067.03448275862;0;118140645.51724137
1688369383;0;65818.4827586207;0;115097882.48275863
1688369384;0;63417.379310344826;0;116495748.4137931
1688369385;0;63982.3448275862;0;116261993.93103448
1688369386;0;59321.379310344826;0;120038929.65517241
1688369387;0;60168.8275862069;0;115218785.10344827
1688369388;0;60168.8275862069;0;109624779.03448276
1688369389;0;59603.862068965514;0;113471629.2413793
1688369390;0;60592.55172413793;0;117487262.89655173
1688369391;0;61016.275862068964;0;113701005.2413793
1688369392;0;62287.448275862065;0;113896624.55172414
1688369393;0;63982.3448275862;0;124020806.62068966
1688369394;0;63417.379310344826;0;117032324.4137931
1688369395;0;62993.65517241379;0;116647865.37931034
1688369396;0;62287.448275862065;0;117135995.5862069
1688369397;0;65112.275862068964;0;109190179.31034483
1688369398;0;64264.8275862069;0;112096644.4137931
1688369399;0;50705.65517241379;0;124115297.10344827
1688369400;0;53954.206896551725;0;119841897.93103448
1688369401;0;53106.75862068965;0;114569498.48275863
1688369402;0;53954.206896551725;0;109909521.65517241
1688369403;1271.1724137931035;53954.206896551725;706.2068965517242;116239819.03448276
1688369404;1271.1724137931035;53812.96551724138;706.2068965517242;113010899.86206897
1688369405;1271.1724137931035;54236.68965517241;706.2068965517242;112694519.1724138
1688369406;1271.1724137931035;57344;706.2068965517242;110558949.51724137
1688369407;1271.1724137931035;56496.55172413793;706.2068965517242;114541532.68965517
1688369408;2401.103448275862;64264.8275862069;706.2068965517242;109118287.44827586
1688369409;2542.344827586207;66807.1724137931;1412.4137931034484;119495856.55172414
1688369410;3107.310344827586;66948.41379310345;1412.4137931034484;116594193.65517241
1688369411;3248.551724137931;69773.24137931035;1412.4137931034484;112968527.44827586
1688369412;3248.551724137931;69490.75862068965;1412.4137931034484;127720765.79310344
1688369413;3248.551724137931;68219.58620689655;1412.4137931034484;128801262.34482758
1688369414;3248.551724137931;64829.793103448275;1412.4137931034484;130715506.7586207
1688369415;3531.0344827586205;66100.96551724138;1412.4137931034484;135873641.93103448
1688369416;8615.724137931034;68925.79310344828;1412.4137931034484;139574024.8275862
1688369417;8615.724137931034;74010.4827586207;1412.4137931034484;141561149.79310346
1688369418;8615.724137931034;75140.41379310345;1412.4137931034484;144544026.4827586
1688369419;8615.724137931034;74857.93103448275;1412.4137931034484;146502479.44827586
1688369420;8615.724137931034;74716.6896551724;1412.4137931034484;153465255.72413793
1688369421;13135.448275862069;73163.03448275862;1412.4137931034484;153212151.1724138
1688369422;13135.448275862069;70479.44827586207;1412.4137931034484;148656269.24137932
1688369423;13135.448275862069;72739.31034482758;1412.4137931034484;152331228.68965518
1688369424;13135.448275862069;71185.6551724138;1412.4137931034484;150184642.20689654
1688369425;21751.1724137931;73869.24137931035;1412.4137931034484;154650129.6551724
1688369426;21751.1724137931;72739.31034482758;1412.4137931034484;173443566.3448276
1688369427;21751.1724137931;73163.03448275862;1412.4137931034484;168891921.6551724
1688369428;21751.1724137931;72174.3448275862;5649.6551724137935;161037064.8275862
1688369429;21751.1724137931;69773.24137931035;5649.6551724137935;161037064.8275862
1688369430;22316.137931034482;71185.6551724138;5649.6551724137935;161037064.8275862
1688369431;22316.137931034482;72033.10344827586;5649.6551724137935;159622532.4137931
1688369432;21044.96551724138;69490.75862068965;4943.448275862069;153292235.03448275
1688369433;21044.96551724138;70338.20689655172;5084.689655172414;150146789.5172414
1688369434;21044.96551724138;68219.58620689655;5084.689655172414;150146789.5172414
1688369435;21044.96551724138;68219.58620689655;5084.689655172414;147422384.55172414
1688369436;21327.44827586207;68078.3448275862;5084.689655172414;154121745.6551724
1688369437;20197.51724137931;63417.379310344826;5084.689655172414;159946257.6551724
1688369438;20056.275862068964;60875.03448275862;4802.206896551724;154193920
1688369439;19491.310344827587;60592.55172413793;4802.206896551724;160089335.1724138
1688369440;19350.068965517243;58897.65517241379;4802.206896551724;166326413.24137932
1688369441;19350.068965517243;59745.10344827586;4802.206896551724;154213411.31034482
1688369442;19350.068965517243;58897.65517241379;4802.206896551724;147275352.27586207
1688369443;19350.068965517243;59038.89655172414;4802.206896551724;140513703.72413793
1688369444;19067.58620689655;56496.55172413793;4802.206896551724;130528361.93103448
1688369445;13982.896551724138;51694.3448275862;4802.206896551724;124929694.89655173
1688369446;13982.896551724138;48869.51724137931;4802.206896551724;120265339.5862069
1688369447;13982.896551724138;48163.31034482759;4802.206896551724;111207812.4137931
1688369448;13982.896551724138;47315.862068965514;4802.206896551724;105223697.65517241
1688369449;13982.896551724138;50281.93103448276;4802.206896551724;114943081.93103448
1688369450;9463.172413793103;50564.41379310345;4802.206896551724;122066449.65517241
1688369451;9463.172413793103;50564.41379310345;4802.206896551724;116498149.51724137
1688369452;9463.172413793103;49010.75862068965;4802.206896551724;118029912.27586207
1688369453;9463.172413793103;50705.65517241379;4802.206896551724;121115330.20689654
1688369454;847.448275862069;47598.3448275862;4802.206896551724;116161712.55172414
1688369455;847.448275862069;47315.862068965514;4802.206896551724;112354974.89655173
1688369456;847.448275862069;47315.862068965514;4802.206896551724;109662349.2413793
1688369457;847.448275862069;48869.51724137931;564.9655172413793;117810140.68965517
1688369458;847.448275862069;47880.8275862069;564.9655172413793;123003444.96551724
1688369459;1412.4137931034484;49152;564.9655172413793;123003444.96551724
1688369460;1412.4137931034484;49434.48275862069;564.9655172413793;123007540.96551724
1688369461;1412.4137931034484;50423.1724137931;564.9655172413793;124526309.51724137
1688369462;1412.4137931034484;50988.137931034486;423.7241379310345;124526309.51724137
1688369463;1412.4137931034484;51835.58620689655;423.7241379310345;135164045.24137932
1688369464;1412.4137931034484;48869.51724137931;423.7241379310345;135164045.24137932
1688369465;1977.3793103448274;48587.03448275862;423.7241379310345;124736194.20689654
1688369466;1977.3793103448274;46892.137931034486;423.7241379310345;120161103.44827586
1688369467;1977.3793103448274;47739.58620689655;0;115532905.93103448
1688369468;1977.3793103448274;49434.48275862069;0;112641694.89655173
1688369469;1977.3793103448274;49858.206896551725;0;109676897.10344827
1688369470;2259.862068965517;49716.96551724138;0;109004588.13793103
1688369471;2259.862068965517;50705.65517241379;0;121949078.06896551
1688369472;6214.620689655172;52400.55172413793;0;123819255.1724138
1688369473;6214.620689655172;52541.793103448275;0;123819255.1724138
1688369474;6214.620689655172;53389.24137931034;706.2068965517242;128452254.89655173
1688369475;6214.620689655172;52400.55172413793;706.2068965517242;131168185.37931034
1688369476;6214.620689655172;52824.275862068964;706.2068965517242;131900380.68965517
1688369477;6214.620689655172;55366.620689655174;706.2068965517242;131900380.68965517
1688369478;9886.896551724138;53106.75862068965;706.2068965517242;120810390.06896551
1688369479;9886.896551724138;51270.620689655174;706.2068965517242;124189731.31034483
1688369480;9886.896551724138;53248;706.2068965517242;124189731.31034483
1688369481;9886.896551724138;53106.75862068965;706.2068965517242;118984845.2413793
1688369482;9886.896551724138;52400.55172413793;706.2068965517242;116111430.62068966
1688369483;9886.896551724138;57626.48275862069;706.2068965517242;122182832.55172414
1688369484;9886.896551724138;57061.51724137931;706.2068965517242;111173349.51724137
1688369485;9886.896551724138;58473.93103448276;706.2068965517242;122057975.1724138
1688369486;9886.896551724138;57908.96551724138;706.2068965517242;109744692.96551724
1688369487;9886.896551724138;60027.58620689655;5367.172413793103;104551388.68965517
1688369488;8756.965517241379;58897.65517241379;5367.172413793103;106513090.20689654
1688369489;8756.965517241379;57767.724137931036;5367.172413793103;106508994.20689654
1688369490;8756.965517241379;60027.58620689655;5367.172413793103;115177683.86206897
1688369491;8756.965517241379;59462.620689655174;5367.172413793103;127890961.65517241
1688369492;8756.965517241379;59462.620689655174;5367.172413793103;117253225.93103448
1688369493;8756.965517241379;59321.379310344826;5367.172413793103;117253225.93103448
1688369494;7909.51724137931;59745.10344827586;5367.172413793103;111781252.4137931
1688369495;7909.51724137931;58332.68965517241;5367.172413793103;112241134.34482758
1688369496;7909.51724137931;59603.862068965514;5367.172413793103;117708870.62068966
1688369497;7909.51724137931;58191.448275862065;5367.172413793103;117968189.79310344
1688369498;7909.51724137931;61016.275862068964;5367.172413793103;124559218.7586207
1688369499;7627.0344827586205;58756.41379310345;5508.413793103448;122593138.7586207
1688369500;7627.0344827586205;59038.89655172414;5508.413793103448;109648648.8275862
1688369501;3672.2758620689656;58473.93103448276;5508.413793103448;107798104.27586207
1688369502;3672.2758620689656;58615.1724137931;5508.413793103448;113353833.93103448
1688369503;3672.2758620689656;57908.96551724138;4802.206896551724;111315155.86206897
1688369504;3672.2758620689656;56496.55172413793;4943.448275862069;112079412.96551724
1688369505;3672.2758620689656;55931.58620689655;4943.448275862069;117212830.89655173
1688369506;3672.2758620689656;55366.620689655174;4943.448275862069;120251639.1724138
1688369507;0;55225.379310344826;4943.448275862069;114704525.2413793
1688369508;0;56920.275862068964;4943.448275862069;98922778.48275863
1688369509;0;55931.58620689655;5367.172413793103;106476508.68965517
1688369510;0;55366.620689655174;5367.172413793103;121843994.48275863
1688369511;0;56072.8275862069;5367.172413793103;120033703.72413793
1688369512;0;50846.89655172414;5367.172413793103;113962301.79310344
1688369513;0;51835.58620689655;5367.172413793103;111949188.4137931
1688369514;0;49434.48275862069;5367.172413793103;99327858.7586207
1688369515;0;48445.793103448275;5367.172413793103;109512350.89655173
1688369516;0;46892.137931034486;706.2068965517242;122044274.7586207
1688369517;0;46044.68965517241;706.2068965517242;120082573.2413793
1688369518;0;47174.620689655174;706.2068965517242;120082573.2413793
1688369519;0;51270.620689655174;706.2068965517242;111788738.20689654
1688369520;0;52259.31034482759;706.2068965517242;103257335.1724138
1688369521;0;52541.793103448275;706.2068965517242;109333256.8275862
1688369522;0;53389.24137931034;706.2068965517242;111017842.7586207
1688369523;0;52400.55172413793;706.2068965517242;122965592.27586207
1688369524;0;52400.55172413793;706.2068965517242;117640086.06896551
1688369525;0;53248;706.2068965517242;112172349.79310344
1688369526;0;52118.06896551724;706.2068965517242;113936737.10344827
1688369527;0;49434.48275862069;706.2068965517242;105191070.89655173
1688369528;0;51270.620689655174;564.9655172413793;108319284.96551724
1688369529;0;51835.58620689655;564.9655172413793;110921092.4137931
1688369530;0;52541.793103448275;564.9655172413793;118172566.06896551
1688369531;0;51553.10344827586;564.9655172413793;115655785.93103448
1688369532;0;52400.55172413793;564.9655172413793;114902263.1724138
1688369533;0;53248;1129.9310344827586;126595919.44827586
1688369534;0;55366.620689655174;1129.9310344827586;122912768
1688369535;0;54236.68965517241;1129.9310344827586;119874948.4137931
1688369536;0;53106.75862068965;1129.9310344827586;117958585.37931034
1688369537;0;53812.96551724138;1129.9310344827586;117960704
1688369538;0;51835.58620689655;706.2068965517242;113386036.96551724
1688369539;0;56920.275862068964;1271.1724137931035;100631234.20689654
1688369540;0;57202.75862068965;1271.1724137931035;106709698.20689654
1688369541;0;59603.862068965514;1271.1724137931035;112784207.44827586
1688369542;0;58897.65517241379;1271.1724137931035;110820104.8275862
1688369543;0;60027.58620689655;1271.1724137931035;113653265.65517241
1688369544;0;60733.793103448275;1271.1724137931035;103467078.62068966
1688369545;0;59462.620689655174;1271.1724137931035;95601911.1724138
1688369546;0;61016.275862068964;1271.1724137931035;113136463.44827586
1688369547;0;59038.89655172414;1271.1724137931035;113136463.44827586
1688369548;0;54095.448275862065;1271.1724137931035;111245382.62068966
1688369549;0;53248;1271.1724137931035;109054163.86206897
1688369550;0;53954.206896551725;1271.1724137931035;102978242.20689654
1688369551;0;55931.58620689655;1271.1724137931035;109130716.68965517
1688369552;0;55084.137931034486;1271.1724137931035;110936487.72413793
1688369553;0;55507.862068965514;1271.1724137931035;110938182.62068966
1688369554;0;52400.55172413793;1271.1724137931035;110938182.62068966
1688369555;0;60310.06896551724;1271.1724137931035;106510124.13793103
1688369556;0;59745.10344827586;1271.1724137931035;104615088.55172414
1688369557;0;58615.1724137931;1271.1724137931035;111989724.68965517
1688369558;0;59321.379310344826;1271.1724137931035;122118991.44827586
1688369559;0;57344;1271.1724137931035;114847885.2413793
1688369560;0;59745.10344827586;1271.1724137931035;111808935.72413793
1688369561;0;61157.51724137931;1977.3793103448274;116042646.06896551
1688369562;0;61298.75862068965;1271.1724137931035;100870638.34482758
1688369563;0;58473.93103448276;1271.1724137931035;100551574.06896551
1688369564;0;59321.379310344826;6073.379310344828;100550585.37931034
1688369565;0;62146.206896551725;6073.379310344828;100550585.37931034
1688369566;0;61722.48275862069;6073.379310344828;113871483.5862069
1688369567;0;61722.48275862069;6073.379310344828;123071664.55172414
1688369568;0;59462.620689655174;5508.413793103448;120457145.37931034
1688369569;0;57485.24137931034;5932.137931034483;114376986.48275863
1688369570;0;56496.55172413793;5932.137931034483;114378116.4137931
1688369571;0;58332.68965517241;5932.137931034483;120452625.65517241
1688369572;0;57061.51724137931;5932.137931034483;117621865.93103448
1688369573;0;56355.31034482759;5932.137931034483;121488348.68965517
1688369574;0;58050.206896551725;5932.137931034483;124840289.10344827
1688369575;0;57626.48275862069;5932.137931034483;107305736.8275862
1688369576;0;58473.93103448276;5932.137931034483;110344121.37931034
1688369577;0;56920.275862068964;5932.137931034483;112191134.89655173
1688369578;0;55931.58620689655;5932.137931034483;110200478.89655173
1688369579;0;57202.75862068965;5932.137931034483;128945611.03448276
1688369580;0;55649.10344827586;5932.137931034483;122328028.68965517
1688369581;0;57626.48275862069;5932.137931034483;107217319.72413793
1688369582;0;58191.448275862065;5932.137931034483;108958260.96551724
1688369583;0;59180.137931034486;5932.137931034483;108958260.96551724
1688369584;0;51411.862068965514;5932.137931034483;107309832.8275862
1688369585;0;53812.96551724138;5932.137931034483;123795809.10344827
1688369586;0;52965.51724137931;5932.137931034483;113291970.20689654
1688369587;0;52118.06896551724;5932.137931034483;102822452.96551724
1688369588;0;51270.620689655174;5932.137931034483;102822452.96551724
1688369589;0;50846.89655172414;5932.137931034483;106883990.06896551
1688369590;0;49434.48275862069;5225.931034482758;112052718.34482758
1688369591;0;50423.1724137931;5225.931034482758;118495867.5862069
1688369592;0;49716.96551724138;5225.931034482758;117848275.86206897
1688369593;0;48728.275862068964;423.7241379310345;117848275.86206897
1688369594;0;48445.793103448275;423.7241379310345;124522213.51724137
1688369595;0;47457.10344827586;423.7241379310345;118209006.34482758
1688369596;0;54095.448275862065;423.7241379310345;109067016.8275862
1688369597;0;51976.8275862069;423.7241379310345;111809783.1724138
1688369598;0;53106.75862068965;0;111809783.1724138
1688369599;0;50846.89655172414;0;109703309.2413793
1688369600;0;50140.68965517241;141.24137931034483;115142938.48275863
1688369601;0;53389.24137931034;141.24137931034483;115140537.37931034
1688369602;0;53530.48275862069;141.24137931034483;119086397.79310344
1688369603;0;52541.793103448275;141.24137931034483;114993928.8275862
1688369604;0;52965.51724137931;141.24137931034483;118155052.13793103
1688369605;0;53530.48275862069;141.24137931034483;115116667.5862069
1688369606;0;54377.93103448276;141.24137931034483;120842310.62068966
1688369607;0;54377.93103448276;141.24137931034483;122380429.2413793
1688369608;0;52118.06896551724;141.24137931034483;107026220.13793103
1688369609;0;50988.137931034486;141.24137931034483;112939996.68965517
1688369610;0;54519.1724137931;847.448275862069;116189254.62068966
1688369611;0;57061.51724137931;847.448275862069;114603255.1724138
1688369612;0;56355.31034482759;847.448275862069;118394173.79310344
1688369613;0;57061.51724137931;847.448275862069;118414088.8275862
1688369614;0;53671.724137931036;847.448275862069;110151609.37931034
1688369615;0;56637.793103448275;847.448275862069;110151609.37931034
1688369616;1271.1724137931035;55225.379310344826;847.448275862069;108053609.93103448
1688369617;1271.1724137931035;56920.275862068964;847.448275862069;114279953.65517241
1688369618;1271.1724137931035;55507.862068965514;847.448275862069;113807218.7586207
1688369619;1271.1724137931035;56214.06896551724;847.448275862069;105687393.10344827
1688369620;1271.1724137931035;56920.275862068964;847.448275862069;103271741.79310344
1688369621;1271.1724137931035;60310.06896551724;847.448275862069;108312222.89655173
1688369622;2118.6206896551726;62993.65517241379;847.448275862069;110563186.7586207
1688369623;2118.6206896551726;62004.96551724138;847.448275862069;106696562.7586207
1688369624;2118.6206896551726;60875.03448275862;847.448275862069;105092343.1724138
1688369625;2118.6206896551726;57202.75862068965;847.448275862069;112456809.93103448
1688369626;2118.6206896551726;55931.58620689655;847.448275862069;109719410.7586207
1688369627;2683.7712945720396;54942.89655172414;847.448275862069;109719410.7586207
1688369628;2683.5862068965516;56496.55172413793;847.448275862069;110288048.55172414
1688369629;2683.5862068965516;54236.68965517241;706.2068965517242;108193156.4137931
1688369630;2683.5862068965516;57061.51724137931;706.2068965517242;108193156.4137931
1688369631;2683.5862068965516;60875.03448275862;706.2068965517242;106711393.10344827
1688369632;2683.5862068965516;62146.206896551725;706.2068965517242;102785165.2413793
1688369633;2683.5862068965516;62004.96551724138;706.2068965517242;107470424.27586207
1688369634;2683.5862068965516;61440;706.2068965517242;107470424.27586207
1688369635;2683.5862068965516;61440;4943.448275862069;107423814.62068966
1688369636;2683.5862068965516;63417.379310344826;4943.448275862069;105889085.79310344
1688369637;2683.5862068965516;68784.55172413793;5649.6551724137935;107777200.55172414
1688369638;2683.5862068965516;68784.55172413793;5649.6551724137935;104675539.86206897
1688369639;2683.5862068965516;64264.8275862069;4943.448275862069;108983401.93103448
1688369640;2683.5862068965516;61863.724137931036;4943.448275862069;109387211.03448276
1688369641;2683.5862068965516;62004.96551724138;4943.448275862069;110842138.48275863
1688369642;2683.5862068965516;62852.41379310345;4943.448275862069;114130661.51724137
1688369643;2683.5862068965516;64406.06896551724;4943.448275862069;106482864.55172414
1688369644;2683.5862068965516;61440;4943.448275862069;117423563.03448276
1688369645;1412.4137931034484;62993.65517241379;5367.172413793103;117260146.7586207
1688369646;1412.4137931034484;63134.89655172414;5367.172413793103;113856229.51724137
1688369647;1412.4137931034484;64547.31034482759;5367.172413793103;113525724.68965517
1688369648;1412.4137931034484;62711.1724137931;5367.172413793103;122916440.27586207
1688369649;1412.4137931034484;61440;5367.172413793103;118887106.20689654
1688369650;1412.4137931034484;60027.58620689655;5367.172413793103;112630819.31034483
1688369651;564.9655172413793;56637.793103448275;5367.172413793103;114615825.65517241
1688369652;564.9655172413793;55931.58620689655;5367.172413793103;116057052.68965517
1688369653;564.9655172413793;60027.58620689655;5367.172413793103;110651462.62068966
1688369654;564.9655172413793;58050.206896551725;5367.172413793103;100539003.5862069
1688369655;564.9655172413793;58897.65517241379;5367.172413793103;112737032.8275862
1688369656;0;59745.10344827586;5367.172413793103;118814649.37931034
1688369657;0;59886.3448275862;5367.172413793103;114276846.34482758
1688369658;0;60592.55172413793;5367.172413793103;104993191.72413793
1688369659;0;54801.65517241379;5367.172413793103;113357506.20689654
1688369660;0;51835.58620689655;5367.172413793103;111420098.20689654
1688369661;0;51411.862068965514;5367.172413793103;120769995.03448276
1688369662;0;50564.41379310345;5367.172413793103;112923612.68965517
1688369663;0;49999.448275862065;5367.172413793103;117090798.34482758
1688369664;0;52259.31034482759;1129.9310344827586;109562209.10344827
1688369665;0;51129.379310344826;1129.9310344827586;116926393.37931034
1688369666;0;48163.31034482759;423.7241379310345;114648593.65517241
1688369667;0;50140.68965517241;423.7241379310345;119185266.7586207
1688369668;0;50281.93103448276;423.7241379310345;112154553.37931034
1688369669;1129.9310344827586;48304.55172413793;423.7241379310345;119949947.5862069
1688369670;1129.9310344827586;49999.448275862065;423.7241379310345;120815333.51724137
1688369671;1129.9310344827586;47457.10344827586;1129.9310344827586;124509078.06896551
1688369672;1129.9310344827586;46609.65517241379;1129.9310344827586;124152443.5862069
1688369673;1129.9310344827586;47457.10344827586;1129.9310344827586;114403681.10344827
1688369674;2118.6206896551726;46892.137931034486;706.2068965517242;114403539.86206897
1688369675;2118.6206896551726;49010.75862068965;706.2068965517242;112100881.65517241
1688369676;2118.6206896551726;48022.06896551724;706.2068965517242;126579394.20689654
1688369677;2118.6206896551726;55084.137931034486;706.2068965517242;117867767.1724138
1688369678;2118.6206896551726;53530.48275862069;706.2068965517242;117867767.1724138
1688369679;2118.6206896551726;53389.24137931034;706.2068965517242;121899502.34482758
1688369680;2401.103448275862;54519.1724137931;706.2068965517242;123938180.4137931
1688369681;2401.103448275862;56355.31034482759;706.2068965517242;124115014.62068966
1688369682;2401.103448275862;52259.31034482759;706.2068965517242;131538520.27586207
1688369683;2401.103448275862;53106.75862068965;706.2068965517242;141473015.1724138
1688369684;2401.103448275862;52541.793103448275;706.2068965517242;131641485.2413793
1688369685;2401.103448275862;55366.620689655174;706.2068965517242;138136893.79310346
1688369686;2401.103448275862;53671.724137931036;706.2068965517242;140505229.24137932
1688369687;2401.103448275862;56072.8275862069;706.2068965517242;143470168.27586207
1688369688;2401.103448275862;56072.8275862069;706.2068965517242;140777260.13793102
1688369689;2401.103448275862;55790.3448275862;706.2068965517242;141418919.72413793
1688369690;2401.103448275862;55366.620689655174;706.2068965517242;137170661.5172414
1688369691;2401.103448275862;56637.793103448275;706.2068965517242;149291149.24137932
1688369692;2401.103448275862;56355.31034482759;706.2068965517242;153161163.03448275
1688369693;3531.0344827586205;53530.48275862069;706.2068965517242;159561374.89655173
1688369694;3531.0344827586205;53248;706.2068965517242;154118073.37931034
1688369695;3531.0344827586205;51694.3448275862;706.2068965517242;151116835.31034482
1688369696;3531.0344827586205;50988.137931034486;4943.448275862069;142548568.27586207
1688369697;3531.0344827586205;49858.206896551725;4943.448275862069;145364073.93103448
1688369698;3248.551724137931;54236.68965517241;4943.448275862069;155460996.4137931
1688369699;3248.551724137931;51411.862068965514;4943.448275862069;153431922.75862068
1688369700;3248.551724137931;53530.48275862069;4237.241379310345;146429740.13793102
1688369701;3248.551724137931;52683.03448275862;4943.448275862069;150233370.4827586
1688369702;3248.551724137931;54095.448275862065;4943.448275862069;165078545.6551724
1688369703;2259.862068965517;54519.1724137931;4943.448275862069;174661490.75862068
1688369704;2542.344827586207;51411.862068965514;4943.448275862069;174141722.4827586
1688369705;2542.344827586207;52118.06896551724;4943.448275862069;156879059.86206895
1688369706;2542.344827586207;47033.379310344826;5225.931034482758;155354359.1724138
1688369707;2542.344827586207;48445.793103448275;5225.931034482758;155354500.4137931
1688369708;2542.344827586207;47598.3448275862;6638.3448275862065;170300521.93103448
1688369709;2259.862068965517;56637.793103448275;6638.3448275862065;169476660.96551725
1688369710;2824.8275862068967;56637.793103448275;6638.3448275862065;165051286.06896552
1688369711;2824.8275862068967;57908.96551724138;6638.3448275862065;157627780.4137931
1688369712;2824.8275862068967;57626.48275862069;6638.3448275862065;164155533.24137932
1688369713;2824.8275862068967;61581.24137931034;6638.3448275862065;166290961.6551724
1688369714;2824.8275862068967;61440;6638.3448275862065;156153079.1724138
1688369715;3107.310344827586;62004.96551724138;6638.3448275862065;153784743.72413793
1688369716;3107.310344827586;62569.93103448276;6638.3448275862065;154873149.79310346
1688369717;3531.0344827586205;74716.6896551724;6638.3448275862065;159698237.79310346
1688369718;3531.0344827586205;74010.4827586207;6638.3448275862065;160326761.93103448
1688369719;3531.0344827586205;73728;6638.3448275862065;159166464
1688369720;3531.0344827586205;72598.06896551725;6638.3448275862065;150691133.79310346
1688369721;3531.0344827586205;74575.44827586207;6638.3448275862065;144318181.5172414
1688369722;2401.103448275862;74292.96551724138;7344.551724137931;143075116.13793102
1688369723;2542.344827586207;73728;7344.551724137931;153869771.03448275
1688369724;2542.344827586207;72880.55172413793;7344.551724137931;153869771.03448275
1688369725;2542.344827586207;71609.37931034483;3107.310344827586;153869771.03448275
1688369726;2542.344827586207;74010.4827586207;3107.310344827586;153308760.27586207
1688369727;1694.896551724138;71609.37931034483;3107.310344827586;134855997.79310346
1688369728;1694.896551724138;72315.58620689655;3107.310344827586;130773839.44827586
1688369729;1694.896551724138;76835.31034482758;3107.310344827586;137529132.13793102
1688369730;1694.896551724138;79095.1724137931;2401.103448275862;141330643.86206895
1688369731;1694.896551724138;78530.20689655172;2401.103448275862;138014578.75862068
1688369732;1694.896551724138;77824;2401.103448275862;128431633.65517241
1688369733;1412.4137931034484;77824;2401.103448275862;128431633.65517241
1688369734;1412.4137931034484;77400.27586206897;2401.103448275862;129858312.8275862
1688369735;1412.4137931034484;75987.86206896552;2118.6206896551726;129386142.89655173
1688369736;1412.4137931034484;74716.6896551724;2824.8275862068967;133469713.65517241
1688369737;1412.4137931034484;76270.3448275862;9463.172413793103;119073121.10344827
1688369738;1412.4137931034484;67795.86206896552;9463.172413793103;125847198.89655173
1688369739;847.448275862069;71326.89655172413;9463.172413793103;125847198.89655173
1688369740;847.448275862069;72033.10344827586;9463.172413793103;126117817.37931034
1688369741;847.448275862069;71468.13793103448;9463.172413793103;115015538.7586207
1688369742;847.448275862069;67513.37931034483;10875.58620689655;110508243.86206897
1688369743;847.448275862069;65818.4827586207;11016.827586206897;108073101.2413793
1688369744;564.9655172413793;71044.41379310345;11016.827586206897;120380168.8275862
1688369745;564.9655172413793;68078.3448275862;11016.827586206897;129346171.5862069
1688369746;141.24137931034483;55649.10344827586;11016.827586206897;118851795.86206897
1688369747;141.24137931034483;56496.55172413793;11016.827586206897;113188440.27586207
1688369748;141.24137931034483;58332.68965517241;11016.827586206897;111058520.27586207
1688369749;141.24137931034483;57908.96551724138;11016.827586206897;107413362.7586207
1688369750;141.24137931034483;59038.89655172414;11016.827586206897;114542380.13793103
1688369751;141.24137931034483;59038.89655172414;10310.620689655172;112832935.72413793
1688369752;0;59180.137931034486;10310.620689655172;100114008.27586207
1688369753;0;59180.137931034486;10310.620689655172;113111604.96551724
1688369754;0;59180.137931034486;10310.620689655172;113112734.89655173
1688369755;0;58050.206896551725;10310.620689655172;112222490.48275863
1688369756;0;58050.206896551725;10310.620689655172;115613978.48275863
1688369757;0;58191.448275862065;10310.620689655172;119177498.48275863
1688369758;0;53671.724137931036;10310.620689655172;118363665.65517241
1688369759;0;53106.75862068965;10310.620689655172;113697191.72413793
1688369760;0;54377.93103448276;10310.620689655172;100976145.65517241
1688369761;0;54236.68965517241;10310.620689655172;107055880.8275862
1688369762;0;55084.137931034486;10310.620689655172;112834489.37931034
1688369763;0;54660.41379310345;10310.620689655172;118380049.65517241
1688369764;0;55084.137931034486;10310.620689655172;116574419.86206897
1688369765;0;56637.793103448275;9604.413793103447;112490707.86206897
1688369766;0;56355.31034482759;1553.655172413793;112051447.1724138
1688369767;0;55366.620689655174;1553.655172413793;101650149.51724137
1688369768;0;49575.724137931036;1553.655172413793;101650149.51724137
1688369769;0;53389.24137931034;1553.655172413793;113329822.89655173
1688369770;0;54660.41379310345;1553.655172413793;118200531.86206897
1688369771;0;56072.8275862069;141.24137931034483;118203215.44827586
1688369772;0;54095.448275862065;0;118203215.44827586
1688369773;0;49999.448275862065;141.24137931034483;108026915.31034483
1688369774;0;49293.24137931034;141.24137931034483;96932404.96551724
1688369775;0;54519.1724137931;141.24137931034483;104163822.34482758
1688369776;0;52824.275862068964;141.24137931034483;110058813.79310344
1688369777;0;51694.3448275862;141.24137931034483;109644694.06896551
1688369778;0;51411.862068965514;141.24137931034483;118755610.48275863
1688369779;0;53812.96551724138;141.24137931034483;109962345.93103448
1688369780;0;59462.620689655174;141.24137931034483;106514643.86206897
1688369781;0;60168.8275862069;141.24137931034483;109554723.31034483
1688369782;0;61016.275862068964;141.24137931034483;98368547.31034483
1688369783;0;61863.724137931036;141.24137931034483;103474846.89655173
1688369784;0;62428.68965517241;141.24137931034483;108970125.2413793
1688369785;0;60451.31034482759;141.24137931034483;106460265.93103448
1688369786;0;60451.31034482759;141.24137931034483;105935554.20689654
1688369787;0;59180.137931034486;141.24137931034483;109124502.06896551
1688369788;0;59321.379310344826;141.24137931034483;111880121.37931034
1688369789;0;58332.68965517241;141.24137931034483;111880121.37931034
1688369790;0;59603.862068965514;847.448275862069;111874895.44827586
1688369791;0;60451.31034482759;847.448275862069;106099394.20689654
1688369792;0;59745.10344827586;847.448275862069;100512167.72413793
1688369793;0;58615.1724137931;847.448275862069;100512167.72413793
1688369794;0;57344;847.448275862069;109883956.96551724
1688369795;0;57485.24137931034;847.448275862069;109469837.2413793
1688369796;0;56779.03448275862;847.448275862069;108555299.31034483
1688369797;0;56637.793103448275;847.448275862069;111606113.10344827
1688369798;0;52683.03448275862;847.448275862069;110278585.37931034
1688369799;0;52259.31034482759;847.448275862069;99758644.96551724
1688369800;0;55790.3448275862;847.448275862069;102793216
1688369801;0;57908.96551724138;847.448275862069;105844877.2413793
1688369802;0;57061.51724137931;706.2068965517242;105053784.27586207
1688369803;0;59038.89655172414;706.2068965517242;102993355.03448276
1688369804;0;53812.96551724138;706.2068965517242;95759819.03448276
1688369805;0;56072.8275862069;706.2068965517242;106748822.06896551
1688369806;0;55084.137931034486;706.2068965517242;115350563.31034483
1688369807;0;54377.93103448276;706.2068965517242;106815629.2413793
1688369808;0;50564.41379310345;1412.4137931034484;106815629.2413793
1688369809;0;45903.448275862065;1412.4137931034484;106815629.2413793
1688369810;0;46468.41379310345;1412.4137931034484;103775691.03448276
1688369811;0;49716.96551724138;1412.4137931034484;108261093.51724137
1688369812;0;48022.06896551724;1412.4137931034484;112667965.79310344
1688369813;0;48869.51724137931;1412.4137931034484;109951046.62068966
1688369814;0;48869.51724137931;1412.4137931034484;112783218.7586207
1688369815;0;52259.31034482759;5649.6551724137935;111148914.7586207
1688369816;0;56355.31034482759;5649.6551724137935;102021755.5862069
1688369817;0;56355.31034482759;5649.6551724137935;101627268.4137931
1688369818;0;55225.379310344826;5649.6551724137935;112360483.31034483
1688369819;0;55507.862068965514;4943.448275862069;106285974.06896551
1688369820;0;55225.379310344826;5084.689655172414;106282866.7586207
1688369821;0;56072.8275862069;5084.689655172414;109053598.89655173
1688369822;0;56072.8275862069;5084.689655172414;110376748.13793103
1688369823;0;56779.03448275862;5084.689655172414;101004958.89655173
1688369824;0;56072.8275862069;5084.689655172414;97277175.1724138
1688369825;0;56355.31034482759;5508.413793103448;109508961.10344827
1688369826;0;56355.31034482759;5508.413793103448;119448823.1724138
1688369827;0;54660.41379310345;5508.413793103448;108826059.03448276
1688369828;0;54519.1724137931;5508.413793103448;108827188.96551724
1688369829;0;50564.41379310345;5508.413793103448;107588925.79310344
1688369830;0;51835.58620689655;5508.413793103448;104537405.79310344
1688369831;0;51835.58620689655;5508.413793103448;109792856.27586207
1688369832;0;50846.89655172414;5508.413793103448;114638000.55172414
1688369833;0;50846.89655172414;6073.379310344828;124166002.7586207
1688369834;0;50281.93103448276;6073.379310344828;107900928
1688369835;423.7241379310345;51835.58620689655;6073.379310344828;97901885.79310344
1688369836;423.7241379310345;53248;6073.379310344828;101668228.4137931
1688369837;423.7241379310345;52541.793103448275;5367.172413793103;114337297.65517241
1688369838;423.7241379310345;52400.55172413793;5367.172413793103;114337297.65517241
1688369839;423.7241379310345;53954.206896551725;5367.172413793103;114337156.4137931
1688369840;423.7241379310345;51411.862068965514;5367.172413793103;112381528.27586207
1688369841;564.9655172413793;54519.1724137931;5367.172413793103;107207856.55172414
1688369842;564.9655172413793;53671.724137931036;5367.172413793103;103729787.5862069
1688369843;564.9655172413793;53812.96551724138;5367.172413793103;100015986.7586207
1688369844;564.9655172413793;52541.793103448275;1129.9310344827586;98611482.48275863
1688369845;564.9655172413793;48304.55172413793;1129.9310344827586;112314438.62068966
1688369846;564.9655172413793;48022.06896551724;1129.9310344827586;110509373.79310344
1688369847;564.9655172413793;47457.10344827586;1129.9310344827586;99776158.89655173
1688369848;564.9655172413793;45903.448275862065;1129.9310344827586;99776158.89655173
1688369849;564.9655172413793;46327.1724137931;988.6896551724137;103937977.37931034
1688369850;564.9655172413793;48869.51724137931;988.6896551724137;107729037.2413793
1688369851;564.9655172413793;51411.862068965514;988.6896551724137;118515923.86206897
1688369852;564.9655172413793;50564.41379310345;988.6896551724137;118515923.86206897
1688369853;564.9655172413793;49575.724137931036;988.6896551724137;118856174.34482758
1688369854;564.9655172413793;51835.58620689655;564.9655172413793;107451074.20689654
1688369855;564.9655172413793;51553.10344827586;564.9655172413793;100628691.86206897
1688369856;564.9655172413793;53106.75862068965;564.9655172413793;113416403.86206897
1688369857;564.9655172413793;52259.31034482759;564.9655172413793;113415273.93103448
1688369858;564.9655172413793;53530.48275862069;564.9655172413793;111616282.48275863
1688369859;564.9655172413793;50140.68965517241;564.9655172413793;117401529.37931034
1688369860;564.9655172413793;54236.68965517241;564.9655172413793;112156248.27586207
1688369861;564.9655172413793;54095.448275862065;564.9655172413793;111748766.89655173
1688369862;564.9655172413793;54801.65517241379;0;103571456
1688369863;564.9655172413793;53248;0;112118819.31034483
1688369864;141.24137931034483;54801.65517241379;5225.931034482758;116489251.31034483
1688369865;141.24137931034483;53812.96551724138;5225.931034482758;112146926.34482758
1688369866;141.24137931034483;54519.1724137931;5225.931034482758;105554202.48275863
1688369867;141.24137931034483;53812.96551724138;5225.931034482758;107613078.06896551
1688369868;141.24137931034483;50846.89655172414;5225.931034482758;107613078.06896551
1688369869;141.24137931034483;49293.24137931034;5225.931034482758;103562416.55172414
1688369870;0;49010.75862068965;5932.137931034483;105488242.7586207
1688369871;0;50846.89655172414;5932.137931034483;109326759.72413793
1688369872;0;57626.48275862069;5932.137931034483;113941256.8275862
1688369873;0;55507.862068965514;5932.137931034483;123352311.1724138
1688369874;0;57767.724137931036;5932.137931034483;114719496.8275862
1688369875;0;58050.206896551725;5932.137931034483;112471075.31034483
1688369876;0;60310.06896551724;5932.137931034483;117640227.31034483
1688369877;0;61581.24137931034;5932.137931034483;124949468.68965517
1688369878;0;60451.31034482759;5932.137931034483;120792734.89655173
1688369879;0;57767.724137931036;5932.137931034483;121375073.10344827
1688369880;1271.1724137931035;58473.93103448276;5932.137931034483;112328421.51724137
1688369881;1271.1724137931035;59180.137931034486;5932.137931034483;117969037.2413793
1688369882;1271.1724137931035;60310.06896551724;5932.137931034483;121046828.13793103
1688369883;1271.1724137931035;58897.65517241379;5932.137931034483;119311112.8275862
1688369884;1271.1724137931035;58332.68965517241;5932.137931034483;113903121.65517241
1688369885;1553.655172413793;59038.89655172414;5932.137931034483;106632156.68965517
1688369886;2118.6206896551726;61016.275862068964;5932.137931034483;109325912.27586207
1688369887;2118.6206896551726;59886.3448275862;5932.137931034483;117901100.13793103
1688369888;2118.6206896551726;62569.93103448276;5932.137931034483;115488838.62068966
1688369889;2118.6206896551726;59321.379310344826;6638.3448275862065;123400333.2413793
1688369890;2118.6206896551726;62852.41379310345;6638.3448275862065;118962670.34482758
1688369891;2683.5862068965516;62287.448275862065;6638.3448275862065;127190969.37931034
1688369892;3531.0344827586205;63982.3448275862;6638.3448275862065;118024686.34482758
1688369893;3531.0344827586205;62993.65517241379;1412.4137931034484;113660751.44827586
1688369894;3531.0344827586205;63417.379310344826;1412.4137931034484;125112461.2413793
1688369895;3531.0344827586205;65112.275862068964;5508.413793103448;119036115.86206897
1688369896;3531.0344827586205;66242.20689655172;5508.413793103448;116977240.27586207
1688369897;4096;66948.41379310345;5508.413793103448;121171544.27586207
1688369898;4096;68078.3448275862;5508.413793103448;125010061.2413793
1688369899;4096;65253.51724137931;4802.206896551724;118743604.96551724
1688369900;4096;63699.862068965514;4943.448275862069;113714140.68965517
1688369901;4096;59321.379310344826;4943.448275862069;122518987.03448276
1688369902;4096;60592.55172413793;4943.448275862069;121977608.8275862
1688369903;4096;59603.862068965514;4943.448275862069;118523692.13793103
1688369904;4096;58615.1724137931;4943.448275862069;117058312.8275862
1688369905;4096;56214.06896551724;5508.413793103448;114619074.20689654
1688369906;4096;56355.31034482759;5508.413793103448;107309832.8275862
1688369907;4096;54801.65517241379;5508.413793103448;118825807.44827586
1688369908;4096;58332.68965517241;5508.413793103448;109825059.31034483
1688369909;2824.8275862068967;57485.24137931034;5508.413793103448;110015876.4137931
1688369910;2824.8275862068967;56920.275862068964;5508.413793103448;110558384.55172414
1688369911;2824.8275862068967;57626.48275862069;5508.413793103448;109490599.72413793
1688369912;2824.8275862068967;55649.10344827586;5508.413793103448;114027555.31034483
1688369913;2824.8275862068967;62428.68965517241;5508.413793103448;115953522.7586207
1688369914;2542.344827586207;60875.03448275862;5508.413793103448;124879130.48275863
1688369915;1977.3793103448274;62146.206896551725;5508.413793103448;122188340.96551724
1688369916;1977.3793103448274;61863.724137931036;5508.413793103448;113613153.10344827
1688369917;1977.3793103448274;61722.48275862069;5508.413793103448;114623028.96551724
1688369918;1977.3793103448274;60733.793103448275;4802.206896551724;110785500.68965517
1688369919;1977.3793103448274;57202.75862068965;4802.206896551724;116715378.7586207
1688369920;1412.4137931034484;57908.96551724138;4802.206896551724;108333267.86206897
1688369921;564.9655172413793;58615.1724137931;4802.206896551724;112229270.06896551
1688369922;564.9655172413793;57485.24137931034;4802.206896551724;112222772.96551724
1688369923;564.9655172413793;61722.48275862069;4802.206896551724;110298076.68965517
1688369924;564.9655172413793;61863.724137931036;706.2068965517242;111379138.20689654
1688369925;564.9655172413793;61016.275862068964;706.2068965517242;121133832.8275862
1688369926;0;62287.448275862065;706.2068965517242;120747537.65517241
1688369927;0;63558.620689655174;706.2068965517242;119683566.34482758
1688369928;1129.9310344827586;66807.1724137931;706.2068965517242;127652546.20689654
1688369929;1129.9310344827586;64688.55172413793;564.9655172413793;132533848.27586207
1688369930;1129.9310344827586;64123.58620689655;564.9655172413793;122654861.2413793
1688369931;1129.9310344827586;63134.89655172414;564.9655172413793;113785185.10344827
1688369932;1129.9310344827586;63276.13793103448;1271.1724137931035;115157910.06896551
1688369933;1412.4137931034484;64123.58620689655;1271.1724137931035;129779217.65517241
1688369934;1977.3793103448274;66807.1724137931;706.2068965517242;133087655.72413793
1688369935;1977.3793103448274;66242.20689655172;706.2068965517242;137939579.58620688
1688369936;1977.3793103448274;66665.93103448275;706.2068965517242;131372137.93103448
1688369937;1977.3793103448274;66948.41379310345;706.2068965517242;131369595.5862069
1688369938;1977.3793103448274;64829.793103448275;706.2068965517242;128115394.20689654
1688369939;2259.862068965517;68925.79310344828;706.2068965517242;125030400
1688369940;2259.862068965517;67795.86206896552;706.2068965517242;139328123.58620688
1688369941;2259.862068965517;70338.20689655172;706.2068965517242;136724621.24137932
1688369942;2259.862068965517;65536;706.2068965517242;134038351.44827586
1688369943;2259.862068965517;66524.6896551724;706.2068965517242;119595996.68965517
1688369944;2259.862068965517;63982.3448275862;706.2068965517242;136999053.24137932
1688369945;2259.862068965517;63558.620689655174;706.2068965517242;143184013.24137932
1688369946;2259.862068965517;62852.41379310345;706.2068965517242;138801010.75862068
1688369947;3389.793103448276;62569.93103448276;706.2068965517242;142939241.93103448
1688369948;3389.793103448276;63558.620689655174;706.2068965517242;143085285.5172414
1688369949;3389.793103448276;63982.3448275862;706.2068965517242;143405056
1688369950;3389.793103448276;62993.65517241379;706.2068965517242;139509053.79310346
1688369951;3389.793103448276;63134.89655172414;1412.4137931034484;146409966.3448276
1688369952;4237.241379310345;57202.75862068965;1412.4137931034484;141700131.31034482
1688369953;4237.241379310345;56072.8275862069;1412.4137931034484;148021389.24137932
1688369954;4237.241379310345;57626.48275862069;1412.4137931034484;144689081.37931034
1688369955;4237.241379310345;57767.724137931036;1412.4137931034484;143926660.4137931
1688369956;4237.241379310345;54519.1724137931;1412.4137931034484;148123648
1688369957;3107.310344827586;52965.51724137931;5649.6551724137935;147432836.4137931
1688369958;3389.793103448276;54519.1724137931;5649.6551724137935;146227482.4827586
1688369959;3389.793103448276;58332.68965517241;5649.6551724137935;151047909.5172414
1688369960;3389.793103448276;59462.620689655174;5649.6551724137935;155635853.24137932
1688369961;3813.5172413793102;58050.206896551725;4943.448275862069;158575933.79310346
1688369962;3531.0344827586205;58332.68965517241;5084.689655172414;149828431.44827586
1688369963;3248.551724137931;57202.75862068965;5084.689655172414;147611930.4827586
1688369964;3248.551724137931;57202.75862068965;5084.689655172414;148886068.96551725
1688369965;3248.551724137931;59321.379310344826;5084.689655172414;149512756.96551725
1688369966;3248.551724137931;57202.75862068965;5084.689655172414;156433160.8275862
1688369967;3248.551724137931;57202.75862068965;5508.413793103448;162410072.27586207
1688369968;3813.5172413793102;55084.137931034486;5508.413793103448;162981817.37931034
1688369969;3813.5172413793102;54377.93103448276;5508.413793103448;152634897.6551724
1688369970;3813.5172413793102;54660.41379310345;5508.413793103448;172873092.4137931
1688369971;3813.5172413793102;52683.03448275862;5508.413793103448;172873092.4137931
1688369972;3813.5172413793102;52683.03448275862;5508.413793103448;178527408.55172414
1688369973;4378.482758620689;52824.275862068964;5508.413793103448;162920236.13793102
1688369974;4378.482758620689;52400.55172413793;5508.413793103448;156735276.13793102
1688369975;4378.482758620689;53530.48275862069;5508.413793103448;166054947.31034482
1688369976;3248.551724137931;54942.89655172414;5508.413793103448;173218710.06896552
1688369977;3248.551724137931;53954.206896551725;5508.413793103448;167142788.4137931
1688369978;3248.551724137931;52683.03448275862;5508.413793103448;167330921.93103448
1688369979;3389.793103448276;52965.51724137931;5508.413793103448;171303900.68965518
1688369980;3813.5172413793102;55931.58620689655;4802.206896551724;167506767.44827586
1688369981;2966.0689655172414;56637.793103448275;4802.206896551724;162689730.20689654
1688369982;2966.0689655172414;55931.58620689655;4802.206896551724;155343059.86206895
1688369983;2966.0689655172414;55366.620689655174;4802.206896551724;158316473.37931034
1688369984;2966.0689655172414;53954.206896551725;4802.206896551724;159403749.5172414
1688369985;3107.310344827586;57908.96551724138;4802.206896551724;162538460.68965518
1688369986;3107.310344827586;59321.379310344826;564.9655172413793;155524696.27586207
1688369987;2824.8275862068967;59462.620689655174;564.9655172413793;151855527.72413793
1688369988;2824.8275862068967;54519.1724137931;564.9655172413793;149571937.10344827
1688369989;2824.8275862068967;54942.89655172414;564.9655172413793;144983993.37931034
1688369990;2401.103448275862;54942.89655172414;564.9655172413793;151788579.31034482
1688369991;2401.103448275862;55507.862068965514;423.7241379310345;145914774.06896552
1688369992;2118.6206896551726;53812.96551724138;423.7241379310345;142092923.58620688
1688369993;2118.6206896551726;53812.96551724138;423.7241379310345;139004257.10344827
1688369994;2118.6206896551726;53106.75862068965;423.7241379310345;136995804.68965518
1688369995;2118.6206896551726;53530.48275862069;423.7241379310345;138493669.5172414
1688369996;2118.6206896551726;53389.24137931034;0;139536454.62068966
1688369997;1271.1724137931035;52118.06896551724;0;135866579.86206895
1688369998;1271.1724137931035;53106.75862068965;0;129573146.48275863
1688369999;1271.1724137931035;53812.96551724138;0;118767192.27586207
1688370000;1271.1724137931035;60875.03448275862;0;123166013.79310344
1688370001;1271.1724137931035;60310.06896551724;0;117511697.65517241
1688370002;706.2068965517242;61863.724137931036;0;115712847.44827586
1688370003;706.2068965517242;61016.275862068964;0;121787497.93103448
1688370004;706.2068965517242;59886.3448275862;0;118545443.31034483
1688370005;706.2068965517242;58897.65517241379;0;101820910.34482758
1688370006;706.2068965517242;62287.448275862065;706.2068965517242;103417644.13793103
1688370007;706.2068965517242;63841.10344827586;706.2068965517242;106190777.37931034
1688370008;564.9655172413793;63699.862068965514;706.2068965517242;108292307.86206897
1688370009;141.24137931034483;59745.10344827586;706.2068965517242;114393370.48275863
1688370010;141.24137931034483;68784.55172413793;706.2068965517242;117961975.1724138
1688370011;141.24137931034483;67089.6551724138;706.2068965517242;117906326.06896551
1688370012;141.24137931034483;65677.24137931035;706.2068965517242;110182541.2413793
1688370013;141.24137931034483;64971.03448275862;706.2068965517242;107842312.8275862
1688370014;0;62004.96551724138;706.2068965517242;106130043.5862069
1688370015;0;60592.55172413793;706.2068965517242;107745703.72413793
1688370016;0;62428.68965517241;706.2068965517242;107738924.13793103
1688370017;0;68360.8275862069;706.2068965517242;114681926.62068966
1688370018;0;66665.93103448275;706.2068965517242;114681926.62068966
1688370019;0;68360.8275862069;706.2068965517242;104982316.13793103
1688370020;0;66524.6896551724;706.2068965517242;111058661.51724137
1688370021;0;69208.27586206897;706.2068965517242;111059791.44827586
1688370022;0;70903.1724137931;706.2068965517242;109520260.4137931
1688370023;0;69067.03448275862;706.2068965517242;105948407.1724138
1688370024;0;67654.62068965517;706.2068965517242;102668923.5862069
1688370025;0;68925.79310344828;706.2068965517242;102571325.79310344
1688370026;0;69914.4827586207;706.2068965517242;106936955.5862069
1688370027;0;69067.03448275862;706.2068965517242;117484155.5862069
1688370028;0;65818.4827586207;706.2068965517242;106118461.79310344
1688370029;0;60733.793103448275;706.2068965517242;101719640.27586207
1688370030;0;61157.51724137931;706.2068965517242;107798245.51724137
1688370031;0;58756.41379310345;4802.206896551724;109580146.7586207
1688370032;0;59603.862068965514;4802.206896551724;103505496.27586207
1688370033;0;57908.96551724138;4802.206896551724;97427879.72413793
1688370034;0;58897.65517241379;4802.206896551724;105785838.34482758
1688370035;0;55649.10344827586;4096;107300934.62068966
1688370036;0;59603.862068965514;4802.206896551724;110267709.79310344
1688370037;0;60168.8275862069;4802.206896551724;109197523.86206897
1688370038;0;61016.275862068964;4802.206896551724;100802701.2413793
1688370039;0;51976.8275862069;4802.206896551724;97541720.27586207
1688370040;0;53106.75862068965;4802.206896551724;103311995.5862069
1688370041;0;55225.379310344826;5225.931034482758;113284201.93103448
1688370042;0;55225.379310344826;5225.931034482758;113316263.72413793
1688370043;0;55084.137931034486;5225.931034482758;104631755.03448276
1688370044;0;54236.68965517241;5225.931034482758;108828318.89655173
1688370045;0;52118.06896551724;5225.931034482758;108829731.31034483
1688370046;0;47174.620689655174;5225.931034482758;98846790.62068966
1688370047;0;47880.8275862069;5225.931034482758;100521489.65517241
1688370048;0;46468.41379310345;5225.931034482758;110706688
1688370049;0;47739.58620689655;5225.931034482758;104630342.62068966
1688370050;0;46468.41379310345;5225.931034482758;106484418.20689654
1688370051;0;44914.75862068965;5225.931034482758;107881295.44827586
1688370052;0;45762.206896551725;5225.931034482758;122197380.4137931
1688370053;0;46185.93103448276;5225.931034482758;117058595.31034483
1688370054;0;44914.75862068965;5225.931034482758;110136496.55172414
1688370055;0;42796.137931034486;5225.931034482758;106528768
1688370056;0;46327.1724137931;5225.931034482758;100288865.10344827
1688370057;0;49434.48275862069;5225.931034482758;100288865.10344827
1688370058;0;48587.03448275862;5225.931034482758;101440123.5862069
1688370059;0;47598.3448275862;5225.931034482758;103261854.89655173
1688370060;0;48728.275862068964;1129.9310344827586;107549660.68965517
1688370061;0;50705.65517241379;5225.931034482758;112534633.93103448
1688370062;0;51411.862068965514;5225.931034482758;117389100.13793103
1688370063;0;50423.1724137931;5225.931034482758;109030011.5862069
1688370064;0;50281.93103448276;5225.931034482758;105918181.51724137
1688370065;0;44773.51724137931;4519.724137931034;104548705.10344827
1688370066;0;45479.724137931036;4519.724137931034;100550585.37931034
1688370067;0;44773.51724137931;4660.9655172413795;113598605.2413793
1688370068;0;47315.862068965514;4660.9655172413795;113290840.27586207
1688370069;0;48163.31034482759;4660.9655172413795;107520564.96551724
1688370070;0;47880.8275862069;4237.241379310345;101954100.96551724
1688370071;0;48163.31034482759;4237.241379310345;100131239.72413793
1688370072;0;53671.724137931036;4237.241379310345;101714414.34482758
1688370073;0;54519.1724137931;4237.241379310345;95637786.48275863
1688370074;0;54095.448275862065;4237.241379310345;99877146.48275863
1688370075;0;55931.58620689655;4237.241379310345;105849679.44827586
1688370076;0;55084.137931034486;4237.241379310345;105752222.89655173
1688370077;0;55084.137931034486;4237.241379310345;97036641.10344827
1688370078;0;56920.275862068964;4237.241379310345;109976893.79310344
1688370079;0;56496.55172413793;4237.241379310345;108121688.27586207
1688370080;0;57344;4237.241379310345;105226946.20689654
1688370081;0;57485.24137931034;4237.241379310345;93933144.27586207
1688370082;0;57344;4237.241379310345;93933144.27586207
1688370083;0;59462.620689655174;4237.241379310345;93933144.27586207
1688370084;0;61440;4237.241379310345;108801483.03448276
1688370085;0;57626.48275862069;4237.241379310345;110951459.31034483
1688370086;0;55790.3448275862;4237.241379310345;110953577.93103448
1688370087;0;57626.48275862069;4237.241379310345;109802319.44827586
1688370088;0;58050.206896551725;4237.241379310345;103431062.06896551
1688370089;0;60310.06896551724;4943.448275862069;97361355.03448276
1688370090;0;58615.1724137931;847.448275862069;104336560.55172414
1688370091;0;58615.1724137931;847.448275862069;109990594.20689654
1688370092;0;59886.3448275862;847.448275862069;109990452.96551724
1688370093;0;60027.58620689655;847.448275862069;109990452.96551724
1688370094;0;61863.724137931036;847.448275862069;113001012.96551724
1688370095;0;60310.06896551724;847.448275862069;111994809.37931034
1688370096;0;60875.03448275862;706.2068965517242;107226641.65517241
1688370097;0;57626.48275862069;706.2068965517242;107226641.65517241
1688370098;0;58756.41379310345;706.2068965517242;108850352.55172414
1688370099;0;58615.1724137931;706.2068965517242;106952350.89655173
1688370100;0;59603.862068965514;706.2068965517242;111553147.5862069
1688370101;0;54095.448275862065;706.2068965517242;113189005.2413793
1688370102;0;53248;706.2068965517242;121493150.89655173
1688370103;0;54942.89655172414;706.2068965517242;117252378.48275863
1688370104;0;53389.24137931034;706.2068965517242;114317100.13793103
1688370105;0;53812.96551724138;706.2068965517242;118816768
1688370106;0;53812.96551724138;706.2068965517242;114311450.48275863
1688370107;0;50846.89655172414;706.2068965517242;102986857.93103448
1688370108;0;55790.3448275862;706.2068965517242;102986857.93103448
1688370109;0;58897.65517241379;706.2068965517242;103971734.06896551
1688370110;0;62569.93103448276;706.2068965517242;106031457.10344827
1688370111;0;61722.48275862069;706.2068965517242;115663695.44827586
1688370112;0;61016.275862068964;706.2068965517242;120117318.62068966
1688370113;0;60168.8275862069;706.2068965517242;110069971.86206897
1688370114;0;60310.06896551724;706.2068965517242;109753732.4137931
1688370115;0;62146.206896551725;5084.689655172414;109781839.44827586
1688370116;0;59180.137931034486;5084.689655172414;115949003.03448276
1688370117;0;59886.3448275862;5932.137931034483;121781142.06896551
1688370118;0;56920.275862068964;5225.931034482758;127141534.89655173
1688370119;0;59603.862068965514;5225.931034482758;115181356.13793103
1688370120;0;61581.24137931034;5790.896551724138;110747365.51724137
1688370121;0;61440;5790.896551724138;110750049.10344827
1688370122;0;61157.51724137931;5790.896551724138;112095938.20689654
1688370123;0;59745.10344827586;5790.896551724138;103010162.7586207
1688370124;0;60027.58620689655;5790.896551724138;104486841.37931034
1688370125;0;59886.3448275862;5790.896551724138;117540934.62068966
1688370126;0;60592.55172413793;5790.896551724138;117542770.7586207
1688370127;0;60168.8275862069;5790.896551724138;115919059.86206897
1688370128;0;59886.3448275862;5790.896551724138;113389144.27586207
1688370129;0;58756.41379310345;5790.896551724138;108786511.44827586
1688370130;0;63134.89655172414;5790.896551724138;116066798.34482758
1688370131;0;64264.8275862069;5790.896551724138;109558536.8275862
1688370132;0;62428.68965517241;5790.896551724138;115278953.93103448
1688370133;0;61157.51724137931;5790.896551724138;116587837.79310344
1688370134;0;63982.3448275862;5790.896551724138;110510927.44827586
1688370135;0;64123.58620689655;5790.896551724138;122113906.7586207
1688370136;0;66100.96551724138;5790.896551724138;120498246.62068966
1688370137;0;60168.8275862069;5790.896551724138;128627535.44827586
1688370138;0;55225.379310344826;5790.896551724138;132270715.5862069
1688370139;0;53812.96551724138;5790.896551724138;127188850.7586207
1688370140;1271.1724137931035;57485.24137931034;5790.896551724138;123635076.4137931
1688370141;1271.1724137931035;58332.68965517241;5790.896551724138;133397963.03448276
1688370142;1271.1724137931035;57344;5790.896551724138;127819069.79310344
1688370143;1271.1724137931035;62287.448275862065;5790.896551724138;127383340.13793103
1688370144;1271.1724137931035;59038.89655172414;1412.4137931034484;133427623.72413793
1688370145;2118.6206896551726;61298.75862068965;1412.4137931034484;127275149.2413793
1688370146;2118.6206896551726;61298.75862068965;564.9655172413793;119914072.27586207
1688370147;2118.6206896551726;60027.58620689655;564.9655172413793;121376909.2413793
1688370148;2118.6206896551726;57908.96551724138;564.9655172413793;121376909.2413793
1688370149;2118.6206896551726;55084.137931034486;0;121944417.10344827
1688370150;2118.6206896551726;55790.3448275862;0;132779043.31034483
1688370151;2401.103448275862;58191.448275862065;0;133964199.72413793
1688370152;2401.103448275862;57767.724137931036;0;133964199.72413793
1688370153;2401.103448275862;58897.65517241379;0;132487662.34482758
1688370154;2401.103448275862;59603.862068965514;0;119241339.5862069
1688370155;2401.103448275862;61298.75862068965;0;128224150.06896551
1688370156;2401.103448275862;63841.10344827586;0;128224150.06896551
1688370157;2401.103448275862;63417.379310344826;0;140409608.8275862
1688370158;2401.103448275862;64971.03448275862;0;140409750.06896552
1688370159;2401.103448275862;60733.793103448275;0;129910430.89655173
1688370160;2401.103448275862;60310.06896551724;0;138563866.4827586
1688370161;2401.103448275862;63417.379310344826;0;132843590.62068966
1688370162;2401.103448275862;64829.793103448275;0;125516976.55172414
1688370163;2401.103448275862;61722.48275862069;0;133910528
1688370164;2401.103448275862;62569.93103448276;564.9655172413793;122305995.03448276
1688370165;2401.103448275862;60592.55172413793;564.9655172413793;126371910.62068966
1688370166;2401.103448275862;62852.41379310345;564.9655172413793;123833238.06896551
1688370167;2401.103448275862;63841.10344827586;564.9655172413793;123857107.86206897
1688370168;2401.103448275862;61440;564.9655172413793;127038852.4137931
1688370169;1129.9310344827586;59462.620689655174;564.9655172413793;120960388.4137931
1688370170;1129.9310344827586;58897.65517241379;564.9655172413793;115163418.48275863
1688370171;2259.862068965517;61016.275862068964;1271.1724137931035;117481189.51724137
1688370172;2259.862068965517;58332.68965517241;1271.1724137931035;116923144.8275862
1688370173;2259.862068965517;59038.89655172414;1271.1724137931035;116091515.5862069
1688370174;1412.4137931034484;57626.48275862069;5508.413793103448;122857260.13793103
1688370175;1412.4137931034484;57202.75862068965;5508.413793103448;129114253.2413793
1688370176;2259.862068965517;60592.55172413793;6073.379310344828;127500711.72413793
1688370177;2259.862068965517;59886.3448275862;6214.620689655172;133005312
1688370178;2259.862068965517;60733.793103448275;6214.620689655172;132445148.68965517
1688370179;2259.862068965517;58897.65517241379;6214.620689655172;126526287.44827586
1688370180;1977.3793103448274;58050.206896551725;6214.620689655172;132140773.51724137
1688370181;1977.3793103448274;58897.65517241379;6214.620689655172;141352112.55172414
1688370182;2259.862068965517;59321.379310344826;6214.620689655172;141351971.31034482
1688370183;2259.862068965517;59745.10344827586;6214.620689655172;139383348.96551725
1688370184;2259.862068965517;62428.68965517241;6214.620689655172;133124660.96551724
1688370185;2259.862068965517;60733.793103448275;6214.620689655172;141771740.68965518
1688370186;2259.862068965517;60875.03448275862;6214.620689655172;135044131.31034482
1688370187;2259.862068965517;61157.51724137931;6214.620689655172;138664430.3448276
1688370188;2259.862068965517;60168.8275862069;6214.620689655172;144077929.93103448
1688370189;2259.862068965517;61722.48275862069;6214.620689655172;141690526.89655173
1688370190;2259.862068965517;58615.1724137931;6214.620689655172;149697500.68965518
1688370191;2259.862068965517;61863.724137931036;6214.620689655172;149640721.6551724
1688370192;3389.793103448276;66524.6896551724;6214.620689655172;141267650.20689654
1688370193;3389.793103448276;67372.13793103448;5649.6551724137935;141267650.20689654
1688370194;3389.793103448276;66524.6896551724;5649.6551724137935;149366148.4137931
1688370195;3389.793103448276;68360.8275862069;5649.6551724137935;143775532.13793102
1688370196;3389.793103448276;66524.6896551724;5649.6551724137935;139123747.31034482
1688370197;4237.241379310345;67372.13793103448;5649.6551724137935;135947087.44827586
1688370198;4237.241379310345;65677.24137931035;5649.6551724137935;138985613.24137932
1688370199;4237.241379310345;65253.51724137931;5649.6551724137935;133610531.31034483
1688370200;3107.310344827586;65394.75862068965;4943.448275862069;141953800.8275862
1688370201;3107.310344827586;63699.862068965514;4943.448275862069;136798914.20689654
1688370202;3107.310344827586;67372.13793103448;4943.448275862069;133385251.31034483
1688370203;3389.793103448276;68643.31034482758;706.2068965517242;126604817.65517241
1688370204;3389.793103448276;69208.27586206897;706.2068965517242;120347683.31034483
1688370205;2542.344827586207;67230.89655172413;141.24137931034483;115137995.03448276
1688370206;2542.344827586207;67089.6551724138;0;111751874.20689654
1688370207;2542.344827586207;66383.44827586207;4519.724137931034;109633677.2413793
1688370208;2542.344827586207;68078.3448275862;4519.724137931034;107752483.31034483
1688370209;2542.344827586207;67654.62068965517;4519.724137931034;102644206.34482758
1688370210;2542.344827586207;67937.10344827586;4519.724137931034;96470121.93103448
1688370211;2259.862068965517;64829.793103448275;4519.724137931034;99507376.55172414
1688370212;2259.862068965517;64971.03448275862;4660.9655172413795;93982155.03448276
1688370213;2259.862068965517;61157.51724137931;4660.9655172413795;94234694.62068966
1688370214;2259.862068965517;59603.862068965514;4660.9655172413795;92021583.44827586
1688370215;2259.862068965517;57767.724137931036;4660.9655172413795;89140683.03448276
1688370216;2259.862068965517;57344;4660.9655172413795;85520242.7586207
1688370217;2259.862068965517;58050.206896551725;4660.9655172413795;80109144.27586207
1688370218;2259.862068965517;56496.55172413793;4660.9655172413795;84918272
1688370219;2259.862068965517;57626.48275862069;4660.9655172413795;76911156.96551724
1688370220;2259.862068965517;62287.448275862065;4660.9655172413795;76911156.96551724
1688370221;1129.9310344827586;57626.48275862069;4660.9655172413795;76890676.96551724
1688370222;1129.9310344827586;55649.10344827586;4660.9655172413795;79785842.7586207
1688370223;1129.9310344827586;60027.58620689655;4660.9655172413795;70514193.65517241
1688370224;1129.9310344827586;57767.724137931036;4660.9655172413795;83388769.10344827
1688370225;1129.9310344827586;59038.89655172414;4660.9655172413795;83388627.86206897
1688370226;282.48275862068965;57626.48275862069;4660.9655172413795;83384531.86206897
1688370227;282.48275862068965;59038.89655172414;4660.9655172413795;80346006.06896551
1688370228;282.48275862068965;57767.724137931036;4660.9655172413795;77310446.34482759
1688370229;282.48275862068965;55790.3448275862;4660.9655172413795;66649405.79310345
1688370230;282.48275862068965;57485.24137931034;4660.9655172413795;72436065.10344827
1688370231;282.48275862068965;55225.379310344826;4660.9655172413795;70606848
1688370232;0;54801.65517241379;4660.9655172413795;76318790.62068966
1688370233;0;54660.41379310345;4660.9655172413795;76321615.44827586
1688370234;0;57767.724137931036;4660.9655172413795;78283175.72413793
1688370235;0;58615.1724137931;4660.9655172413795;79988524.13793103
1688370236;0;61440;141.24137931034483;88945628.68965517
1688370237;0;59886.3448275862;4943.448275862069;85908374.06896551
1688370238;0;61581.24137931034;4943.448275862069;82872531.86206897
1688370239;0;60451.31034482759;4943.448275862069;79835277.2413793
1688370240;0;63558.620689655174;4943.448275862069;78342920.8275862
1688370241;0;61722.48275862069;4802.206896551724;81472547.31034483
1688370242;0;61157.51724137931;4802.206896551724;92176807.72413793
1688370243;0;64264.8275862069;4802.206896551724;85742839.1724138
1688370244;0;67372.13793103448;4802.206896551724;81516049.65517241
1688370245;0;67230.89655172413;4802.206896551724;81516049.65517241
1688370246;0;67654.62068965517;4802.206896551724;84557965.2413793
1688370247;0;69067.03448275862;4802.206896551724;72129995.03448276
1688370248;0;67937.10344827586;4802.206896551724;74391128.27586207
1688370249;0;58756.41379310345;4802.206896551724;86728704
1688370250;0;61016.275862068964;4802.206896551724;86728704
1688370251;0;61016.275862068964;5508.413793103448;83834668.13793103
1688370252;0;57485.24137931034;10169.379310344828;80943739.5862069
1688370253;0;57344;10169.379310344828;68076649.93103448
1688370254;0;58191.448275862065;10169.379310344828;76257491.86206897
1688370255;0;60592.55172413793;10169.379310344828;76256361.93103448
1688370256;0;59180.137931034486;10169.379310344828;86163032.27586207
1688370257;0;60310.06896551724;10169.379310344828;86154134.06896551
1688370258;0;60027.58620689655;10875.58620689655;86156958.89655173
1688370259;0;57908.96551724138;10875.58620689655;80370299.5862069
1688370260;0;58050.206896551725;10875.58620689655;82220985.37931034
1688370261;0;57767.724137931036;10875.58620689655;80733007.44827586
1688370262;0;56779.03448275862;10875.58620689655;83769555.86206897
1688370263;0;53106.75862068965;10875.58620689655;84846662.62068966
1688370264;0;54942.89655172414;10875.58620689655;82546405.51724137
1688370265;0;53530.48275862069;10875.58620689655;74176723.86206897
1688370266;0;54236.68965517241;6073.379310344828;87012599.1724138
1688370267;0;51694.3448275862;6073.379310344828;87011186.7586207
1688370268;0;52824.275862068964;6073.379310344828;87013305.37931034
1688370269;0;50705.65517241379;6073.379310344828;85468407.1724138
1688370270;0;52541.793103448275;6073.379310344828;82640613.51724137
1688370271;0;53954.206896551725;6073.379310344828;79185566.89655173
1688370272;0;51270.620689655174;6073.379310344828;83112924.68965517
1688370273;0;49575.724137931036;6073.379310344828;83114054.62068966
1688370274;0;48163.31034482759;6073.379310344828;83114054.62068966
1688370275;0;49575.724137931036;6073.379310344828;81293735.72413793
1688370276;0;47174.620689655174;6073.379310344828;80850661.51724137
1688370277;0;52400.55172413793;6073.379310344828;80412813.2413793
1688370278;0;51411.862068965514;6073.379310344828;77870044.68965517
1688370279;0;51129.379310344826;6073.379310344828;78728792.27586207
1688370280;0;52259.31034482759;5367.172413793103;78727662.34482759
1688370281;0;53106.75862068965;706.2068965517242;81765199.44827586
1688370282;0;51411.862068965514;706.2068965517242;84794968.27586207
1688370283;0;51553.10344827586;706.2068965517242;79932875.03448276
1688370284;0;50705.65517241379;706.2068965517242;79932875.03448276
1688370285;0;52824.275862068964;706.2068965517242;70026204.68965517
1688370286;0;52683.03448275862;706.2068965517242;81750510.34482759
1688370287;0;51835.58620689655;0;81747685.51724137
1688370288;0;51976.8275862069;0;84183958.06896551
1688370289;0;49568.88705006206;423.7241379310345;82333272.27586207
1688370290;0;51411.862068965514;423.7241379310345;94585679.44827586
1688370291;0;50564.41379310345;423.7241379310345;91546306.20689654
1688370292;0;50988.137931034486;423.7241379310345;88507639.1724138
1688370293;0;47457.10344827586;423.7241379310345;86985622.06896551
1688370294;0;47315.862068965514;423.7241379310345;83592439.1724138
1688370295;0;48869.51724137931;423.7241379310345;75249169.65517241
1688370296;0;49858.206896551725;423.7241379310345;88373318.62068966
1688370297;0;49716.96551724138;423.7241379310345;88371200
1688370298;0;48587.03448275862;423.7241379310345;88372471.1724138
1688370299;0;47598.3448275862;423.7241379310345;86666840.27586207
1688370300;0;50564.41379310345;423.7241379310345;76440258.20689654
1688370301;0;51976.8275862069;1129.9310344827586;84274635.03448276
1688370302;0;52400.55172413793;1129.9310344827586;84273505.10344827
1688370303;0;53248;1129.9310344827586;84306131.86206897
1688370304;0;50705.65517241379;1129.9310344827586;83082134.06896551
1688370305;0;55649.10344827586;1129.9310344827586;83082134.06896551
1688370306;0;51270.620689655174;1129.9310344827586;81258849.10344827
1688370307;0;53671.724137931036;1129.9310344827586;71464041.93103448
1688370308;0;50705.65517241379;2542.344827586207;70611085.2413793
1688370309;0;50564.41379310345;2542.344827586207;70611085.2413793
1688370310;0;49999.448275862065;2542.344827586207;67571712
1688370311;0;53248;2542.344827586207;64534457.37931035
1688370312;0;51976.8275862069;2542.344827586207;61215708.68965517
1688370313;0;51835.58620689655;2542.344827586207;61215708.68965517
1688370314;0;48728.275862068964;2542.344827586207;61215708.68965517
1688370315;0;52400.55172413793;2542.344827586207;49491403.034482755
1688370316;0;53389.24137931034;2542.344827586207;49491403.034482755
1688370317;0;71609.37931034483;2542.344827586207;47055836.68965517
1688370318;0;71619.25782866603;2118.6206896551726;47055836.68965517
1688370319;0;70055.72413793103;2118.6206896551726;30579464.827586208
1688370320;0;71185.6551724138;2118.6206896551726;30579464.827586208
1688370321;0;72739.31034482758;2118.6206896551726;30579464.827586208
1688370322;0;73445.5172413793;2824.8275862068967;30579323.586206894
1688370323;0;73728;2824.8275862068967;29423545.379310343
1688370324;0;70479.44827586207;2824.8275862068967;24930939.586206894
1688370325;0;70903.1724137931;2824.8275862068967;11806790.620689655
1688370326;0;71468.13793103448;10310.620689655172;11806790.620689655
1688370327;0;73304.27586206897;10310.620689655172;11805519.448275862
1688370328;0;72598.06896551725;10310.620689655172;11805519.448275862
1688370329;0;69067.03448275862;10310.620689655172;11805236.965517242
1688370330;0;67089.6551724138;9604.413793103447;43502.3448275862
1688370331;0;66948.41379310345;10028.137931034482;43502.3448275862
1688370332;0;66100.96551724138;10028.137931034482;10875.58620689655
1688370333;0;69208.27586206897;10028.137931034482;10875.58620689655
1688370334;0;64406.06896551724;10028.137931034482;39971.31034482759
1688370335;0;67089.6551724138;10028.137931034482;39971.31034482759
1688370336;0;68360.8275862069;11723.034482758621;39971.31034482759
1688370337;0;69632;10310.620689655172;34180.41379310345
1688370338;0;70338.20689655172;10310.620689655172;34180.41379310345
1688370339;0;71185.6551724138;10310.620689655172;35169.10344827586
1688370340;0;70761.93103448275;10310.620689655172;35169.10344827586
1688370341;0;71468.13793103448;11016.827586206897;35169.10344827586
1688370342;0;71750.62068965517;11016.827586206897;35169.10344827586
1688370343;0;72598.06896551725;11016.827586206897;35169.10344827586
1688370344;0;68078.3448275862;11016.827586206897;35169.10344827586
1688370345;0;68502.06896551725;11016.827586206897;35169.10344827586
1688370346;0;52118.06896551724;11016.827586206897;34462.89655172414
1688370347;0;54801.65517241379;11016.827586206897;34462.89655172414
1688370348;0;54095.448275862065;11016.827586206897;36722.75862068965
1688370349;0;54942.89655172414;11016.827586206897;36722.75862068965
1688370350;0;54095.448275862065;11016.827586206897;36722.75862068965
1688370351;0;55084.137931034486;10310.620689655172;35310.3448275862
1688370352;0;56355.31034482759;10310.620689655172;33191.724137931036
1688370353;0;62146.206896551725;10310.620689655172;33191.724137931036
1688370354;0;60592.55172413793;10310.620689655172;33191.724137931036
1688370355;0;59321.379310344826;2824.8275862068967;36016.55172413793
1688370356;0;60027.58620689655;2824.8275862068967;36016.55172413793
1688370357;0;61581.24137931034;2824.8275862068967;36016.55172413793
1688370358;0;61722.48275862069;2824.8275862068967;35169.10344827586
1688370359;0;60733.793103448275;2824.8275862068967;41242.48275862069
1688370360;0;60875.03448275862;2401.103448275862;41242.48275862069
1688370361;0;60875.03448275862;2401.103448275862;41242.48275862069
1688370362;0;60310.06896551724;2401.103448275862;42654.89655172414
1688370363;0;60451.31034482759;3107.310344827586;13559.172413793103
1688370364;0;56920.275862068964;3107.310344827586;13559.172413793103
1688370365;0;54660.41379310345;1412.4137931034484;13559.172413793103
1688370366;0;55931.58620689655;1412.4137931034484;13559.172413793103
1688370367;0;55084.137931034486;1412.4137931034484;13559.172413793103
1688370368;0;56779.03448275862;1412.4137931034484;14406.620689655172
1688370369;0;55084.137931034486;1412.4137931034484;14406.620689655172
1688370370;0;55366.620689655174;706.2068965517242;14406.620689655172
1688370371;0;55225.379310344826;706.2068965517242;14406.620689655172
1688370372;0;57485.24137931034;1553.655172413793;14406.620689655172
1688370373;0;57344;1553.655172413793;14406.620689655172
1688370374;0;57485.24137931034;1553.655172413793;14406.620689655172
1688370375;0;56214.06896551724;1553.655172413793;14406.620689655172
1688370376;0;55931.58620689655;1553.655172413793;14406.620689655172
1688370377;0;59745.10344827586;1553.655172413793;12146.758620689656
1688370378;0;59462.620689655174;1553.655172413793;12146.758620689656
1688370379;0;59745.10344827586;1553.655172413793;12146.758620689656
1688370380;0;60733.793103448275;1553.655172413793;18220.137931034482
1688370381;0;58615.1724137931;1553.655172413793;18220.137931034482
1688370382;0;53954.206896551725;1553.655172413793;18220.137931034482
1688370383;0;55649.10344827586;1553.655172413793;18220.137931034482
1688370384;0;55366.620689655174;1553.655172413793;15395.310344827585
1688370385;0;55507.862068965514;1553.655172413793;15395.310344827585
1688370386;0;53954.206896551725;1553.655172413793;15819.03448275862
1688370387;0;53812.96551724138;5790.896551724138;15819.03448275862
1688370388;0;56355.31034482759;5790.896551724138;9745.655172413793
1688370389;0;55366.620689655174;5790.896551724138;9745.655172413793
1688370390;0;56637.793103448275;5790.896551724138;11299.310344827587
1688370391;0;54942.89655172414;5790.896551724138;9886.896551724138
1688370392;0;55649.10344827586;5084.689655172414;9886.896551724138
1688370393;0;55790.3448275862;5932.137931034483;9886.896551724138
1688370394;0;55931.58620689655;5932.137931034483;9886.896551724138
1688370395;0;54801.65517241379;5932.137931034483;9886.896551724138
1688370396;0;54801.65517241379;5932.137931034483;9886.896551724138
1688370397;0;51976.8275862069;5932.137931034483;8050.758620689655
1688370398;0;53530.48275862069;10593.103448275862;8050.758620689655
1688370399;0;57767.724137931036;10593.103448275862;8050.758620689655
1688370400;0;58050.206896551725;10593.103448275862;8050.758620689655
1688370401;0;56214.06896551724;9745.655172413793;8050.758620689655
1688370402;0;57908.96551724138;9745.655172413793;8050.758620689655
1688370403;0;58050.206896551725;9745.655172413793;8050.758620689655
1688370404;0;58332.68965517241;9886.896551724138;8050.758620689655
1688370405;0;57767.724137931036;9886.896551724138;8050.758620689655
1688370406;0;54942.89655172414;9886.896551724138;8756.965517241379
1688370407;0;54095.448275862065;9886.896551724138;14124.137931034482
1688370408;0;54519.1724137931;9886.896551724138;14124.137931034482
1688370409;0;52683.03448275862;9886.896551724138;8050.758620689655
1688370410;0;55225.379310344826;9886.896551724138;8050.758620689655
1688370411;0;54095.448275862065;9886.896551724138;8050.758620689655
1688370412;0;54519.1724137931;9886.896551724138;9321.931034482759
1688370413;0;54519.1724137931;9886.896551724138;9321.931034482759
1688370414;0;54519.1724137931;9886.896551724138;9321.931034482759
1688370415;0;55084.137931034486;9886.896551724138;8898.206896551725
1688370416;0;55084.137931034486;5649.6551724137935;8898.206896551725
1688370417;0;56355.31034482759;5649.6551724137935;8898.206896551725
1688370418;0;59462.620689655174;5649.6551724137935;8898.206896551725
1688370419;0;58473.93103448276;5649.6551724137935;7344.551724137931
1688370420;0;62428.68965517241;5649.6551724137935;7344.551724137931
1688370421;0;60875.03448275862;5649.6551724137935;7344.551724137931
1688370422;0;61722.48275862069;4802.206896551724;7344.551724137931
1688370423;0;61016.275862068964;4802.206896551724;7344.551724137931
1688370424;0;63276.13793103448;4802.206896551724;7344.551724137931
1688370425;0;62146.206896551725;4802.206896551724;7344.551724137931
1688370426;0;63134.89655172414;4802.206896551724;7344.551724137931
1688370427;0;61298.75862068965;141.24137931034483;7344.551724137931
1688370428;0;58756.41379310345;141.24137931034483;7344.551724137931
1688370429;0;58332.68965517241;141.24137931034483;7344.551724137931
1688370430;0;61016.275862068964;141.24137931034483;7344.551724137931
1688370431;0;58473.93103448276;141.24137931034483;7344.551724137931
1688370432;0;58473.93103448276;141.24137931034483;7344.551724137931
1688370433;0;56779.03448275862;0;7344.551724137931
1688370434;0;58050.206896551725;0;7344.551724137931
1688370435;0;61863.724137931036;0;6638.3448275862065
1688370436;0;62852.41379310345;0;1271.1724137931035
1688370437;0;60168.8275862069;0;1271.1724137931035
1688370438;0;61863.724137931036;0;1271.1724137931035
1688370439;0;61581.24137931034;0;1271.1724137931035
1688370440;0;66524.6896551724;0;1271.1724137931035
1688370441;0;63558.620689655174;0;0
1688370442;0;64406.06896551724;0;0
1688370443;0;61722.48275862069;0;988.6896551724137
1688370444;0;64547.31034482759;0;988.6896551724137
1688370445;0;63417.379310344826;0;988.6896551724137
1688370446;0;61157.51724137931;0;988.6896551724137
1688370447;0;57061.51724137931;0;988.6896551724137
1688370448;0;59321.379310344826;0;988.6896551724137
1688370449;0;55366.620689655174;0;988.6896551724137
1688370450;0;58473.93103448276;706.2068965517242;988.6896551724137
1688370451;0;56637.793103448275;706.2068965517242;988.6896551724137
1688370452;0;58191.448275862065;706.2068965517242;988.6896551724137
1688370453;0;54519.1724137931;706.2068965517242;988.6896551724137
1688370454;0;55790.3448275862;706.2068965517242;988.6896551724137
1688370455;0;54519.1724137931;706.2068965517242;988.6896551724137
1688370456;0;57344;706.2068965517242;988.6896551724137
1688370457;0;53671.724137931036;706.2068965517242;988.6896551724137
1688370458;0;55649.10344827586;706.2068965517242;988.6896551724137
1688370459;0;52541.793103448275;706.2068965517242;988.6896551724137
1688370460;0;54801.65517241379;706.2068965517242;988.6896551724137
1688370461;0;53954.206896551725;706.2068965517242;988.6896551724137
1688370462;0;55507.862068965514;706.2068965517242;988.6896551724137
1688370463;0;53106.75862068965;706.2068965517242;988.6896551724137
1688370464;0;48445.793103448275;706.2068965517242;988.6896551724137
1688370465;0;47880.8275862069;706.2068965517242;988.6896551724137
1688370466;0;49716.96551724138;706.2068965517242;988.6896551724137
1688370467;0;49010.75862068965;706.2068965517242;988.6896551724137
1688370468;0;47739.58620689655;706.2068965517242;988.6896551724137
1688370469;0;46327.1724137931;706.2068965517242;988.6896551724137
1688370470;0;49858.206896551725;706.2068965517242;988.6896551724137
1688370471;0;53812.96551724138;6073.379310344828;988.6896551724137
1688370472;0;54660.41379310345;6073.379310344828;0
1688370473;0;51129.379310344826;6073.379310344828;706.2068965517242
1688370474;0;51553.10344827586;6073.379310344828;706.2068965517242
1688370475;0;51411.862068965514;6214.620689655172;706.2068965517242
1688370476;0;52259.31034482759;6214.620689655172;706.2068965517242
1688370477;0;49716.96551724138;6214.620689655172;706.2068965517242
1688370478;0;50564.41379310345;6214.620689655172;706.2068965517242
1688370479;0;51270.620689655174;5508.413793103448;706.2068965517242
1688370480;0;53389.24137931034;5649.6551724137935;706.2068965517242
1688370481;0;53954.206896551725;5649.6551724137935;706.2068965517242
1688370482;0;54801.65517241379;5649.6551724137935;706.2068965517242
1688370483;0;53812.96551724138;5649.6551724137935;706.2068965517242
1688370484;0;54236.68965517241;5649.6551724137935;706.2068965517242
1688370485;0;52824.275862068964;6073.379310344828;706.2068965517242
1688370486;0;53812.96551724138;6073.379310344828;706.2068965517242
1688370487;0;51129.379310344826;6073.379310344828;706.2068965517242
1688370488;0;51129.379310344826;6073.379310344828;706.2068965517242
1688370489;0;52118.06896551724;6073.379310344828;706.2068965517242
1688370490;0;53248;6073.379310344828;706.2068965517242
1688370491;0;54377.93103448276;6073.379310344828;706.2068965517242
1688370492;0;55507.862068965514;6073.379310344828;706.2068965517242
1688370493;0;56496.55172413793;6073.379310344828;706.2068965517242
1688370494;0;56214.06896551724;6073.379310344828;706.2068965517242
1688370495;0;56779.03448275862;6073.379310344828;706.2068965517242
1688370496;0;56920.275862068964;6073.379310344828;706.2068965517242
1688370497;0;55931.58620689655;6073.379310344828;706.2068965517242
1688370498;0;53248;6073.379310344828;5508.413793103448
1688370499;0;52400.55172413793;6073.379310344828;5508.413793103448
1688370500;0;49434.48275862069;706.2068965517242;5508.413793103448
1688370501;0;50281.93103448276;706.2068965517242;5508.413793103448
1688370502;0;50423.1724137931;706.2068965517242;4802.206896551724
1688370503;0;50988.137931034486;706.2068965517242;5225.931034482758
1688370504;0;49575.724137931036;564.9655172413793;5367.172413793103
1688370505;0;50988.137931034486;564.9655172413793;5367.172413793103
1688370506;0;51129.379310344826;564.9655172413793;5367.172413793103
1688370507;0;50846.89655172414;564.9655172413793;5367.172413793103
1688370508;0;49010.75862068965;564.9655172413793;5367.172413793103
1688370509;0;48587.03448275862;423.7241379310345;5367.172413793103
1688370510;0;49434.48275862069;423.7241379310345;5367.172413793103
1688370511;0;50281.93103448276;423.7241379310345;5367.172413793103
1688370512;0;55649.10344827586;423.7241379310345;5367.172413793103
1688370513;0;55649.10344827586;423.7241379310345;5367.172413793103
1688370514;0;54236.68965517241;0;5367.172413793103
1688370515;0;56355.31034482759;0;5367.172413793103
1688370516;0;56214.06896551724;0;5367.172413793103
1688370517;0;57767.724137931036;0;5367.172413793103
1688370518;0;56779.03448275862;0;5367.172413793103
1688370519;0;56496.55172413793;0;5367.172413793103
1688370520;0;55931.58620689655;0;5367.172413793103
1688370521;0;55649.10344827586;0;5367.172413793103
1688370522;0;56214.06896551724;0;5367.172413793103
1688370523;0;56072.8275862069;0;5367.172413793103
1688370524;0;55084.137931034486;0;5367.172413793103
1688370525;0;55366.620689655174;0;5367.172413793103
1688370526;0;54660.41379310345;0;5367.172413793103
1688370527;0;55507.862068965514;0;564.9655172413793
1688370528;0;52965.51724137931;0;564.9655172413793
1688370529;0;52541.793103448275;0;564.9655172413793
1688370530;0;54660.41379310345;0;564.9655172413793
1688370531;0;54519.1724137931;0;564.9655172413793
1688370532;0;55366.620689655174;0;141.24137931034483
1688370533;0;56637.793103448275;706.2068965517242;0
1688370534;0;54377.93103448276;706.2068965517242;0
1688370535;0;56779.03448275862;706.2068965517242;0
1688370536;0;55790.3448275862;706.2068965517242;0
1688370537;0;55649.10344827586;706.2068965517242;0
1688370538;0;53954.206896551725;5508.413793103448;847.448275862069
1688370539;0;52541.793103448275;5508.413793103448;847.448275862069
1688370540;0;53954.206896551725;5508.413793103448;847.448275862069
