Time;{instance="10.231.0.208:9100"};{instance="192.168.221.10:9100"};{instance="192.168.221.11:9100"};{instance="192.168.221.12:9100"}
1688369340;562.6666666666667;30023.444444444445;1231.4444444444446;2457.444444444445
1688369341;551.3333333333334;30647.55555555556;1225.6666666666667;2903.666666666667
1688369342;3349609.3333333335;40217.333333333336;1231.4444444444446;6468.555555555556
1688369343;16039085.666666668;40568.444444444445;1204.5555555555557;10338837.222222222
1688369344;29113371.000000004;44535.11111111112;586.8888888888889;23094140.88888889
1688369345;42220795.222222224;52314;581.1111111111112;36252790.222222224
1688369346;55001794.333333336;52107.88888888889;1203;49268369.55555556
1688369347;68211438.55555557;62751.444444444445;1197.2222222222224;62291126.66666667
1688369348;80755681.66666667;67197;1203;74929822.77777778
1688369349;93818135.44444445;69317;1879.3333333333335;88119078.55555557
1688369350;106776419.44444445;71264.33333333334;1885.1111111111113;101053073.33333334
1688369351;116514020.11111112;60381.00000000001;1902.0000000000002;114058415.11111112
1688369352;117092508.8888889;70532.22222222223;1943.1111111111113;116693918.8888889
1688369353;116927979.55555557;65405.77777777778;1937.3333333333335;116850462.77777779
1688369354;116752468.8888889;64359.66666666667;1943.1111111111113;116601551.22222222
1688369355;116958138.00000001;70744.88888888889;1321.2222222222224;116720343.66666667
1688369356;116792987.11111112;60989.222222222226;1958.0000000000002;116734224.77777779
1688369357;115836371.77777779;71715.77777777778;1952.2222222222224;115830082.00000001
1688369358;115962856.44444445;62437.444444444445;1275.888888888889;115622362.22222222
1688369359;115715016.44444445;60273.77777777778;1270.111111111111;115452967.55555557
1688369360;115516826.00000001;61245.00000000001;1253.2222222222224;115127837.33333334
1688369361;114801756.22222222;50580.333333333336;1212.111111111111;114949335.11111112
1688369362;115028551.77777779;49945.66666666667;1217.888888888889;115056554.44444445
1688369363;115190275.55555557;43699.222222222226;1212.111111111111;115079343.55555557
1688369364;115257980.8888889;38770.66666666667;1217.888888888889;115180704.8888889
1688369365;115181586.66666667;38237.444444444445;581.1111111111112;115098094.22222222
1688369366;116891993.77777779;22855.88888888889;1164;116559950.00000001
1688369367;116693021.55555557;22450.111111111113;1236.5555555555557;116489374.22222222
1688369368;117163046.22222222;21890.333333333336;1297.2222222222224;116767596.44444445
1688369369;117330857.55555557;21592.222222222223;1291.4444444444446;117302060.66666667
1688369370;117576016.44444445;20997.77777777778;1297.2222222222224;117511110.66666667
1688369371;117730010.44444445;21375.444444444445;1291.4444444444446;117531378.66666667
1688369372;117474828.66666667;22419.77777777778;1297.2222222222224;117638883.77777779
1688369373;117430508.00000001;20708.88888888889;1291.4444444444446;117358207.11111112
1688369374;117444191.77777779;22065.222222222223;1297.2222222222224;117221701.11111112
1688369375;116887623.55555557;22581.666666666668;777.8888888888889;117308938.00000001
1688369376;116913646.22222222;22649.666666666668;800.3333333333334;116853821.11111112
1688369377;116382124.8888889;22821.77777777778;1381.5555555555557;116556437.77777779
1688369378;116372609.11111112;22769.88888888889;1387.3333333333335;116411820.44444445
1688369379;116703685.33333334;22095.444444444445;1381.5555555555557;116393871.55555557
1688369380;116487799.11111112;23548.55555555556;1387.3333333333335;116490927.77777779
1688369381;116493156.22222222;22525.444444444445;1381.5555555555557;118975973.55555557
1688369382;116582599.11111112;22068.88888888889;1387.3333333333335;116326633.77777779
1688369383;116761472.22222222;21057.444444444445;1381.5555555555557;116584917.55555557
1688369384;116982365.77777779;20370.55555555556;1323.7777777777778;116249590.44444445
1688369385;117139149.55555557;23692.111111111113;1223;116919458.22222222
1688369386;117451245.11111112;23220;586.8888888888889;117234787.33333334
1688369387;117308195.55555557;28699.88888888889;1199.888888888889;117228797.33333334
1688369388;117180360.44444445;29613.666666666668;1205.6666666666667;117279567.77777779
1688369389;117203293.77777779;28844.111111111113;1199.888888888889;117078980.22222222
1688369390;117419787.33333334;29905.000000000004;1205.6666666666667;114564842.44444445
1688369391;117003400.8888889;30956.55555555556;1199.888888888889;117202239.33333334
1688369392;116935579.55555557;30162.111111111113;1205.6666666666667;116793648.8888889
1688369393;116914397.77777779;31915.666666666668;1199.888888888889;117086144.66666667
1688369394;116806611.33333334;28149.111111111113;1226.7777777777778;116990271.55555557
1688369395;117165441.11111112;30565.88888888889;1221;117001505.11111112
1688369396;117567774.22222222;23952.333333333336;608;117306172.22222222
1688369397;116859111.11111112;24361.666666666668;1147.3333333333335;116840554.66666667
1688369398;116638742.55555557;24418;1350.1111111111113;116586753.77777779
1688369399;116531655.00000001;23246.222222222223;1344.3333333333335;116569114.77777779
1688369400;116873940.22222222;25057.333333333336;1370.888888888889;116340924.00000001
1688369401;109791669.66666667;24886.77777777778;1385.888888888889;115720289.8888889
1688369402;96850491.22222222;23354;1391.6666666666667;102479452.33333334
1688369403;83785505;24154.77777777778;1508.2222222222224;89449606.11111112
1688369404;76507227;22251.333333333336;1514;76752997.44444445
1688369405;76279463.22222222;23236.88888888889;1508.2222222222224;76365382.33333334
1688369406;77076475.22222222;23943.111111111113;968.8888888888889;76675855.44444445
1688369407;77234229.33333334;23927.88888888889;1296.5555555555557;77283072.11111112
1688369408;77207236.66666667;24383.222222222223;1390.5555555555557;77249832.8888889
1688369409;77151112.11111112;22821.88888888889;1364;77221341.44444445
1688369410;84411675.33333334;24147.666666666668;1349;78381181.11111112
1688369411;97336062.44444445;24453;1365.888888888889;91561862.66666667
1688369412;110539462.8888889;23989.77777777778;1228.2222222222224;104655706
1688369413;117486594.22222222;25092.55555555556;1222.4444444444446;117312908.22222222
1688369414;117512666.00000001;23992.444444444445;1228.2222222222224;117453245.77777779
1688369415;117528368.00000001;23699.77777777778;1222.4444444444446;117596744.8888889
1688369416;117540325.55555557;24175.77777777778;697.7777777777778;117413558.22222222
1688369417;117797124.44444445;29456.000000000004;1138.5555555555557;117506878.66666667
1688369418;117959256.44444445;29908.111111111113;1232.6666666666667;117968347.77777779
1688369419;117870599.77777779;28425.88888888889;1226.888888888889;117755042.8888889
1688369420;117852984.44444445;29008.000000000004;1210;117678602.00000001
1688369421;117543117.55555557;30797.88888888889;1204.2222222222224;117578153.33333334
1688369422;117484404.22222222;29442.88888888889;1210;117577788.8888889
1688369423;117588938.00000001;31189.333333333336;1204.2222222222224;117444838.00000001
1688369424;117541577.55555557;29366.77777777778;1210;117435754.8888889
1688369425;117488782.22222222;30434.88888888889;1204.2222222222224;117373794.66666667
1688369426;117241496.8888889;24761.111111111113;675.2222222222223;117111995.77777779
1688369427;117253029.55555557;24790.333333333336;581.1111111111112;117024631.55555557
1688369428;117077697.33333334;24772.444444444445;1224.5555555555557;116961170.8888889
1688369429;116658884.8888889;24550.222222222223;1273.6666666666667;117204923.55555557
1688369430;105766092.22222222;22961;1279.4444444444446;111463389.11111112
1688369431;92836108.8888889;24387.77777777778;1273.6666666666667;98428518
1688369432;79626697.77777778;21791.444444444445;1279.4444444444446;85436455.55555557
1688369433;66568712.00000001;24215.666666666668;1273.6666666666667;72425962
1688369434;53574600.888888896;21058;1279.4444444444446;59381913.11111111
1688369435;40638861.333333336;22830.222222222223;1314.5555555555557;46590335.55555556
1688369436;37586098;22932.333333333336;1438;37774616.88888889
1688369437;37611290.66666667;23750.333333333336;817.7777777777778;37620920.66666667
1688369438;38167635.11111111;23037.111111111113;1306.4444444444446;37527759.55555556
1688369439;49047744.222222224;23109.111111111113;1393.7777777777778;43075012.888888896
1688369440;62173318.44444445;23061.77777777778;1399.5555555555557;56313644.222222224
1688369441;75297548.22222222;24803.222222222223;1412.7777777777778;69295093.33333334
1688369442;88224736.8888889;22612.666666666668;1418.5555555555557;82380620.66666667
1688369443;93526028.22222222;24667.77777777778;1412.7777777777778;92651966
1688369444;93526086.8888889;21583.77777777778;1377.6666666666667;93481078.22222222
1688369445;83435944.8888889;21820.666666666668;1254.2222222222224;89236276
1688369446;70403613.77777778;22505.111111111113;1236.7777777777778;76460324.66666667
1688369447;57359339.333333336;28290.444444444445;693.2222222222223;63205520.222222224
1688369448;44483404;27622.111111111113;1143.5555555555557;50406408.222222224
1688369449;43299424;27889.333333333336;1244.4444444444446;43166732.222222224
1688369450;43091370.888888896;28466.55555555556;1231.2222222222224;43282963.77777778
1688369451;43378574.44444445;29071.444444444445;1225.4444444444446;43189213.333333336
1688369452;50929695.55555556;27778.222222222223;1231.2222222222224;45848948.222222224
1688369453;63975306.66666667;29764.333333333336;1225.4444444444446;57984123.333333336
1688369454;76429350;28470.77777777778;1252.3333333333335;70916893.11111112
1688369455;77048745;28102.333333333336;1246.5555555555557;77002842.11111112
1688369456;77048715.66666667;23629.222222222223;1252.3333333333335;77002814.33333334
1688369457;77043801;24203.666666666668;708.8888888888889;77002812.77777778
1688369458;65102177.44444445;23554.77777777778;608;71003802.33333334
1688369459;52185971.44444445;23330.77777777778;1247.3333333333335;57906098.11111111
1688369460;38971579.222222224;24642.88888888889;1253.111111111111;44914315.44444445
1688369461;26119137.444444448;24790.77777777778;1247.3333333333335;31983211.666666668
1688369462;13073467.666666668;24020.88888888889;1253.111111111111;19018932.555555556
1688369463;619395;25061.444444444445;1247;6086133.444444445
1688369464;542.6666666666667;23706.111111111113;1252.7777777777778;1442.6666666666667
1688369465;524;23114.444444444445;1247;1436.888888888889
1688369466;530.6666666666667;22269.77777777778;1252.7777777777778;826.0000000000001
1688369467;968.0000000000001;23219.444444444445;1247;1429.6666666666667
1688369468;968.0000000000001;23665.333333333336;615;1435.4444444444446
1688369469;961.3333333333334;21915.55555555556;1251.4444444444446;1411.2222222222224
1688369470;968.0000000000001;23879.333333333336;1343.4444444444446;1398.4444444444446
1688369471;954.0000000000001;23340.333333333336;1360.3333333333335;1277.3333333333335
1688369472;960.6666666666667;22880.222222222223;1455.3333333333335;1262.3333333333335
1688369473;960.6666666666667;23739.111111111113;1449.5555555555557;1256.5555555555557
1688369474;967.3333333333334;23619.77777777778;1455.3333333333335;1262.3333333333335
1688369475;960.6666666666667;24102.444444444445;1449.5555555555557;1256.5555555555557
1688369476;585.7777777777778;23846.666666666668;1455.3333333333335;652.8888888888889
1688369477;585.7777777777778;29611.666666666668;1442.2222222222224;1261.888888888889
1688369478;592.4444444444445;31409.000000000004;805.7777777777778;1267.6666666666667
1688369479;585.7777777777778;29068.88888888889;1244.2222222222224;1288.2222222222224
1688369480;600.2222222222223;30636.000000000004;1316.1111111111113;1294
1688369481;593.5555555555555;30522.55555555556;1200.3333333333335;1288.2222222222224
1688369482;612.2222222222223;29842.222222222223;1206.111111111111;1294
1688369483;632.7777777777778;29802.333333333336;1200.3333333333335;1288.2222222222224
1688369484;694.1111111111112;29213.77777777778;1206.111111111111;1294
1688369485;693;29342.333333333336;1200.3333333333335;1288.2222222222224
1688369486;693;22262.333333333336;1206.111111111111;679.2222222222223
1688369487;686.3333333333334;22218.333333333336;1200.3333333333335;762.2222222222223
1688369488;747.1111111111112;24138.333333333336;675.6666666666667;1258
1688369489;739.3333333333334;22724;1170.888888888889;1252.2222222222224
1688369490;732.6666666666667;24360.88888888889;1176.6666666666667;1258
1688369491;728;24592.333333333336;1259.2222222222224;1252.2222222222224
1688369492;700.7777777777778;23690.222222222223;1265;1258
1688369493;802.7777777777778;24718.88888888889;1259.2222222222224;1263.888888888889
1688369494;734.7777777777778;23459.222222222223;1265;1269.6666666666667
1688369495;741.4444444444445;23905.77777777778;1259.2222222222224;1263.888888888889
1688369496;741.4444444444445;23710.55555555556;1328.5555555555557;1180.888888888889
1688369497;699.3333333333334;22497.444444444445;1428.7777777777778;747.1111111111112
1688369498;699.3333333333334;24565.77777777778;865.8888888888889;1319.6666666666667
1688369499;699.3333333333334;21854.88888888889;1419;1355.1111111111113
1688369500;692;23171;1336.4444444444446;1360.888888888889
1688369501;698.6666666666667;24399.55555555556;1454.3333333333335;1445.2222222222224
1688369502;535.3333333333334;23308;1460.1111111111113;1460.1111111111113
1688369503;542;24072.55555555556;1454.3333333333335;1482.3333333333335
1688369504;535.3333333333334;23391.666666666668;1460.1111111111113;1510.7777777777778
1688369505;535.3333333333334;22813.55555555556;1390.7777777777778;1505
1688369506;585.7777777777778;22838.666666666668;1290.5555555555557;1422.4444444444446
1688369507;585.7777777777778;26261.88888888889;1263.6666666666667;938.2222222222223
1688369508;600.1111111111112;30324.88888888889;710.5555555555557;1419.1111111111113
1688369509;600.1111111111112;28080.88888888889;704.7777777777778;1479.888888888889
1688369510;593.4444444444445;27768.333333333336;1124.6666666666667;1395.5555555555557
1688369511;600.1111111111112;28933.222222222223;1133.5555555555557;1369
1688369512;612.1111111111112;27785.666666666668;1220.2222222222224;1367.888888888889
1688369513;618.7777777777778;28352.333333333336;1214.4444444444446;1339.4444444444446
1688369514;618.7777777777778;27694.000000000004;1220.2222222222224;1345.2222222222224
1688369515;549.6666666666667;27818.77777777778;1214.4444444444446;1339.4444444444446
1688369516;549.6666666666667;22839;1220.2222222222224;1256.888888888889
1688369517;542;19688.777777777777;1214.4444444444446;823.4444444444445
1688369518;542;21561.111111111113;1220.2222222222224;1269
1688369519;549.3333333333334;22171;688.3333333333334;1263.2222222222224
1688369520;549.3333333333334;22329;1209.888888888889;1287.4444444444446
1688369521;530.6666666666667;22866.222222222223;1123.2222222222224;1279.1111111111113
1688369522;530.6666666666667;22785;1217.3333333333335;1284.888888888889
1688369523;530.6666666666667;23581;1211.5555555555557;1279.1111111111113
1688369524;537.3333333333334;22776.222222222223;1238.111111111111;1284.888888888889
1688369525;537.3333333333334;23460.111111111113;1232.3333333333335;1279.1111111111113
1688369526;530.6666666666667;22976.444444444445;1238.111111111111;1196.2222222222224
1688369527;542.6666666666667;22812.333333333336;1232.3333333333335;684.1111111111112
1688369528;549.3333333333334;22613.222222222223;1226.4444444444446;1284.5555555555557
1688369529;542.6666666666667;21970.444444444445;690.2222222222223;1260.3333333333335
1688369530;549.3333333333334;23941.222222222223;1226.4444444444446;1247.5555555555557
1688369531;542.6666666666667;22886.111111111113;1155;1241.7777777777778
1688369532;549.3333333333334;23387.111111111113;1179.3333333333335;1247.5555555555557
1688369533;549.3333333333334;24080;1347.6666666666667;1241.7777777777778
1688369534;542.6666666666667;23299.333333333336;1353.4444444444446;1357.4444444444446
1688369535;557;23953.444444444445;1347.6666666666667;1351.6666666666667
1688369536;656.8888888888889;22399.444444444445;1353.4444444444446;1357.4444444444446
1688369537;649.5555555555557;28788.000000000004;1347.6666666666667;757
1688369538;684.6666666666667;28905.444444444445;1353.4444444444446;1364.888888888889
1688369539;684.6666666666667;29411.666666666668;817.2222222222223;1370.7777777777778
1688369540;719.7777777777778;30485.666666666668;1330.7777777777778;1376.5555555555557
1688369541;713.1111111111112;29972.444444444445;1306.4444444444446;1370.7777777777778
1688369542;731.7777777777778;29686.222222222223;1117.3333333333335;1501
1688369543;738.4444444444445;29710.88888888889;1199.7777777777778;1385.3333333333335
1688369544;759.2222222222223;30124.111111111113;1205.5555555555557;1391.1111111111113
1688369545;647.3333333333334;30568.000000000004;1199.7777777777778;1385.3333333333335
1688369546;640.6666666666667;24529.666666666668;1205.5555555555557;1391.1111111111113
1688369547;605.5555555555555;22817;1199.7777777777778;783.2222222222223
1688369548;659.6666666666667;21409.444444444445;1205.5555555555557;1315.6666666666667
1688369549;624.5555555555555;21454.111111111113;724.2222222222223;1388.2222222222224
1688369550;638.5555555555557;22845.444444444445;1260.4444444444446;1394
1688369551;613.2222222222223;23129.333333333336;1254.6666666666667;1263.7777777777778
1688369552;613.2222222222223;21868;1172.2222222222224;1269.5555555555557
1688369553;584.7777777777778;22636.55555555556;1173.7777777777778;1263.7777777777778
1688369554;578.1111111111112;22429.88888888889;1260.5555555555557;1269.5555555555557
1688369555;578.1111111111112;22021.666666666668;1363;1263.7777777777778
1688369556;584.7777777777778;23019.111111111113;1432.3333333333335;1269.5555555555557
1688369557;530.6666666666667;21624;1544.7777777777778;725.4444444444445
1688369558;560.6666666666667;21878.77777777778;1495.6666666666667;696
1688369559;553.3333333333334;20710.55555555556;959.4444444444445;1318.1111111111113
1688369560;553.3333333333334;23090.666666666668;986.3333333333334;1439.3333333333335
1688369561;546.6666666666667;24614.333333333336;1503.6666666666667;1456.7777777777778
1688369562;546.6666666666667;23502.666666666668;1502.1111111111113;1462.5555555555557
1688369563;553.3333333333334;24316;1415.3333333333335;1456.7777777777778
1688369564;560;23797.444444444445;1401.2222222222224;1506
1688369565;553.3333333333334;24253.666666666668;1331.888888888889;1500.2222222222224
1688369566;615.7777777777778;24813.222222222223;1219.4444444444446;1506
1688369567;585.7777777777778;28508.77777777778;1213.6666666666667;1464.4444444444446
1688369568;585.7777777777778;29108.88888888889;1219.4444444444446;849.6666666666667
1688369569;585.7777777777778;26442.000000000004;1192.5555555555557;1385.3333333333335
1688369570;592.4444444444445;28527.333333333336;675.2222222222223;1367.888888888889
1688369571;592.4444444444445;28602.000000000004;1199.888888888889;1362.1111111111113
1688369572;585.7777777777778;27869.444444444445;1205.6666666666667;1389
1688369573;597.7777777777778;28047.88888888889;1111.5555555555557;1339.7777777777778
1688369574;604.4444444444445;28151.222222222223;1205.6666666666667;1345.5555555555557
1688369575;549.3333333333334;28159.88888888889;1199.888888888889;1339.7777777777778
1688369576;549.3333333333334;23588.111111111113;1205.6666666666667;1338.2222222222224
1688369577;549.3333333333334;22005.333333333336;1199.888888888889;1325.1111111111113
1688369578;556.6666666666667;22607.666666666668;1205.6666666666667;674
1688369579;550;20995.111111111113;1211.5555555555557;1184.4444444444446
1688369580;550;22715.333333333336;686.8888888888889;1285.888888888889
1688369581;550;24317.111111111113;1211.5555555555557;1277.4444444444446
1688369582;538;23194.88888888889;1217.3333333333335;1301.7777777777778
1688369583;538;24214.88888888889;1123.2222222222224;1296
1688369584;531.3333333333334;23241.333333333336;1149.7777777777778;1301.7777777777778
1688369585;538;24845.222222222223;1239.6666666666667;1296
1688369586;545.3333333333334;24262.444444444445;1245.4444444444446;1301.7777777777778
1688369587;544.6666666666667;24227;1239.6666666666667;1296
1688369588;563.3333333333334;22805.77777777778;1233.7777777777778;785.5555555555557
1688369589;570.6666666666667;22694.88888888889;1228;1215.111111111111
1688369590;570.6666666666667;21906.333333333336;703.3333333333334;1290.7777777777778
1688369591;570.6666666666667;24889.111111111113;720.2222222222223;1266.4444444444446
1688369592;571.3333333333334;22465.444444444445;1275.2222222222224;1272.2222222222224
1688369593;578;24157.55555555556;1248.6666666666667;1266.4444444444446
1688369594;571.3333333333334;23603.55555555556;1158.7777777777778;1272.2222222222224
1688369595;577.8888888888889;24880.333333333336;1249.111111111111;1266.4444444444446
1688369596;640.3333333333334;24078.111111111113;1254.888888888889;1272.2222222222224
1688369597;621.6666666666667;29588.55555555556;1249.111111111111;1266.4444444444446
1688369598;614.1968451455233;28150.222222222223;1254.888888888889;741.2222222222223
1688369599;614.3333333333334;27953.000000000004;1249.111111111111;1175
1688369600;614.3333333333334;28156.666666666668;1232.2222222222224;1269
1688369601;607;31314.111111111113;677.2222222222223;1263.2222222222224
1688369602;599.6666666666667;30582.333333333336;1220.7777777777778;1280.6666666666667
1688369603;618.3333333333334;30127.88888888889;1215;1274.888888888889
1688369604;604.4444444444445;30652.111111111113;1248.2222222222224;1280.6666666666667
1688369605;535.3333333333334;31119.222222222223;1338.4444444444446;1274.888888888889
1688369606;542;26249.333333333336;1344.2222222222224;1280.6666666666667
1688369607;542.7872860635696;25156.111111111113;1338.4444444444446;1274.888888888889
1688369608;610.1111111111112;25035.88888888889;1344.2222222222224;752.7777777777778
1688369609;617.4444444444445;23228.444444444445;1393.3333333333335;658.7777777777778
1688369610;624.7777777777778;23729.88888888889;1399.1111111111113;1188.2222222222224
1688369611;7651745.000000001;25673.222222222223;855.5555555555557;1820307.3333333335
1688369612;20297608.444444444;25652.444444444445;1399.1111111111113;14620633.666666668
1688369613;32984941.333333336;25343.666666666668;1269.7777777777778;27410326.333333336
1688369614;45512888.888888896;25244.333333333336;1179.5555555555557;39751091
1688369615;58564374.66666667;25831.666666666668;1293.888888888889;52650287.44444445
1688369616;71485886.8888889;26255.333333333336;1342.7777777777778;65602412.55555556
1688369617;84378773.77777779;25915.666666666668;1357.7777777777778;78563888.77777778
1688369618;97628103.33333334;24905.111111111113;1396.3333333333335;91551282.55555557
1688369619;110616927.77777779;27348.333333333336;2086.444444444445;104474256.55555557
1688369620;115905236.77777779;26253.111111111113;2099.5555555555557;115735969.00000001
1688369621;115668382.22222222;27573.55555555556;1577.1111111111113;115603016.8888889
1688369622;116108752.00000001;32058.444444444445;4362.222222222223;115734802.00000001
1688369623;116728744.22222222;33067.444444444445;4356.444444444444;116685330.00000001
1688369624;116628180.44444445;31129.222222222223;4242.111111111111;116504811.11111112
1688369625;116914838.22222222;32782.11111111112;4193.222222222223;116837013.11111112
1688369626;117025189.33333334;32189.333333333336;4273.88888888889;116929187.11111112
1688369627;116959412.44444445;38759.222222222226;4180.444444444444;117064191.77777779
1688369628;117004496.66666667;34330.88888888889;3490.3333333333335;117218867.11111112
1688369629;117229976.22222222;31997.88888888889;3477.2222222222226;116980241.33333334
1688369630;117912724.8888889;41102.11111111112;4296.777777777778;117827006.44444445
1688369631;117978397.77777779;35669.222222222226;1627.6666666666667;117729655.11111112
1688369632;117379938.00000001;36188.77777777778;2178.5555555555557;117521333.77777779
1688369633;117510442.22222222;37897;2172.777777777778;117602602.00000001
1688369634;117034918.8888889;35986.11111111112;2178.5555555555557;116776430.22222222
1688369635;116797586.22222222;37985.66666666667;2077.1111111111113;116776363.11111112
1688369636;116835710.00000001;31559.111111111113;2183;120167466.66666667
1688369637;116747485.11111112;31028.222222222223;2177.222222222222;116570579.11111112
1688369638;116541166.00000001;32247.666666666668;2183;116740584.00000001
1688369639;116495269.55555557;21271.55555555556;1342.3333333333335;116365927.77777779
1688369640;116305689.77777779;23418.222222222223;1232.111111111111;116508452.66666667
1688369641;117015294.22222222;20975.111111111113;681.2222222222223;116188233.33333334
1688369642;116809002.66666667;21713;687;116704444.44444445
1688369643;117248738.44444445;22655.444444444445;1211.6666666666667;117126045.11111112
1688369644;117469566.44444445;20323.777777777777;1238.2222222222224;117025704.00000001
1688369645;117235405.77777779;21216.111111111113;1132.3333333333335;113494487.11111112
1688369646;112467432.8888889;20950.55555555556;1145.4444444444446;113571423.55555557
1688369647;112295273.11111112;21973.77777777778;1220.6666666666667;112333544.66666667
1688369648;112422742.44444445;22643.77777777778;1226.4444444444446;112221335.77777779
1688369649;112547497.77777779;20723.666666666668;1220.6666666666667;112319944.8888889
1688369650;112643557.77777779;23571;1226.4444444444446;112718487.77777779
1688369651;112684044.00000001;21749.666666666668;1243.3333333333335;112494717.11111112
1688369652;112621980.8888889;21200.77777777778;718.6666666666667;112534485.33333334
1688369653;112802858.44444445;24562.666666666668;1222.5555555555557;112747707.11111112
1688369654;112564743.33333334;23785.666666666668;1228.3333333333335;112939929.11111112
1688369655;117515356.66666667;24455.444444444445;1215.2222222222224;116257348.22222222
1688369656;117791943.33333334;22577.111111111113;1140;117160438.00000001
1688369657;117543813.33333334;28437.444444444445;1222.4444444444446;117530972.00000001
1688369658;117501207.11111112;28264.111111111113;1228.2222222222224;117501260.00000001
1688369659;117296852.22222222;27054.333333333336;1222.4444444444446;117203142.00000001
1688369660;117052821.77777779;29501.333333333336;1224.5555555555557;117338737.55555557
1688369661;116891539.55555557;29130.222222222223;1218.7777777777778;117040086.00000001
1688369662;116662878.44444445;26879.333333333336;694.1111111111112;116731608.00000001
1688369663;117149124.00000001;27369.666666666668;1211.4444444444446;116658908.00000001
1688369664;116912529.11111112;28691.55555555556;1217.2222222222224;116894124.00000001
1688369665;116697857.77777779;29849.88888888889;1321;117048003.11111112
1688369666;116729936.66666667;24589.333333333336;1238.5555555555557;116639160.44444445
1688369667;116777429.66666667;23946.77777777778;1321.1111111111113;116369785.44444445
1688369668;116487316.77777779;24294.111111111113;1326.888888888889;116399094.55555557
1688369669;116666992.33333334;21662.222222222223;1357;116004372.11111112
1688369670;116748224.55555557;24178;1362.7777777777778;116387251.44444445
1688369671;116530928.77777779;23619.111111111113;1357;116812065.44444445
1688369672;116362377.66666667;23449.222222222223;839.6666666666667;116452351.22222222
1688369673;116694228.33333334;21827.222222222223;1364.3333333333335;116432136.77777779
1688369674;114648747.00000001;21352.111111111113;1260.5555555555557;116573260.33333334
1688369675;107071419;23191.666666666668;1254.7777777777778;108220957.00000001
1688369676;104295864.8888889;23553.666666666668;1235.7777777777778;107268300.66666667
1688369677;98716688.44444445;22763.666666666668;1332.3333333333335;98974786.8888889
1688369678;98812732;23331.222222222223;1387.5555555555557;99110503.33333334
1688369679;98770182.8888889;21956.55555555556;1381.7777777777778;99137921.33333334
1688369680;99148290;24027;1408.6666666666667;98929865.55555557
1688369681;99030331.77777779;25146.222222222223;1402.888888888889;98801748.44444445
1688369682;98703270.44444445;23881.111111111113;878.2222222222223;98767337.33333334
1688369683;100492415.55555557;25323.444444444445;1402.888888888889;98387807.33333334
1688369684;107878890.22222222;21874;1408.6666666666667;106662164.22222222
1688369685;110644947.55555557;25120.222222222223;1339.3333333333335;107937978.8888889
1688369686;116491726.66666667;23606.88888888889;1242.7777777777778;116388306.44444445
1688369687;116534967.77777779;30851.111111111113;1132.6666666666667;116485077.77777779
1688369688;114552703.77777779;29786.444444444445;1238;116210657.33333334
1688369689;114303160.00000001;28889.55555555556;1211.111111111111;114271804.66666667
1688369690;114582671.11111112;28298.55555555556;1216.888888888889;114775595.77777779
1688369691;114369141.55555557;31215.444444444445;1211.111111111111;114697559.77777779
1688369692;114931488.00000001;28698.55555555556;741.3333333333334;115036709.11111112
1688369693;115065178.22222222;31132.88888888889;1258.6666666666667;115044930.66666667
1688369694;114854420.22222222;27764.88888888889;1299.7777777777778;114936515.11111112
1688369695;113973119.55555557;29574.000000000004;1294;114575318.00000001
1688369696;102695986.44444445;24283.333333333336;1299.7777777777778;108555919.33333334
1688369697;96886405.77777779;23313;1194.4444444444446;95799213.11111112
1688369698;95483059.11111112;23999.333333333336;1302.3333333333335;95434661.55555557
1688369699;95101322.44444445;22010.111111111113;1296.5555555555557;95258261.55555557
1688369700;95438405.55555557;22579.111111111113;1302.3333333333335;95294887.77777779
1688369701;95308398.8888889;23954.77777777778;1241.6666666666667;95474265.55555557
1688369702;94094011.33333334;22424.111111111113;745.1111111111112;94170665.77777779
1688369703;93298694.8888889;22571.88888888889;743.2222222222223;93836397.11111112
1688369704;91173693.55555557;21462.88888888889;1305;91801063.11111112
1688369705;101260994;21045.55555555556;1299.2222222222224;95388908.66666667
1688369706;108977594.8888889;22284.222222222223;1305;108470724.22222222
1688369707;108877486.00000001;22575.88888888889;1197.111111111111;110316958.22222222
1688369708;109107894.00000001;23526.77777777778;1217.5555555555557;109159321.33333334
1688369709;109267761.77777779;20937.111111111113;1293.1111111111113;109204609.77777779
1688369710;109297620.66666667;21856.222222222223;1298.888888888889;109160692.44444445
1688369711;101085036.22222222;21773.333333333336;1295;106948353.11111112
1688369712;100253318.77777779;23715.88888888889;1261.5555555555557;100005714
1688369713;99935170.77777779;23524.77777777778;699.7777777777778;100080932.77777779
1688369714;89765404.33333334;23378.77777777778;1243.3333333333335;95754084.33333334
1688369715;76852927.8888889;22930;1237.5555555555557;82672225.44444445
1688369716;65506166.11111111;21879.333333333336;1365.1111111111113;70054637.66666667
1688369717;52428846.77777778;29897.55555555556;1344.6666666666667;58270907.66666667
1688369718;39248906.77777778;30033.000000000004;1269.111111111111;45211335.222222224
1688369719;26200195.444444448;29377.222222222223;1359.3333333333335;32142825.88888889
1688369720;22720930.111111112;30448.333333333336;1342.4444444444446;22739504.555555556
1688369721;11434780.88888889;29013.88888888889;1336.6666666666667;17035501.88888889
1688369722;1662308;30256.666666666668;1342.4444444444446;6307508.666666667
1688369723;673.4444444444445;29149.666666666668;798.8888888888889;1378.3333333333335
1688369724;680.1111111111112;29628.000000000004;1354.1111111111113;1329.2222222222224
1688369725;617.6666666666667;29628.333333333336;1226.5555555555557;1323.4444444444446
1688369726;597.7777777777778;21729.111111111113;1232.3333333333335;1233.111111111111
1688369727;597.7777777777778;22413.55555555556;1226.5555555555557;1323
1688369728;658.5555555555557;23611.222222222223;1136.3333333333335;1328.7777777777778
1688369729;651.8888888888889;22380.77777777778;1218.888888888889;1323
1688369730;650.7777777777778;23528;1334.6666666666667;1328.7777777777778
1688369731;644.1111111111112;23199;1328.888888888889;742.7777777777778
1688369732;577.4444444444445;23218.55555555556;1334.6666666666667;1309.888888888889
1688369733;570.7777777777778;23564;779.4444444444445;1304.1111111111113
1688369734;570.7777777777778;23584.444444444445;1331.1111111111113;1309.888888888889
1688369735;570.7777777777778;24310.77777777778;1325.3333333333335;1304.1111111111113
1688369736;597.4444444444445;23506.88888888889;1353.7777777777778;1214.2222222222224
1688369737;543.3333333333334;22096.88888888889;1439.6666666666667;1304.1111111111113
1688369738;562;23596.666666666668;1454.5555555555557;1309.888888888889
1688369739;562;23238.222222222223;1431.4444444444446;1326.7777777777778
1688369740;562;24041.444444444445;1437.2222222222224;1355.7777777777778
1688369741;555.3333333333334;24039;1471.1111111111113;862.8888888888889
1688369742;592.6666666666667;23081.77777777778;1514;1437.2222222222224
1688369743;599.3333333333334;23706.666666666668;1008.8888888888889;1431.4444444444446
1688369744;630;22864.666666666668;1570.6666666666667;1437.2222222222224
1688369745;603.3333333333334;23126.88888888889;1542.2222222222224;1450.4444444444446
1688369746;665.7777777777778;23334;1456.3333333333335;1381.3333333333335
1688369747;653.7777777777778;26775.000000000004;1353.1111111111113;1375.5555555555557
1688369748;661.4444444444445;27755.88888888889;1266.2222222222224;1458.3333333333335
1688369749;661.4444444444445;27142.000000000004;1267.7777777777778;1429.3333333333335
1688369750;668.1111111111112;28633.666666666668;1322.2222222222224;1360.888888888889
1688369751;637.4444444444445;28980.111111111113;1279.3333333333335;807.6666666666667
1688369752;624.1111111111112;27569.000000000004;1238.5555555555557;1390
1688369753;618.7777777777778;28822.333333333336;676.7777777777778;1384.2222222222224
1688369754;618.7777777777778;28570.333333333336;1294.4444444444446;1371
1688369755;556.3333333333334;28501.88888888889;1288.6666666666667;1344.4444444444446
1688369756;549.6666666666667;23466.111111111113;1294.4444444444446;1350.2222222222224
1688369757;535.3333333333334;21411.88888888889;1288.6666666666667;1265.2222222222224
1688369758;542;22004.444444444445;1287.1111111111113;1359.4444444444446
1688369759;542;20754.111111111113;1193;1353.6666666666667
1688369760;542.6666666666667;22742.111111111113;1294.4444444444446;1338.3333333333335
1688369761;549.3333333333334;22845.444444444445;1288.6666666666667;756
1688369762;524;21898.333333333336;1294.4444444444446;1308.3333333333335
1688369763;524;22922.77777777778;697.5555555555557;1302.5555555555557
1688369764;524;23126.444444444445;1275;1308.3333333333335
1688369765;524;23680.55555555556;1289.6666666666667;1323.3333333333335
1688369766;530.6666666666667;23378.111111111113;1323.4444444444446;1308.6666666666667
1688369767;530.6666666666667;22623.666666666668;1317.6666666666667;1214.4444444444446
1688369768;550;22272.77777777778;1323.4444444444446;1227.5555555555557
1688369769;542.6666666666667;23944;1222;1431
1688369770;542.6666666666667;23407.666666666668;1246.3333333333335;1436.7777777777778
1688369771;549.3333333333334;26349.222222222223;1344.2222222222224;884.4444444444445
1688369772;549.3333333333334;24515;1349.6666666666667;1436.7777777777778
1688369773;542.6666666666667;25776.55555555556;825.6666666666667;1431
1688369774;549.3333333333334;24125.222222222223;811;1416
1688369775;549.3333333333334;26459.333333333336;1307.5555555555557;1592.7777777777778
1688369776;605.1111111111112;25107.88888888889;1313.3333333333335;1598.5555555555557
1688369777;593.4444444444445;31044.88888888889;1307.5555555555557;1585.4444444444446
1688369778;600.1111111111112;27361.222222222223;1313.3333333333335;1382
1688369779;600.1111111111112;30648.333333333336;1289;1471.888888888889
1688369780;600.7777777777778;28359.333333333336;1191.111111111111;1477.6666666666667
1688369781;607.4444444444445;30679.222222222223;1260.3333333333335;925.3333333333334
1688369782;607.4444444444445;29826.444444444445;1212.6666666666667;942.7777777777778
1688369783;626.1111111111112;31027.55555555556;1206.888888888889;1505.5555555555557
1688369784;619.4444444444445;30553.55555555556;810;1328.7777777777778
1688369785;557;31169.77777777778;1376.4444444444446;1323
1688369786;556.6666666666667;25138.444444444445;1382.2222222222224;1328.7777777777778
1688369787;564;25631.55555555556;1404.4444444444446;1323
1688369788;625.4444444444445;22611.88888888889;1410.2222222222224;1233.111111111111
1688369789;624.7777777777778;23906.88888888889;1404.4444444444446;1323
1688369790;618.1111111111112;22887.88888888889;1314.7777777777778;1328.7777777777778
1688369791;618.1111111111112;23375.666666666668;1342.2222222222224;1311.3333333333335
1688369792;613.7777777777778;22332.222222222223;1428.888888888889;748.5555555555557
1688369793;620.4444444444445;21475.333333333336;1327.4444444444446;1296.6666666666667
1688369794;620.4444444444445;22512.88888888889;761;1321
1688369795;613.1111111111112;22859.333333333336;1285.7777777777778;1360.7777777777778
1688369796;599.1111111111112;22675.77777777778;1286.2222222222224;1366.5555555555557
1688369797;531;22879.55555555556;1280.4444444444446;1360.7777777777778
1688369798;549.6666666666667;21754;1328;1270.888888888889
1688369799;556.3333333333334;22579.333333333336;1322.2222222222224;1398
1688369800;556.3333333333334;23046.333333333336;1294.7777777777778;1463.5555555555557
1688369801;549.3333333333334;23897.222222222223;1229.2222222222224;1569.2222222222224
1688369802;550;22992.55555555556;1217.6666666666667;1021.1111111111112
1688369803;550;23555.111111111113;1417.4444444444446;1558
1688369804;550;23634.444444444445;911.2222222222223;1518.2222222222224
1688369805;550;23833.55555555556;1406;1524.1111111111113
1688369806;619.1111111111112;24094.666666666668;1411.7777777777778;1550.6666666666667
1688369807;593.7777777777778;28683.222222222223;1364.2222222222224;1544.888888888889
1688369808;593.7777777777778;28158.666666666668;1370;1417.7777777777778
1688369809;600.4444444444445;26822.666666666668;1364.2222222222224;1449.888888888889
1688369810;586.4444444444445;28911.222222222223;1348.888888888889;1344.2222222222224
1688369811;585.7777777777778;30465.000000000004;1328.4444444444446;1361.1111111111113
1688369812;585.7777777777778;28196.444444444445;1128.6666666666667;826.7777777777778
1688369813;597.7777777777778;29605.77777777778;1193.2222222222224;1375
1688369814;604.4444444444445;29011.000000000004;730.6666666666667;1369.1111111111113
1688369815;542.6666666666667;30496.000000000004;1248.111111111111;1342.5555555555557
1688369816;549.3333333333334;24158.222222222223;1253.888888888889;1348.3333333333335
1688369817;549.3333333333334;24713.222222222223;1248.111111111111;1342.5555555555557
1688369818;556.6666666666667;24285.55555555556;1253.888888888889;1271.111111111111
1688369819;564;22570.55555555556;1248.111111111111;1354.1111111111113
1688369820;564;23284;1253.888888888889;1337.2222222222224
1688369821;564;25119.77777777778;1248.111111111111;1310.3333333333335
1688369822;552;22621.222222222223;1165;762.1111111111112
1688369823;545.3333333333334;23480.55555555556;1104.3333333333335;756.3333333333334
1688369824;544.6666666666667;21909.444444444445;696;1316
1688369825;544.6666666666667;23644.666666666668;1225;1331
1688369826;538;22301.55555555556;1251.2222222222224;1336.7777777777778
1688369827;524;21829.222222222223;1245.4444444444446;1310.5555555555557
1688369828;542;22108.444444444445;1251.2222222222224;1248
1688369829;535.3333333333334;19897;1245.4444444444446;1260.7777777777778
1688369830;559.3333333333334;21625.88888888889;1251.2222222222224;1347.4444444444446
1688369831;560;22119.77777777778;1257.111111111111;1341.6666666666667
1688369832;574;21692.55555555556;1262.888888888889;1347.4444444444446
1688369833;574;22137;1191.111111111111;787.7777777777778
1688369834;567.3333333333334;21307.222222222223;765.1111111111112;1326.6666666666667
1688369835;580.6666666666667;22176.333333333336;738.8888888888889;1387.4444444444446
1688369836;649.7777777777778;22562.55555555556;1305.6666666666667;1393.2222222222224
1688369837;631.1111111111112;27052.333333333336;1323.1111111111113;1367
1688369838;631.1111111111112;28597.666666666668;1364.3333333333335;1377.4444444444446
1688369839;620.3333333333334;26217.666666666668;1358.5555555555557;1332.5555555555557
1688369840;619.6666666666667;29001.111111111113;1352.6666666666667;1480.1111111111113
1688369841;612.3333333333334;28869.111111111113;1346.888888888889;1474.3333333333335
1688369842;605.6666666666667;28928.77777777778;1309.5555555555557;1491.7777777777778
1688369843;624.3333333333334;29725.666666666668;1200.7777777777778;932.1111111111112
1688369844;617.6666666666667;29370.77777777778;1313.888888888889;1432.4444444444446
1688369845;548.5555555555555;30133.88888888889;747.1111111111112;1426.6666666666667
1688369846;555.8888888888889;25021.666666666668;1288.2222222222224;1432.4444444444446
1688369847;555.8888888888889;23422.666666666668;1247;1403.4444444444446
1688369848;617.4444444444445;24027.444444444445;1252.7777777777778;1367.4444444444446
1688369849;617.4444444444445;22762.444444444445;1247;1435.1111111111113
1688369850;610.7777777777778;24745.333333333336;1252.7777777777778;1526.5555555555557
1688369851;617.4444444444445;25177.666666666668;1247;1509.1111111111113
1688369852;598.7777777777778;24249.222222222223;1252.7777777777778;1514.888888888889
1688369853;598.7777777777778;24418.222222222223;1158.2222222222224;948.0000000000001
1688369854;598.7777777777778;23870.88888888889;1164;953.7777777777778
1688369855;584.7777777777778;24225.88888888889;706.6666666666667;1501.888888888889
1688369856;591.4444444444445;25544.444444444445;1273;1526.2222222222224
1688369857;516.6666666666667;24393.444444444445;1267.2222222222224;1520.4444444444446
1688369858;535.3333333333334;25025.333333333336;1273;1311
1688369859;535.3333333333334;22120.77777777778;1285.7777777777778;1219.5555555555557
1688369860;535.3333333333334;24605.444444444445;1291.5555555555557;1336.7777777777778
1688369861;535.3333333333334;24141.77777777778;1285.7777777777778;1358.888888888889
1688369862;535.3333333333334;24366.222222222223;1294.1111111111113;1401.7777777777778
1688369863;535.3333333333334;24348.77777777778;1309.4444444444446;1396
1688369864;549.3333333333334;25142.444444444445;1342.5555555555557;847.8888888888889
1688369865;556.6666666666667;24793.222222222223;924.4444444444445;1410
1688369866;619.1111111111112;25159.55555555556;930.2222222222223;1415.7777777777778
1688369867;600.4444444444445;28353.000000000004;1455;1410
1688369868;600.4444444444445;29890.88888888889;1442.2222222222224;1415.7777777777778
1688369869;607.7777777777778;26547.111111111113;1436.4444444444446;1291.2222222222224
1688369870;607.7777777777778;28615.111111111113;1442.2222222222224;1357.4444444444446
1688369871;608.4444444444445;28939.444444444445;1415.3333333333335;1314.5555555555557
1688369872;622.4444444444445;28718.55555555556;1400;1364.1111111111113
1688369873;641.1111111111112;28092.55555555556;1259.888888888889;1358.3333333333335
1688369874;627.1111111111112;27965.222222222223;1129.111111111111;777.6666666666667
1688369875;7789762.333333334;28726.77777777778;1185.5555555555557;2151500.666666667
1688369876;20757380.111111112;24030.666666666668;741.8888888888889;15002256.222222224
1688369877;33889875;23026.444444444445;1264;27923332.88888889
1688369878;46937213.888888896;23980.111111111113;1269.7777777777778;41157013.11111111
1688369879;59930355.66666667;22724.55555555556;1264;54037973.333333336
1688369880;72882906.33333334;23151.55555555556;1269.7777777777778;66970995.55555556
1688369881;85855417.66666667;23818.111111111113;1282.5555555555557;79937755.11111112
1688369882;99030100.33333334;22849.444444444445;1306.888888888889;93236244.22222222
1688369883;100637393.22222222;24381.77777777778;1445.5555555555557;100626712
1688369884;100762736.8888889;22621.55555555556;1389.1111111111113;100532352.22222222
1688369885;100621863.77777779;23571;1322.6666666666667;100750384.66666667
1688369886;100505885.22222222;23978.77777777778;895.2222222222223;100660645.55555557
1688369887;100359683.33333334;24119.666666666668;1427.3333333333335;100273762.77777779
1688369888;99703004.22222222;23739.666666666668;1433.1111111111113;99784238.33333334
1688369889;99878208.44444445;23754.666666666668;1427.3333333333335;99742854.11111112
1688369890;99970111.33333334;24844.333333333336;1414.5555555555557;100004403.66666667
1688369891;99811400.66666667;25319.55555555556;1390.2222222222224;99668676.11111112
1688369892;111286446.22222222;24107.88888888889;1239.888888888889;105493112.33333334
1688369893;116529671.33333334;25920.666666666668;1277.2222222222224;116441668.11111112
1688369894;116634283.11111112;24682.55555555556;1262.5555555555557;116304575.00000001
1688369895;116635465.44444445;29377.77777777778;1920.7777777777778;116759801.22222222
1688369896;116790589.11111112;28968.666666666668;1477;116614679.33333334
1688369897;117697121.77777779;34097.88888888889;2001.6666666666667;117461512.8888889
1688369898;117609854.44444445;33498.444444444445;2007.4444444444446;117558423.55555557
1688369899;117546573.33333334;30836.111111111113;2024.8888888888891;117298512.8888889
1688369900;117586891.33333334;32384.666666666668;2030.6666666666667;117558168.66666667
1688369901;117706383.55555557;33189;2024.8888888888891;117229573.11111112
1688369902;117059014.00000001;32088.000000000004;1987.5555555555557;117130044.00000001
1688369903;117316089.11111112;34363.66666666667;1981.7777777777778;117134087.55555557
1688369904;117383508.8888889;28678.222222222223;1228.888888888889;116981580.66666667
1688369905;116862690.8888889;27705.88888888889;1134.7777777777778;117355688.22222222
1688369906;116256480.8888889;24425.77777777778;617.4444444444445;116558400.22222222
1688369907;116163846.00000001;22167.111111111113;1258.5555555555557;116424964.22222222
1688369908;115737900.66666667;23307.88888888889;1241.111111111111;116179413.11111112
1688369909;114957096.44444445;21911.111111111113;1235.3333333333335;115315895.33333334
1688369910;114646726.22222222;21221.55555555556;1241.111111111111;114973888.8888889
1688369911;115077013.11111112;22547.88888888889;1235.3333333333335;114941073.33333334
1688369912;114884531.33333334;19102.55555555556;1241.111111111111;114734706.8888889
1688369913;114835202.22222222;23044.444444444445;1253.888888888889;114955762.00000001
1688369914;115268840.00000001;22394.77777777778;1259.6666666666667;114767875.55555557
1688369915;115761007.33333334;22229.444444444445;1246.5555555555557;115274360.66666667
1688369916;115959815.55555557;23082.333333333336;605.4444444444445;115562784.44444445
1688369917;116492613.11111112;24504.444444444445;718.1111111111112;115698287.77777779
1688369918;117246879.33333334;23955.444444444445;1259.111111111111;116673127.77777779
1688369919;117240853.11111112;23023.55555555556;1253.3333333333335;116916530.22222222
1688369920;117472802.66666667;22441.77777777778;1259.111111111111;116977975.55555557
1688369921;117529112.44444445;25352.222222222223;1253.3333333333335;117480416.44444445
1688369922;117564779.77777779;22297.444444444445;1240.5555555555557;117344538.22222222
1688369923;116947207.55555557;24419.333333333336;1253.3333333333335;117018946.22222222
1688369924;116714833.55555557;23358.444444444445;1287.5555555555557;116564505.55555557
1688369925;116478644.8888889;24492.444444444445;1319.3333333333335;116408110.8888889
1688369926;116248902.66666667;23736.55555555556;1328.888888888889;116510459.55555557
1688369927;116260404.44444445;33818.555555555555;884.0000000000001;115815229.77777779
1688369928;116062550.8888889;35548.555555555555;3682.0000000000005;116297343.33333334
1688369929;115957849.55555557;34331.77777777778;3676.2222222222226;116117781.11111112
1688369930;115658126.22222222;33306.88888888889;3682.0000000000005;115679392.66666667
1688369931;115689429.11111112;33400.333333333336;3676.2222222222226;115244280.22222222
1688369932;116003123.33333334;33035;3663.444444444445;115646736.44444445
1688369933;116150692.66666667;33198.222222222226;3629.2222222222226;116236258.66666667
1688369934;116160719.11111112;33445;3597.444444444445;116231958.8888889
1688369935;116269408.22222222;33304.333333333336;3524.3333333333335;116186659.77777779
1688369936;116367764.8888889;22555.88888888889;3434.0000000000005;116574706.66666667
1688369937;116811690.66666667;29514.333333333336;731.7777777777778;116408683.55555557
1688369938;111323288.00000001;30415.55555555556;2110.222222222222;115795035.11111112
1688369939;105488418.66666667;30475.77777777778;2104.444444444445;105634944.66666667
1688369940;105558059.77777779;30951.77777777778;2110.222222222222;105750451.33333334
1688369941;105902033.55555557;31667.55555555556;2104.444444444445;105817400
1688369942;105750620.77777779;30429.444444444445;2110.222222222222;105832233.55555557
1688369943;98635592.11111112;30756.88888888889;2125.222222222222;101526198.55555557
1688369944;97552392.77777779;30394.55555555556;2094.666666666667;97380458.33333334
1688369945;97310844.77777779;31942.666666666668;2124;97422712.77777779
1688369946;97394707.66666667;22947;2136.222222222222;97196906.77777779
1688369947;102508186.77777779;22135.88888888889;757.7777777777778;98116139.66666667
1688369948;108679341.00000001;22981.77777777778;1394.3333333333335;108332380.11111112
1688369949;96904942.55555557;22273.77777777778;1388.5555555555557;102789245
1688369950;87653583.44444445;20222.222222222223;1394.3333333333335;89757545
1688369951;87716172.44444445;22085.88888888889;1388.5555555555557;87387773
1688369952;94793231.55555557;19690.111111111113;1373.5555555555557;92003554.8888889
1688369953;95758434.22222222;20805;1371.888888888889;95893615.33333334
1688369954;95447181.55555557;20456;1363;95381551.11111112
1688369955;95592076.66666667;22701.111111111113;1255;95574409.77777779
1688369956;95569367.55555557;22422.666666666668;1260.7777777777778;95482151.77777779
1688369957;95146607.11111112;27202.111111111113;624.2222222222223;95462421.11111112
1688369958;105734513.8888889;28217.333333333336;1257.7777777777778;100788521.55555557
1688369959;111838706.33333334;28682.88888888889;1275.2222222222224;110883126.33333334
1688369960;110160742.77777779;28850.111111111113;1281;111361967.44444445
1688369961;108824910.77777779;30720.88888888889;1275.2222222222224;109264414.55555557
1688369962;108589528.11111112;29858.111111111113;1258.3333333333335;109909155.44444445
1688369963;109003848.33333334;30645.111111111113;1232.111111111111;108919279.00000001
1688369964;108589130.33333334;29439.444444444445;1237.888888888889;108938117.00000001
1688369965;108624577.00000001;31512.88888888889;1232.111111111111;108899271.00000001
1688369966;108737701.66666667;25414.88888888889;1258.6666666666667;108782389.00000001
1688369967;104848730.44444445;24300.333333333336;625.1111111111112;104232756.11111112
1688369968;108092847.55555557;26300.77777777778;626.6666666666667;107044246.44444445
1688369969;109880061.55555557;23840.111111111113;1237;108832742.22222222
1688369970;111425267.77777779;26066.222222222223;1242.7777777777778;110613057.77777779
1688369971;111276225.11111112;24486.77777777778;1237;110231815.11111112
1688369972;111338802.00000001;23529.666666666668;1242.7777777777778;111684016.22222222
1688369973;111522348.00000001;23441.666666666668;1255.5555555555557;111590136.44444445
1688369974;109953379.11111112;22083.77777777778;1261.3333333333335;110989581.55555557
1688369975;106972632.44444445;23289.88888888889;1234.7777777777778;108462076.8888889
1688369976;110460417.77777779;23761;1263.2222222222224;110770748.22222222
1688369977;107767359.77777779;21433.77777777778;1238.4444444444446;109447481.55555557
1688369978;105845648.33333334;23363.222222222223;628.1111111111112;106839583.77777779
1688369979;92965667.66666667;20504.111111111113;1248.5555555555557;98900956.33333334
1688369980;80269234.77777778;22991.55555555556;1254.3333333333335;85977737.66666667
1688369981;67205527.8888889;23021.666666666668;1248.5555555555557;72958638.11111112
1688369982;54076435.44444445;22622.111111111113;1235.7777777777778;59962832.333333336
1688369983;42939093.66666667;23546.333333333336;1248.5555555555557;47633854.55555556
1688369984;33140655.000000004;21703.222222222223;1275.4444444444446;37448391.66666667
1688369985;21555931.88888889;22973.666666666668;1247;27006765.666666668
1688369986;11142863.222222224;24548.666666666668;1271.3333333333335;15423907.88888889
1688369987;586.4444444444445;28779.55555555556;1265.5555555555557;5036865
1688369988;641.1111111111112;29746.111111111113;645.1111111111112;1399.7777777777778
1688369989;648.4444444444445;28679.666666666668;1258.3333333333335;1394
1688369990;648.4444444444445;28229.55555555556;1264.111111111111;1399.7777777777778
1688369991;655.7777777777778;29997.444444444445;1258.3333333333335;1355.3333333333335
1688369992;655.7777777777778;28266.55555555556;1245.5555555555557;1383.7777777777778
1688369993;681.1111111111112;29712.666666666668;1218.6666666666667;1282.3333333333335
1688369994;681.1111111111112;27821.666666666668;1224.4444444444446;1306.6666666666667
1688369995;618.6666666666667;28487.222222222223;1255;1381.888888888889
1688369996;611.3333333333334;23138.444444444445;1260.7777777777778;817
1688369997;550;22926.444444444445;1255;1402.7777777777778
1688369998;556;22936.666666666668;641.7777777777778;1543.5555555555557
1688369999;549.3333333333334;25176.333333333336;1252.3333333333335;1647.4444444444446
1688370000;548.6666666666667;24140.77777777778;1366.3333333333335;1632.1111111111113
1688370001;548.6666666666667;24429.222222222223;1360.5555555555557;1603.6666666666667
1688370002;530.6666666666667;24729.333333333336;1366.3333333333335;1609.4444444444446
1688370003;537.3333333333334;24901;1360.5555555555557;1585.1111111111113
1688370004;561.3333333333334;23820.333333333336;1350.7777777777778;1528.888888888889
1688370005;568;23626.88888888889;1365.4444444444446;1611.4444444444446
1688370006;589.6666666666667;25010.77777777778;1371.2222222222224;1025.6666666666667
1688370007;576.3333333333334;24474.77777777778;1365.4444444444446;884.8888888888889
1688370008;639.6666666666667;23990;754.8888888888889;1379.7777777777778
1688370009;633;23253.444444444445;1177.6666666666667;1394.4444444444446
1688370010;633;26300.77777777778;1280.4444444444446;1400.2222222222224
1688370011;632.3333333333334;23838.111111111113;1274.6666666666667;1394.4444444444446
1688370012;625.6666666666667;23753.333333333336;1335.3333333333335;1400.2222222222224
1688370013;595;23486.77777777778;1368.6666666666667;1375.4444444444446
1688370014;595;23691.333333333336;1373;1272.111111111111
1688370015;580;22267.444444444445;1367.2222222222224;1354.6666666666667
1688370016;642.4444444444445;22901;1373;1360.4444444444446
1688370017;579.1111111111112;27731.333333333336;1367.2222222222224;755.8888888888889
1688370018;585.7777777777778;28262.444444444445;836.2222222222223;1332.6666666666667
1688370019;579.1111111111112;26764.000000000004;756.6666666666667;1326.888888888889
1688370020;579.1111111111112;27823.77777777778;1378.4444444444446;1355.888888888889
1688370021;593.1111111111112;26685.444444444445;1317.7777777777778;1368.6666666666667
1688370022;593.1111111111112;28389.55555555556;1245.111111111111;1394.888888888889
1688370023;605.1111111111112;27920.666666666668;1220.3333333333335;1409.5555555555557
1688370024;605.1111111111112;28003.55555555556;1226.111111111111;1327
1688370025;542.6666666666667;27592.222222222223;1220.3333333333335;1360.4444444444446
1688370026;549.3333333333334;23075.333333333336;1246.888888888889;1464
1688370027;549.3333333333334;21762.111111111113;1241.111111111111;866.7777777777778
1688370028;570.3333333333334;21933.333333333336;1223.6666666666667;1464
1688370029;632.1111111111112;22700.77777777778;601.8888888888889;1435
1688370030;624.7777777777778;24327.77777777778;1145.3333333333335;1422.2222222222224
1688370031;631.4444444444445;24141.222222222223;1225.4444444444446;1396
1688370032;612.7777777777778;23468.222222222223;1341.1111111111113;1381.3333333333335
1688370033;606.1111111111112;22813;1353.888888888889;1375.5555555555557
1688370034;620.1111111111112;22557.55555555556;1359.6666666666667;1353.7777777777778
1688370035;613.4444444444445;21157.55555555556;1333.1111111111113;1305.1111111111113
1688370036;613.4444444444445;23035.666666666668;1361.5555555555557;1399.2222222222224
1688370037;599.1111111111112;21725.666666666668;1355.7777777777778;820.5555555555557
1688370038;549.3333333333334;21578;1361.5555555555557;1425.1111111111113
1688370039;542.6666666666667;21152.222222222223;818.1111111111112;1419.3333333333335
1688370040;542.6666666666667;21063.333333333336;1283.1111111111113;1425.1111111111113
1688370041;549.3333333333334;23615.77777777778;1263.2222222222224;1419.3333333333335
1688370042;549.3333333333334;23380;1250.4444444444446;1462.2222222222224
1688370043;542;23865.88888888889;1263.6666666666667;1467.4444444444446
1688370044;542;23442.222222222223;1309.1111111111113;1418.3333333333335
1688370045;535.3333333333334;22563.222222222223;1280.6666666666667;1324.2222222222224
1688370046;604.4444444444445;22893.88888888889;1305;1326.1111111111113
1688370047;585.7777777777778;28192.77777777778;1299.2222222222224;802.5555555555557
1688370048;599.7777777777778;29164.88888888889;1305;1414.4444444444446
1688370049;599.7777777777778;26967.88888888889;754.1111111111112;1408.6666666666667
1688370050;613.1111111111112;26845.444444444445;1201.888888888889;1414.4444444444446
1688370051;619.7777777777778;28375.111111111113;1284.7777777777778;1371.5555555555557
1688370052;613.1111111111112;28059.222222222223;1271.5555555555557;1398.4444444444446
1688370053;631.7777777777778;28621.222222222223;1226.111111111111;1392.6666666666667
1688370054;638.4444444444445;27836.55555555556;1231.888888888889;1398.4444444444446
1688370055;569.3333333333334;28468.111111111113;1207.5555555555557;1378
1688370056;569.3333333333334;22758.55555555556;1213.3333333333335;1323.5555555555557
1688370057;562;22822.333333333336;1207.5555555555557;726.3333333333334
1688370058;562;23825.77777777778;1213.3333333333335;813.1111111111112
1688370059;542;21764.77777777778;669.7777777777778;1433.888888888889
1688370060;542;22607.222222222223;1117.3333333333335;1439.6666666666667
1688370061;542;22820.333333333336;1111.5555555555557;1390.1111111111113
1688370062;530;22880.55555555556;1213.4444444444446;1395.888888888889
1688370063;530;23241.111111111113;1207.6666666666667;1390.1111111111113
1688370064;523.3333333333334;22352.55555555556;1252.7777777777778;1395.888888888889
1688370065;523.3333333333334;22613.77777777778;1267.4444444444446;1401.7777777777778
1688370066;523.3333333333334;21365.55555555556;1273.2222222222224;1392.888888888889
1688370067;516.6666666666667;21564.444444444445;1267.4444444444446;1306.1111111111113
1688370068;542;23803.88888888889;1273.2222222222224;782.4444444444445
1688370069;542;21967.111111111113;737;1371
1688370070;542;22761.55555555556;1284.888888888889;1376.7777777777778
1688370071;535.3333333333334;22618.88888888889;1183;1398.7777777777778
1688370072;548.5555555555555;23153.444444444445;1284.3333333333335;1439.888888888889
1688370073;548.5555555555555;24245.111111111113;1348.888888888889;1551.4444444444446
1688370074;555.2222222222223;23491.222222222223;1353.2222222222224;1545.5555555555557
1688370075;555.8888888888889;24993.55555555556;1347.4444444444446;1560.5555555555557
1688370076;625;23875.333333333336;1353.2222222222224;1601.6666666666667
1688370077;599.6666666666667;27970.444444444445;1347.4444444444446;1498.7777777777778
1688370078;599.6666666666667;29534.111111111113;1353.2222222222224;1023.3333333333334
1688370079;606.3333333333334;29173.444444444445;828.5555555555557;1613.7777777777778
1688370080;606.3333333333334;31147.444444444445;834.3333333333334;1610.3333333333335
1688370081;593.7777777777778;30653.444444444445;1270.7777777777778;1592.4444444444446
1688370082;600.4444444444445;29817.55555555556;1174.2222222222224;1480.888888888889
1688370083;619.1111111111112;30962.666666666668;1230.4444444444446;1447
1688370084;611.7777777777778;30919.666666666668;1351.1111111111113;1432
1688370085;542.6666666666667;30703.77777777778;1345.3333333333335;1411.3333333333335
1688370086;549.3333333333334;25875.444444444445;1371.888888888889;1428.7777777777778
1688370087;549.3333333333334;23202;1366.1111111111113;1317.2222222222224
1688370088;542.6666666666667;23518.88888888889;1348.6666666666667;734.1111111111112
1688370089;603.4444444444445;22723.111111111113;1342.888888888889;1480.7777777777778
1688370090;596.1111111111112;23225.333333333336;810.8888888888889;1463.3333333333335
1688370091;589.4444444444445;24095.88888888889;1328.2222222222224;1457.5555555555557
1688370092;570.7777777777778;22607.333333333336;1253;1470.6666666666667
1688370093;727.4444444444445;22427.666666666668;1231.888888888889;1464.888888888889
1688370094;734.1111111111112;22777.77777777778;1256.2222222222224;1450.2222222222224
1688370095;727.4444444444445;22328.333333333336;1229.6666666666667;1487.6666666666667
1688370096;727.4444444444445;23709.222222222223;1256.2222222222224;1486.1111111111113
1688370097;734.1111111111112;21669.222222222223;1273.111111111111;1491.5555555555557
1688370098;692;21292.222222222223;1310.6666666666667;726.3333333333334
1688370099;692;21752;1304.888888888889;720.5555555555557
1688370100;698.6666666666667;22709.666666666668;780.2222222222223;1418.7777777777778
1688370101;698.6666666666667;23689.222222222223;1304.888888888889;1450.1111111111113
1688370102;542;22484.77777777778;1211.111111111111;1455.888888888889
1688370103;542;23798;1198.4444444444446;1472.7777777777778
1688370104;548.6666666666667;23735;1311.1111111111113;1423.6666666666667
1688370105;548.6666666666667;23285.55555555556;1305.6666666666667;1417.888888888889
1688370106;604.4444444444445;24316.666666666668;1307.3333333333335;1405.1111111111113
1688370107;593.1111111111112;28844.666666666668;1269.7777777777778;1399.3333333333335
1688370108;599.7777777777778;28254.77777777778;1275.5555555555557;1405.1111111111113
1688370109;593.1111111111112;37883;2016.1111111111113;706.8888888888889
1688370110;593.1111111111112;39832.88888888889;2251.666666666667;6001.222222222223
1688370111;593.1111111111112;40932.77777777778;2776.3333333333335;6016.555555555556
1688370112;593.1111111111112;40808.222222222226;2887.3333333333335;6057.666666666667
1688370113;605.1111111111112;41395.222222222226;2774.666666666667;6051.88888888889
1688370114;605.1111111111112;40427.222222222226;2861.3333333333335;6057.666666666667
1688370115;542.6666666666667;41688.88888888889;2837;6051.88888888889
1688370116;542;35267.333333333336;2842.777777777778;6078.444444444445
1688370117;535.3333333333334;35743.88888888889;2837;6072.666666666667
1688370118;556.3333333333334;23632.88888888889;2096.444444444445;6078.444444444445
1688370119;549.6666666666667;22192;1330.4444444444446;747
1688370120;556.3333333333334;23143.88888888889;805.7777777777778;1448.2222222222224
1688370121;549.6666666666667;23006.55555555556;1213.5555555555557;1384.4444444444446
1688370122;537.6666666666667;21790.666666666668;1226.6666666666667;1390.2222222222224
1688370123;537.6666666666667;23485;1118.888888888889;1384.4444444444446
1688370124;537.6666666666667;21797.111111111113;1238.7777777777778;1390.2222222222224
1688370125;531;23046.444444444445;1233;1363.6666666666667
1688370126;544.3333333333334;22127.444444444445;1259.2222222222224;1369.4444444444446
1688370127;523.3333333333334;22713.444444444445;1253.4444444444446;1382.2222222222224
1688370128;548.6666666666667;22049.55555555556;1259.2222222222224;1427.2222222222224
1688370129;548.6666666666667;20174.666666666668;1253.4444444444446;704.8888888888889
1688370130;548.6666666666667;25327.88888888889;1384.2222222222224;806.6666666666667
1688370131;542;26170.55555555556;1371.1111111111113;3560.2222222222226
1688370132;542;25572.111111111113;1922.0000000000002;3566.0000000000005
1688370133;542;26080.222222222223;1900.1111111111113;3580.666666666667
1688370134;789.4444444444445;26628.88888888889;2001.5555555555557;3586.444444444445
1688370135;10818215.88888889;26695.222222222223;1987.0000000000002;4759683.555555556
1688370136;23639621.444444448;27404.666666666668;1992.7777777777778;17707607.555555556
1688370137;36563594.77777778;31703.333333333336;2010.2222222222224;30686801.555555556
1688370138;49584226.11111111;32663.77777777778;2016.0000000000002;43836158.888888896
1688370139;62486983.222222224;26687.88888888889;1390.1111111111113;56915460.66666667
1688370140;75194469;29259.88888888889;1395.888888888889;69729665.55555557
1688370141;88205703.66666667;30483.111111111113;845.0000000000001;82271019.55555557
1688370142;101303547.44444445;31497.666666666668;1290.5555555555557;95537518.66666667
1688370143;114375500.44444445;31000.55555555556;1189.111111111111;108471051.11111112
1688370144;116929110.66666667;30176.222222222223;1190.5555555555557;116974524.66666667
1688370145;116969252.22222222;30058.444444444445;1265.7777777777778;117026006.44444445
1688370146;117234084.00000001;26090.77777777778;1248.3333333333335;117169631.11111112
1688370147;117002140.00000001;24606.77777777778;1263.3333333333335;116997458.00000001
1688370148;117242728.44444445;25401.222222222223;1233.7777777777778;116816620.00000001
1688370149;116404045.55555557;22087.666666666668;1246.5555555555557;116119707.77777779
1688370150;116272598.00000001;21071.77777777778;1252.3333333333335;116521013.11111112
1688370151;116147687.77777779;22115.55555555556;736.6666666666667;116070654.66666667
1688370152;115872442.22222222;22045.333333333336;1272.888888888889;115996740.8888889
1688370153;115504026.44444445;23802.333333333336;1278.3333333333335;115673044.66666667
1688370154;115679264.22222222;23110.222222222223;1203.111111111111;115813771.77777779
1688370155;108823035.11111112;23309.111111111113;1293;114004509.77777779
1688370156;98811462.8888889;24863.444444444445;1300.6666666666667;101812085.11111112
1688370157;98653644.22222222;23761.55555555556;1294.888888888889;98903137.33333334
1688370158;99772072.8888889;25205.222222222223;1302.888888888889;99764473.44444445
1688370159;99984512.22222222;24727.444444444445;1297.1111111111113;99915742.77777779
1688370160;99981492;23081.222222222223;1275;99970007.55555557
1688370161;100302576.66666667;30015.444444444445;1452.6666666666667;100143444.66666667
1688370162;94619583.11111112;29153.666666666668;1985.0000000000002;100016167.66666667
1688370163;89858762.22222222;29735.77777777778;1979.2222222222224;97526787.22222222
1688370164;95418626.66666667;28614.222222222223;1929.0000000000002;97780101.8888889
1688370165;105541569.77777779;28375.666666666668;1900.5555555555557;109673533.22222222
1688370166;100011062.11111112;28365.111111111113;2002.4444444444446;112322946.77777779
1688370167;87023830.55555557;33355.222222222226;1975.888888888889;99871874.33333334
1688370168;82616985.66666667;33409.333333333336;1981.6666666666667;89699429.66666667
1688370169;82674372.11111112;32817.11111111112;1975.888888888889;89890954.8888889
1688370170;82181245.44444445;25602;1267.7777777777778;89428657.55555557
1688370171;87924740.55555557;27305.000000000004;836.7777777777778;89675031.22222222
1688370172;92771165.22222222;28544.444444444445;842.5555555555557;92052805.22222222
1688370173;92063075.44444445;29263.333333333336;1334.888888888889;91914107.66666667
1688370174;92065597.22222222;28542.444444444445;1363.3333333333335;91892681
1688370175;97110799.77777779;29127.666666666668;1284.1111111111113;92147529.33333334
1688370176;109820507.11111112;23714.444444444445;1450.1111111111113;103868616.55555557
1688370177;113619478.44444445;23563;1522.7777777777778;113189321.00000001
1688370178;113322170.00000001;24363.222222222223;1547.1111111111113;113224235.8888889
1688370179;113587230.00000001;24411.55555555556;1569.2222222222224;113685917.22222222
1688370180;113571047.11111112;23925.77777777778;1455.1111111111113;113432043.22222222
1688370181;113376309.77777779;22652.444444444445;1449.3333333333335;113456884.11111112
1688370182;115057660.44444445;24012.111111111113;917.3333333333334;115029452.33333334
1688370183;115071729.55555557;25188.55555555556;1419.3333333333335;115219846.77777779
1688370184;115450776.44444445;24319.666666666668;1402.4444444444446;115337721.55555557
1688370185;115416770.00000001;24436.77777777778;1255;115792947.77777779
1688370186;116269942.00000001;24126;1202.7777777777778;116391770.66666667
1688370187;114959700.66666667;24380.77777777778;1274.4444444444446;116463553.11111112
1688370188;104008574.44444445;23924.55555555556;1252.3333333333335;109841108.44444445
1688370189;90961249.33333334;23327.222222222223;1246.5555555555557;97036584.44444445
1688370190;78033598;22510.111111111113;1252.3333333333335;83983211.33333334
1688370191;65167896.66666667;25875.55555555556;1265.5555555555557;70982475.11111112
1688370192;52251247.55555556;29531.111111111113;1465.6666666666667;58135296.66666667
1688370193;39371978.88888889;31848.77777777778;2018.1111111111113;45123675.77777778
1688370194;26696278;30070.55555555556;2071.888888888889;32419800.222222224
1688370195;13637674.222222224;31409.666666666668;2045.6666666666667;19578825.77777778
1688370196;1939003.1111111112;29573.222222222223;1955.4444444444446;6410192
1688370197;603.1111111111112;35854.88888888889;1949.6666666666667;5219.111111111111
1688370198;609.7777777777778;35428.66666666667;2051.1111111111113;5206.333333333334
1688370199;603.1111111111112;35498.11111111112;2068.5555555555557;5200.555555555556
1688370200;595.7777777777778;31369.77777777778;2055.3333333333335;5229.555555555556
1688370201;585.7777777777778;27422.333333333336;1324.7777777777778;3640.2222222222226
1688370202;599;26734.55555555556;772.3333333333334;715.4444444444445
1688370203;617.6666666666667;29803.444444444445;1237.6666666666667;1365.1111111111113
1688370204;625;28425.111111111113;1243.4444444444446;1370.888888888889
1688370205;555.8888888888889;29785.444444444445;1237.6666666666667;1385.5555555555557
1688370206;569.8888888888889;23417.444444444445;1243.4444444444446;1370.5555555555557
1688370207;569.8888888888889;23148.55555555556;1162.7777777777778;1364.7777777777778
1688370208;569.8888888888889;24519.333333333336;1240.888888888889;1370.5555555555557
1688370209;624.6666666666667;23272.222222222223;1235.111111111111;1341.5555555555557
1688370210;638.6666666666667;24270.111111111113;1240.888888888889;1347.3333333333335
1688370211;632.7777777777778;22525.55555555556;1253.6666666666667;1341.5555555555557
1688370212;607.4444444444445;21693.444444444445;721.7777777777778;691.8888888888889
1688370213;614.1111111111112;22734;734.5555555555557;1271.111111111111
1688370214;621.4444444444445;23553.77777777778;1270.7777777777778;1392.3333333333335
1688370215;614.1111111111112;23915.55555555556;1265;1386.5555555555557
1688370216;614.7777777777778;24695.88888888889;1272.6666666666667;1392.3333333333335
1688370217;652.7777777777778;22932.55555555556;1171.3333333333335;1386.5555555555557
1688370218;654.6666666666667;24003.111111111113;1299.888888888889;1410.888888888889
1688370219;654.6666666666667;22862.666666666668;1294.1111111111113;1386.5555555555557
1688370220;648;25459.222222222223;1281.3333333333335;1392.3333333333335
1688370221;648;24366.333333333336;1275.5555555555557;1386.5555555555557
1688370222;648;23438.88888888889;1262.7777777777778;807.3333333333334
1688370223;656.2222222222223;24577;726.5555555555557;1236.111111111111
1688370224;649.5555555555557;24934.444444444445;1310.3333333333335;1330.3333333333335
1688370225;649.5555555555557;24786.333333333336;1281.888888888889;1324.5555555555557
1688370226;680.6666666666667;25055.666666666668;1287.6666666666667;1330.3333333333335
1688370227;631.3333333333334;30148.55555555556;1159.111111111111;1306
1688370228;624.6666666666667;29149.222222222223;1253.3333333333335;1311.7777777777778
1688370229;624.6666666666667;27735.88888888889;1247.5555555555557;1306
1688370230;631.3333333333334;28641.111111111113;1253.3333333333335;1311.7777777777778
1688370231;617.3333333333334;29666.111111111113;1247.5555555555557;1327.1111111111113
1688370232;608.4444444444445;26579.333333333336;1362.1111111111113;762.4444444444445
1688370233;641.4444444444445;28784.111111111113;778.3333333333334;1230.6666666666667
1688370234;648.1111111111112;31840.222222222223;3556.2222222222226;1324.7777777777778
1688370235;579;33869;3550.444444444445;2009.1111111111113
1688370236;579;27298.444444444445;3556.2222222222226;2035.6666666666667
1688370237;579;27915.000000000004;3484.666666666667;2029.8888888888891
1688370238;585;28017.000000000004;3505.1111111111113;2054.222222222222
1688370239;585.6666666666667;27274.111111111113;3598.888888888889;2164.3333333333335
1688370240;599.6666666666667;27503.000000000004;3604.666666666667;2149
1688370241;600.3333333333334;28279.000000000004;3490.1111111111113;2143.222222222222
1688370242;574;25598.222222222223;3495.888888888889;1586.5555555555557
1688370243;560;30958.444444444445;718;1492.4444444444446
1688370244;574;30023.77777777778;2096.444444444445;2220
1688370245;560;31456.222222222223;2207.5555555555557;2289.1111111111113
1688370246;559.3333333333334;31288.55555555556;2229.666666666667;2294.888888888889
1688370247;546;31188.000000000004;2209.222222222222;2285.222222222222
1688370248;564;31291.88888888889;2115.444444444445;2295
1688370249;556.6666666666667;30355.222222222223;2216.444444444445;2289.222222222222
1688370250;556.6666666666667;31335.444444444445;2222.222222222222;2287.666666666667
1688370251;556.6666666666667;31824.77777777778;2216.444444444445;2281.888888888889
1688370252;556.6666666666667;22212.444444444445;2222.222222222222;2287.666666666667
1688370253;542.6666666666667;23619.88888888889;843.7777777777778;927.4444444444445
1688370254;549.3333333333334;23978.77777777778;808;1407.3333333333335
1688370255;563.3333333333334;24861.55555555556;1286.3333333333335;1490.3333333333335
1688370256;625.7777777777778;24405;1292.1111111111113;1474.1111111111113
1688370257;607.7777777777778;29811.666666666668;1286.3333333333335;1369.2222222222224
1688370258;615.1111111111112;29671.111111111113;1185.3333333333335;1375
1688370259;621.7777777777778;28550.444444444445;1210.111111111111;1376.5555555555557
1688370260;615.1111111111112;28626.333333333336;1296.888888888889;1424.1111111111113
1688370261;615.1111111111112;30124.77777777778;1291.1111111111113;1418.3333333333335
1688370262;621.7777777777778;28198.77777777778;1296.888888888889;1366.6666666666667
1688370263;640.4444444444445;28034.333333333336;1215.7777777777778;791.1111111111112
1688370264;619.7777777777778;28142.222222222223;710.1111111111112;1270.5555555555557
1688370265;571.3333333333334;28539.111111111113;1234.7777777777778;1380.6666666666667
1688370266;564;22651.55555555556;1259.111111111111;1377.3333333333335
1688370267;556.6666666666667;22738.88888888889;1274.111111111111;1371.5555555555557
1688370268;542.6666666666667;22838.111111111113;1303.1111111111113;1377.3333333333335
1688370269;611.1111111111112;22488.222222222223;1236.7777777777778;1329.7777777777778
1688370270;617.7777777777778;23166.77777777778;1334.3333333333335;1354.1111111111113
1688370271;617.7777777777778;23100;1381.4444444444446;1348.3333333333335
1688370272;599.7777777777778;22644.666666666668;1387.2222222222224;1354.1111111111113
1688370273;620.7777777777778;21993.333333333336;1369.7777777777778;808.5555555555557
1688370274;606.7777777777778;22065.222222222223;845.1111111111112;779.6666666666667
1688370275;614.1111111111112;24150.444444444445;1344;1317.4444444444446
1688370276;621.4444444444445;23168.77777777778;1351.6666666666667;1418.888888888889
1688370277;628.7777777777778;23970.77777777778;1292.1111111111113;1413.1111111111113
1688370278;593;23313.666666666668;1298.2222222222224;1437.4444444444446
1688370279;600.3333333333334;22464.77777777778;1200.6666666666667;1413.1111111111113
1688370280;593.6666666666667;23215.55555555556;1242;1418.888888888889
1688370281;586.3333333333334;23424.666666666668;1236.2222222222224;1413.1111111111113
1688370282;572;22116;1242;1396.2222222222224
1688370283;578.6666666666667;22345.55555555556;1236.2222222222224;1339.2222222222224
1688370284;578;21821.77777777778;758.8888888888889;789.7777777777778
1688370285;564;23649.666666666668;1261;1267
1688370286;633.1111111111112;23461.88888888889;1266.7777777777778;1371.4444444444446
1688370287;614.4444444444445;28827.333333333336;1240.2222222222224;1347.1111111111113
1688370288;600.4444444444445;29777.333333333336;1246;1352.888888888889
1688370289;600.4444444444445;27971.790315415372;1151.7777777777778;1347.1111111111113
1688370290;607.1111111111112;29816.111111111113;1246;1352.888888888889
1688370291;614.4444444444445;29882.666666666668;1240.2222222222224;1368.2222222222224
1688370292;607.7777777777778;29442.77777777778;1246;1351.3333333333335
1688370293;627.1111111111112;27806.55555555556;1200.111111111111;1345.5555555555557
1688370294;641.1111111111112;26928.77777777778;675.3333333333334;772.6666666666667
1688370295;571.3333333333334;28127.111111111113;1305.7777777777778;1230.7777777777778
1688370296;557.3333333333334;23258.333333333336;1334.2222222222224;1345.6666666666667
1688370297;557.3333333333334;22434;1328.4444444444446;1332.5555555555557
1688370298;564;22962.316585148958;1334.2222222222224;1338.3333333333335
1688370299;565.1111111111112;20945.55555555556;1258.5555555555557;1332.5555555555557
1688370300;557.7777777777778;24023.77777777778;1264.3333333333335;1317.2222222222224
1688370301;564.4444444444445;24071.444444444445;1354.2222222222224;1742.5555555555557
1688370302;538.4444444444445;23709.88888888889;1360;1748.3333333333335
1688370303;531.1111111111112;24966.444444444445;1354.2222222222224;1857.4444444444446
1688370304;524.4444444444445;22866.222222222223;723.7777777777778;1319.6666666666667
1688370305;524.4444444444445;25182.77777777778;695.3333333333334;1773.4444444444446
1688370306;531.1111111111112;24227.111111111113;1257.3333333333335;1779.2222222222224
1688370307;531.1111111111112;25504.333333333336;1251.5555555555557;1869.2222222222224
1688370308;542;24700.111111111113;1238.7777777777778;1886.2222222222224
1688370309;542;23065.444444444445;1233;1880.4444444444446
1688370310;535.3333333333334;23162.88888888889;1143.111111111111;1455.1111111111113
1688370311;542.6666666666667;25076.666666666668;1233.3333333333335;1449.3333333333335
1688370312;582.6666666666667;22982.55555555556;1239.111111111111;1457.5555555555557
1688370313;602.2222222222223;24531;1233.3333333333335;1490.2222222222224
1688370314;627.5555555555555;20888.222222222223;1317.3333333333335;927.3333333333334
1688370315;646.2222222222223;27950.222222222223;1522.4444444444446;928.8888888888889
1688370316;720.6666666666667;26561.333333333336;2072.3333333333335;3894.666666666667
1688370317;708.6666666666667;35341.11111111112;2183.888888888889;4088.0000000000005
1688370318;708.6666666666667;34081.88888888889;2189.666666666667;4093.7777777777783
1688370319;729.2222222222223;34033;2207.1111111111113;4142.88888888889
1688370320;728.5555555555557;33522.555555555555;2116.888888888889;4207.222222222223
1688370321;681.8888888888889;35963.222222222226;2206.777777777778;4125.88888888889
1688370322;669;34685.88888888889;2212.5555555555557;4074.2222222222226
1688370323;650.3333333333334;37124.444444444445;2128.5555555555557;4107.666666666667
1688370324;625;29066.77777777778;1367.2222222222224;4113.444444444444
1688370325;543.8888888888889;31380.666666666668;817.3333333333334;1072.3333333333335
1688370326;543.8888888888889;23181.77777777778;1266.3333333333335;1456.3333333333335
1688370327;552.6666666666667;25891.666666666668;1304;1539.3333333333335
1688370328;532.1111111111112;24787.77777777778;1305.1111111111113;1490.2222222222224
1688370329;579.5555555555555;25075.333333333336;1327.3333333333335;1425.888888888889
1688370330;586.2222222222223;23659.77777777778;1257.888888888889;1382.5555555555557
1688370331;604.8888888888889;24881.444444444445;1351.6666666666667;1395.3333333333335
1688370332;598.2222222222223;22816.666666666668;1376;1361.888888888889
1688370333;604.8888888888889;25100;1370.2222222222224;1378.7777777777778
1688370334;604.8888888888889;22384.111111111113;1376;1356.7777777777778
1688370335;598.2222222222223;24353.55555555556;809.6666666666667;762.4444444444445
1688370336;589.4444444444445;23363.444444444445;1302.5555555555557;1268.2222222222224
1688370337;596.1111111111112;25098.333333333336;1278.2222222222224;1348.2222222222224
1688370338;542;23849.88888888889;1276.7777777777778;1372.5555555555557
1688370339;535.3333333333334;23850.333333333336;1250.5555555555557;1374.1111111111113
1688370340;524;24481.444444444445;1156.7777777777778;1361.3333333333335
1688370341;530.6666666666667;25746.55555555556;1132.4444444444446;1374.1111111111113
1688370342;524;24956.444444444445;1226.6666666666667;1357.2222222222224
1688370343;524;26337.222222222223;1220.888888888889;1386.6666666666667
1688370344;530.6666666666667;23877.55555555556;1247.7777777777778;1415.1111111111113
1688370345;530.6666666666667;23840.55555555556;730.4444444444445;820.5555555555557
1688370346;605.1111111111112;23669.333333333336;1266.7777777777778;740.5555555555557
1688370347;619.1111111111112;27560.444444444445;1240.2222222222224;1423.7777777777778
1688370348;619.1111111111112;30384.88888888889;1246;1422.2222222222224
1688370349;611.7777777777778;28247.88888888889;1240.2222222222224;1416.4444444444446
1688370350;605.1111111111112;29388.333333333336;1246;1422.6666666666667
1688370351;618.4444444444445;29417.88888888889;1151.7777777777778;1416.888888888889
1688370352;618.4444444444445;29180.222222222223;1245.7777777777778;1415.888888888889
1688370353;625.7777777777778;29998.222222222223;1218.888888888889;1387.4444444444446
1688370354;619.1111111111112;28659.666666666668;1205.6666666666667;1393.2222222222224
1688370355;544.6666666666667;28049.55555555556;689.7777777777778;1387.4444444444446
1688370356;538.4444444444445;25445.222222222223;1251.4444444444446;706.4444444444445
1688370357;545.1111111111112;23030.333333333336;1431.888888888889;1296.6666666666667
1688370358;538.4444444444445;24222.222222222223;1437.6666666666667;1390.888888888889
1688370359;545.1111111111112;22657.444444444445;1485.888888888889;1366.1111111111113
1688370360;531.7777777777778;23892.444444444445;1491.6666666666667;1364.5555555555557
1688370361;564.4444444444445;23828.444444444445;1397.6666666666667;1337.6666666666667
1688370362;550.4444444444445;23369.77777777778;1491.6666666666667;1336.1111111111113
1688370363;550.4444444444445;24240;1485.888888888889;1330.3333333333335
1688370364;557.7777777777778;23403.666666666668;1471.2222222222224;1336.1111111111113
1688370365;571;22779.333333333336;909.5555555555557;1302.2222222222224
1688370366;584.3333333333334;23383.333333333336;729.1111111111112;719.3333333333334
1688370367;591.6666666666667;22418.111111111113;1273.7777777777778;1206.2222222222224
1688370368;591.6666666666667;24645.111111111113;1225.5555555555557;1300.3333333333335
1688370369;591.6666666666667;22627;1219.7777777777778;1313.1111111111113
1688370370;565.6666666666667;24123;1225.5555555555557;1318.888888888889
1688370371;565.6666666666667;25008;1131.5555555555557;1320.4444444444446
1688370372;579.6666666666667;24487.666666666668;1229;1337.4444444444446
1688370373;565.6666666666667;25329.77777777778;1223.2222222222224;1363.2222222222224
1688370374;551.3333333333334;24515.88888888889;1240.6666666666667;1391.6666666666667
1688370375;531.3333333333334;23560.666666666668;1234.888888888889;1404.4444444444446
1688370376;611.7777777777778;24502.444444444445;690.2222222222223;903.3333333333334
1688370377;605.1111111111112;25592.444444444445;1214.888888888889;1387.888888888889
1688370378;611.7777777777778;29890.77777777778;1220.6666666666667;1470.5555555555557
1688370379;611.7777777777778;27970.000000000004;1238.111111111111;1464.7777777777778
1688370380;611.7777777777778;28640.111111111113;1243.888888888889;1482.2222222222224
1688370381;604.4444444444445;28299.444444444445;1146.4444444444446;1520.1111111111113
1688370382;604.4444444444445;28165.000000000004;1173;1494.3333333333335
1688370383;597.7777777777778;28940.000000000004;1285.7777777777778;1473.2222222222224
1688370384;611.7777777777778;28386.666666666668;1312.6666666666667;1483.6666666666667
1688370385;531.3333333333334;27951.111111111113;1334.7777777777778;1416.7777777777778
1688370386;538;25204.88888888889;838.1111111111112;862.8888888888889
1688370387;538;22173.111111111113;1362.7777777777778;1357.5555555555557
1688370388;531.3333333333334;23546.88888888889;1487;1451.5555555555557
1688370389;592.1111111111112;22290.666666666668;1522.888888888889;1434.1111111111113
1688370390;592.1111111111112;23682.222222222223;1528.6666666666667;1403.5555555555557
1688370391;617.4444444444445;23354.666666666668;1522.5555555555557;1390.4444444444446
1688370392;617.4444444444445;23074.111111111113;1416.6666666666667;1396.2222222222224
1688370393;603.4444444444445;24048;1485.3333333333335;1367.2222222222224
1688370394;610.1111111111112;23080.444444444445;1463.2222222222224;1382.5555555555557
1688370395;603.4444444444445;23055.222222222223;1429.4444444444446;1350.4444444444446
1688370396;624.4444444444445;22085.55555555556;904.7777777777778;767.6666666666667
1688370397;631.7777777777778;22659.88888888889;1295.2222222222224;673.6666666666667
1688370398;585;23021.444444444445;1259.3333333333335;1275.4444444444446
1688370399;592.3333333333334;21405;1274.3333333333335;1353.1111111111113
1688370400;567;23588.444444444445;1259.6666666666667;1358.888888888889
1688370401;567;23159;1235.3333333333335;1462.6666666666667
1688370402;588;23251.77777777778;1145.5555555555557;1468.4444444444446
1688370403;580.6666666666667;24501.111111111113;1235.4444444444446;1440
1688370404;588;24467.77777777778;1241.2222222222224;1471.6666666666667
1688370405;560.3333333333334;24075.55555555556;1235.4444444444446;1465.888888888889
1688370406;640.7777777777778;23452.222222222223;703.3333333333334;1572.6666666666667
1688370407;633.4444444444445;25929.222222222223;1228.111111111111;970.8888888888889
1688370408;619.4444444444445;31211.55555555556;1213.111111111111;1456
1688370409;626.1111111111112;28513.333333333336;1207.3333333333335;1538.6666666666667
1688370410;633.4444444444445;30880.111111111113;1213.111111111111;1434.888888888889
1688370411;619.1111111111112;29195.444444444445;1207.3333333333335;1433.4444444444446
1688370412;619.7777777777778;29683.333333333336;1117.4444444444446;1460.3333333333335
1688370413;619.1111111111112;29774.000000000004;1218.5555555555557;1436
1688370414;619.1111111111112;30507.222222222223;1224.3333333333335;1441.7777777777778
1688370415;531.3333333333334;29605.666666666668;1218.5555555555557;1327.6666666666667
1688370416;531.3333333333334;27647.88888888889;714.2222222222223;1354.2222222222224
1688370417;538;33622.444444444445;2182.5555555555557;767.1111111111112
1688370418;531.3333333333334;36079.555555555555;2733.666666666667;5658.111111111111
1688370419;530.6666666666667;33624.66666666667;2813;5751.88888888889
1688370420;524;36753.444444444445;2818.777777777778;5753.333333333334
1688370421;542;34761.444444444445;2813;5719.111111111111
1688370422;542.6666666666667;34939.333333333336;2711.888888888889;5724.88888888889
1688370423;549.3333333333334;34989.11111111112;2706.1111111111113;5719.111111111111
1688370424;549.3333333333334;36117.11111111112;2813.777777777778;5745.333333333334
1688370425;549.3333333333334;34065.66666666667;2787.5555555555557;5758
1688370426;542.6666666666667;23805.222222222223;1337.7777777777778;5763.777777777778
1688370427;549.3333333333334;22473.88888888889;786.6666666666667;791.6666666666667
1688370428;542.6666666666667;24754.444444444445;1237.6666666666667;1286.1111111111113
1688370429;542.6666666666667;22378.55555555556;1231.888888888889;1376
1688370430;537.2222222222223;25091.222222222223;1237.6666666666667;1407.6666666666667
1688370431;543.8888888888889;23328.88888888889;1231.888888888889;1401.888888888889
1688370432;544.5555555555555;23939.55555555556;1237.6666666666667;1400.3333333333335
1688370433;544.5555555555555;23002.666666666668;1130;1418.4444444444446
1688370434;551.8888888888889;24346.55555555556;1231.4444444444446;1385
1688370435;558.5555555555555;23419.333333333336;1207.111111111111;1379.2222222222224
1688370436;633;23030;1212.888888888889;1405.7777777777778
1688370437;640.3333333333334;23713.333333333336;676.7777777777778;853.0000000000001
1688370438;654.3333333333334;28842.222222222223;1220.3333333333335;1336.6666666666667
1688370439;648.4444444444445;27336.55555555556;1237.7777777777778;1401.888888888889
1688370440;641.7777777777778;30838.88888888889;1243.5555555555557;1400.3333333333335
1688370441;641.1111111111112;28906.666666666668;1237.7777777777778;1401.888888888889
1688370442;647.7777777777778;29342.55555555556;1243.5555555555557;1418.2222222222224
1688370443;647.7777777777778;28439.333333333336;1142.111111111111;1412.4444444444446
1688370444;641.1111111111112;30825.77777777778;1363;1434.1111111111113
1688370445;566.6666666666667;29906.77777777778;1378.3333333333335;1428
1688370446;566.6666666666667;27843.88888888889;1384.1111111111113;1392.5555555555557
1688370447;567.1111111111112;22146.333333333336;859.1111111111112;813.2222222222223
1688370448;553.1111111111112;23936.88888888889;1413.2222222222224;748.4444444444445
1688370449;599.8888888888889;21494.111111111113;1458.4444444444446;1422.6666666666667
1688370450;599.8888888888889;25329.55555555556;1464.2222222222224;1428.4444444444446
1688370451;618.5555555555555;24038.88888888889;1478.888888888889;1393.6666666666667
1688370452;604.5555555555555;24921.77777777778;1503.2222222222224;1399.4444444444446
1688370453;611.2222222222223;22501.77777777778;1282.3333333333335;1400.4444444444446
1688370454;604.5555555555555;24465.77777777778;1355.4444444444446;1385.7777777777778
1688370455;603.8888888888889;23714.55555555556;1349.6666666666667;1380
1688370456;589.4444444444445;25179.55555555556;1336.888888888889;1385.7777777777778
1688370457;589.4444444444445;22090.55555555556;759.5555555555557;1353.6666666666667
1688370458;549.3333333333334;24856.55555555556;714.3333333333334;686.7777777777778
1688370459;549.3333333333334;21837.333333333336;1260;1254.6666666666667
1688370460;524;25143.55555555556;1245.3333333333335;1330.7777777777778
1688370461;531.3333333333334;23428.88888888889;1221;1325
1688370462;538.6666666666667;24781.77777777778;1226.7777777777778;1308.1111111111113
1688370463;545.3333333333334;23109.77777777778;1132.5555555555557;1302.3333333333335
1688370464;546;24214;1226.6666666666667;1326.6666666666667
1688370465;546;23378.444444444445;1220.888888888889;1320.888888888889
1688370466;633.7777777777778;24445.88888888889;1226.6666666666667;1341.7777777777778
1688370467;626.4444444444445;23911.222222222223;1220.888888888889;1452.2222222222224
1688370468;619.7777777777778;28567.000000000004;675.2222222222223;884.3333333333334
1688370469;627.1111111111112;26958.444444444445;1307.3333333333335;1495.5555555555557
1688370470;626.4444444444445;30109.666666666668;1313.1111111111113;1579.7777777777778
1688370471;626.4444444444445;29457.333333333336;1307.3333333333335;1574
1688370472;619.7777777777778;29280.222222222223;1313.1111111111113;1598.7777777777778
1688370473;612.4444444444445;28744.222222222223;1219;1595.5555555555557
1688370474;619.1111111111112;29009.77777777778;1314.6666666666667;1601.3333333333335
1688370475;531.3333333333334;29259.88888888889;1308.888888888889;1608.5555555555557
1688370476;531.3333333333334;27171.666666666668;1314.6666666666667;1498.1111111111113
1688370477;531.3333333333334;22423.333333333336;1352;1492.3333333333335
1688370478;530.6666666666667;22583.111111111113;731.5555555555557;792.2222222222223
1688370479;530.6666666666667;21663.222222222223;1296.7777777777778;1274.3333333333335
1688370480;524;23261.77777777778;1357.4444444444446;1368.5555555555557
1688370481;549.3333333333334;24234.111111111113;1351.6666666666667;1343.7777777777778
1688370482;563.6666666666667;23628.88888888889;1357.4444444444446;1328.4444444444446
1688370483;563.6666666666667;23698.111111111113;1261.7777777777778;1322.6666666666667
1688370484;563.6666666666667;23450.333333333336;1356.2222222222224;1307.6666666666667
1688370485;557;23960.333333333336;1350.4444444444446;1315.3333333333335
1688370486;570.3333333333334;24472;1313.1111111111113;1380.7777777777778
1688370487;570.3333333333334;23910.222222222223;1295.6666666666667;1375
1688370488;563.6666666666667;22871.55555555556;730.4444444444445;833.0000000000001
1688370489;556.3333333333334;23553.666666666668;1200.2222222222224;738.7777777777778
1688370490;537.6666666666667;24373.111111111113;1206;1438.2222222222224
1688370491;530;25331.77777777778;1200.2222222222224;1432.4444444444446
1688370492;523.3333333333334;25766.88888888889;1206;1438.2222222222224
1688370493;530;25579.444444444445;1111.5555555555557;1469.4444444444446
1688370494;530;25447.77777777778;1216.888888888889;1461.7777777777778
1688370495;523.3333333333334;26161.88888888889;1211.111111111111;1389
1688370496;590.4444444444445;25647;1216.888888888889;1413.3333333333335
1688370497;617.7777777777778;27989.222222222223;1211.111111111111;1432.4444444444446
1688370498;624.4444444444445;28672.88888888889;686.4444444444445;1438.2222222222224
1688370499;617.7777777777778;29281.666666666668;1234.3333333333335;738.7777777777778
1688370500;617.7777777777778;29828.000000000004;1240.111111111111;1429.888888888889
1688370501;617.7777777777778;30655.666666666668;1234.3333333333335;1416.7777777777778
1688370502;617.7777777777778;30962.444444444445;1240.111111111111;1433.1111111111113
1688370503;617.7777777777778;31110.666666666668;1134.7777777777778;1420
1688370504;617.7777777777778;30005.000000000004;1140.5555555555557;1456.3333333333335
1688370505;544;30441.666666666668;1264.5555555555557;1424.6666666666667
1688370506;523.3333333333334;28225.77777777778;1325.6666666666667;1407.4444444444446
1688370507;523.3333333333334;24941.88888888889;1319.888888888889;1394.3333333333335
1688370508;523.3333333333334;23165.77777777778;820.5555555555557;1418.6666666666667
1688370509;516.6666666666667;23290.444444444445;833.3333333333334;762.7777777777778
1688370510;577.4444444444445;23333;1395.888888888889;1459.7777777777778
1688370511;570.7777777777778;23476.666666666668;1410.5555555555557;1425
1688370512;596.1111111111112;22796.88888888889;1434.888888888889;1430.7777777777778
1688370513;589.4444444444445;23409.55555555556;1429.1111111111113;1401.7777777777778
1688370514;596.1111111111112;22822.111111111113;1305.1111111111113;1437.5555555555557
1688370515;589.4444444444445;23284.222222222223;1339.6666666666667;1411.3333333333335
1688370516;589.4444444444445;23284.77777777778;1345.4444444444446;1424.4444444444446
1688370517;596.1111111111112;23909.77777777778;1291.1111111111113;1400.1111111111113
1688370518;596.1111111111112;22806;1278.3333333333335;1370.6666666666667
1688370519;535.3333333333334;22699.333333333336;715.7777777777778;681
1688370520;542;23911.111111111113;1239;1242
1688370521;516.6666666666667;23931.55555555556;1214.6666666666667;1329.3333333333335
1688370522;523.3333333333334;24597.55555555556;1220.4444444444446;1335.1111111111113
1688370523;523.3333333333334;25010.88888888889;1214.6666666666667;1306.6666666666667
1688370524;537.6666666666667;23854.444444444445;1147.4444444444446;1342.1111111111113
1688370525;552;25272.88888888889;1276.6666666666667;1370.5555555555557
1688370526;607.7777777777778;24254.444444444445;1282.4444444444446;1376.3333333333335
1688370527;626.4444444444445;26556.88888888889;1276.6666666666667;1370.5555555555557
1688370528;633.1111111111112;27950.222222222223;1282.4444444444446;1376.3333333333335
1688370529;633.1111111111112;27170.333333333336;738.7777777777778;796.7777777777778
1688370530;633.1111111111112;29781.444444444445;1282.4444444444446;716.7777777777778
1688370531;633.1111111111112;28590.222222222223;1276.6666666666667;1377.888888888889
1688370532;633.1111111111112;28690.000000000004;1282.4444444444446;1402.6666666666667
1688370533;625.4444444444445;30002.55555555556;1370;1388.3333333333335
1688370534;604.4444444444445;27912.666666666668;1240.7777777777778;1359.888888888889
1688370535;548.6666666666667;29766.77777777778;1330.7777777777778;1354.1111111111113
1688370536;530;26038;1336.5555555555557;1359.888888888889
1688370537;530;23799.55555555556;1351.2222222222224;1354.1111111111113
1688370538;523.3333333333334;22391.111111111113;1368.6666666666667;1359.888888888889
1688370539;523.3333333333334;21103.333333333336;843.5555555555557;1354.1111111111113
1688370540;530;26491.111111111113;3702.666666666667;693
