Time;{instance="10.231.0.208:9100"};{instance="192.168.221.10:9100"};{instance="192.168.221.11:9100"};{instance="192.168.221.12:9100"}
1688369340;11272.555555555557;30023.444444444445;11991.444444444445;12725.333333333334
1688369341;11268.555555555557;30647.55555555556;11989.666666666668;12786.88888888889
1688369342;3341045.888888889;40217.333333333336;11990.77777777778;12860.77777777778
1688369343;16050363.111111112;40568.444444444445;11981.666666666668;17712.444444444445
1688369344;29120629.666666668;44535.11111111112;11827;35458.66666666667
1688369345;42232086.333333336;52314;11827;60382.55555555556
1688369346;55013090.222222224;52107.88888888889;11969.222222222223;89642.55555555556
1688369347;68222765.66666667;62751.444444444445;11966.111111111111;120719.88888888889
1688369348;80763137.77777778;67197;11965.555555555557;145336.8888888889
1688369349;93828343.33333334;69317;11994.555555555557;176819.77777777778
1688369350;106787763;71264.33333333334;11994.555555555557;205247.6666666667
1688369351;116545198.8888889;60381.00000000001;12001.77777777778;233129.77777777778
1688369352;117103856.00000001;70532.22222222223;12132.77777777778;248923.77777777778
1688369353;116940453.77777779;65405.77777777778;12131.555555555557;261523.55555555556
1688369354;116761237.11111112;64359.66666666667;12130.555555555557;266056.3333333334
1688369355;116969490.44444445;70744.88888888889;11987.555555555557;265299
1688369356;116804320.00000001;60989.222222222226;12109.222222222223;263712.3333333334
1688369357;115815262.33333334;71715.77777777778;12108.666666666668;263081.55555555556
1688369358;115975314.8888889;62437.444444444445;12080.555555555557;262288.88888888893
1688369359;115719723.44444445;60273.77777777778;12080;262950.22222222225
1688369360;115358150.22222222;61245.00000000001;12072.222222222223;264450.88888888893
1688369361;114811957.22222222;50580.333333333336;11941.555555555557;263296.6666666667
1688369362;115042799.8888889;49945.66666666667;11942.444444444445;262462.88888888893
1688369363;115204200.00000001;43699.222222222226;11944.555555555557;263645.55555555556
1688369364;115267867.55555557;38770.66666666667;11946.222222222223;265038.22222222225
1688369365;115192928.22222222;38237.444444444445;11827.111111111111;265562.44444444444
1688369366;116936911.33333334;22855.88888888889;11971.666666666668;272557.55555555556
1688369367;116704375.22222222;22450.111111111113;11986.88888888889;272544.88888888893
1688369368;117163425.22222222;21890.333333333336;11994;270808
1688369369;117512224.00000001;21592.222222222223;11994;270714.88888888893
1688369370;117586729.00000001;20997.77777777778;11993.77777777778;270956.44444444444
1688369371;117738774.33333334;21375.444444444445;11992.444444444445;272804.88888888893
1688369372;117486174.55555557;22419.77777777778;11991.666666666668;274055.55555555556
1688369373;117440565.44444445;20708.88888888889;11990.666666666668;274989.55555555556
1688369374;117455538.11111112;22065.222222222223;11990.77777777778;274444.88888888893
1688369375;116899290.8888889;22581.666666666668;11867.88888888889;274394.22222222225
1688369376;116759226.8888889;22649.666666666668;11890;271939.55555555556
1688369377;116408328.66666667;22821.77777777778;12036.88888888889;274253.55555555556
1688369378;116381852.8888889;22769.88888888889;12036.77777777778;274165.1111111111
1688369379;116716803.44444445;22095.444444444445;12035.77777777778;273533.3333333334
1688369380;116498648.44444445;23548.55555555556;12036.77777777778;273754.22222222225
1688369381;116504485.8888889;22525.444444444445;12036.333333333334;277458.22222222225
1688369382;116596676.33333334;22068.88888888889;12037.666666666668;270180.88888888893
1688369383;116771026.33333334;21057.444444444445;12036.77777777778;270866.22222222225
1688369384;116992722.44444445;20370.55555555556;12015.666666666668;271266.22222222225
1688369385;117289454.44444445;23692.111111111113;11976.555555555557;273049.55555555556
1688369386;117444648.44444445;23220;11822.77777777778;271936.88888888893
1688369387;117321620.8888889;28699.88888888889;11968.77777777778;271145.1111111111
1688369388;117191511.44444445;29613.666666666668;11967.666666666668;272902
1688369389;117217687.33333334;28844.111111111113;11966.444444444445;271221.55555555556
1688369390;117428216.66666667;29905.000000000004;11967.222222222223;266792.44444444444
1688369391;117014731.00000001;30956.55555555556;11966.444444444445;273844.44444444444
1688369392;116944329.44444445;30162.111111111113;11968.666666666668;272808.22222222225
1688369393;116926539.66666667;31915.666666666668;11968.555555555557;273552.88888888893
1688369394;116844728.00000001;28149.111111111113;11979.111111111111;275495.55555555556
1688369395;117036504.66666667;30565.88888888889;11979.333333333334;276132.22222222225
1688369396;117579107.22222222;23952.333333333336;11834.111111111111;278544.6666666667
1688369397;116866586.77777779;24361.666666666668;12017.555555555557;277467.7777777778
1688369398;116650084.33333334;24418;12064.88888888889;276057.3333333334
1688369399;116541871.22222222;23246.222222222223;12065.555555555557;268391.55555555556
1688369400;116878026.11111112;25057.333333333336;12071.77777777778;256009.55555555556
1688369401;109807361.44444445;24886.77777777778;12076.222222222223;243331.77777777778
1688369402;96864399.77777779;23354;12078.444444444445;211246.44444444447
1688369403;83796821.55555557;24154.77777777778;12180.555555555557;179280.44444444447
1688369404;76675750.22222222;22251.333333333336;12182.222222222223;150279.77777777778
1688369405;76283510.77777778;23236.88888888889;12183.88888888889;131587.55555555556
1688369406;77091812.66666667;23943.111111111113;12005;113096.66666666667
1688369407;77226830.8888889;23927.88888888889;12015.666666666668;97575.33333333334
1688369408;77222567.8888889;24383.222222222223;12107;87658.22222222223
1688369409;77169828.33333334;22821.88888888889;12102.555555555557;81343.11111111111
1688369410;84423463;24147.666666666668;12098.555555555557;78723.77777777778
1688369411;97348149.8888889;24453;12103;92608.44444444445
1688369412;110551563.22222222;23989.77777777778;11994.444444444445;105459.55555555556
1688369413;117502415.33333334;25092.55555555556;11995.88888888889;117788.22222222223
1688369414;117517358.22222222;23992.444444444445;11994.88888888889;117086.22222222223
1688369415;117540477.11111112;23699.77777777778;11992.88888888889;118683.77777777778
1688369416;117571136.55555557;24175.77777777778;11936.444444444445;119948.44444444445
1688369417;117809235.8888889;29456.000000000004;11900.666666666668;120461.77777777778
1688369418;117971210.22222222;29908.111111111113;11989.222222222223;121977.55555555556
1688369419;117882235.00000001;28425.88888888889;11988;120918.88888888889
1688369420;117861103.8888889;29008.000000000004;11981.88888888889;120438.88888888889
1688369421;117554291.66666667;30797.88888888889;11979.88888888889;121141.11111111112
1688369422;117495744.44444445;29442.88888888889;11978.111111111111;120410.22222222223
1688369423;117614954.00000001;31189.333333333336;11979.333333333334;121825.55555555556
1688369424;117552921.77777779;29366.77777777778;11979.444444444445;121250.66666666667
1688369425;117500126.77777779;30434.88888888889;11977.444444444445;120180.00000000001
1688369426;117242533.22222222;24761.111111111113;11921.555555555557;119728.88888888889
1688369427;117264383.00000001;24790.333333333336;11833.444444444445;118627.55555555556
1688369428;117073416.77777779;24772.444444444445;12005.222222222223;118925.55555555556
1688369429;116673464.66666667;24550.222222222223;12011.88888888889;118938.00000000001
1688369430;105777605.8888889;22961;12012.666666666668;110925.55555555556
1688369431;92847451.33333334;24387.77777777778;12011.333333333334;98274.88888888889
1688369432;79638031;21791.444444444445;12011.666666666668;84282.22222222223
1688369433;66580035.222222224;24215.666666666668;12010.222222222223;71390.22222222223
1688369434;53585915.888888896;21058;12012.111111111111;58256.222222222226
1688369435;40660476.333333336;22830.222222222223;12026.222222222223;44612
1688369436;37582877.11111111;22932.333333333336;12068.111111111111;35246
1688369437;37638213.44444445;23750.333333333336;11904.222222222223;35443.333333333336
1688369438;38178922.44444445;23037.111111111113;11943.111111111111;34503.555555555555
1688369439;49059027.888888896;23109.111111111113;12031.88888888889;43752.88888888889
1688369440;62184606.888888896;23061.77777777778;12033.222222222223;56106.444444444445
1688369441;75304667.77777778;24803.222222222223;12049.666666666668;69296.22222222223
1688369442;88236048.55555557;22612.666666666668;12049.333333333334;83735.55555555556
1688369443;93537337.66666667;24667.77777777778;12048.77777777778;93073.33333333334
1688369444;93537393.55555557;21583.77777777778;12035.111111111111;93286
1688369445;83461760.55555557;21820.666666666668;11989.77777777778;90342.88888888889
1688369446;70414911.55555557;22505.111111111113;11982;77091.33333333334
1688369447;57370638.55555556;28290.444444444445;11935.555555555557;64636.00000000001
1688369448;44494708.888888896;27622.111111111113;11893.222222222223;49849.55555555556
1688369449;43310718.77777778;27889.333333333336;11989.77777777778;43157.55555555556
1688369450;43102484.888888896;28466.55555555556;11971.555555555557;44172.88888888889
1688369451;43388562;29071.444444444445;11971.444444444445;43311.333333333336
1688369452;50936474.11111111;27778.222222222223;11973.666666666668;48217.55555555556
1688369453;63986607.44444445;29764.333333333336;11971.555555555557;62224.444444444445
1688369454;76440651.66666667;28470.77777777778;11980.333333333334;76042.22222222223
1688369455;77060048.66666667;28102.333333333336;11980.333333333334;81695.11111111112
1688369456;77060019.77777778;23629.222222222223;11981.555555555557;81673.11111111112
1688369457;77055105.55555557;24203.666666666668;11934.555555555557;81669.33333333334
1688369458;65113483.888888896;23554.77777777778;11839.111111111111;75980
1688369459;52201631.55555556;23330.77777777778;11994.111111111111;61745.55555555556
1688369460;38984175.88888889;24642.88888888889;11996.555555555557;48167.77777777778
1688369461;26134945.666666668;24790.77777777778;11994.333333333334;33894.444444444445
1688369462;13084762.444444446;24020.88888888889;11997.333333333334;19692
1688369463;630688.8888888889;25061.444444444445;11997.666666666668;15180.111111111111
1688369464;11292.111111111111;23706.111111111113;11997.555555555557;15176.000000000002
1688369465;11283.77777777778;23114.444444444445;11997.222222222223;15177.666666666668
1688369466;11283;22269.77777777778;11998.333333333334;15055.555555555557
1688369467;12158.666666666668;23219.444444444445;11997;15201.333333333334
1688369468;12157;23665.333333333336;11888;15201.666666666668
1688369469;12156.444444444445;21915.55555555556;11957.666666666668;15193.222222222223
1688369470;12154.666666666668;23879.333333333336;12047.111111111111;15186.000000000002
1688369471;12146.77777777778;23340.333333333336;12054.111111111111;15127.000000000002
1688369472;12149.333333333334;22880.222222222223;12106.88888888889;15121.666666666668
1688369473;12151;23739.111111111113;12107.77777777778;15124.555555555557
1688369474;12150.111111111111;23619.77777777778;12108.666666666668;15123.222222222223
1688369475;12150.444444444445;24102.444444444445;12109.444444444445;15121.77777777778
1688369476;11274.88888888889;23846.666666666668;12110.333333333334;14979.444444444445
1688369477;11276.88888888889;29611.666666666668;12065.333333333334;15138.000000000002
1688369478;11277.666666666668;31409.000000000004;11994.222222222223;15142.333333333334
1688369479;11276.222222222223;29068.88888888889;11958.666666666668;15168.666666666668
1688369480;11277.77777777778;30636.000000000004;12040.333333333334;15167.88888888889
1688369481;11275.88888888889;30522.55555555556;11978.666666666668;15165.77777777778
1688369482;11292.88888888889;29842.222222222223;11980.88888888889;15163.444444444445
1688369483;11299.111111111111;29802.333333333336;11981.111111111111;15162.666666666668
1688369484;11347.88888888889;29213.77777777778;11980.333333333334;15163.77777777778
1688369485;11394.88888888889;29342.333333333336;11979.666666666668;15161.222222222223
1688369486;11394.333333333334;22262.333333333336;11979.222222222223;14999.88888888889
1688369487;11392.444444444445;22218.333333333336;11980.444444444445;15088.88888888889
1688369488;11393.555555555557;24138.333333333336;11925.666666666668;15116.000000000002
1688369489;11393;22724;11917;15117.000000000002
1688369490;11392.222222222223;24360.88888888889;11918.222222222223;15119.000000000002
1688369491;11380.444444444445;24592.333333333336;12004.88888888889;15118.000000000002
1688369492;11373.77777777778;23690.222222222223;12004.77777777778;15115.88888888889
1688369493;11324.88888888889;24718.88888888889;12004.222222222223;15135.111111111111
1688369494;11277.666666666668;23459.222222222223;12005.88888888889;15134.000000000002
1688369495;11275.111111111111;23905.77777777778;12004.88888888889;15139.111111111111
1688369496;11275;23710.55555555556;12028.111111111111;15049.111111111111
1688369497;11285.444444444445;22497.444444444445;12070.666666666668;15084.555555555557
1688369498;11283.444444444445;24565.77777777778;11995.666666666668;15163.666666666668
1688369499;11283.666666666668;21854.88888888889;12034.88888888889;15176.444444444445
1688369500;11276.222222222223;23171;11943.88888888889;15176.555555555557
1688369501;11277.111111111111;24399.55555555556;12070.333333333334;15208.444444444445
1688369502;11276.444444444445;23308;12070.555555555557;15195.555555555557
1688369503;11275.333333333334;24072.55555555556;12069.111111111111;15240.77777777778
1688369504;11276.666666666668;23391.666666666668;12069.111111111111;15244.111111111111
1688369505;11278.111111111111;22813.55555555556;12044.333333333334;15242.666666666668
1688369506;11268;22838.666666666668;12004;15151.111111111111
1688369507;11269.333333333334;26261.88888888889;11997.88888888889;15161.77777777778
1688369508;11270.111111111111;30324.88888888889;11959.555555555557;15202.222222222223
1688369509;11268.88888888889;28080.88888888889;11960.444444444445;15229.666666666668
1688369510;11266.555555555557;27768.333333333336;11865;15198.88888888889
1688369511;11265.111111111111;28933.222222222223;11938.88888888889;15189.555555555557
1688369512;11274.444444444445;27785.666666666668;11944;15151.000000000002
1688369513;11273.88888888889;28352.333333333336;11942.666666666668;15142.111111111111
1688369514;11273.88888888889;27694.000000000004;11942.555555555557;15142.666666666668
1688369515;11273.222222222223;27818.77777777778;11941.333333333334;15142.444444444445
1688369516;11272.111111111111;22839;11942.444444444445;15053.222222222223
1688369517;11271;19688.777777777777;11941.111111111111;15087.88888888889
1688369518;11277.222222222223;21561.111111111113;11940.444444444445;15117.77777777778
1688369519;11285.88888888889;22171;11929.444444444445;15117.555555555557
1688369520;11287;22329;11894.666666666668;15127.222222222223
1688369521;11276.333333333334;22866.222222222223;11888;15128.000000000002
1688369522;11274.77777777778;22785;11978.333333333334;15130.333333333334
1688369523;11272.111111111111;23581;11978.444444444445;15127.444444444445
1688369524;11271.666666666668;22776.222222222223;11987.666666666668;15127.111111111111
1688369525;11272.222222222223;23460.111111111113;11985.88888888889;15123.77777777778
1688369526;11270.666666666668;22976.444444444445;11986;15034.333333333334
1688369527;11277.333333333334;22812.333333333336;11987.222222222223;14976.222222222223
1688369528;11276.222222222223;22613.222222222223;11968.444444444445;15124.000000000002
1688369529;11275.333333333334;21970.444444444445;11931.333333333334;15117.666666666668
1688369530;11275.222222222223;23941.222222222223;11985.444444444445;15112.000000000002
1688369531;11274.111111111111;22886.111111111113;11904.333333333334;15112.333333333334
1688369532;11275.77777777778;23387.111111111113;11988.444444444445;15114.77777777778
1688369533;11274.111111111111;24080;12052.222222222223;15115.77777777778
1688369534;11272.88888888889;23299.333333333336;12051.666666666668;15179.666666666668
1688369535;11272.111111111111;23953.444444444445;12053.111111111111;15178.77777777778
1688369536;11259.666666666668;22399.444444444445;12053.88888888889;15178.555555555557
1688369537;11250.444444444445;28788.000000000004;12050.666666666668;15033.333333333334
1688369538;11250.444444444445;28905.444444444445;12047.555555555557;15177.77777777778
1688369539;11250.222222222223;29411.666666666668;11992.88888888889;15198.77777777778
1688369540;11251.555555555557;30485.666666666668;12041.333333333334;15197.555555555557
1688369541;11250.333333333334;29972.444444444445;11957.111111111111;15198.444444444445
1688369542;11262.88888888889;29686.222222222223;11885.88888888889;15281.333333333334
1688369543;11261.88888888889;29710.88888888889;11976.666666666668;15219.77777777778
1688369544;11263.222222222223;30124.111111111113;11976.333333333334;15222.77777777778
1688369545;11263.111111111111;30568.000000000004;11975.88888888889;15225.88888888889
1688369546;11265.111111111111;24529.666666666668;11977.77777777778;15225.444444444445
1688369547;11265.77777777778;22817;11979.222222222223;15079.555555555557
1688369548;11264.444444444445;21409.444444444445;11982.222222222223;15170.88888888889
1688369549;11263.666666666668;21454.111111111113;11932;15186.333333333334
1688369550;11270.666666666668;22845.444444444445;11986.88888888889;15185.77777777778
1688369551;11260;23129.333333333336;11984.666666666668;15102.444444444445
1688369552;11261.111111111111;21868;11893.77777777778;15101.666666666668
1688369553;11260.555555555557;22636.55555555556;11967.88888888889;15097.333333333334
1688369554;11262.88888888889;22429.88888888889;11980.555555555557;15093.666666666668
1688369555;11263.222222222223;22021.666666666668;12038.444444444445;15095.111111111111
1688369556;11262.444444444445;23019.111111111113;12059.333333333334;15094.666666666668
1688369557;11265.77777777778;21624;12099;14979.77777777778
1688369558;11286.666666666668;21878.77777777778;12089.555555555557;14981.111111111111
1688369559;11281.88888888889;20710.55555555556;12033.666666666668;15123.000000000002
1688369560;11283.111111111111;23090.666666666668;12039.88888888889;15166.444444444445
1688369561;11285.444444444445;24614.333333333336;12096.333333333334;15176.333333333334
1688369562;11286.666666666668;23502.666666666668;12020.444444444445;15178.222222222223
1688369563;11290.222222222223;24316;12005.444444444445;15180.000000000002
1688369564;11290.111111111111;23797.444444444445;12036.666666666668;15190.88888888889
1688369565;11291.555555555557;24253.666666666668;12016.222222222223;15190.444444444445
1688369566;11290.111111111111;24813.222222222223;11972.88888888889;15190.333333333334
1688369567;11270.333333333334;28508.77777777778;11976.444444444445;15182.77777777778
1688369568;11270.555555555557;29108.88888888889;11976.222222222223;15047.333333333334
1688369569;11270.111111111111;26442.000000000004;11969;15154.555555555557
1688369570;11268.222222222223;28527.333333333336;11914.77777777778;15146.333333333334
1688369571;11268;28602.000000000004;11973.77777777778;15146.666666666668
1688369572;11263.333333333334;27869.444444444445;11976.333333333334;15156.000000000002
1688369573;11274.444444444445;28047.88888888889;11887.555555555557;15142.000000000002
1688369574;11273.222222222223;28151.222222222223;11977.88888888889;15143.88888888889
1688369575;11281.77777777778;28159.88888888889;11979.666666666668;15144.88888888889
1688369576;11281.88888888889;23588.111111111113;11979.666666666668;15136.000000000002
1688369577;11281;22005.333333333336;11980.333333333334;15129.77777777778
1688369578;11287.444444444445;22607.666666666668;11985.333333333334;14981.555555555557
1688369579;11288.77777777778;20995.111111111113;12003.555555555557;15037.555555555557
1688369580;11288.444444444445;22715.333333333336;11947.88888888889;15129.555555555557
1688369581;11287.88888888889;24317.111111111113;12004.77777777778;15128.88888888889
1688369582;11277.666666666668;23194.88888888889;12004.111111111111;15136.77777777778
1688369583;11277.88888888889;24214.88888888889;11914.333333333334;15137.444444444445
1688369584;11278.77777777778;23241.333333333336;11922.222222222223;15139.000000000002
1688369585;11279.666666666668;24845.222222222223;12023.77777777778;15138.111111111111
1688369586;11286.666666666668;24262.444444444445;12028;15136.444444444445
1688369587;11280;24227;12027.111111111111;15134.111111111111
1688369588;11291.88888888889;22805.77777777778;12011.333333333334;15080.666666666668
1688369589;11299.555555555557;22694.88888888889;12007.88888888889;15044.77777777778
1688369590;11299.333333333334;21906.333333333336;11952.111111111111;15128.000000000002
1688369591;11299.444444444445;24889.111111111113;11957.333333333334;15121.111111111111
1688369592;11306.222222222223;22465.444444444445;12004.333333333334;15119.333333333334
1688369593;11304.333333333334;24157.55555555556;11998.111111111111;15120.111111111111
1688369594;11305.88888888889;23603.55555555556;11897.88888888889;15122.222222222223
1688369595;11305.333333333334;24880.333333333336;11985.111111111111;15123.444444444445
1688369596;11304.666666666668;24078.111111111113;11983.77777777778;15124.333333333334
1688369597;11292.222222222223;29588.55555555556;11981;15119.666666666668
1688369598;11281.381915129972;28150.222222222223;11984.555555555557;15063.88888888889
1688369599;11284.333333333334;27953.000000000004;11983.222222222223;15048.333333333334
1688369600;11284.222222222223;28156.666666666668;11978.555555555557;15137.444444444445
1688369601;11276.88888888889;31314.111111111113;11930.555555555557;15137.77777777778
1688369602;11268.333333333334;30582.333333333336;11976.666666666668;15156.111111111111
1688369603;11275.444444444445;30127.88888888889;11976;15156.444444444445
1688369604;11268.555555555557;30652.111111111113;11946.555555555557;15157.222222222223
1688369605;11267.88888888889;31119.222222222223;12036;15158.555555555557
1688369606;11269.333333333334;26249.333333333336;12036.555555555557;15159.77777777778
1688369607;11280.951322516114;25156.111111111113;12036;15162.333333333334
1688369608;11283.77777777778;25035.88888888889;12037.444444444445;15087.77777777778
1688369609;11290;23228.444444444445;12044.333333333334;14997.000000000002
1688369610;11298.111111111111;23729.88888888889;12045.555555555557;15127.88888888889
1688369611;7358158.888888889;25673.222222222223;11997.88888888889;15526.555555555557
1688369612;20308908.555555556;25652.444444444445;12054.88888888889;22490.333333333336
1688369613;32990925.222222224;25343.666666666668;11994.111111111111;37126.11111111112
1688369614;45524198.333333336;25244.333333333336;11904.88888888889;51148.77777777778
1688369615;58575692.66666667;25831.666666666668;12009.222222222223;66164.33333333334
1688369616;71497203.11111112;26255.333333333336;12023.222222222223;91627.66666666667
1688369617;84390090.8888889;25915.666666666668;12030.111111111111;122532.33333333334
1688369618;97639433.22222222;24905.111111111113;12050.666666666668;154627.22222222222
1688369619;110626311.66666667;27348.333333333336;12069.111111111111;184673.22222222225
1688369620;116221453.55555557;26253.111111111113;12068.666666666668;209958.44444444447
1688369621;115674226.8888889;27573.55555555556;12018.111111111111;222257.55555555556
1688369622;116116533.8888889;32058.444444444445;12275.77777777778;237691.33333333334
1688369623;116740078.22222222;33067.444444444445;12275.88888888889;255404.00000000003
1688369624;116612725.22222222;31129.222222222223;12172.222222222223;272741.3333333334
1688369625;116924556.77777779;32782.11111111112;12157.222222222223;275177.1111111111
1688369626;117036525.8888889;32189.333333333336;12240.88888888889;274836.44444444444
1688369627;116970737.11111112;38759.222222222226;12212.333333333334;273848.44444444444
1688369628;117017767.66666667;34330.88888888889;12193.555555555557;271976.88888888893
1688369629;117238396.8888889;31997.88888888889;12196.111111111111;270483.55555555556
1688369630;117929534.00000001;41102.11111111112;12216.88888888889;273704.22222222225
1688369631;117966964.11111112;35669.222222222226;12019;273698
1688369632;117391264.66666667;36188.77777777778;12074;273760.88888888893
1688369633;117542919.44444445;37897;12070.88888888889;272084
1688369634;117042226.22222222;35986.11111111112;12072.555555555557;273918.88888888893
1688369635;116806819.33333334;37985.66666666667;11982.555555555557;275710.88888888893
1688369636;116847051.55555557;31559.111111111113;12075.666666666668;284693.1111111111
1688369637;116758828.33333334;31028.222222222223;12074.77777777778;278111.3333333334
1688369638;116555420.55555557;32247.666666666668;12073;279540.88888888893
1688369639;116506620.22222222;21271.55555555556;12042.444444444445;276352.88888888893
1688369640;116348671.66666667;23418.222222222223;11983.111111111111;278051.7777777778
1688369641;117019543.44444445;20975.111111111113;11926.111111111111;276824.88888888893
1688369642;116825990.11111112;21713;11928.555555555557;278455.1111111111
1688369643;116913021.22222222;22655.444444444445;11980.666666666668;279152
1688369644;117455898.33333334;20323.777777777777;11986.111111111111;276400.22222222225
1688369645;117238504.8888889;21216.111111111113;11892.111111111111;266114.22222222225
1688369646;112463437.77777779;20950.55555555556;11967.666666666668;262464
1688369647;112306605.44444445;21973.77777777778;11981.77777777778;259473.33333333334
1688369648;112434086.11111112;22643.77777777778;11982.666666666668;259276.6666666667
1688369649;112550282.8888889;20723.666666666668;11983.77777777778;260623.55555555556
1688369650;112656993.66666667;23571;11983.222222222223;262752.44444444444
1688369651;112695387.55555557;21749.666666666668;11987.333333333334;263562.22222222225
1688369652;112982150.44444445;21200.77777777778;11932.666666666668;265196.6666666667
1688369653;112841311.66666667;24562.666666666668;11979.666666666668;268481.7777777778
1688369654;112577058.22222222;23785.666666666668;11979.88888888889;269690.44444444444
1688369655;117538150.11111112;24455.444444444445;11904.77777777778;281917.7777777778
1688369656;117801507.8888889;22577.111111111113;11889.77777777778;284903.7777777778
1688369657;117555142.11111112;28437.444444444445;11979.555555555557;287980.44444444444
1688369658;117516413.33333334;28264.111111111113;11977.333333333334;287297.55555555556
1688369659;117313192.00000001;27054.333333333336;11978.444444444445;283707.55555555556
1688369660;117064150.66666667;29501.333333333336;11991.222222222223;280956.88888888893
1688369661;116904644.8888889;29130.222222222223;11992.666666666668;278741.55555555556
1688369662;116674207.33333334;26879.333333333336;11936.77777777778;276411.1111111111
1688369663;117165138.00000001;27369.666666666668;11995.555555555557;276754.44444444444
1688369664;116927730.77777779;28691.55555555556;11995.111111111111;278009.1111111111
1688369665;116708701.11111112;29849.88888888889;12057.222222222223;268865.1111111111
1688369666;116741263.77777779;24589.333333333336;11969.666666666668;255942.00000000003
1688369667;116786182.8888889;23946.77777777778;12058.333333333334;242105.77777777778
1688369668;116498635.55555557;24294.111111111113;12058.111111111111;231732.8888888889
1688369669;116669432.8888889;21662.222222222223;12046.222222222223;229503.11111111112
1688369670;116755353.66666667;24178;12046.222222222223;228766.8888888889
1688369671;116535002.44444445;23619.111111111113;12046.77777777778;227258.44444444447
1688369672;116376278.00000001;23449.222222222223;11986.88888888889;214777.33333333334
1688369673;116575073.33333334;21827.222222222223;12041.555555555557;200910
1688369674;114662333.44444445;21352.111111111113;11979.555555555557;196813.33333333334
1688369675;107075498.77777779;23191.666666666668;11980;181181.33333333334
1688369676;104314444.22222222;23553.666666666668;11914.77777777778;175681.33333333334
1688369677;98713518.77777779;22763.666666666668;12029.111111111111;160735.33333333334
1688369678;98832948.8888889;23331.222222222223;12045.555555555557;149251.55555555556
1688369679;98787811.44444445;21956.55555555556;12045.222222222223;135708.8888888889
1688369680;99166874.66666667;24027;12052.333333333334;122372.44444444445
1688369681;99041667.11111112;25146.222222222223;12053.333333333334;118810.66666666667
1688369682;98845087;23881.111111111113;11999.333333333334;117284.88888888889
1688369683;100496500.11111112;25323.444444444445;12056.666666666668;113716.00000000001
1688369684;107897469.66666667;21874;12058.111111111111;126255.11111111112
1688369685;110656281.11111112;25120.222222222223;12035.111111111111;128291.33333333334
1688369686;116517561.44444445;23606.88888888889;11921.222222222223;140798
1688369687;116546297.33333334;30851.111111111113;11899.111111111111;139717.77777777778
1688369688;114564033.11111112;29786.444444444445;11997;139442.8888888889
1688369689;114310623.8888889;28889.55555555556;11991.111111111111;138530.22222222222
1688369690;114594000.33333334;28298.55555555556;11992.444444444445;136149.77777777778
1688369691;114361772.44444445;31215.444444444445;11993.111111111111;132226.6666666667
1688369692;114940395.00000001;28698.55555555556;11943.444444444445;131096.6666666667
1688369693;115076523.33333334;31132.88888888889;11997.111111111111;126430.22222222223
1688369694;114865766.33333334;27764.88888888889;12125;119913.77777777778
1688369695;113984467.66666667;29574.000000000004;12127;111659.33333333334
1688369696;102707333.66666667;24283.333333333336;12125.77777777778;100316.66666666667
1688369697;96897745.33333334;23313;12028;85052.22222222223
1688369698;95498263.44444445;23999.333333333336;12128.77777777778;77664.44444444445
1688369699;95112661.77777779;22010.111111111113;12128;73101.77777777778
1688369700;95468445.11111112;22579.111111111113;12127.444444444445;70079.55555555556
1688369701;95182174.55555557;23954.77777777778;12120.666666666668;66126.88888888889
1688369702;94105331.77777779;22424.111111111113;12072;62261.55555555556
1688369703;93306354.33333334;22571.88888888889;11980;62517.77777777778
1688369704;91181353;21462.88888888889;12035.88888888889;75468.22222222223
1688369705;101267158;21045.55555555556;12034.222222222223;93192.22222222223
1688369706;108988921.33333334;22284.222222222223;12034.444444444445;103052.88888888889
1688369707;108888814.8888889;22575.88888888889;11934;104291.33333333334
1688369708;109119234.55555557;23526.77777777778;12010.222222222223;103325.11111111112
1688369709;109279100.55555557;20937.111111111113;12024.222222222223;102539.77777777778
1688369710;109282245.22222222;21856.222222222223;12025.333333333334;103357.11111111112
1688369711;101096373.22222222;21773.333333333336;12026.77777777778;101655.77777777778
1688369712;100268310.44444445;23715.88888888889;11992;96340.88888888889
1688369713;99917799.55555557;23524.77777777778;11934.111111111111;80543.77777777778
1688369714;89781887;23378.77777777778;11981.666666666668;61272.222222222226
1688369715;76864250;22930;11980.555555555557;51379.77777777778
1688369716;65517480.11111111;21879.333333333336;12038.222222222223;42714.222222222226
1688369717;52440141.66666667;29897.55555555556;11960.555555555557;35311.333333333336
1688369718;39260196;30033.000000000004;11947.444444444445;27024.222222222223
1688369719;26379307.555555556;29377.222222222223;12034.88888888889;17502.666666666668
1688369720;22732215.444444448;30448.333333333336;12025.444444444445;14544.111111111111
1688369721;11446062.555555556;29013.88888888889;12024;14487.444444444445
1688369722;1674589.3333333335;30256.666666666668;12024.444444444445;14550.77777777778
1688369723;11331.77777777778;29149.666666666668;11980.111111111111;14534.000000000002
1688369724;11331;29628.000000000004;12056.333333333334;14517.444444444445
1688369725;11330.666666666668;29628.333333333336;12000.111111111111;14508.333333333334
1688369726;11332.333333333334;21729.111111111113;12004.666666666668;14415.88888888889
1688369727;11331.111111111111;22413.55555555556;12005;14503.000000000002
1688369728;11332.444444444445;23611.222222222223;11919.88888888889;14502.111111111111
1688369729;11330.333333333334;22380.77777777778;12009.77777777778;14498.666666666668
1688369730;11331.555555555557;23528;12071.111111111111;14497.555555555557
1688369731;11330.77777777778;23199;12069.88888888889;14431.333333333334
1688369732;11269.77777777778;23218.55555555556;12070.444444444445;14476.555555555557
1688369733;11269.77777777778;23564;11994.77777777778;14478.555555555557
1688369734;11269.88888888889;23584.444444444445;12057.77777777778;14478.88888888889
1688369735;11267.444444444445;24310.77777777778;12056.555555555557;14479.88888888889
1688369736;11266.555555555557;23506.88888888889;12064.666666666668;14392.000000000002
1688369737;11264.444444444445;22096.88888888889;12129.555555555557;14473.555555555557
1688369738;11276.111111111111;23596.666666666668;12077.666666666668;14475.77777777778
1688369739;11278.666666666668;23238.222222222223;12109.111111111111;14487.000000000002
1688369740;11277.444444444445;24041.444444444445;12111.222222222223;14496.77777777778
1688369741;11279;24039;12124.111111111111;14479.111111111111
1688369742;11304;23081.77777777778;12139.77777777778;14543.444444444445
1688369743;11309.88888888889;23706.666666666668;12123.666666666668;14546.222222222223
1688369744;11335.555555555557;22864.666666666668;12220.111111111111;14545.444444444445
1688369745;11335.77777777778;23126.88888888889;12210.555555555557;14564.88888888889
1688369746;11338.222222222223;23334;12144.88888888889;14491.111111111111
1688369747;11326.666666666668;26775.000000000004;12109.88888888889;14492.111111111111
1688369748;11324.111111111111;27755.88888888889;12017.77777777778;14578.333333333334
1688369749;11325.88888888889;27142.000000000004;12093.88888888889;14574.000000000002
1688369750;11324;28633.666666666668;12107.444444444445;14549.222222222223
1688369751;11297;28980.111111111113;12091.111111111111;14492.555555555557
1688369752;11291.111111111111;27569.000000000004;12042.88888888889;14556.666666666668
1688369753;11277.555555555557;28822.333333333336;11944.88888888889;14560.88888888889
1688369754;11279;28570.333333333336;12018.555555555557;14542.77777777778
1688369755;11277.333333333334;28501.88888888889;12016.77777777778;14533.666666666668
1688369756;11277.333333333334;23466.111111111113;12015.666666666668;14533.444444444445
1688369757;11277.555555555557;21411.88888888889;12017.333333333334;14445.666666666668
1688369758;11275.88888888889;22004.444444444445;11942;14531.88888888889
1688369759;11277.111111111111;20754.111111111113;11916.333333333334;14531.000000000002
1688369760;11286.88888888889;22742.111111111113;12009.555555555557;14525.222222222223
1688369761;11286.666666666668;22845.444444444445;12010.555555555557;14459.555555555557
1688369762;11275.77777777778;21898.333333333336;12012.555555555557;14519.222222222223
1688369763;11276.111111111111;22922.77777777778;11949.111111111111;14527.666666666668
1688369764;11276.555555555557;23126.444444444445;12011.666666666668;14536.111111111111
1688369765;11277.222222222223;23680.55555555556;12018;14550.000000000002
1688369766;11277.333333333334;23378.111111111113;12055;14539.666666666668
1688369767;11279.444444444445;22623.666666666668;12055.444444444445;14452.88888888889
1688369768;11298.77777777778;22272.77777777778;12055.88888888889;14528.444444444445
1688369769;11288.77777777778;23944;11965.77777777778;14607.555555555557
1688369770;11288.77777777778;23407.666666666668;12048.666666666668;14610.666666666668
1688369771;11289.333333333334;26349.222222222223;12071;14547.000000000002
1688369772;11287.333333333334;24515;12070;14595.000000000002
1688369773;11287.88888888889;25776.55555555556;12081;14586.555555555557
1688369774;11287.333333333334;24125.222222222223;12074.222222222223;14573.000000000002
1688369775;11285.77777777778;26459.333333333336;12083;14672.77777777778
1688369776;11284;25107.88888888889;12081;14672.555555555557
1688369777;11264;31044.88888888889;12078.222222222223;14596.000000000002
1688369778;11265.666666666668;27361.222222222223;12074.88888888889;14514.111111111111
1688369779;11264.444444444445;30648.333333333336;11991;14603.666666666668
1688369780;11270.555555555557;28359.333333333336;11969.444444444445;14606.666666666668
1688369781;11269.111111111111;30679.222222222223;12050.222222222223;14552.77777777778
1688369782;11267.333333333334;29826.444444444445;11976.222222222223;14573.88888888889
1688369783;11277;31027.55555555556;11974.222222222223;14625.555555555557
1688369784;11278.88888888889;30553.55555555556;12009.77777777778;14529.666666666668
1688369785;11278.77777777778;31169.77777777778;12075;14530.555555555557
1688369786;11284.88888888889;25138.444444444445;12075.666666666668;14532.444444444445
1688369787;11290.555555555557;25631.55555555556;12119.77777777778;14534.444444444445
1688369788;11302.222222222223;22611.88888888889;12121;14446.555555555557
1688369789;11294.555555555557;23906.88888888889;12117.88888888889;14534.77777777778
1688369790;11294.333333333334;22887.88888888889;12026.77777777778;14530.222222222223
1688369791;11295.333333333334;23375.666666666668;12109.333333333334;14512.222222222223
1688369792;11284.444444444445;22332.222222222223;12125;14458.77777777778
1688369793;11283.88888888889;21475.333333333336;12085.111111111111;14503.88888888889
1688369794;11285.555555555557;22512.88888888889;12020;14509.333333333334
1688369795;11279.666666666668;22859.333333333336;12074.555555555557;14549.000000000002
1688369796;11273.111111111111;22675.77777777778;12036.77777777778;14547.111111111111
1688369797;11262.666666666668;22879.55555555556;12033.444444444445;14545.444444444445
1688369798;11271.77777777778;21754;12048.333333333334;14454.555555555557
1688369799;11273.333333333334;22579.333333333336;12050.555555555557;14562.111111111111
1688369800;11271.111111111111;23046.333333333336;11968.222222222223;14581.88888888889
1688369801;11277.666666666668;23897.222222222223;11963.333333333334;14681.000000000002
1688369802;11283.111111111111;22992.55555555556;12040.444444444445;14633.222222222223
1688369803;11280.555555555557;23555.111111111113;12077.222222222223;14680.444444444445
1688369804;11278.444444444445;23634.444444444445;12030.88888888889;14639.666666666668
1688369805;11277.555555555557;23833.55555555556;12081.666666666668;14661.444444444445
1688369806;11276.555555555557;24094.666666666668;12083.555555555557;14665.88888888889
1688369807;11267.88888888889;28683.222222222223;12066.88888888889;14665.222222222223
1688369808;11268.666666666668;28158.666666666668;12065.88888888889;14558.444444444445
1688369809;11269.111111111111;26822.666666666668;12063.77777777778;14625.77777777778
1688369810;11261.555555555557;28911.222222222223;12055;14527.111111111111
1688369811;11256.444444444445;30465.000000000004;11934.77777777778;14535.333333333334
1688369812;11257.111111111111;28196.444444444445;11896.444444444445;14485.222222222223
1688369813;11268.666666666668;29605.77777777778;11975.333333333334;14547.88888888889
1688369814;11269.444444444445;29011.000000000004;11924.77777777778;14526.88888888889
1688369815;11275.444444444445;30496.000000000004;11979.555555555557;14519.444444444445
1688369816;11273.666666666668;24158.222222222223;11983.555555555557;14520.666666666668
1688369817;11272;24713.222222222223;11981.88888888889;14519.88888888889
1688369818;11282.77777777778;24285.55555555556;11983;14439.222222222223
1688369819;11289.666666666668;22570.55555555556;11981.555555555557;14530.444444444445
1688369820;11287.222222222223;23284;11982.555555555557;14523.333333333334
1688369821;11286.666666666668;25119.77777777778;11983.444444444445;14518.88888888889
1688369822;11276.222222222223;22621.222222222223;11896.222222222223;14456.111111111111
1688369823;11274.111111111111;23480.55555555556;11890;14456.77777777778
1688369824;11269;21909.444444444445;11932.88888888889;14520.000000000002
1688369825;11269.77777777778;23644.666666666668;11989.333333333334;14528.555555555557
1688369826;11270;22301.55555555556;11994.666666666668;14531.666666666668
1688369827;11258.555555555557;21829.222222222223;11993.666666666668;14524.222222222223
1688369828;11263.88888888889;22108.444444444445;11993.88888888889;14439.222222222223
1688369829;11264.666666666668;19897;11992;14522.111111111111
1688369830;11281.555555555557;21625.88888888889;11991.666666666668;14537.444444444445
1688369831;11288.88888888889;22119.77777777778;12011.333333333334;14536.444444444445
1688369832;11297.88888888889;21692.55555555556;12012.111111111111;14534.88888888889
1688369833;11297.666666666668;22137;11938.88888888889;14471.555555555557
1688369834;11297.444444444445;21307.222222222223;11968.88888888889;14517.333333333334
1688369835;11306.111111111111;22176.333333333336;11964.666666666668;14541.222222222223
1688369836;11309.222222222223;22562.55555555556;12017.88888888889;14541.333333333334
1688369837;11300.111111111111;27052.333333333336;12025.111111111111;14534.444444444445
1688369838;11302.555555555557;28597.666666666668;12062.88888888889;14457.444444444445
1688369839;11287.333333333334;26217.666666666668;12064;14454.88888888889
1688369840;11280.88888888889;29001.111111111113;12044.111111111111;14613.77777777778
1688369841;11274.88888888889;28869.111111111113;12043.333333333334;14615.77777777778
1688369842;11275.444444444445;28928.77777777778;12019.88888888889;14634.000000000002
1688369843;11286;29725.666666666668;11930.555555555557;14580.111111111111
1688369844;11277;29370.77777777778;12040;14617.222222222223
1688369845;11274.333333333334;30133.88888888889;11988;14617.111111111111
1688369846;11278.333333333334;25021.666666666668;12035.555555555557;14615.77777777778
1688369847;11276;23422.666666666668;11999.444444444445;14609.555555555557
1688369848;11287.222222222223;24027.444444444445;12000.333333333334;14597.000000000002
1688369849;11286.666666666668;22762.444444444445;12000;14565.77777777778
1688369850;11284.666666666668;24745.333333333336;12000.444444444445;14656.666666666668
1688369851;11282.88888888889;25177.666666666668;11999;14639.555555555557
1688369852;11273.333333333334;24249.222222222223;11999.77777777778;14638.88888888889
1688369853;11274.222222222223;24418.222222222223;11896.88888888889;14575.111111111111
1688369854;11275.111111111111;23870.88888888889;11895.666666666668;14576.333333333334
1688369855;11268.333333333334;24225.88888888889;11938.77777777778;14636.222222222223
1688369856;11268;25544.444444444445;11990.333333333334;14643.666666666668
1688369857;11255.555555555557;24393.444444444445;11988.77777777778;14643.222222222223
1688369858;11266.111111111111;25025.333333333336;11987.666666666668;14514.88888888889
1688369859;11264.444444444445;22120.77777777778;11995.222222222223;14422.000000000002
1688369860;11266.77777777778;24605.444444444445;11994.88888888889;14516.88888888889
1688369861;11266;24141.77777777778;11996.77777777778;14556.222222222223
1688369862;11264.666666666668;24366.222222222223;11997.111111111111;14573.555555555557
1688369863;11264.444444444445;24348.77777777778;12006.333333333334;14570.333333333334
1688369864;11272.88888888889;25142.444444444445;11975.222222222223;14513.444444444445
1688369865;11279.88888888889;24793.222222222223;12066;14594.333333333334
1688369866;11278.555555555557;25159.55555555556;12067.555555555557;14594.111111111111
1688369867;11268.444444444445;28353.000000000004;12125.444444444445;14594.222222222223
1688369868;11271.555555555557;29890.88888888889;12120.77777777778;14592.666666666668
1688369869;11276.88888888889;26547.111111111113;12120.222222222223;14489.555555555557
1688369870;11278.111111111111;28615.111111111113;12118.77777777778;14542.444444444445
1688369871;11285.111111111111;28939.444444444445;12111.666666666668;14527.333333333334
1688369872;11292.111111111111;28718.55555555556;12104.77777777778;14563.000000000002
1688369873;11301.222222222223;28092.55555555556;12040.333333333334;14570.222222222223
1688369874;11294.666666666668;27965.222222222223;11917.222222222223;14490.333333333334
1688369875;7801057.666666667;28726.77777777778;12000.444444444445;14754.77777777778
1688369876;20764491.77777778;24030.666666666668;11959.77777777778;23684.88888888889
1688369877;33893286;23026.444444444445;12011.444444444445;41566.222222222226
1688369878;46912108.888888896;23980.111111111113;12012.77777777778;60755.333333333336
1688369879;59941502.44444445;22724.55555555556;12012.666666666668;78650.88888888889
1688369880;72894219.33333334;23151.55555555556;12012.111111111111;98292.22222222223
1688369881;85866725.8888889;23818.111111111113;12020.77777777778;118217.55555555556
1688369882;99041401.33333334;22849.444444444445;12028.333333333334;136937.11111111112
1688369883;100648701.11111112;24381.77777777778;12101.666666666668;144431.77777777778
1688369884;100766793.11111112;22621.55555555556;12016.88888888889;142174.44444444447
1688369885;100637364.55555557;23571;12009.333333333334;142036.8888888889
1688369886;100447266.55555557;23978.77777777778;12044.222222222223;141255.55555555556
1688369887;100402409.8888889;24119.666666666668;12107.77777777778;139648.55555555556
1688369888;99714494.33333334;23739.666666666668;12109.666666666668;137967.8888888889
1688369889;99889532.8888889;23754.666666666668;12110.444444444445;149941
1688369890;99972571.11111112;24844.333333333336;12102.77777777778;160676.33333333334
1688369891;99820951.55555557;25319.55555555556;12092.88888888889;171128.33333333334
1688369892;111266299.66666667;24107.88888888889;12000.555555555557;194467.6666666667
1688369893;116548261.22222222;25920.666666666668;12014.333333333334;222842.33333333334
1688369894;116645620.8888889;24682.55555555556;12007.88888888889;233129.00000000003
1688369895;116724630.8888889;29377.77777777778;11956.555555555557;247868.11111111112
1688369896;116806927.44444445;28968.666666666668;11984.222222222223;261513.33333333334
1688369897;117708452.77777779;34097.88888888889;12040.222222222223;276346.44444444444
1688369898;117621187.8888889;33498.444444444445;12042.222222222223;277976.6666666667
1688369899;117566777.77777779;30836.111111111113;12048.666666666668;278057.55555555556
1688369900;117576439.77777779;32384.666666666668;12050.88888888889;282846
1688369901;117749194.11111112;33189;12049.333333333334;280594.88888888893
1688369902;117070349.55555557;32088.000000000004;12035.666666666668;279456.88888888893
1688369903;117327432.00000001;34363.66666666667;12032.444444444445;280392.88888888893
1688369904;117392270.44444445;28678.222222222223;11995.222222222223;280653.55555555556
1688369905;116874032.11111112;27705.88888888889;11902.333333333334;279736.88888888893
1688369906;116267822.00000001;24425.77777777778;11918.77777777778;277608.88888888893
1688369907;116172604.66666667;22167.111111111113;11994;273926.6666666667
1688369908;115726650.8888889;23307.88888888889;11985.111111111111;275288.6666666667
1688369909;114992007.8888889;21911.111111111113;11981.444444444445;271610.44444444444
1688369910;114658072.8888889;21221.55555555556;11981.111111111111;271516
1688369911;115088351.11111112;22547.88888888889;11981.555555555557;272402.6666666667
1688369912;114889891.77777779;19102.55555555556;11980.444444444445;272176.88888888893
1688369913;114819898.00000001;23044.444444444445;11985.222222222223;271381.55555555556
1688369914;115268207.66666667;22394.77777777778;11985.555555555557;270440
1688369915;115772324.44444445;22229.444444444445;11911.111111111111;270907.55555555556
1688369916;115973713.55555557;23082.333333333336;11832.666666666668;273730.44444444444
1688369917;116526519.77777779;24504.444444444445;11928.666666666668;271912.22222222225
1688369918;117258197.66666667;23955.444444444445;11976.222222222223;272952.88888888893
1688369919;117252172.00000001;23023.55555555556;11977.88888888889;275463.7777777778
1688369920;117484128.55555557;22441.77777777778;11977.666666666668;274787.3333333334
1688369921;117546406.11111112;25352.222222222223;11980.111111111111;276713.7777777778
1688369922;117605317.55555557;22297.444444444445;11971.444444444445;275524.6666666667
1688369923;116970492.33333334;24419.333333333336;11977.88888888889;272952
1688369924;116726175.8888889;23358.444444444445;11994.444444444445;261394.44444444447
1688369925;116489176.8888889;24492.444444444445;12020;246514.8888888889
1688369926;116260248.77777779;23736.55555555556;11983.666666666668;245802.8888888889
1688369927;116026428.66666667;33818.555555555555;12028;241628.00000000003
1688369928;116070827.55555557;35548.555555555555;12276.88888888889;237765.77777777778
1688369929;115747266.00000001;34331.77777777778;12277.555555555557;236579.33333333334
1688369930;115634462.55555557;33306.88888888889;12277.555555555557;233434.44444444447
1688369931;115445560.66666667;33400.333333333336;12280.555555555557;233246.00000000003
1688369932;116010114.22222222;33035;12274.444444444445;236016.00000000003
1688369933;116161869.8888889;33198.222222222226;12257.666666666668;244959.33333333334
1688369934;116172877.00000001;33445;12232.444444444445;255139.33333333334
1688369935;116280261.33333334;33304.333333333336;12182.222222222223;250961.33333333334
1688369936;116624421.00000001;22555.88888888889;12094.222222222223;252278.8888888889
1688369937;116818833.44444445;29514.333333333336;11936;255471.77777777778
1688369938;111556558.44444445;30415.55555555556;12009.111111111111;254511.11111111112
1688369939;105531538.66666667;30475.77777777778;12009.88888888889;227246.44444444447
1688369940;105823155.11111112;30951.77777777778;12008.111111111111;222026.22222222225
1688369941;105917740.66666667;31667.55555555556;12008.555555555557;222530.6666666667
1688369942;105762133.55555557;30429.444444444445;12008.111111111111;224286.8888888889
1688369943;98639688.44444445;30756.88888888889;12016.222222222223;208334.44444444447
1688369944;97561798.44444445;30394.55555555556;12014.88888888889;192476.44444444447
1688369945;97322178.33333334;31942.666666666668;12067.77777777778;180124.8888888889
1688369946;97413298.22222222;22947;11991.77777777778;166687.55555555556
1688369947;102505016.44444445;22135.88888888889;11916.444444444445;153941.11111111112
1688369948;108691808.77777779;22981.77777777778;12063.88888888889;169127.33333333334
1688369949;96917743;22273.77777777778;12066.333333333334;152525.77777777778
1688369950;87615147.55555557;20222.222222222223;12066.111111111111;122456.00000000001
1688369951;87720577.33333334;22085.88888888889;12070;107239.11111111112
1688369952;94804560.66666667;19690.111111111113;12065;111787.55555555556
1688369953;95772190.77777779;20805;12064.444444444445;118029.11111111112
1688369954;95458518;20456;12016.222222222223;117383.11111111112
1688369955;95601640.55555557;22701.111111111113;12001.77777777778;116528.44444444445
1688369956;95576656.44444445;22422.666666666668;12003.222222222223;118758.66666666667
1688369957;95160032.55555557;27202.111111111113;11854.77777777778;122310.00000000001
1688369958;105535133.11111112;28217.333333333336;12017.77777777778;127772.88888888889
1688369959;111899796.22222222;28682.88888888889;12024;132871.77777777778
1688369960;110178989.22222222;28850.111111111113;12021.222222222223;126883.11111111112
1688369961;108843470.33333334;30720.88888888889;12019.77777777778;117265.33333333334
1688369962;108589924.00000001;29858.111111111113;12012.444444444445;110560.66666666667
1688369963;109015162.11111112;30645.111111111113;12004;102830
1688369964;108602220.8888889;29439.444444444445;12003.555555555557;94680
1688369965;108654434.00000001;31512.88888888889;12002.444444444445;85789.11111111112
1688369966;108749015.11111112;25414.88888888889;12009;74942.44444444445
1688369967;105070738.77777779;24300.333333333336;11843.666666666668;65646.44444444445
1688369968;108104153.8888889;26300.77777777778;11856.333333333334;68820.22222222223
1688369969;109884119.77777779;23840.111111111113;11994;73910.44444444445
1688369970;111173419.44444445;26066.222222222223;11991.333333333334;75802.44444444445
1688369971;111298455.77777779;24486.77777777778;11989.666666666668;75676.22222222223
1688369972;111342866.22222222;23529.666666666668;11991.222222222223;80331.33333333334
1688369973;111533328.8888889;23441.666666666668;11997.555555555557;90454.88888888889
1688369974;109962859.66666667;22083.77777777778;11997.111111111111;98883.55555555556
1688369975;106983941.11111112;23289.88888888889;11990.111111111111;103974.88888888889
1688369976;110466410.66666667;23761;11999.222222222223;111708.88888888889
1688369977;107778673.44444445;21433.77777777778;11979.666666666668;121796.00000000001
1688369978;105864218.44444445;23363.222222222223;11841.444444444445;130938.00000000001
1688369979;93028221;20504.111111111113;11997.333333333334;130838.66666666667
1688369980;80280537.66666667;22991.55555555556;11998.77777777778;121890.66666666667
1688369981;67224070.11111112;23021.666666666668;11999.333333333334;109464.44444444445
1688369982;54088050.55555556;22622.111111111113;11992.666666666668;91452.88888888889
1688369983;42952201.222222224;23546.333333333336;11999.333333333334;74667.55555555556
1688369984;33151926.111111112;21703.222222222223;12005.222222222223;60530.222222222226
1688369985;21572519.666666668;22973.666666666668;11997.555555555557;48524.222222222226
1688369986;11154118;24548.666666666668;12005.222222222223;30149.77777777778
1688369987;11248.88888888889;28779.55555555556;12005.333333333334;13925.000000000002
1688369988;11298.77777777778;29746.111111111113;11850.444444444445;13930.444444444445
1688369989;11308.444444444445;28679.666666666668;11995.555555555557;13931.111111111111
1688369990;11309.333333333334;28229.55555555556;11997.444444444445;13930.000000000002
1688369991;11320.444444444445;29997.444444444445;11996.88888888889;13912.77777777778
1688369992;11321.666666666668;28266.55555555556;11991.222222222223;13917.88888888889
1688369993;11332.555555555557;29712.666666666668;11985.222222222223;13825.555555555557
1688369994;11332.555555555557;27821.666666666668;11983.555555555557;13909.666666666668
1688369995;11334.555555555557;28487.222222222223;11982.77777777778;13908.555555555557
1688369996;11325.333333333334;23138.444444444445;11983.555555555557;13857.333333333334
1688369997;11276.77777777778;22926.444444444445;11980.333333333334;13907.000000000002
1688369998;11273.222222222223;22936.666666666668;11835.222222222223;13974.88888888889
1688369999;11271.666666666668;25176.333333333336;11977.77777777778;14025.222222222223
1688370000;11262.333333333334;24140.77777777778;12037.333333333334;14018.88888888889
1688370001;11260.666666666668;24429.222222222223;12039;14012.222222222223
1688370002;11256.666666666668;24729.333333333336;12040.222222222223;14012.000000000002
1688370003;11256.88888888889;24901;12042;13928.77777777778
1688370004;11278.88888888889;23820.333333333336;12050.88888888889;13932.77777777778
1688370005;11280.222222222223;23626.88888888889;12060.444444444445;14013.666666666668
1688370006;11286.88888888889;25010.77777777778;12067;13959.333333333334
1688370007;11281.333333333334;24474.77777777778;12064.77777777778;13888.222222222223
1688370008;11326.111111111111;23990;11917.77777777778;13901.333333333334
1688370009;11325.333333333334;23253.444444444445;11988.111111111111;13907.222222222223
1688370010;11325;26300.77777777778;12010;13914.111111111111
1688370011;11318;23838.111111111113;12007.555555555557;13924.111111111111
1688370012;11316.444444444445;23753.333333333336;12014.333333333334;13932.333333333334
1688370013;11290.111111111111;23486.77777777778;12047;13921.555555555557
1688370014;11288.333333333334;23691.333333333336;12055.88888888889;13832.000000000002
1688370015;11280.77777777778;22267.444444444445;12053.333333333334;13921.111111111111
1688370016;11282;22901;12056.111111111111;13923.000000000002
1688370017;11237.222222222223;27731.333333333336;12056.111111111111;13857.555555555557
1688370018;11236.77777777778;28262.444444444445;11928.77777777778;13907.666666666668
1688370019;11236.77777777778;26764.000000000004;11913.555555555557;13899.666666666668
1688370020;11235.555555555557;27823.77777777778;12062.444444444445;13898.88888888889
1688370021;11244.555555555557;26685.444444444445;12055.77777777778;13900.111111111111
1688370022;11247;28389.55555555556;12006.88888888889;13899.222222222223
1688370023;11256.77777777778;27920.666666666668;11988.444444444445;13906.555555555557
1688370024;11257;28003.55555555556;11989.222222222223;13814.88888888889
1688370025;11257.333333333334;27592.222222222223;11989.222222222223;13926.111111111111
1688370026;11257.555555555557;23075.333333333336;11999.666666666668;13962.333333333334
1688370027;11257;21762.111111111113;11998.88888888889;13905.444444444445
1688370028;11263.111111111111;21933.333333333336;11989.555555555557;13966.333333333334
1688370029;11263.333333333334;22700.77777777778;11842.555555555557;13955.666666666668
1688370030;11255.555555555557;24327.77777777778;11973.111111111111;13944.666666666668
1688370031;11255.88888888889;24141.222222222223;12032;13939.000000000002
1688370032;11247.88888888889;23468.222222222223;12057.77777777778;13931.444444444445
1688370033;11245.666666666668;22813;12064;13935.444444444445
1688370034;11252.555555555557;22557.55555555556;12063.666666666668;13844.333333333334
1688370035;11252.77777777778;21157.55555555556;12054.88888888889;13819.111111111111
1688370036;11252.666666666668;23035.666666666668;12062.333333333334;13912.444444444445
1688370037;11248.333333333334;21725.666666666668;12064.333333333334;13860.88888888889
1688370038;11260.111111111111;21578;12065;13918.444444444445
1688370039;11258.444444444445;21152.222222222223;11935.222222222223;13921.77777777778
1688370040;11257.77777777778;21063.333333333336;11931.555555555557;13922.555555555557
1688370041;11256.111111111111;23615.77777777778;11995.444444444445;13922.333333333334
1688370042;11258;23380;11987.88888888889;13937.333333333334
1688370043;11251.88888888889;23865.88888888889;12006.333333333334;13926.77777777778
1688370044;11253.555555555557;23442.222222222223;12019.666666666668;13917.88888888889
1688370045;11253.555555555557;22563.222222222223;12011.77777777778;13824.77777777778
1688370046;11253.333333333334;22893.88888888889;12017.77777777778;13890.77777777778
1688370047;11242.222222222223;28192.77777777778;12019.444444444445;13851.333333333334
1688370048;11248.222222222223;29164.88888888889;12018.111111111111;13906.444444444445
1688370049;11247.444444444445;26967.88888888889;11963.444444444445;13903.666666666668
1688370050;11247.222222222223;26845.444444444445;11919.444444444445;13904.555555555557
1688370051;11244.77777777778;28375.111111111113;12011;13887.666666666668
1688370052;11243.77777777778;28059.222222222223;11992.88888888889;13894.666666666668
1688370053;11253.222222222223;28621.222222222223;11980.333333333334;13894.111111111111
1688370054;11254;27836.55555555556;11979.666666666668;13894.333333333334
1688370055;11253.555555555557;28468.111111111113;11974.222222222223;13817.88888888889
1688370056;11253.555555555557;22758.55555555556;11972.88888888889;13809.666666666668
1688370057;11247.77777777778;22822.333333333336;11973.333333333334;13830.222222222223
1688370058;11251.88888888889;23825.77777777778;11973.77777777778;13847.88888888889
1688370059;11252.444444444445;21764.77777777778;11927.111111111111;13911.666666666668
1688370060;11255.111111111111;22607.222222222223;11883.555555555557;13913.333333333334
1688370061;11253.222222222223;22820.333333333336;11886.555555555557;13899.88888888889
1688370062;11241.88888888889;22880.55555555556;11976.88888888889;13899.444444444445
1688370063;11242.222222222223;23241.111111111113;11976.333333333334;13899.444444444445
1688370064;11242.222222222223;22352.55555555556;11988.111111111111;13900.333333333334
1688370065;11241.333333333334;22613.77777777778;11993.111111111111;13920.000000000002
1688370066;11243.333333333334;21365.55555555556;11993.222222222223;13841.88888888889
1688370067;11241;21564.444444444445;11992.88888888889;13823.666666666668
1688370068;11252.88888888889;23803.88888888889;11994.111111111111;13847.555555555557
1688370069;11252.444444444445;21967.111111111113;11945.666666666668;13893.444444444445
1688370070;11254.222222222223;22761.55555555556;11988.88888888889;13892.222222222223
1688370071;11254.444444444445;22618.88888888889;11898.444444444445;13903.77777777778
1688370072;11255.111111111111;23153.444444444445;11987.555555555557;13935.77777777778
1688370073;11254.333333333334;24245.111111111113;12014.666666666668;13997.666666666668
1688370074;11254.88888888889;23491.222222222223;12026.88888888889;13979.333333333334
1688370075;11261;24993.55555555556;12025.444444444445;13988.333333333334
1688370076;11260.111111111111;23875.333333333336;12024.444444444445;14024.333333333334
1688370077;11248.444444444445;27970.444444444445;12023.555555555557;13935.333333333334
1688370078;11248.222222222223;29534.111111111113;12022.222222222223;13984.88888888889
1688370079;11249.111111111111;29173.444444444445;11981.88888888889;14041.555555555557
1688370080;11250.555555555557;31147.444444444445;11982;14037.77777777778
1688370081;11257.111111111111;30653.444444444445;11946.333333333334;14010.88888888889
1688370082;11259.222222222223;29817.55555555556;11980.88888888889;13950.333333333334
1688370083;11269.77777777778;30962.666666666668;11975;13935.111111111111
1688370084;11262.555555555557;30919.666666666668;12033.88888888889;13928.555555555557
1688370085;11262.111111111111;30703.77777777778;12034.444444444445;13902.555555555557
1688370086;11261.666666666668;25875.444444444445;12040.666666666668;13921.555555555557
1688370087;11261.77777777778;23202;12042.555555555557;13867.111111111111
1688370088;11261.77777777778;23518.88888888889;12035.111111111111;13882.222222222223
1688370089;11260.88888888889;22723.111111111113;12035;13960.333333333334
1688370090;11253;23225.333333333336;11981.222222222223;13955.222222222223
1688370091;11251.77777777778;24095.88888888889;11964.444444444445;13954.666666666668
1688370092;11240;22607.333333333336;11951.222222222223;13961.666666666668
1688370093;11240.666666666668;22427.666666666668;11991.88888888889;13961.555555555557
1688370094;11239.77777777778;22777.77777777778;11999.88888888889;13952.444444444445
1688370095;11241.111111111111;22328.333333333336;11992.444444444445;13939.000000000002
1688370096;11242.555555555557;23709.222222222223;11997.77777777778;13895.77777777778
1688370097;11241.88888888889;21669.222222222223;12008;13832.333333333334
1688370098;11254;21292.222222222223;12043.555555555557;13748.222222222223
1688370099;11254.111111111111;21752;12044;13750.77777777778
1688370100;11255;22709.666666666668;11985.88888888889;13900.333333333334
1688370101;11255;23689.222222222223;12043.77777777778;13914.77777777778
1688370102;11253.666666666668;22484.77777777778;11946;13916.111111111111
1688370103;11260.333333333334;23798;11958.111111111111;13924.000000000002
1688370104;11258.555555555557;23735;12058.333333333334;13917.88888888889
1688370105;11256.333333333334;23285.55555555556;12060.77777777778;13918.333333333334
1688370106;11256.444444444445;24316.666666666668;12057.555555555557;13908.77777777778
1688370107;11252.88888888889;28844.666666666668;12021.333333333334;13908.222222222223
1688370108;11253.222222222223;28254.77777777778;12022.77777777778;13904.88888888889
1688370109;11252.77777777778;37883;12054;13754.555555555557
1688370110;11253.222222222223;39832.88888888889;12018.111111111111;14291.333333333334
1688370111;11252.222222222223;40932.77777777778;12074.111111111111;14298.555555555557
1688370112;11246.555555555557;40808.222222222226;12124.444444444445;14343.222222222223
1688370113;11256.88888888889;41395.222222222226;12025.88888888889;14345.77777777778
1688370114;11258.111111111111;40427.222222222226;12100.444444444445;14348.333333333334
1688370115;11256.88888888889;41688.88888888889;12094.111111111111;14350.555555555557
1688370116;11248.666666666668;35267.333333333336;12093.88888888889;14357.111111111111
1688370117;11247;35743.88888888889;12092.555555555557;14358.444444444445
1688370118;11246.77777777778;23632.88888888889;12060.333333333334;14359.77777777778
1688370119;11247.666666666668;22192;12038.444444444445;13807.111111111111
1688370120;11249.555555555557;23143.88888888889;11981.666666666668;13950.444444444445
1688370121;11248.111111111111;23006.55555555556;11941.666666666668;13898.77777777778
1688370122;11238;21790.666666666668;11940;13899.000000000002
1688370123;11237.222222222223;23485;11858.222222222223;13896.555555555557
1688370124;11239;21797.111111111113;11950.444444444445;13894.000000000002
1688370125;11240.555555555557;23046.444444444445;11949.88888888889;13886.222222222223
1688370126;11241.555555555557;22127.444444444445;11956.444444444445;13884.88888888889
1688370127;11240.77777777778;22713.444444444445;11958;13888.222222222223
1688370128;11252.666666666668;22049.55555555556;11957.444444444445;13927.88888888889
1688370129;11252.444444444445;20174.666666666668;11958;13776.666666666668
1688370130;11253.111111111111;25327.88888888889;11947.88888888889;13869.333333333334
1688370131;11254;26170.55555555556;11948.666666666668;14142.444444444445
1688370132;11254.88888888889;25572.111111111113;12001.333333333334;14141.666666666668
1688370133;11252;26080.222222222223;11931.111111111111;14149.88888888889
1688370134;11653.333333333334;26628.88888888889;12022;14149.333333333334
1688370135;10829467.222222224;26695.222222222223;12034.77777777778;14449.111111111111
1688370136;23650883.555555556;27404.666666666668;12034;28417.77777777778
1688370137;36572271.11111111;31703.333333333336;12040.77777777778;46206.222222222226
1688370138;49595492.888888896;32663.77777777778;12040.555555555557;65242.66666666667
1688370139;62494070.11111111;26687.88888888889;12066.555555555557;85926.44444444445
1688370140;75205748.8888889;29259.88888888889;12068.444444444445;103851.55555555556
1688370141;88216993.33333334;30483.111111111113;12015.111111111111;119690.44444444445
1688370142;101314846.66666667;31497.666666666668;12049;139667.77777777778
1688370143;114386818.44444445;31000.55555555556;11959.444444444445;158173.11111111112
1688370144;116929457.8888889;30176.222222222223;12014.666666666668;168760
1688370145;116974929.8888889;30058.444444444445;12027.77777777778;167594.22222222225
1688370146;117247983.66666667;26090.77777777778;12021.444444444445;169825.11111111112
1688370147;117013457.66666667;24606.77777777778;12027.222222222223;169120.8888888889
1688370148;117258239.55555557;25401.222222222223;11981.77777777778;166122.22222222225
1688370149;116390551.77777779;22087.666666666668;11986.111111111111;164249.11111111112
1688370150;116283917.11111112;21071.77777777778;11985.666666666668;165604.8888888889
1688370151;115955195.44444445;22115.55555555556;11971.666666666668;163819.55555555556
1688370152;115883254.33333334;22045.333333333336;12028.333333333334;162183.55555555556
1688370153;115526307.66666667;23802.333333333336;11959.444444444445;160971.55555555556
1688370154;115696213.33333334;23110.222222222223;11945.88888888889;159769.33333333334
1688370155;108834335.77777779;23309.111111111113;12035.666666666668;152801.55555555556
1688370156;98822755.22222222;24863.444444444445;12034.222222222223;134613.55555555556
1688370157;98664932.55555557;23761.55555555556;12033;127500.11111111112
1688370158;99802707.55555557;25205.222222222223;12034;129395.22222222223
1688370159;99995817.8888889;24727.444444444445;12033;130055.22222222223
1688370160;100196610;23081.222222222223;11990.666666666668;129023.8888888889
1688370161;100314383.11111112;30015.444444444445;11968.555555555557;129727.8888888889
1688370162;94628938.44444445;29153.666666666668;12018.333333333334;140223
1688370163;89870066.77777779;29735.77777777778;12018.666666666668;152374.55555555556
1688370164;95424786.33333334;28614.222222222223;11944.666666666668;156825
1688370165;105551438.77777779;28375.666666666668;11938.77777777778;173558.55555555556
1688370166;100022381.22222222;28365.111111111113;12027;180885.11111111112
1688370167;87040617.11111112;33355.222222222226;12021.222222222223;163699.55555555556
1688370168;82628277.44444445;33409.333333333336;12022.555555555557;148348.6666666667
1688370169;82685663.77777778;32817.11111111112;12022.333333333334;139342.6666666667
1688370170;82192535.22222222;25602;11988.111111111111;130990.00000000001
1688370171;87930742.77777779;27305.000000000004;11992.444444444445;117663.55555555556
1688370172;92771992.8888889;28544.444444444445;11991.444444444445;105467.33333333334
1688370173;92079541;29263.333333333336;12030.111111111111;101088.66666666667
1688370174;92071115.77777779;28542.444444444445;12037.222222222223;98354.44444444445
1688370175;97084585.44444445;29127.666666666668;11955;95986.55555555556
1688370176;109593231.44444445;23714.444444444445;12133.444444444445;111661.00000000001
1688370177;113282874.8888889;23563;12149;124779.22222222223
1688370178;113326274.00000001;24363.222222222223;12159.333333333334;132919.22222222222
1688370179;113598581.11111112;24411.55555555556;12199.77777777778;140561
1688370180;113582400.00000001;23925.77777777778;12140.666666666668;140495.8888888889
1688370181;113398138.77777779;22652.444444444445;12140;139259.22222222222
1688370182;115069006.00000001;24012.111111111113;12087;142837.8888888889
1688370183;115090320.33333334;25188.55555555556;12137.555555555557;143380.55555555556
1688370184;115479830.55555557;24319.666666666668;12131.222222222223;143369.11111111112
1688370185;115666705.66666667;24436.77777777778;11960;142364.22222222222
1688370186;116350293.77777779;24126;11953.444444444445;142366.8888888889
1688370187;114974604.77777779;24380.77777777778;12047.333333333334;142451.55555555556
1688370188;104019904.11111112;23924.55555555556;12008;134903.11111111112
1688370189;90979816.22222222;23327.222222222223;12008.77777777778;119751.55555555556
1688370190;78044907.11111112;22510.111111111113;12011;103814.88888888889
1688370191;65179205.333333336;25875.55555555556;12031;87112.88888888889
1688370192;52262548.11111111;29531.111111111113;12003.222222222223;72409.55555555556
1688370193;39403097.11111111;31848.77777777778;12057.666666666668;56950.66666666667
1688370194;26707574;30070.55555555556;12077.555555555557;41519.55555555556
1688370195;13648963.333333334;31409.666666666668;12067.333333333334;25922
1688370196;1953944.4444444445;29573.222222222223;11965.444444444445;14031.555555555557
1688370197;11259.88888888889;35854.88888888889;11965.111111111111;14039.000000000002
1688370198;11260.666666666668;35428.66666666667;12056.111111111111;14029.666666666668
1688370199;11260;35498.11111111112;12064.444444444445;14028.555555555557
1688370200;11252.666666666668;31369.77777777778;12045.666666666668;14036.111111111111
1688370201;11254.666666666668;27422.333333333336;12018.444444444445;13480.77777777778
1688370202;11249.444444444445;26734.55555555556;11963.444444444445;13119.000000000002
1688370203;11261.333333333334;29803.444444444445;11981;13272.111111111111
1688370204;11267.333333333334;28425.111111111113;11985;13271.555555555557
1688370205;11267.333333333334;29785.444444444445;11982.333333333334;13280.444444444445
1688370206;11275.111111111111;23417.444444444445;11982.444444444445;13272.000000000002
1688370207;11274;23148.55555555556;11898.555555555557;13269.88888888889
1688370208;11274.666666666668;24519.333333333336;11978.222222222223;13269.88888888889
1688370209;11280.77777777778;23272.222222222223;11974.77777777778;13262.333333333334
1688370210;11286.77777777778;24270.111111111113;11970.88888888889;13262.77777777778
1688370211;11291.77777777778;22525.55555555556;11978.555555555557;13258.111111111111
1688370212;11278.666666666668;21693.444444444445;11931.222222222223;13104.444444444445
1688370213;11280.666666666668;22734;11932.444444444445;13244.77777777778
1688370214;11288.666666666668;23553.77777777778;11977.333333333334;13259.666666666668
1688370215;11282.111111111111;23915.55555555556;11975.666666666668;13262.666666666668
1688370216;11290.555555555557;24695.88888888889;11972.666666666668;13263.555555555557
1688370217;11320.111111111111;22932.55555555556;11883.666666666668;13264.222222222223
1688370218;11356;24003.111111111113;11979.666666666668;13272.000000000002
1688370219;11355.555555555557;22862.666666666668;11980.444444444445;13262.444444444445
1688370220;11355.444444444445;25459.222222222223;11973.77777777778;13262.555555555557
1688370221;11357.111111111111;24366.333333333336;11975.666666666668;13262.444444444445
1688370222;11355.77777777778;23438.88888888889;11971.111111111111;13123.111111111111
1688370223;11347.444444444445;24577;11928.333333333334;13156.666666666668
1688370224;11345.666666666668;24934.444444444445;12001;13243.666666666668
1688370225;11345.666666666668;24786.333333333336;11995.77777777778;13243.111111111111
1688370226;11314.555555555557;25055.666666666668;11997.111111111111;13241.444444444445
1688370227;11278.444444444445;30148.55555555556;11901.555555555557;13236.88888888889
1688370228;11279.222222222223;29149.222222222223;11995.333333333334;13236.88888888889
1688370229;11281.222222222223;27735.88888888889;11995.77777777778;13239.666666666668
1688370230;11281;28641.111111111113;11996.333333333334;13241.222222222223
1688370231;11273.77777777778;29666.111111111113;11995.666666666668;13250.77777777778
1688370232;11275.666666666668;26579.333333333336;12054;13192.222222222223
1688370233;11286.333333333334;28784.111111111113;11983.111111111111;13148.77777777778
1688370234;11286.111111111111;31840.222222222223;12196.222222222223;13244.555555555557
1688370235;11287.222222222223;33869;12196.333333333334;13266.555555555557
1688370236;11285.444444444445;27298.444444444445;12196.555555555557;13270.666666666668
1688370237;11284.222222222223;27915.000000000004;12111.77777777778;13271.666666666668
1688370238;11280.111111111111;28017.000000000004;12187.444444444445;13321.111111111111
1688370239;11287;27274.111111111113;12208;13345.111111111111
1688370240;11295.111111111111;27503.000000000004;12209.666666666668;13333.77777777778
1688370241;11302.555555555557;28279.000000000004;12150.666666666668;13337.444444444445
1688370242;11292.444444444445;25598.222222222223;12150.555555555557;13288.555555555557
1688370243;11284.77777777778;30958.444444444445;11937.555555555557;13195.88888888889
1688370244;11293;30023.77777777778;12004.555555555557;13247.333333333334
1688370245;11288.333333333334;31456.222222222223;12062.333333333334;13329.77777777778
1688370246;11281.88888888889;31288.55555555556;12069;13329.77777777778
1688370247;11277;31188.000000000004;11992.444444444445;13322.333333333334
1688370248;11281;31291.88888888889;11970;13319.111111111111
1688370249;11273.555555555557;30355.222222222223;12064.222222222223;13322.333333333334
1688370250;11273.88888888889;31335.444444444445;12066.111111111111;13316.000000000002
1688370251;11274.666666666668;31824.77777777778;12064.222222222223;13315.666666666668
1688370252;11276;22212.444444444445;12062.555555555557;13313.77777777778
1688370253;11266.77777777778;23619.88888888889;11993;13265.555555555557
1688370254;11265.88888888889;23978.77777777778;11948;13229.88888888889
1688370255;11273.88888888889;24861.55555555556;11988.111111111111;13313.222222222223
1688370256;11274.77777777778;24405;11988.444444444445;13269.555555555557
1688370257;11270;29811.666666666668;11987.88888888889;13254.666666666668
1688370258;11276.444444444445;29671.111111111113;11890.555555555557;13253.77777777778
1688370259;11274.222222222223;28550.444444444445;11971.444444444445;13257.77777777778
1688370260;11275.111111111111;28626.333333333336;11984.111111111111;13272.111111111111
1688370261;11273.333333333334;30124.77777777778;11983.77777777778;13271.111111111111
1688370262;11275;28198.77777777778;11982.88888888889;13247.000000000002
1688370263;11284.77777777778;28034.333333333336;11969;13193.333333333334
1688370264;11275.88888888889;28142.222222222223;11935.444444444445;13172.333333333334
1688370265;11282.77777777778;28539.111111111113;11991.222222222223;13270.666666666668
1688370266;11278.88888888889;22651.55555555556;11999;13274.77777777778
1688370267;11272.77777777778;22738.88888888889;12009.111111111111;13272.77777777778
1688370268;11266.555555555557;22838.111111111113;11973.555555555557;13275.111111111111
1688370269;11265;22488.222222222223;11968.444444444445;13262.555555555557
1688370270;11267.77777777778;23166.77777777778;12067.111111111111;13270.77777777778
1688370271;11268.111111111111;23100;12112.333333333334;13273.000000000002
1688370272;11266.666666666668;22644.666666666668;12112.333333333334;13273.88888888889
1688370273;11268.88888888889;21993.333333333336;12090.666666666668;13217.88888888889
1688370274;11263.333333333334;22065.222222222223;12032.333333333334;13147.666666666668
1688370275;11269.333333333334;24150.444444444445;12080.666666666668;13194.88888888889
1688370276;11278.555555555557;23168.77777777778;12079.88888888889;13297.111111111111
1688370277;11285.333333333334;23970.77777777778;12032.222222222223;13299.666666666668
1688370278;11306;23313.666666666668;12033.666666666668;13307.222222222223
1688370279;11314;22464.77777777778;11934.88888888889;13301.88888888889
1688370280;11312.88888888889;23215.55555555556;11981.88888888889;13299.000000000002
1688370281;11305.666666666668;23424.666666666668;11984.222222222223;13300.000000000002
1688370282;11305.555555555557;22116;11982.77777777778;13292.444444444445
1688370283;11308.111111111111;22345.55555555556;11987.555555555557;13272.88888888889
1688370284;11300;21821.77777777778;11958.666666666668;13218.444444444445
1688370285;11291.555555555557;23649.666666666668;12009;13173.333333333334
1688370286;11293.666666666668;23461.88888888889;12010.444444444445;13260.666666666668
1688370287;11280.77777777778;28827.333333333336;12001.88888888889;13253.77777777778
1688370288;11271.444444444445;29777.333333333336;12005;13251.000000000002
1688370289;11272.111111111111;27971.790315415372;11915.222222222223;13252.333333333334
1688370290;11272.444444444445;29816.111111111113;12004.77777777778;13252.555555555557
1688370291;11279.111111111111;29882.666666666668;12004.444444444445;13260.444444444445
1688370292;11276.111111111111;29442.77777777778;12002.111111111111;13253.555555555557
1688370293;11295;27806.55555555556;11974.88888888889;13250.111111111111
1688370294;11301.88888888889;26928.77777777778;11917.88888888889;13194.666666666668
1688370295;11294.555555555557;28127.111111111113;12037.111111111111;13162.111111111111
1688370296;11287;23258.333333333336;12045.222222222223;13262.111111111111
1688370297;11285.333333333334;22434;12044.555555555557;13254.444444444445
1688370298;11283.111111111111;22962.316585148958;12043.666666666668;13251.88888888889
1688370299;11281.77777777778;20945.55555555556;11960.555555555557;13248.444444444445
1688370300;11275;24023.77777777778;11962.444444444445;13241.111111111111
1688370301;11273.333333333334;24071.444444444445;12063.88888888889;13557.000000000002
1688370302;11254.222222222223;23709.88888888889;12066.444444444445;13558.444444444445
1688370303;11244.666666666668;24966.444444444445;12066.111111111111;13615.333333333334
1688370304;11243.444444444445;22866.222222222223;11946.222222222223;13539.222222222223
1688370305;11243.222222222223;25182.77777777778;11939.88888888889;13432.333333333334
1688370306;11243.88888888889;24227.111111111113;11991.111111111111;13393.222222222223
1688370307;11246.88888888889;25504.333333333336;11993.111111111111;13439.333333333334
1688370308;11258.333333333334;24700.111111111113;11987.555555555557;13401.77777777778
1688370309;11258.555555555557;23065.444444444445;11988.444444444445;13363.555555555557
1688370310;11259;23162.88888888889;11887.666666666668;13011
1688370311;11265.222222222223;25076.666666666668;11977;12971.222222222223
1688370312;11290;22982.55555555556;11979.333333333334;12933.555555555557
1688370313;11300.88888888889;24531;11981.222222222223;12933.77777777778
1688370314;11312.88888888889;20888.222222222223;12027.333333333334;12902
1688370315;11325.88888888889;27950.222222222223;12011.111111111111;12910.77777777778
1688370316;11335.88888888889;26561.333333333336;12058.222222222223;13232.000000000002
1688370317;11328.444444444445;35341.11111111112;12122.444444444445;13375.000000000002
1688370318;11328.111111111111;34081.88888888889;12123;13375.88888888889
1688370319;11335.666666666668;34033;12128.222222222223;13380.77777777778
1688370320;11329.222222222223;33522.555555555555;12037.77777777778;13424.000000000002
1688370321;11304.333333333334;35963.222222222226;12125.555555555557;13378.555555555557
1688370322;11294.88888888889;34685.88888888889;12126;13356.666666666668
1688370323;11284.333333333334;37124.444444444445;12077.88888888889;13392.666666666668
1688370324;11272.222222222223;29066.77777777778;12041.222222222223;13391.77777777778
1688370325;11262;31380.666666666668;11991.77777777778;12995.77777777778
1688370326;11257.77777777778;23181.77777777778;11989.333333333334;12909.333333333334
1688370327;11257.555555555557;25891.666666666668;12003.666666666668;12991.111111111111
1688370328;11251;24787.77777777778;12005.444444444445;12985
1688370329;11251.555555555557;25075.333333333336;12043;12941.222222222223
1688370330;11252.444444444445;23659.77777777778;11959.111111111111;12921.555555555557
1688370331;11261.444444444445;24881.444444444445;12054.555555555557;12928.666666666668
1688370332;11262.444444444445;22816.666666666668;12062.88888888889;12892.77777777778
1688370333;11261.666666666668;25100;12063.111111111111;12901.555555555557
1688370334;11261.111111111111;22384.111111111113;12064.555555555557;12887.444444444445
1688370335;11262.666666666668;24353.55555555556;12002.88888888889;12830.444444444445
1688370336;11262.88888888889;23363.444444444445;12044.111111111111;12808.444444444445
1688370337;11262.88888888889;25098.333333333336;12038;12899.111111111111
1688370338;11263.222222222223;23849.88888888889;12006;12906
1688370339;11264.77777777778;23850.333333333336;12000.88888888889;12911.77777777778
1688370340;11263.77777777778;24481.444444444445;11901.333333333334;12904.666666666668
1688370341;11262.222222222223;25746.55555555556;11892;12910.333333333334
1688370342;11263.444444444445;24956.444444444445;11984;12901.333333333334
1688370343;11262;26337.222222222223;11984.88888888889;12940.333333333334
1688370344;11261.333333333334;23877.55555555556;11991.111111111111;12948.222222222223
1688370345;11259.77777777778;23840.55555555556;11955.111111111111;12886.555555555557
1688370346;11270;23669.333333333336;12010.222222222223;12793.444444444445
1688370347;11276.333333333334;27560.444444444445;12006.222222222223;12936.77777777778
1688370348;11274.111111111111;30384.88888888889;12008.111111111111;12930.111111111111
1688370349;11264.222222222223;28247.88888888889;12008.444444444445;12931
1688370350;11262.77777777778;29388.333333333336;12011.222222222223;12943.111111111111
1688370351;11265.88888888889;29417.88888888889;11919.222222222223;12944.666666666668
1688370352;11265.111111111111;29180.222222222223;12011.222222222223;12919.222222222223
1688370353;11271.111111111111;29998.222222222223;12006.333333333334;12910.666666666668
1688370354;11272;28659.666666666668;11989;12909.666666666668
1688370355;11261.222222222223;28049.55555555556;11942.111111111111;12910.77777777778
1688370356;11254.666666666668;25445.222222222223;12038.555555555557;12770.222222222223
1688370357;11254.555555555557;23030.333333333336;12110.88888888889;12833
1688370358;11252.666666666668;24222.222222222223;12114.111111111111;12921.444444444445
1688370359;11253.111111111111;22657.444444444445;12157.666666666668;12904.444444444445
1688370360;11250.555555555557;23892.444444444445;12161.222222222223;12897.555555555557
1688370361;11270.111111111111;23828.444444444445;12070.77777777778;12890.88888888889
1688370362;11263.555555555557;23369.77777777778;12161.111111111111;12883.77777777778
1688370363;11263;24240;12157.77777777778;12886.222222222223
1688370364;11269.666666666668;23403.666666666668;12149.77777777778;12885.88888888889
1688370365;11269.88888888889;22779.333333333336;12052.222222222223;12867.444444444445
1688370366;11270.77777777778;23383.333333333336;11978.333333333334;12811.222222222223
1688370367;11280.111111111111;22418.111111111113;12041.444444444445;12777.222222222223
1688370368;11280.444444444445;24645.111111111113;11996.222222222223;12858.222222222223
1688370369;11280.111111111111;22627;11993.111111111111;12864.555555555557
1688370370;11261.77777777778;24123;11993.111111111111;12863.88888888889
1688370371;11262.333333333334;25008;11902;12871.111111111111
1688370372;11271.666666666668;24487.666666666668;11994.111111111111;12869.666666666668
1688370373;11265;25329.77777777778;11995.111111111111;12877
1688370374;11263.666666666668;24515.88888888889;12015.444444444445;12883.88888888889
1688370375;11263.333333333334;23560.666666666668;12015.444444444445;12890.666666666668
1688370376;11267.333333333334;24502.444444444445;11950.444444444445;12922.111111111111
1688370377;11265.88888888889;25592.444444444445;12008.222222222223;12911.333333333334
1688370378;11265.666666666668;29890.77777777778;12007.666666666668;12994.88888888889
1688370379;11266.111111111111;27970.000000000004;12012.333333333334;12993.555555555557
1688370380;11265.333333333334;28640.111111111113;12012.222222222223;13008
1688370381;11255.222222222223;28299.444444444445;11922.333333333334;13015.555555555557
1688370382;11255.666666666668;28165.000000000004;11930.444444444445;13007.333333333334
1688370383;11255.666666666668;28940.000000000004;12014.444444444445;13010.88888888889
1688370384;11262.555555555557;28386.666666666668;12021.555555555557;13011.77777777778
1688370385;11257.111111111111;27951.111111111113;12066.666666666668;12925
1688370386;11259.555555555557;25204.88888888889;12054.666666666668;12870.555555555557
1688370387;11259.222222222223;22173.111111111113;12112.77777777778;12838.77777777778
1688370388;11258.333333333334;23546.88888888889;12186.77777777778;12922.77777777778
1688370389;11257.88888888889;22290.666666666668;12210.444444444445;12913.111111111111
1688370390;11258.444444444445;23682.222222222223;12209.77777777778;12914.111111111111
1688370391;11268.222222222223;23354.666666666668;12208;12904.666666666668
1688370392;11269.333333333334;23074.111111111113;12112.222222222223;12900.444444444445
1688370393;11262.333333333334;24048;12196.77777777778;12891.88888888889
1688370394;11264;23080.444444444445;12152.666666666668;12897.444444444445
1688370395;11262.88888888889;23055.222222222223;12108.555555555557;12872.222222222223
1688370396;11267.111111111111;22085.55555555556;12051.444444444445;12819.444444444445
1688370397;11274.88888888889;22659.88888888889;12016.88888888889;12736.111111111111
1688370398;11281.77777777778;23021.444444444445;11992.88888888889;12787.666666666668
1688370399;11290.222222222223;21405;11998.222222222223;12868.666666666668
1688370400;11280.333333333334;23588.444444444445;11988.555555555557;12869.555555555557
1688370401;11280.333333333334;23159;11979.111111111111;12934
1688370402;11282.77777777778;23251.77777777778;11886.444444444445;12933.77777777778
1688370403;11274.555555555557;24501.111111111113;11973.77777777778;12928.77777777778
1688370404;11279.444444444445;24467.77777777778;11972.333333333334;12941.444444444445
1688370405;11273.88888888889;24075.55555555556;11971.77777777778;12942.444444444445
1688370406;11277.666666666668;23452.222222222223;11925.77777777778;12995
1688370407;11271.222222222223;25929.222222222223;11971.111111111111;12939.111111111111
1688370408;11263.444444444445;31211.55555555556;11966.555555555557;12914.333333333334
1688370409;11262.77777777778;28513.333333333336;11968.555555555557;13002.222222222223
1688370410;11268.333333333334;30880.111111111113;11967.88888888889;12940.88888888889
1688370411;11264.555555555557;29195.444444444445;11967.88888888889;12952.88888888889
1688370412;11273.444444444445;29683.333333333336;11878.222222222223;12960.222222222223
1688370413;11267.444444444445;29774.000000000004;11975;12957.555555555557
1688370414;11268.666666666668;30507.222222222223;11974.666666666668;12957.77777777778
1688370415;11256.77777777778;29605.666666666668;11975;12899
1688370416;11259.222222222223;27647.88888888889;11937.111111111111;12908.555555555557
1688370417;11260.88888888889;33622.444444444445;11984;12846
1688370418;11262.555555555557;36079.555555555555;12030.333333333334;13125.555555555557
1688370419;11257.444444444445;33624.66666666667;12057.666666666668;13202.000000000002
1688370420;11260.222222222223;36753.444444444445;12066.333333333334;13191.666666666668
1688370421;11263.111111111111;34761.444444444445;12068.88888888889;13178.88888888889
1688370422;11271;34939.333333333336;11971.444444444445;13177.77777777778
1688370423;11271.111111111111;34989.11111111112;11969.77777777778;13179.000000000002
1688370424;11274.222222222223;36117.11111111112;12059;13186.333333333334
1688370425;11273.77777777778;34065.66666666667;12050.555555555557;13214.666666666668
1688370426;11273.666666666668;23805.222222222223;12009.222222222223;13213.88888888889
1688370427;11271.555555555557;22473.88888888889;11961;12855
1688370428;11271;24754.444444444445;11979;12832.444444444445
1688370429;11272.333333333334;22378.55555555556;11968.444444444445;12923.222222222223
1688370430;11262.555555555557;25091.222222222223;11966.111111111111;12935.88888888889
1688370431;11261.77777777778;23328.88888888889;11966;12934.444444444445
1688370432;11269.333333333334;23939.55555555556;11967.555555555557;12926.555555555557
1688370433;11267.222222222223;23002.666666666668;11876.77777777778;12941.111111111111
1688370434;11274.111111111111;24346.55555555556;11967.555555555557;12903.88888888889
1688370435;11271.88888888889;23419.333333333336;11961.77777777778;12903.111111111111
1688370436;11281.222222222223;23030;11961.88888888889;12909.88888888889
1688370437;11288.111111111111;23713.333333333336;11917.222222222223;12871.111111111111
1688370438;11293.111111111111;28842.222222222223;11966.555555555557;12837.666666666668
1688370439;11299.555555555557;27336.55555555556;11972.444444444445;12921.77777777778
1688370440;11300.333333333334;30838.88888888889;11973.666666666668;12916
1688370441;11297.666666666668;28906.666666666668;11972.555555555557;12924
1688370442;11296;29342.55555555556;11973.88888888889;12910.666666666668
1688370443;11294.111111111111;28439.333333333336;11883.222222222223;12916.666666666668
1688370444;11295.88888888889;30825.77777777778;12039;12917.77777777778
1688370445;11287.444444444445;29906.77777777778;12050;12918.222222222223
1688370446;11289.333333333334;27843.88888888889;12051;12900.555555555557
1688370447;11281.77777777778;22146.333333333336;12013.666666666668;12841.111111111111
1688370448;11274.222222222223;23936.88888888889;12079.77777777778;12767.77777777778
1688370449;11267.666666666668;21494.111111111113;12139.555555555557;12923.555555555557
1688370450;11262.444444444445;25329.55555555556;12141.444444444445;12920.555555555557
1688370451;11274.88888888889;24038.88888888889;12147.555555555557;12924.77777777778
1688370452;11267.555555555557;24921.77777777778;12155.333333333334;12916.77777777778
1688370453;11267.333333333334;22501.77777777778;11999.444444444445;12920.444444444445
1688370454;11267;24465.77777777778;12080.444444444445;12911.333333333334
1688370455;11256.555555555557;23714.55555555556;12081.333333333334;12911.88888888889
1688370456;11257;25179.55555555556;12072.88888888889;12910.77777777778
1688370457;11256.555555555557;22090.55555555556;12003.333333333334;12883.222222222223
1688370458;11264.444444444445;24856.55555555556;11942.111111111111;12733.222222222223
1688370459;11266.333333333334;21837.333333333336;12006.77777777778;12789.88888888889
1688370460;11255.333333333334;25143.55555555556;11999.333333333334;12877
1688370461;11263;23428.88888888889;11992.77777777778;12877.333333333334
1688370462;11270.111111111111;24781.77777777778;11989.444444444445;12871.88888888889
1688370463;11271.222222222223;23109.77777777778;11898.666666666668;12872.555555555557
1688370464;11279.555555555557;24214;11989.222222222223;12881.77777777778
1688370465;11278.333333333334;23378.444444444445;11989.444444444445;12883.666666666668
1688370466;11289.555555555557;24445.88888888889;11989.77777777778;12894
1688370467;11281.555555555557;23911.222222222223;11991.333333333334;12953.555555555557
1688370468;11278.333333333334;28567.000000000004;11926.222222222223;12898.88888888889
1688370469;11286.77777777778;26958.444444444445;12044.666666666668;12918.666666666668
1688370470;11280;30109.666666666668;12044.222222222223;13002.333333333334
1688370471;11279.333333333334;29457.333333333336;12049.222222222223;13003.88888888889
1688370472;11278.333333333334;29280.222222222223;12050.222222222223;13024.666666666668
1688370473;11271.222222222223;28744.222222222223;11957;13025.77777777778
1688370474;11273.88888888889;29009.77777777778;12045.222222222223;13028.222222222223
1688370475;11263.88888888889;29259.88888888889;12043.555555555557;13036.666666666668
1688370476;11264.444444444445;27171.666666666668;12041.444444444445;12979.666666666668
1688370477;11266;22423.333333333336;12056.666666666668;12980.111111111111
1688370478;11258.333333333334;22583.111111111113;11957.444444444445;12866.333333333334
1688370479;11259.333333333334;21663.222222222223;12039.222222222223;12835.111111111111
1688370480;11260.555555555557;23261.77777777778;12044.111111111111;12923.555555555557
1688370481;11272.333333333334;24234.111111111113;12044;12905.333333333334
1688370482;11272.222222222223;23628.88888888889;12044.222222222223;12895.111111111111
1688370483;11270.222222222223;23698.111111111113;11955.111111111111;12893.88888888889
1688370484;11269;23450.333333333336;12046.333333333334;12887.666666666668
1688370485;11269.333333333334;23960.333333333336;12047.333333333334;12886.77777777778
1688370486;11275.222222222223;24472;12033;12936.666666666668
1688370487;11275;23910.222222222223;12011.555555555557;12937.222222222223
1688370488;11273.555555555557;22871.55555555556;11929.333333333334;12895
1688370489;11265;23553.666666666668;11977.111111111111;12805
1688370490;11252.77777777778;24373.111111111113;11975.666666666668;12982.333333333334
1688370491;11253.111111111111;25331.77777777778;11976.111111111111;12983.88888888889
1688370492;11253.222222222223;25766.88888888889;11975.333333333334;12984.333333333334
1688370493;11253.333333333334;25579.444444444445;11881.88888888889;12993.88888888889
1688370494;11253.222222222223;25447.77777777778;11981.333333333334;12991.555555555557
1688370495;11247.88888888889;26161.88888888889;11980.111111111111;12933
1688370496;11269.77777777778;25647;11982.88888888889;12939.666666666668
1688370497;11278.77777777778;27989.222222222223;11980;12945.555555555557
1688370498;11279.111111111111;28672.88888888889;11923.222222222223;12945.222222222223
1688370499;11280.222222222223;29281.666666666668;11986.77777777778;12766.77777777778
1688370500;11279.666666666668;29828.000000000004;11985.88888888889;12937.333333333334
1688370501;11281.444444444445;30655.666666666668;11986.88888888889;12929.88888888889
1688370502;11282.222222222223;30962.444444444445;11989;12916.555555555557
1688370503;11282.111111111111;31110.666666666668;11888.88888888889;12909.222222222223
1688370504;11284.333333333334;30005.000000000004;11890.666666666668;12923.111111111111
1688370505;11263.111111111111;30441.666666666668;11995.333333333334;12909.222222222223
1688370506;11254.666666666668;28225.77777777778;12039;12900.666666666668
1688370507;11253.88888888889;24941.88888888889;12041.77777777778;12893.666666666668
1688370508;11253.88888888889;23165.77777777778;12005;12900.555555555557
1688370509;11255.77777777778;23290.444444444445;12012.444444444445;12769.444444444445
1688370510;11254.333333333334;23333;12076.222222222223;12924.222222222223
1688370511;11253.222222222223;23476.666666666668;12085.222222222223;12932.555555555557
1688370512;11270.111111111111;22796.88888888889;12094.444444444445;12931.222222222223
1688370513;11267.555555555557;23409.55555555556;12093.333333333334;12923.333333333334
1688370514;11266.222222222223;22822.111111111113;11987;12936.666666666668
1688370515;11265.111111111111;23284.222222222223;12035.444444444445;12930.88888888889
1688370516;11266.77777777778;23284.77777777778;12033.88888888889;12938.111111111111
1688370517;11268.333333333334;23909.77777777778;12006.555555555557;12930
1688370518;11267.88888888889;22806;12001.333333333334;12887.88888888889
1688370519;11267.222222222223;22699.333333333336;11936.555555555557;12739.444444444445
1688370520;11268.77777777778;23911.111111111113;11974;12787.666666666668
1688370521;11250.111111111111;23931.55555555556;11966.444444444445;12887.222222222223
1688370522;11248.77777777778;24597.55555555556;11965.111111111111;12888.88888888889
1688370523;11249.555555555557;25010.88888888889;11967.333333333334;12882.88888888889
1688370524;11251.444444444445;23854.444444444445;11881.77777777778;12891.666666666668
1688370525;11250.222222222223;25272.88888888889;12010;12930.333333333334
1688370526;11248.111111111111;24254.444444444445;12011;12929.666666666668
1688370527;11258.222222222223;26556.88888888889;12010.555555555557;12931.222222222223
1688370528;11259.333333333334;27950.222222222223;12010.222222222223;12930.555555555557
1688370529;11258.666666666668;27170.333333333336;11964.77777777778;12874
1688370530;11260.111111111111;29781.444444444445;12010.111111111111;12782.666666666668
1688370531;11261.77777777778;28590.222222222223;12013;12936.333333333334
1688370532;11268.555555555557;28690.000000000004;12013.333333333334;12955
1688370533;11269.222222222223;30002.55555555556;12068.222222222223;12953.88888888889
1688370534;11270.666666666668;27912.666666666668;11940.444444444445;12913.333333333334
1688370535;11272;29766.77777777778;12031.88888888889;12915
1688370536;11261.444444444445;26038;12031.555555555557;12917.111111111111
1688370537;11260.444444444445;23799.55555555556;12039.444444444445;12918.444444444445
1688370538;11259.666666666668;22391.111111111113;12059.111111111111;12918.222222222223
1688370539;11259.222222222223;21103.333333333336;12020.333333333334;12919.222222222223
1688370540;11257.666666666668;26491.111111111113;12284.333333333334;12766.444444444445
