Time;{instance="10.231.0.208:9100"};{instance="192.168.221.10:9100"};{instance="192.168.221.11:9100"};{instance="192.168.221.12:9100"}
1687957657;0.8888888884232244;10.833333333337364;2.611111111097358;3.444444444448891
1687957658;1.0277777767947072;11.111111111131322;2.7777777777777715;3.555555555552317
1687957659;0.8888888884232244;10.722222222203627;2.7777777777777715;3.4444444444387727
1687957660;0.9722222211874083;11.111111111131322;2.7777777777777715;4.2222222222234365
1687957661;4.722222221446103;10.99999999999757;2.7222222222311103;6.8333333333410025
1687957662;9.194444443306153;11.388888888905058;2.6666666666642413;12.666666666660191
1687957663;13.361111111266325;11.500000000018588;2.555555555550697;21.666666666674743
1687957664;17.388888889561514;11.722222222205232;2.7777777777777715;28.722222222222626
1687957665;22.66666666837409;11.277777777791513;2.500000000004036;35.333333333326465
1687957666;27.08333333333333;11.61111111111191;2.3888888888905058;40.388888888891316
1687957667;31.555555555193365;11.388888888884836;2.3888888888905058;45.61111111111635
1687957668;35.88888888738842;11.61111111111191;2.500000000004036;51.44444444444565
1687957669;40.63888888728494;10.722222222203627;2.444444444437167;58.05555555554949
1687957670;41.638888888216265;14.444444444456565;2.555555555550697;63.33333333333131
1687957671;41.80555555374465;17.055555555553937;2.499999999983828;65.3888888888913
1687957672;42.08333333178113;19.3333333333309;2.500000000004036;64.27777777777615
1687957673;42.77777777751906;24.000000000018588;2.444444444437167;65.05555555555071
1687957674;42.277777777053416;28.333333333325243;2.6666666666642413;66.05555555556242
1687957675;42.333333335247715;32.83333333333252;2.555555555550697;70.05555555555878
1687957676;42.5555555576769;38.27777777777454;2.500000000004036;72.72222222222302
1687957677;42.94444444563447;43.5000000000097;2.500000000004036;77.27777777777698
1687957678;43.13888888961325;44.00000000001051;2.7777777777777715;78.27777777777858
1687957679;43.61111111162851;41.11111111109898;2.611111111117566;80.94444444444284
1687957680;43.44444444610013;40.27777777777777;2.7222222222311103;83.16666666666302
1687957681;43.13888888961325;41.38888888889293;2.611111111097358;85.9444444444408
1687957682;44.66666666816713;36.77777777775191;2.500000000004036;87.77777777778384
1687957683;44.916666666459705;32.555555555538575;2.555555555550697;85.6111111111103
1687957684;45.750000000569145;27.388888888890506;2.666666666684449;82.44444444444525
1687957685;46.166666664390085;21.94444444442827;2.555555555550697;79.94444444444122
1687957686;46.58333333338507;21.666666666674743;2.500000000004036;76.83333333332283
1687957687;46.91666666702885;30.055555555554747;2.3888888888905058;77.05555555554989
1687957688;47.11111111100762;33.88888888890101;2.7222222222311103;74.55555555555596
1687957689;48.083333333488554;33.722222222220594;2.7222222222109025;72.44444444443918
1687957690;49.24999999994826;30.500000000008882;2.7777777777777715;70.38888888888928
1687957691;48.16666666495924;33.50000000001374;2.8333333333244326;69.72222222221818
1687957692;48.333333334368135;34.611111111108684;2.8333333333446404;72.99999999999676
1687957693;48.361111110231526;35.222222222223024;2.8888888888710937;75.22222222221697
1687957694;48.472222222739624;35.111111111109494;3.000000000004846;75.38888888888727
1687957695;48.6944444425818;29.6111111111006;2.8333333333244326;74.38888888889576
1687957696;48.97222222320528;21.3888888888808;2.7777777777777715;71.72222222223151
1687957697;49.02777777751908;18.388888888875954;2.6666666666440193;69.38888888888768
1687957698;49.02777777751908;21.611111111107874;2.666666666684449;69.94444444445536
1687957699;49.05555555467597;22.833333333316347;2.7777777777979793;69.27777777778425
1687957700;49.02777777881258;22.611111111109494;2.8888888888913016;68.38888888889616
1687957701;49.05555555467597;21.388888888901008;2.6666666666440193;67.1111111111107
1687957702;49.08333333312637;23.05555555554342;2.611111111097358;64.50000000000324
1687957703;49.00000000036218;24.94444444445334;2.6666666666642413;67.61111111111151
1687957704;49.00000000036218;25.277777777793943;2.944444444437977;69.94444444444525
1687957705;48.6944444412883;25.05555555556687;2.9444444444581848;72.7777777777697
1687957706;48.222222223153544;23.166666666677173;2.7222222222311103;75.94444444444485
1687957707;47.888888888216265;18.000000000008882;2.8888888888710937;74.27777777778222
1687957708;47.75000000113828;18.777777777783427;2.7222222221906804;74.33333333332888
1687957709;47.583333331729385;20.777777777786667;2.7777777777777715;75.44444444444403
1687957710;47.4444444446514;26.500000000002416;2.7777777777979793;78.50000000000566
1687957711;47.25000000067261;24.55555555556606;2.9444444444581848;80.38888888889537
1687957712;46.91666666702884;24.722222222226264;2.8333333333244326;77.33333333333374
1687957713;46.63888889028587;30.833333333329293;2.611111111117566;76.72222222221939
1687957714;46.416666669150196;36.777777777772116;2.7777777777575636;77.61111111110748
1687957715;46.41666666526968;37.8333333333204;2.944444444437977;77.33333333333374
1687957716;46.55555555622817;37.94444444443392;2.611111111137788;76.33333333332202
1687957717;46.2500000010348;38.83333333332202;3.055555555571715;73.72222222222464
1687957718;46.2500000010348;37.999999999980595;2.7777777777777715;72.99999999999676
1687957719;46.16666666697709;33.111111111106254;3.111111111098168;70.94444444444686
1687957720;45.77777777643253;33.499999999993534;2.8333333333446404;71.49999999998423
1687957721;45.72222222211874;31.6666666666505;2.8333333333244326;72.05555555556202
1687957722;45.416666665631865;27.05555555552968;2.8333333333446404;69.44444444444444
1687957723;45.25000000010348;23.777777777791513;2.61111111111758;68.94444444445374
1687957724;45.0555555574182;28.83333333334626;2.666666666684449;71.00000000000364
1687957725;44.638888888423224;31.11111111110303;2.6666666666642413;74.49999999999919
1687957726;44.7499999983443;28.000000000004846;2.2777777777769614;76.22222222221859
1687957727;45.0000000005174;24.61111111111272;2.555555555570905;73.72222222222464
1687957728;44.83333333369552;28.72222222223273;2.444444444437167;75.3333333333305
1687957729;44.944444444910104;29.38888888889373;2.6666666666440193;78.22222222223192
1687957730;44.972222223360504;34.11111111112808;2.666666666684449;81.55555555554707
1687957731;45.111111113025494;32.22222222221818;2.611111111097358;82.94444444444606
1687957732;45.111111110438486;30.888888888875954;2.666666666664227;79.22222222222344
1687957733;45.33333333286767;25.77777777777453;2.3333333333236226;78.83333333333616
1687957734;45.33333333286767;26.5555555555693;2.8333333333244326;80.05555555556485
1687957735;45.138888890182386;28.833333333326053;2.7777777777777715;82.05555555555799
1687957736;44.861111109558905;28.055555555571715;2.666666666664227;82.38888888887837
1687957737;44.916666665166204;23.49999999999757;2.7777777777979793;78.0555555555515
1687957738;45.027777777674295;23.166666666656965;2.611111111117566;76.5555555555592
1687957739;45.249999998809976;18.88888888887675;2.8333333333244326;77.83333333334465
1687957740;45.249999998809976;19.722222222238386;2.888888888891316;81.83333333334102
1687957741;45.166666667339285;18.3333333333495;2.8333333333244326;83.94444444443758
1687957742;45.36111111131807;18.72222222221656;3.055555555551507;80.05555555555475
1687957743;45.583333335040756;15.888888888892112;2.6666666666642413;77.55555555555071
1687957744;45.97222222041131;13.66666666668202;2.999999999984638;79.11111111110989
1687957745;46.08333333421292;13.999999999982208;2.8333333333244326;83.66666666667393
1687957746;46.00000000015522;14.388888888889696;2.6666666666642413;88.16666666667112
1687957747;45.94444444454792;15.666666666665051;2.9444444444581848;87.22222222221616
1687957748;45.61111110961065;16.27777777777939;2.61111111111758;85.88888888888404
1687957749;45.61111111090415;15.611111111098168;2.8333333333244326;82.99999999999272
1687957750;46.08333333421292;16.111111111098978;2.7222222222311103;85.66666666666707
1687957751;45.944444443254405;14.777777777776961;2.7222222222311103;89.05555555554909
1687957752;45.86111110919673;15.333333333324433;2.8333333333446404;90.16666666666424
1687957753;45.58333333374725;16.499999999986244;2.5000000000242437;89.16666666667273
1687957754;45.444444445375765;18.83333333335031;2.7777777777777715;88.33333333334141
1687957755;45.444444445375765;22.611111111109494;2.6666666666642413;87.94444444444404
1687957756;45.08333333198809;24.388888888905853;2.3888888888702837;90.27777777777777
1687957757;45.30555555700428;25.277777777773736;2.611111111097358;91.33333333332605
1687957758;45.416666665631865;27.72222222223111;2.4444444444573747;93.77777777777334
1687957759;45.111111109144986;30.555555555555557;2.8333333333446404;94.33333333333091
1687957760;44.55555555695254;31.500000000010502;2.8333333333244326;95.22222222221899
1687957761;44.44444444444444;32.94444444444605;2.7222222222109025;96.50000000000445
1687957762;44.22222222201525;32.94444444444605;2.8888888888710937;96.83333333332484
1687957763;42.33333333266071;32.16666666667152;2.6666666666642413;97.66666666665616
1687957764;41.277777777415594;27.388888888870284;2.944444444437977;98.38888888888404
1687957765;41.27777778000259;23.777777777771306;2.9444444444581848;98.38888888888404
1687957766;40.86111111100763;26.388888888909094;2.8333333333446404;98.27777777778061
1687957767;40.500000000206946;25.388888888907474;3.055555555551507;98.66666666666788
1687957768;40.11111111224939;22.166666666675553;2.7222222222311103;98.66666666666788
1687957769;40.30555555364117;22.777777777769685;3.111111111118376;98.66666666666788
1687957770;40.055555556642084;20.555555555559593;3.166666666665037;98.7777777777713
1687957771;39.916666668270615;22.722222222223024;3.000000000004846;99.05555555555515
1687957772;41.41666666449358;22.98722931703155;3.055555555551507;98.27777777778061
1687957773;42.305555555503815;23.55555555556444;2.8333333333244326;97.88888888888323
1687957774;42.33333333266071;25.66666666668121;3.111111111118376;97.72222222222302
1687957775;42.527777777933;24.111111111091702;3.000000000004846;97.22222222222223
1687957776;42.61111111199069;25.11111111111353;2.6666666666642413;96.61111111110787
1687957777;42.88888888873367;28.333333333325243;2.999999999984638;96.55555555555111
1687957778;42.77777777881258;30.666666666669087;2.7222222222311103;96.50000000000445
1687957779;42.94444444434097;30.611111111122426;3.055555555551507;96.44444444445779
1687957780;42.99999999865476;30.8333333333495;3.055555555551507;96.77777777778829
1687957781;43.33333333488554;28.571428571416433;3.055555555551507;97.55555555556283
1687957782;43.61111111162851;28.500000000005656;3.2222222222319203;97.66666666667636
1687957783;43.75;26.00000000000162;2.944444444437977;97.83333333333657
1687957784;43.88888888837148;27.111111111136978;3.3333333333252426;98.61111111111111
1687957785;43.722222221549586;26.05555555552806;3.3888888888921116;99.27777777778222
1687957786;42.388888888268006;26.333333333342225;3.111111111118376;99.22222222222545
1687957787;41.08333333343681;24.05555555554504;3.111111111098168;99.27777777777212
1687957788;41.138888889044104;24.277777777772116;2.666666666664227;99.33333333331878
1687957789;41.138888889044104;25.166666666639983;3.055555555571715;99.27777777777212
1687957790;40.22222222346398;30.222222222235146;3.055555555551507;99.22222222221535
1687957791;37.63888888707797;34.49999999999514;3.055555555571715;99.11111111111192
1687957792;34.02777777907127;36.277777777771306;11.555555555565249;99.22222222222545
1687957793;29.333333334782054;32.111111111104634;13.306675552610542;99.333333333339
1687957794;28.972222222687876;32.16666666667152;13.66666666668202;99.27777777778222
1687957795;29.916666668011914;31.555555555557163;13.666666666661811;99.333333333339
1687957796;30.805555556435138;33.3888888889002;13.555555555568489;99.16666666666869
1687957797;30.027777777932997;38.50000000000162;15.333333333324433;99.11111111111192
1687957798;29.444444443409637;36.83333333333899;14.999999999983828;99.16666666665859
1687957799;28.361111109714116;32.66666666667233;15.16666666668445;99.05555555555515
1687957800;30.16666666889148;28.27777777777858;14.999999999983828;99.44444444444242
1687957801;33.16666666521793;29.666666666667467;6.38888888887675;99.44444444444242
1687957802;37.16666666635622;35.05555555556282;4.468156052004389;99.44444444444242
1687957803;36.11111111111111;36.38888888888484;4.166666666646449;99.49999999999919
1687957804;34.44444444418575;33.27777777776646;4.388888888893732;99.55555555555596
1687957805;34.47222222134265;29.83333333334788;4.2777777777599795;99.72222222222626
1687957806;34.36111111012805;27.77777777777777;2.666666666684449;99.77777777778303
1687957807;34.30555555710775;29.33333333334707;2.944444444437977;99.8333333333398
1687957808;35.24999999984476;31.055555555536145;2.7222222222109025;100
1687957809;35.08333333172939;32.00000000001131;2.8333333333244326;99.77777777778303
1687957810;35.16666666708058;29.444444444440393;3.111111111098168;99.77777777778303
1687957811;34.83333333343681;24.277777777751908;2.8888888888913016;99.77777777778303
1687957812;35.05555555457249;25.222222222247282;3.000000000004846;99.77777777778303
1687957813;36.33333333224679;26.333333333342225;2.7222222222109025;98.99999999999838
1687957814;36.33333333224679;29.999999999967656;3.000000000004846;98.16666666666707
1687957815;36.66666666718407;26.77777777777615;2.944444444437977;98.16666666666707
1687957816;36.2222222210322;25.72222222222787;2.7222222222311103;98.05555555555354
1687957817;36.30555555638338;28.111111111138598;2.8333333333446404;97.72222222222302
1687957818;35.94444444558272;31.777777777784237;2.7777777777979793;97.22222222221211
1687957819;35.583333333488554;35.61111111111029;2.7222222222311103;96.49999999999434
1687957820;35.305555555452074;36.94444444445253;2.8333333333244326;96.49999999999434
1687957821;35.277777778295174;35.777777777770496;2.611111111117566;96.49999999999434
1687957822;32.166666668167124;37.38888888886625;2.7777777777777715;97.277777777779
1687957823;27.91666666873627;41.61111111114021;2.444444444437167;98.1111111111103
1687957824;23.833333333540295;42.666666666668284;2.7222222222109025;98.1111111111103
1687957825;24.027777777519063;39.388888888889696;2.555555555550697;98.00000000000688
1687957826;24.19444444434096;34.49999999997493;2.555555555550697;98.22222222222383
1687957827;24.388888888319755;31.33333333330988;2.6666666666642413;98.94444444445172
1687957828;24.249999998654744;31.388888888876764;2.6666666666642413;99.55555555555596
1687957829;24.527777775397723;31.944444444444443;4.3333333333470705;99.55555555555596
1687957830;25.194444445272282;30.944444444442823;4.444444444440393;99.55555555555596
1687957831;28.166666667028835;29.4444444444606;4.2777777777802015;99.55555555555596
1687957832;31.94444444315093;22.38888888888242;4.444444444460615;99.55555555555596
1687957833;35.63888888909585;22.222222222222214;4.055555555573335;99.44444444444242
1687957834;36.111111111111114;26.77777777777615;4.444444444460601;99.61111111111273
1687957835;35.66666666625274;28.944444444459805;4.333333333326863;99.72222222222626
1687957836;35.194444444237476;29.72222222221413;4.166666666666657;99.55555555555596
1687957837;35.500000000724356;26.16666666668202;4.166666666686879;99.38888888889576
1687957838;35.69444444599664;25.277777777773736;2.555555555550697;99.333333333339
1687957839;34.41666666702885;26.277777777755134;2.666666666664227;99.11111111111192
1687957840;32.13888888712971;29.833333333327673;2.7222222222109025;99.11111111111192
1687957841;30.555555555555543;29.333333333326863;2.611111111097358;99.05555555555515
1687957842;30.499999998654744;29.277777777759994;2.7777777777777715;98.88888888889495
1687957843;30.194444446048394;29.22222222221332;2.444444444437167;98.88888888888485
1687957844;30.22222222449878;31.666666666670707;2.666666666684449;98.49999999999757
1687957845;30.47222222149786;29.666666666667467;2.611111111097358;98.55555555555435
1687957846;30.305555554675962;32.27777777776484;2.555555555550697;98.83333333332808
1687957847;30.02777777922651;31.944444444444443;2.7222222222109025;98.7777777777713
1687957848;31.333333332764184;30.88888888891637;2.444444444437167;98.83333333333819
1687957849;33.36111111178373;26.888888888889696;2.6666666666642413;98.49999999999757
1687957850;35.33333333390247;27.500000000004036;2.7777777777777715;98.33333333333738
1687957851;35.555555557625155;30.27777777780203;2.61111111111758;98.38888888888404
1687957852;35.63888888909584;31.38888888889697;2.7777777777777715;98.38888888888404
1687957853;35.88888888868192;31.611111111124046;2.555555555550697;98.7777777777713
1687957854;34.83333333473031;36.33333333335839;2.666666666684449;98.88888888888485
1687957855;34.444444444185734;33.05555555555959;2.555555555530489;98.88888888888485
1687957856;34.638888888164516;32.33333333333171;2.3888888889107136;98.99999999999838
1687957857;34.55555555540033;30.999999999989484;2.611111111117566;99.16666666665859
1687957858;34.972222220514794;31.777777777784237;2.500000000004036;99.49999999999919
1687957859;34.722222220928714;33.83333333333414;2.500000000004036;99.72222222221616
1687957860;31.361111109921083;30.77777777776241;2.6666666666440193;99.94444444444323
1687957861;30.66666666547664;28.888888888872714;2.6666666666642413;99.94444444445334
1687957862;30.861111109455422;24.66666666665938;2.6666666666642413;99.88888888889657
1687957863;31.972222220307827;25.55555555554747;2.500000000004036;99.8333333333398
1687957864;32.33333333498901;29.000000000006466;2.8333333333446404;99.72222222222626
1687957865;31.416666665528382;30.833333333329293;2.8888888888710937;99.61111111111273
1687957866;31.361111111214584;32.111111111104634;2.944444444437977;99.61111111111273
1687957867;30.638888890906742;32.3333333333115;3.055555555571715;99.55555555555596
1687957868;26.861111112197648;32.055555555537765;3.055555555551507;99.55555555555596
1687957869;26.25000000051739;33.166666666652915;3.111111111118376;99.55555555555596
1687957870;22.916666667960172;30.944444444442823;3.111111111118376;99.61111111110262
1687957871;18.888888888371483;34.166666666654535;3.2777777777785815;99.6666666666594
1687957872;15.222222223463973;31.77777777776403;3.2222222222117125;99.6666666666594
1687957873;11.36111110940368;28.611111111119186;3.000000000004846;99.44444444444242
1687957874;8.388888888940627;26.444444444455755;2.8333333333446404;98.99999999999838
1687957875;4.416666667546238;25.11111111111353;2.8888888888913016;98.88888888889495
1687957876;1.0555555552451068;23.55555555556444;2.555555555550697;98.72222222222464
1687957877;0.9444444427370087;20.500000000012932;2.7222222222109025;98.38888888889414
1687957878;1.0277777780882076;18.88888888891718;2.500000000004036;97.94444444444
1687957879;1.0555555552451068;18.55555555557656;2.3333333333438304;97.55555555556283
1687957880;1.0000000009313226;19.666666666671517;2.3888888888904916;97.44444444444929
1687957881;0.8888888897167391;20.611111111126462;2.499999999983828;97.22222222223233
1687957882;1.0833333349890069;24.55555555554585;2.3888888888905058;97.22222222222223
1687957883;0.8888888897167249;32.27777777778505;2.3333333333236226;97.44444444444929
1687957884;0.9166666668736241;38.72222222222869;2.1666666666634313;96.72222222222142
1687957885;0.9722222224809087;39.0555555555693;2.499999999983828;96.88888888889171
1687957886;1.027777779381708;39.777777777776954;2.476952127081674;96.9444444444485
1687957887;1.0833333336955064;39.38888888886948;2.555555555550697;97.11111111111879
1687957888;1.2222222220669892;38.222222222207655;2.611111111097358;97.05555555555192
1687957889;1.1666666664597045;33.27777777776646;2.3888888888904916;96.94444444443837
1687957890;1.2222222207734887;30.444444444442013;2.555555555570905;96.99999999999515
1687957891;1.1388888880092907;30.888888888875954;2.555555555550697;97.22222222222223
1687957892;1.1111111108524057;24.222222222225454;2.7222222222311103;97.55555555555273
1687957893;1.083333332402006;17.72222222221494;2.7222222222311103;98.2777777777705
1687957894;1.166666665166204;17.22222222221413;2.555555555570905;98.22222222221373
1687957895;1.1388888867157902;20.88888888887999;2.523063243318674;98.16666666665697
1687957896;1.0555555552451068;30.38888888889535;2.500000000004036;98.2777777777705
1687957897;0.8333333328159398;33.99999999999433;2.611111111117566;98.55555555555435
1687957898;0.9444444440305233;36.33333333333818;2.611111111117566;98.49999999999757
1687957899;0.9444444440305233;34.38888888888161;2.3888888888905058;98.33333333332727
1687957900;0.9166666668736241;30.27777777778182;3.8333333333260526;98.1111111111103
1687957901;1.1388888880093049;29.499999999987068;3.7222222222327304;97.9444444444501
1687957902;1.0277777767947072;32.33333333333171;3.7777777777793915;97.9444444444501
1687957903;1.0000000009313084;33.94444444444767;3.666666666665847;97.6111111111196
1687957904;0.9444444466175241;29.611111111120806;3.3888888888921116;97.72222222222302
1687957905;1.0277777780882218;21.49999999999433;3.7222222222125225;97.72222222222302
1687957906;1.0277777767947072;20.222222222239196;3.888888888872714;97.88888888888323
1687957907;0.9444444453240237;21.49999999999433;3.9444444444395828;98.16666666666707
1687957908;0.9166666681671245;21.722222222241626;4.055555555553127;98.55555555555435
1687957909;0.999999999637808;21.055555555560403;2.555555555570905;98.33333333333738
1687957910;0.8611111125598256;23.777777777791513;2.8888888888710937;98.05555555555354
1687957911;1.0000000009313084;22.722222222223024;2.7777777777777715;97.7777777777697
1687957912;0.9444444427370087;20.94444444442665;2.9444444444581848;97.99999999999676
1687957913;0.9999999996378222;21.27777777776727;2.999999999984638;97.83333333333657
1687957914;0.8611111099728248;19.944444444445253;2.666666666684449;97.6111111111196
1687957915;0.9444444466175383;22.333333333315537;2.555555555570905;97.33333333334586
1687957916;1.083333332402006;24.222222222245662;2.611111111097358;97.11111111111879
1687957917;1.0555555552451068;30.444444444421805;2.7777777777777715;96.88888888890182
1687957918;0.999999999637808;34.111111111107874;2.8888888888913016;97.16666666666545
1687957919;1.0277777767947072;31.111111111103014;2.500000000004036;97.22222222221211
1687957920;1.166666667753205;33.05555555555959;2.6666666666642413;97.16666666666545
1687957921;1.1666666690467054;36.66666666667879;2.555555555530489;97.38888888888242
1687957922;1.111111112145906;36.83333333333898;2.555555555550697;97.7777777777697
1687957923;1.0833333336955064;39.61111111111677;2.61111111111758;98.16666666665697
1687957924;1.0555555539516064;34.88888888890263;2.500000000004036;98.4444444444307
1687957925;0.999999999637808;29.999999999987864;2.611111111117566;98.55555555555435
1687957926;0.9722222211874083;28.22222222223192;4.555555555553937;98.72222222221454
1687957927;1.0555555565386072;26.944444444456565;4.7777777777810115;98.94444444445172
1687957928;1.0833333336955064;27.16666666666343;4.8333333333478805;99.1666666666788
1687957929;0.8333333315224252;23.44444444445091;4.666666666667467;99.333333333339
1687957930;0.9166666668736241;24.05555555554504;4.8333333333478805;99.00000000000848
1687957931;0.8611111099728248;31.111111111123236;4.833333333327673;99.00000000000848
1687957932;0.9444444453240237;35.166666666656155;4.7777777777607895;99.00000000000848
1687957933;0.9166666681671245;38.166666666661;4.722222222214128;99.00000000000848
1687957934;0.9166666681671245;37.5;4.500000000007276;98.83333333333819
1687957935;1.0000000009313226;35.16666666667636;2.500000000004036;98.72222222222464
1687957936;0.9166666668736241;37.5;2.2222222222100925;98.7777777777713
1687957937;0.8611111112663252;43.999999999990294;2.6666666666642413;98.94444444444161
1687957938;0.9444444453240237;48.99999999999838;4.444444444440393;99.22222222222545
1687957939;0.8611111112663252;44.77777777778505;4.166666666666657;99.49999999999919
1687957940;0.9166666681671245;37.77777777775352;4.555555555553937;99.38888888888566
1687957941;0.8888888884232244;33.16666666667312;4.944444444441203;99.33333333332888
1687957942;0.9444444427370087;31.33333333333009;5.2777777777615995;99.27777777777212
1687957943;0.8611111099728248;31.166666666669897;5.222222222214938;99.27777777777212
1687957944;0.9166666668736241;29.22222222221332;5.000000000008086;99.05555555555515
1687957945;0.888888887129724;27.611111111097358;5.3333333333486905;98.88888888889495
1687957946;0.9166666655801095;23.888888888884836;5.055555555554747;98.88888888889495
1687957947;0.9444444440305091;21.33333333333414;3.444444444458995;98.55555555555435
1687957948;1.0555555539516064;21.833333333355156;3.611111111119186;98.33333333332727
1687957949;0.9999999996378222;21.444444444467877;3.1666666666650514;98.22222222222383
1687957950;0.9444444440305091;19.444444444444443;3.111111111118376;98.1111111111103
1687957951;0.9444444453240237;23.333333333337364;5.555555555575765;98.00000000000688
1687957952;1.0277777780882218;24.16666666665857;5.666666666669087;98.27777777778061
1687957953;0.9166666655801237;24.05555555554504;5.666666666648879;98.38888888888404
1687957954;1.0000000009313226;21.000000000013742;5.444444444442013;98.1111111111002
1687957955;1.1111111108524057;19.05555555557737;5.555555555535335;97.83333333332646
1687957956;1.083333332402006;23.66666666665776;5.444444444442013;98.16666666666707
1687957957;0.8611111112663252;27.66666666666424;5.555555555555543;98.44444444445091
1687957958;1.0277777767947072;27.611111111117566;5.722222222235956;98.66666666666788
1687957959;0.9722222211874225;27.833333333324433;5.333333333328483;98.22222222222383
1687957960;0.9166666668736241;24.833333333339795;2.7222222222109025;97.94444444444
1687957961;1.0000000009313084;26.555555555549077;2.7777777777777715;97.94444444444
1687957962;1.0000000009313226;28.333333333325243;2.7777777777979793;98.22222222222383
1687957963;0.8611111112663394;29.72222222221413;3.888888888872714;98.66666666666788
1687957964;0.7777777785021271;28.888888888872714;3.611111111119186;98.94444444444161
1687957965;0.8888888897167391;24.388888888885646;3.6666666666456393;98.83333333333819
1687957966;0.9166666668736241;24.05555555554504;3.499999999985448;98.77777777778141
1687957967;0.9722222224809087;28.66666666664564;3.611111111119186;98.72222222222464
1687957968;1.032989004596459;33.05555555555959;3.611111111098978;99.333333333339
1687957969;0.999999999637808;30.72222222221575;3.3888888888921116;99.61111111111273
1687957970;0.9444444440305233;31.777777777784237;3.444444444458995;99.33333333332888
1687957971;0.9166666668736099;34.61111111112889;3.444444444418565;99.27777777777212
1687957972;1.0555555552451068;37.55555555554666;2.3333333333438304;99.27777777777212
1687957973;1.0277777780882076;41.666666666666664;2.2777777777769614;99.27777777777212
1687957974;1.0000000009313084;40.22222222223111;2.11111111111677;99.38888888887556
1687957975;1.0000000009313084;36.722222222225454;2.3888888888905058;99.44444444443232
1687957976;0.8333333328159256;32.11111111112484;2.1666666666432093;99.16666666665859
1687957977;0.9947760367671492;27.77777777779798;2.3888888889107136;99.05555555554504
1687957978;0.9444444453240237;28.000000000004846;2.500000000004036;98.7777777777713
1687957979;0.8888888897167249;28.66666666668607;2.2222222221898846;98.66666666667798
1687957980;1.0277777780882076;29.2777777777802;2.5000000000242437;98.38888888889414
1687957981;0.8888888897167249;24.94444444445334;2.444444444437167;98.27777777778061
1687957982;0.8888888897167249;21.277777777787477;2.444444444437167;98.22222222223394
1687957983;0.833333334109426;20.000000000012122;2.5000000000242437;98.22222222223394
1687957984;0.9722222224809229;19.777777777785047;2.166666666683639;98.05555555556364
1687957985;0.9444444453240237;21.277777777767255;2.3888888889107136;98.05555555556364
1687957986;0.8611111112663252;23.4444444444307;2.2777777777769614;97.9444444444501
1687957987;0.8888888884232244;24.388888888865438;2.7222222222311103;97.9444444444501
1687957988;0.8888888871297098;20.999999999973312;2.8333333333446404;97.94444444444
1687957989;0.9166666655801237;16.166666666665847;2.611111111097358;98.00000000000688
1687957990;0.9166666668736241;16.7777777777802;2.944444444437977;97.83333333333657
1687957991;0.9999999983443075;20.44444444442584;2.8333333333446404;97.6111111111095
1687957992;0.8888888884232244;25.222222222206852;2.8888888888710937;97.33333333332565
1687957993;0.8333333328159398;24.944444444433117;2.944444444437977;97.05555555555192
1687957994;0.999999999637808;23.666666666677983;2.7777777777777715;97.22222222222223
1687957995;0.9444444440305233;21.222222222220594;2.9444444444581848;97.277777777779
1687957996;1.0277777767947072;24.333333333338985;2.499999999983828;97.38888888889252
1687957997;0.9722222224809229;32.77777777778586;2.6666666666642413;97.6111111111095
1687957998;0.8888888884232244;36.49999999999838;2.61111111111758;97.66666666665616
1687957999;0.9722222211874083;35.99999999999757;2.3333333333438446;97.66666666666626
1687958000;0.805555556952541;34.66666666669576;2.611111111117566;97.7777777777697
1687958001;1.0277777780882218;36.277777777791506;2.611111111117566;98.00000000000688
1687958002;0.9166666655801237;45.16666666667232;2.555555555550697;98.27777777778061
1687958003;0.8055555556590264;47.99999999997655;2.611111111097358;98.38888888888404
1687958004;0.8611111112663394;47.9444444444501;4.2777777777599795;98.55555555555435
1687958005;0.8333333354029406;43.77777777780365;4.3333333333470705;98.88888888888485
1687958006;0.8611111125598256;37.833333333340605;4.166666666666657;99.05555555555515
1687958007;0.9722222237744234;36.66666666665858;4.444444444440393;99.16666666666869
1687958008;0.7500000000517275;36.33333333333818;4.499999999987054;98.88888888888485
1687958009;0.9722222211874083;36.22222222220444;5.111111111101408;99.05555555555515
1687958010;0.8611111099728248;31.88888888887756;5.222222222214938;99.11111111110182
1687958011;0.9166666681671245;22.833333333316347;5.166666666668277;99.22222222222545
1687958012;0.9166666668736241;20.111111111125652;5.166666666668277;99.27777777778222
1687958013;0.8888888884232244;20.222222222198766;3.2222222222117125;99.11111111111192
1687958014;0.9722222211874083;20.27777777776565;3.055555555551507;98.99999999999838
1687958015;1.0277777767947072;18.999999999990294;3.3333333333454505;98.72222222222464
1687958016;0.999999999637808;20.111111111125666;3.1666666666650514;98.66666666666788
1687958017;1.0555555565386214;20.777777777786667;3.055555555571715;99.22222222222545
1687958018;0.9444444453240237;18.166666666669087;2.2777777777769614;98.94444444445172
1687958019;0.999999999637808;16.388888888872714;2.055555555570095;98.88888888889495
1687958020;1.1111111108524057;16.611111111119996;2.444444444437167;98.88888888888485
1687958021;1.0833333336955064;20.500000000012932;2.2222222222303003;98.7777777777713
1687958022;1.0833333336955064;25.333333333360812;2.3333333333438304;98.88888888888485
1687958023;0.9722222224809229;26.27777777777534;2.444444444437167;98.99999999999838
1687958024;0.9722222224809087;25.500000000000796;2.1666666666634313;99.27777777777212
1687958025;0.9444444440305091;21.555555555541005;2.2777777777769614;99.22222222222545
1687958026;0.9444444440305091;26.222222222208472;2.3888888888702837;98.99999999999838
1687958027;0.9722222211874225;31.000000000009692;2.500000000004036;98.88888888888485
1687958028;1.0277777767947072;34.44444444446869;3.2222222222117125;98.7777777777713
1687958029;0.9444444440305233;34.66666666667555;2.8888888888913016;98.77777777778141
1687958030;0.8611111099728248;31.77777777776403;3.111111111098168;98.88888888889495
1687958031;0.7222222216013279;32.83333333333252;3.111111111118376;98.88888888889495
1687958032;1.0555555552451068;37.55555555554666;3.166666666685259;98.83333333333819
1687958033;0.8888888871297098;41.33333333334625;3.2777777777785815;98.83333333333819
1687958034;0.833333334109426;42.500000000008086;3.055555555571715;98.88888888888485
1687958035;0.999999999637808;37.5;3.166666666685259;98.77777777778141
1687958036;0.9722222224809229;37.05555555554585;3.2222222222319203;98.99999999999838
1687958037;0.8888888897167249;38.72222222220847;2.7777777777777715;98.94444444445172
1687958038;0.8888888884232244;42.166666666667474;2.8888888888913016;98.94444444444161
1687958039;1.0833333336955064;40.94444444443879;2.7777777777979793;98.94444444444161
1687958040;0.5277777776225463;37.61111111111353;2.944444444437977;98.99999999999838
1687958041;0.888888887129724;32.05555555557818;2.7777777777575636;98.99999999999838
1687958042;1.0000000009313084;28.944444444439583;2.7777777777777715;98.99999999999838
1687958043;1.0555555552451068;28.500000000005656;2.7777777777575636;98.83333333332808
1687958044;1.0000000009313226;29.055555555553127;2.555555555550697;98.94444444444161
1687958045;0.9999999996378222;25.05555555554666;2.611111111097358;98.72222222222464
1687958046;0.9166666668736241;19.944444444445253;2.555555555550697;98.66666666666788
1687958047;0.9722222224809229;16.222222222212523;2.7777777777777715;98.4444444444408
1687958048;0.9166666655801237;16.722222222233526;2.8333333333244326;98.4444444444408
1687958049;1.5833333328676673;13.944444444435547;2.611111111097358;98.38888888888404
1687958050;0.9444444466175241;14.05555555552887;2.7222222222109025;98.22222222222383
1687958051;1.0277777767947214;12.333333333339795;2.6666666666642413;98.11111111112041
1687958052;0.9444444427370087;14.944444444437167;2.7222222222311103;98.44444444446101
1687958053;1.0277777780882076;19.999999999991914;2.8333333333446404;98.66666666667798
1687958054;1.027777779381708;23.500000000017778;2.611111111117566;98.94444444445172
1687958055;0.999999999637808;23.55555555556444;2.666666666664227;99.11111111111192
1687958056;0.9166666655801237;23.722222222224644;2.500000000004036;99.38888888889576
1687958057;0.9166666668736241;25.77777777777453;2.611111111117566;99.05555555555515
1687958058;1.0000000009313084;27.444444444457375;2.555555555570905;99.11111111111192
1687958059;0.9444444427370087;27.05555555557011;2.500000000004036;99.27777777777212
1687958060;0.9722222224809229;27.16666666666343;2.61111111111758;99.33333333332888
1687958061;0.8888888897167249;24.222222222225454;2.7777777777575636;98.88888888888485
1687958062;0.8333333328159398;22.55555555556282;2.7222222222109025;98.88888888888485
1687958063;0.7499999987582413;19.1666666666505;2.8333333333244326;98.99999999999838
1687958064;0.999999999637808;18.777777777783427;2.61111111111758;98.99999999999838
1687958065;0.8888888897167249;18.72222222221656;2.611111111097358;98.72222222221454
1687958066;0.8888888884232244;16.000000000005656;2.8333333333244326;98.94444444445172
1687958067;0.8055555556590406;16.777777777759994;2.944444444437977;98.72222222222464
1687958068;0.8611111112663394;16.944444444440393;3.055555555571715;98.72222222222464
1687958069;0.7777777785021414;17.999999999988674;2.8333333333244326;98.66666666665778
1687958070;0.8888888897167249;17.555555555554747;2.8333333333446404;98.7777777777713
1687958071;0.999999999637808;13.944444444455755;2.9444444444581848;98.61111111111111
1687958072;0.9722222211874083;16.000000000005656;2.944444444437977;98.27777777778061
1687958073;0.8055555556590406;19.88888888887837;2.944444444437977;98.33333333333738
1687958074;0.8888888897167249;22.44444444444929;2.8888888888913016;98.61111111112122
1687958075;1.0277777793817222;28.055555555551507;2.6666666666642413;98.72222222222464
1687958076;0.9444444427370087;31.777777777784237;2.8333333333446404;98.94444444445172
1687958077;1.0000000009313084;34.11111111112808;2.999999999984638;99.00000000000848
1687958078;0.9166666668736241;35.22222222224323;3.1666666666650514;99.11111111112203
1687958079;0.9722222211874083;34.94444444444929;2.9444444444581848;99.27777777778222
1687958080;0.8888888884232244;34.88888888888242;2.944444444437977;99.27777777777212
1687958081;0.8611111125598256;32.111111111124856;2.9444444444581848;99.61111111110262
1687958082;0.9444444453240237;28.722222222212523;2.944444444437977;99.49999999998909
1687958083;0.9722222211874083;26.000000000001606;2.8888888889115236;99.33333333331878
1687958084;0.9166666668736241;20.666666666652915;2.7222222222311103;99.22222222221535
1687958085;0.9722222237744234;14.666666666663431;2.499999999983828;98.99999999999838
1687958086;0.8611111099728248;18.11111111110222;2.500000000004036;98.99999999999838
1687958087;0.9166666668736241;22.94444444442989;2.555555555570905;98.99999999999838
1687958088;0.8888888897167249;27.000000000003226;2.555555555550697;99.16666666666869
1687958089;0.805555556952541;26.333333333322003;2.444444444437167;99.22222222222545
1687958090;0.9444444440305233;27.27777777777696;2.3333333333236226;99.05555555555515
1687958091;0.8888888884232244;32.33333333335193;2.555555555570905;99.11111111111192
1687958092;1.0000000009313226;35.16666666667636;2.555555555550697;99.22222222222545
1687958093;0.805555554365526;34.72222222224242;2.611111111117566;99.16666666665859
1687958094;0.8333333341094402;34.722222222222214;2.611111111117566;99.33333333332888
1687958095;0.9722222224808945;32.33333333333171;2.3888888888905058;99.16666666665859
1687958096;0.9166666668736241;29.444444444440393;2.555555555550697;99.05555555555515
1687958097;0.9166666668736241;30.77777777776241;2.6666666666642413;98.99999999999838
1687958098;0.9166666655801095;35.55555555558385;2.7222222222311103;99.11111111111192
1687958099;0.9166666668736241;34.611111111108684;2.6666666666642413;98.99999999999838
1687958100;0.9166666668736241;30.61111111110222;2.611111111097358;99.00000000000848
1687958101;0.8055555543655402;30.999999999989484;2.7777777777777715;99.05555555556526
1687958102;1.0277777780882076;32.33333333333171;2.8888888888710937;99.1666666666788
1687958103;0.9166666655801095;34.66666666667555;2.9444444444581848;99.22222222222545
1687958104;0.8611111112663252;31.22222222221656;2.8888888888913016;99.22222222222545
1687958105;0.9444444440305233;29.77777777778101;2.611111111117566;99.11111111110182
1687958106;0.9166666655801095;29.500000000007276;2.7777777777575636;99.16666666665859
1687958107;0.999999999637808;29.444444444420185;2.944444444437977;97.66666666665616
1687958108;1.0277777780882076;32.33333333333171;5.000000000008086;96.33333333333414
1687958109;0.9722222237744091;31.16666666664969;4.722222222234336;96.44444444443758
1687958110;1.0555555552451068;28.27777777777858;4.666666666647259;95.83333333332322
1687958111;1.0000000009313084;29.666666666667467;4.611111111100598;95.83333333332322
1687958112;1.0277777780882076;28.499999999985448;4.555555555553937;95.83333333332322
1687958113;0.9444444440305233;29.72222222221413;4.555555555553937;95.77777777777656
1687958114;1.0833333336955064;28.11111111111839;4.888888888874334;96.00000000000364
1687958115;1.0555555565386214;25.11111111111353;4.722222222254558;95.88888888889011
1687958116;0.8888888897167249;20.83333333333333;4.611111111120806;97.38888888889252
1687958117;0.9166666655801237;17.944444444442013;2.555555555550697;98.66666666666788
1687958118;0.9999999983443075;17.666666666688485;2.8888888888913016;98.38888888889414
1687958119;0.9166666681671245;17.333333333327673;2.611111111117566;98.61111111112122
1687958120;0.8611111099728248;16.16666666664564;2.7222222222311103;98.44444444445091
1687958121;0.8611111112663252;19.722222222238386;2.8333333333244326;98.38888888889414
1687958122;1.0000000009313226;23.222222222223834;2.8333333333446404;98.61111111111111
1687958123;0.8055555556590406;21.94444444442827;2.500000000004036;98.61111111111111
1687958124;0.8611111112663394;20.055555555558783;2.555555555530489;98.38888888889414
1687958125;1.1111111108524057;21.055555555560403;2.3333333333034147;97.7777777777798
1687958126;0.8611111125598256;26.055555555548267;2.611111111117566;98.00000000000688
1687958127;0.8888888897167249;30.499999999988674;2.444444444437167;98.27777777778061
1687958128;0.9722222224809087;35.4444444444501;2.7777777777777715;98.61111111111111
1687958129;0.8888888897167391;38.44444444445495;2.611111111117566;98.83333333333819
1687958130;0.9444444440305233;33.8888888888808;2.555555555550697;98.38888888889414
1687958131;0.9166666668736241;31.83333333335112;2.7222222222109025;97.99999999999676
1687958132;1.0000000009313084;36.94444444445253;2.499999999983828;97.99999999999676
1687958133;0.9166666668736241;38.55555555554828;2.555555555570905;98.33333333332727
1687958134;0.7777777785021414;39.0555555555693;2.5000000000242437;98.66666666666788
1687958135;1.0277777767947072;36.722222222225454;2.444444444437167;98.1111111111002
1687958136;0.9444444440305091;37.5;2.500000000004036;97.83333333332646
1687958137;0.8055555556590264;36.61111111111192;2.4444444444573747;97.49999999999596
1687958138;1.111111112145906;37.277777777772926;2.555555555550697;97.05555555554182
1687958139;1.0833333336955064;37.16666666665939;2.500000000004036;96.88888888888161
1687958140;1.0277777780882076;34.666666666655345;5.3333333333486905;96.72222222223152
1687958141;0.9444444440305233;29.22222222221332;10.944444444450909;96.16666666667395
1687958142;1.1388888905963057;27.77777777777777;15.833333333325243;95.44444444444606
1687958143;1.0833333336955064;27.16666666666343;21.3888888888808;95.3888888888893
1687958144;1.116294568839237;24.777777777772926;23.833333333338174;95.7222222222299
1687958145;0.9999999996378222;21.000000000013742;23.777777777771306;95.61111111111637
1687958146;1.083333332402006;21.555555555561213;23.777777777771306;95.7222222222198
1687958147;0.8055555530720255;16.500000000006466;23.777777777791513;96.16666666667395
1687958148;0.8611111112663394;19.444444444444443;24.11111111111191;96.83333333333495
1687958149;0.9722222211874083;21.83333333333495;22.99999999999676;96.88888888888161
1687958150;0.9444444427370087;22.49999999999595;17.611111111121616;96.94444444443837
1687958151;0.9444444427370087;22.0555555555418;12.61111111111353;97.33333333333576
1687958152;0.8333333315224252;21.277777777767255;7.166666666651295;97.16666666666545
1687958153;0.7446926747668954;20.888888888900198;4.611111111120806;97.16666666666545
1687958154;0.9444444453240237;22.88888888888323;6.777777777784237;96.61111111110787
1687958155;0.8888888884232244;22.555555555562833;6.722222222217368;91.7777777777802
1687958156;0.9444444466175241;23.55555555556444;6.88888888887756;86.44444444444161
1687958157;0.9444444440304949;26.27777777777534;6.555555555557163;82.66666666666222
1687958158;0.9722222237744234;24.333333333338985;4.833333333327673;78.00000000000485
1687958159;0.9722222250679238;24.222222222225454;4.72222222223435;68.16666666666909
1687958160;0.8611111112663394;24.833333333339795;4.888888888894542;57.72222222222909
1687958161;1.0555555565386072;24.61111111111272;5.000000000008086;47.27777777777899
1687958162;1.0277777780882076;25.277777777773736;5.222222222214938;37.11111111111271
1687958163;0.999999999637808;21.88888888888161;2.888888888891316;27.388888888890506
1687958164;1.0833333336955064;17.833333333328483;2.8333333333244326;21.83333333333495
1687958165;1.0555555539516064;17.1111111111006;2.7777777777979793;16.4444444444497
1687958166;1.2222222233605038;11.555555555545041;3.055555555551507;9.611111111118788
1687958167;1.1111111108524057;11.277777777771306;2.9444444444581848;4.111111111109892
1687958168;1.0833333311084914;11.111111111131322;3.2777777777583736;3.8888888888929216
1687958169;1.0555555552451068;11.111111111131322;3.111111111098168;3.8888888888828177
1687958170;1.0833333336955064;11.49999999999838;3.166666666665037;4.166666666666657
1687958171;1.0555555565386072;11.055555555544231;3.166666666665037;3.7222222222226264
1687958172;1.0000000009313226;11.333333333338174;3.3888888888719038;3.555555555552317
1687958173;1.083333332402006;11.166666666657775;3.3888888888921116;4.111111111109892
1687958174;1.0555555552451068;11.388888888884836;3.2222222221914905;4.111111111109892
1687958175;0.8611111099728248;11.277777777791513;3.611111111119186;3.9444444444395828
1687958176;0.8333333328159256;11.222222222224644;3.6666666666456393;3.7777777777793915
1687958177;0.9166666668736241;10.944444444430701;3.3888888888921116;3.555555555552317
1687958178;0.8888888884232244;10.888888888884026;3.666666666665847;3.7777777777793915
1687958179;0.9166666655801095;10.166666666656155;3.444444444458995;3.7777777777793915
1687958180;0.9166666655801095;10.944444444471117;3.3888888888719038;4.166666666656553
1687958181;0.9166666655801095;10.666666666677173;3.5000000000258638;4.166666666666657
1687958182;0.8055555556590406;11.055555555564439;3.500000000005656;3.3888888888921116
1687958183;0.8333333328159256;10.555555555563629;3.500000000005656;3.3888888888820077
1687958184;0.8333333328159398;10.944444444450909;3.000000000004846;3.500000000005656
1687958185;0.8333333328159256;10.944444444430701;2.9444444444581848;3.4444444444387727
1687958186;0.8333333328159398;11.49999999999838;3.3333333333252426;3.3333333333353465
1687958187;0.8888888884232244;11.166666666657761;2.9444444444581848;3.055555555551507
1687958188;0.8888888884232244;11.722222222245662;3.3333333333252426;3.2777777777785815
1687958189;0.9444444440305091;10.944444444430701;3.166666666685259;3.055555555561611
1687958190;0.8611111099728248;11.555555555545041;3.055555555531299;3.166666666665037
1687958191;0.9722222224809087;11.277777777771306;3.111111111118376;3.166666666665037
1687958192;0.999999999637808;11.61111111111191;3.1666666666650514;3.2777777777886854
1687958193;0.8611111112663252;11.222222222224644;3.111111111098168;3.3888888888820077
1687958194;1.0555555552451068;11.444444444451719;3.2222222222117125;3.666666666665847
1687958195;0.9444444440305091;11.277777777791513;2.8333333333446404;3.666666666665847
1687958196;0.9444444453240237;11.666666666678793;3.166666666665037;3.7777777777793915
1687958197;0.9722222224809229;11.499999999978172;2.999999999984638;3.4444444444387727
1687958198;0.833333334109426;12.166666666659381;3.2222222222319203;3.611111111109082
1687958199;0.999999999637808;11.722222222225454;3.055555555571715;3.6666666666759653
1687958200;0.9444444453240095;12.388888888886456;3.166666666665037;3.7777777777692876
1687958201;0.8611111112663252;12.166666666659381;3.3888888888921116;3.611111111109082
1687958202;1.0277777780882218;12.722222222227074;3.500000000005656;3.3888888888921116
1687958203;0.833333334109426;12.5;3.3888888888921116;3.3333333333454505
1687958204;0.9722222224809087;12.722222222206852;3.500000000005656;3.444444444438787
1687958205;0.9444444440305091;12.722222222206852;3.3333333333252426;3.444444444448891
1687958206;0.805555556952541;12.833333333360812;3.500000000005656;3.500000000005656
1687958207;0.9166666668736241;12.166666666659381;3.3333333333252426;3.1666666666751553
1687958208;0.8888888884232244;12.555555555546661;3.555555555552317;3.3333333333252426
1687958209;0.8055555543655402;12.055555555566059;3.4444444444387727;3.444444444448891
1687958210;1.0000000009313084;12.888888888887266;3.2222222222319203;3.7222222222125083
1687958211;0.8888888897167249;12.611111111093322;3.2777777777785815;3.611111111109082
1687958212;0.9166666668736241;12.833333333340605;3.3333333333454505;3.499999999985448
1687958213;0.8055555569525268;12.5;3.2777777777785815;3.7222222222327304
1687958214;0.999999999637808;12.388888888886456;3.2222222222319203;3.6666666666557433
1687958215;0.8888888897167249;12.055555555525643;2.8333333333446404;3.666666666665847
1687958216;0.9444444440305233;12.5;3.166666666665037;3.7777777777692876
1687958217;0.8888888897167249;12.055555555566059;3.055555555551507;3.500000000005656
1687958218;0.8611111112663252;12.333333333319587;3.2777777777785815;3.499999999995552
1687958219;0.8055555569525268;11.99999999999919;3.2222222222319203;3.3333333333454505
1687958220;0.9722222211874083;11.888888888905868;2.9444444444581848;3.611111111109082
1687958221;0.8888888884232244;11.944444444452529;3.111111111098168;3.555555555562421
1687958222;0.9444444440305233;12.222222222226264;3.2222222222117125;3.555555555542213
1687958223;1.0833333336955064;11.99999999999919;3.2222222222117125;4.000000000006466
1687958224;1.166666665166204;12.277777777793133;3.2777777777785815;3.7777777777692876
1687958225;1.277777777674288;11.888888888905868;2.8333333333446404;4.000000000006466
1687958226;1.166666667753205;11.944444444432307;3.111111111118376;4.111111111099788
1687958227;1.166666667753205;11.222222222224644;3.111111111118376;4.166666666676761
1687958228;1.1111111108524057;11.222222222224644;3.166666666665037;4.2222222222234365
1687958229;1.0833333349890069;11.166666666657775;3.2777777777583736;4.2777777777802015
1687958230;1.0833333336955064;11.277777777771306;3.055555555551507;4.499999999997172
1687958231;1.1388888880093049;11.1111111111111;2.944444444437977;4.166666666666657
1687958232;0.999999999637808;12.11111111111272;3.2222222222319203;3.7777777777793915
1687958233;0.9166666681671245;12.22222222222625;3.2222222222117125;3.9444444444496867
1687958234;0.8611111112663252;12.444444444453325;3.3888888888719038;3.7777777777793915
1687958235;0.9166666668736241;12.444444444453325;3.000000000004846;3.7222222222327304
1687958236;1.0833333336955064;13.333333333341415;3.000000000004846;3.611111111098978
1687958237;1.0555555552451068;12.833333333340605;3.1666666666448293;3.499999999995552
1687958238;0.9722222224809087;12.833333333320397;3.3333333333252426;3.500000000005656
1687958239;1.083333332402006;12.666666666660191;3.3333333333454505;3.3888888888921116
1687958240;0.9722222237744234;12.555555555566869;3.444444444458995;3.7777777777894954
1687958241;0.8055555569525268;12.11111111111272;3.3333333333252426;3.555555555552317
1687958242;0.9444444427370087;11.777777777772116;3.7222222222327304;3.499999999995552
1687958243;0.8888888884232244;11.666666666638363;3.611111111119186;3.666666666665847
1687958244;0.999999999637808;11.777777777772116;3.6666666666456393;3.499999999995552
1687958245;0.8611111112663394;11.277777777771306;3.444444444438787;3.3888888889022297
1687958246;0.8888888884232244;11.722222222225454;3.3888888888921116;3.2777777777684776
1687958247;0.999999999637808;11.444444444471927;3.2777777777785815;3.055555555551507
1687958248;0.833333334109426;11.222222222224644;3.555555555552317;3.2222222222218164
1687958249;0.9444444440305091;11.499999999978172;3.3333333333252426;3.055555555551507
1687958250;0.9722222224809087;11.388888888884836;3.055555555551507;3.3333333333353465
1687958251;1.0555555552451068;11.61111111111191;2.8333333333446404;3.2222222222218164
1687958252;0.9166666681671245;11.500000000018588;3.055555555551507;3.166666666665037
1687958253;0.9166666655801237;11.444444444451719;3.111111111138598;3.3888888888921116
1687958254;0.8611111099728248;11.61111111111191;3.055555555531299;3.555555555552317
1687958255;0.9166666668736241;11.333333333338174;3.000000000004846;3.611111111119186
1687958256;0.8611111086793102;11.99999999999919;2.9444444444581848;3.611111111109082
1687958257;1.0277777780882076;11.944444444452529;2.8333333333244326;3.3888888888921116
1687958258;1.111111112145906;11.944444444452529;3.1666666666650514;3.555555555552317
1687958259;1.0555555552451068;11.888888888905853;3.2222222222319203;3.611111111109082
1687958260;1.0000000009313226;11.555555555545041;3.111111111098168;4.055555555563231
1687958261;1.1666666664597045;11.666666666658571;3.000000000004846;3.999999999996362
1687958262;1.0000000009313226;11.555555555545041;3.2777777777583736;3.8333333333361566
1687958263;1.111111112145906;11.333333333317967;3.2777777777987893;3.8333333333361566
1687958264;1.166666667753205;11.277777777771306;3.111111111118376;3.7777777777793915
1687958265;1.1111111134394065;10.61111111111029;3.055555555551507;3.8888888888929216
1687958266;1.1666666664597045;10.777777777770496;2.9444444444581848;3.8333333333361566
1687958267;0.999999999637808;10.444444444450099;2.888888888891316;3.499999999995552
1687958268;1.0277777767947072;10.38888888888323;2.8888888888710937;3.500000000005656
1687958269;0.9444444440305091;10.611111111130512;2.9444444444581848;3.310007775186861
1687958270;0.8888888884232244;10.722222222223834;2.7777777777777715;3.2777777777785815
1687958271;1.0833333336955064;11.055555555564439;2.500000000004036;3.3333333333252426
1687958272;1.083333332402006;11.222222222224644;2.7777777777777715;3.166666666665037
1687958273;0.8888888884232244;11.166666666657761;2.8333333333244326;3.3333333333252426
1687958274;0.9444444427370087;11.555555555545041;2.7777777777777715;3.055555555551507
1687958275;0.8055555530720255;11.222222222224644;2.6666666666642413;3.111111111108272
1687958276;0.8333333302289248;11.61111111111191;2.6666666666642413;3.2222222222319203
1687958277;0.8611111112663252;11.277777777771306;2.8888888889115236;2.8888888888913016
1687958278;0.999999999637808;11.49999999999838;3.055555555531299;2.967655885289844
1687958279;0.9722222224809229;11.388888888884836;3.055555555551507;3.000000000004846
1687958280;0.9444444427370087;11.1111111111111;3.055555555571715;3.111111111108272
1687958281;0.9722222224809087;11.055555555564439;2.8333333333244326;3.055555555551507
1687958282;0.9166666655801237;11.1111111111111;3.111111111098168;3.055555555561611
1687958283;0.8888888897167249;10.888888888884026;3.111111111098168;3.444444444448891
1687958284;1.0000000009313084;10.99999999999757;3.2222222222117125;3.3888888888921116
1687958285;1.0277777793817222;10.555555555543421;3.000000000004846;3.3888888888820077
1687958286;1.083333332402006;11.055555555564439;2.999999999984638;3.611111111109082
1687958287;0.8611111112663394;10.61111111111029;3.111111111138598;3.3888888888921116
1687958288;0.9444444427370087;10.49999999999676;3.444444444438787;3.4444444444387727
1687958289;0.9166666681671245;10.49999999999676;3.444444444438787;3.444444444448891
1687958290;0.8055555556590264;10.944444444430701;3.4444444444387727;3.7222222222226264
1687958291;0.9722222224809087;10.99999999999757;3.2777777777987893;3.500000000005656
1687958292;0.9722222211874083;11.277777777791513;3.555555555552317;3.2222222222218164
1687958293;0.8611111112663252;11.61111111111191;3.4444444444387727;3.499999999995552
1687958294;0.9444444453240237;11.99999999999919;3.3888888888921116;3.3333333333454505
1687958295;0.833333334109426;11.555555555545041;3.2222222222319203;3.111111111108272
1687958296;0.9166666668736241;11.833333333318777;2.944444444417755;3.055555555561611
1687958297;0.8611111138533261;11.888888888885646;2.7222222222109025;3.111111111108272
1687958298;0.9166666655801237;11.722222222225454;2.888888888891316;3.000000000004846
1687958299;0.999999999637808;11.055555555584647;2.9444444444581848;3.000000000004846
1687958300;0.8888888897167391;11.444444444451719;2.8333333333244326;3.055555555551507
1687958301;0.8611111125598256;11.388888888884836;2.666666666664227;3.166666666665037
1687958302;1.0555555565386072;11.055555555564439;2.9444444444581848;2.8888888888811977
1687958303;0.8888888884232244;11.055555555564439;2.999999999984638;3.055555555551507
1687958304;0.9722222224809229;10.99999999999757;3.055555555551507;3.1666666666650514
1687958305;0.8888888897167249;10.833333333357587;2.8888888888913016;3.3888888888921116
1687958306;0.9444444427370087;11.111111111131322;3.111111111118376;3.2222222222218164
1687958307;0.9166666681671387;11.333333333338174;3.1111111110779603;3.2222222222218164
1687958308;0.8333333328159256;11.333333333317967;3.2777777777785815;3.2222222222218164
1687958309;0.9166666668736241;10.777777777790703;3.2222222222319203;3.3888888888820077
1687958310;0.9444444440305091;10.999999999977362;3.166666666685259;3.3333333333353465
1687958311;0.8888888884232244;11.055555555544231;2.8888888888913016;3.2777777777785815
1687958312;0.9166666681671245;10.777777777770496;3.166666666685259;3.3888888888820077
1687958313;0.7777777785021271;10.99999999999757;3.111111111118376;3.611111111109082
1687958314;1.1388888880093049;11.166666666637553;3.2222222222319203;3.3888888888820077
1687958315;0.999999999637808;10.777777777770496;2.8333333333446404;3.444444444448891
1687958316;1.0555555539516064;10.833333333337364;2.8888888889115236;3.7777777777692876
1687958317;0.9722222224809229;10.777777777770496;2.7777777777777715;4.444444444440393
1687958318;0.9999999983443075;10.88888888888404;2.888888888891316;11.555555555565249
1687958319;0.9444444440305233;10.555555555563629;2.8333333333244326;14.500000000003226
1687958320;0.9166666668736241;10.722222222203627;2.888888888891316;14.833333333333727
1687958321;1.0555555539516064;10.944444444450909;2.6666666666642413;14.7222222222303
1687958322;0.999999999637808;10.777777777790703;2.888888888891316;14.44444444444646
1687958323;0.8055555556590264;11.055555555564439;2.8333333333244326;14.666666666673535
1687958324;0.9444444440305233;11.277777777771306;2.944444444437977;14.722222222220196
1687958325;0.9166666681671245;11.055555555544231;2.7777777777777715;14.277777777776151
1687958326;0.9444444453240237;11.500000000018588;2.7777777777777715;13.44444444444484
1687958327;1.0000000009313226;11.444444444431511;2.8888888888710937;6.222222222226662
1687958328;1.0000000009313226;11.388888888905058;3.055555555571715;3.1666666666549332
1687958329;0.9166666668736241;11.111111111131322;2.999999999984638;3.111111111118376
1687958330;0.8888888897167249;11.333333333338174;2.944444444437977;3.1666666666650514
1687958331;1.1111111108524057;11.722222222205232;2.7777777777777715;3.444444444438787
1687958332;1.0555555552451068;11.49999999999838;3.166666666665037;4.888888888874334
1687958333;0.8888888897167249;11.888888888905853;3.2222222222117125;5.166666666668277
1687958334;0.8888888884232244;11.888888888885646;3.055555555551507;5.555555555565647
1687958335;0.9166666668736241;11.555555555545041;2.888888888891316;5.611111111112322
1687958336;0.8888888884232244;11.777777777772116;2.8888888888913016;5.499999999988674
1687958337;1.0277777780882076;11.833333333318777;2.999999999984638;5.666666666669087
1687958338;0.8333333328159256;12.055555555545851;3.166666666685259;5.611111111112322
1687958339;0.9722222224809229;11.722222222205232;3.2777777777785815;5.722222222215748
1687958340;0.8611111112663252;11.388888888905058;3.2777777777583736;5.722222222225852
1687958341;0.8888888884232244;11.722222222225454;3.000000000004846;4.111111111119996
1687958342;0.999999999637808;11.166666666657775;3.2222222222319203;3.611111111109082
1687958343;0.9722222224809087;11.833333333338985;3.3333333333454505;3.3333333333353465
1687958344;0.999999999637808;11.944444444432307;3.4444444444387727;3.555555555552317
1687958345;0.9444444453240237;11.888888888905868;3.1666666666650514;3.611111111119186
1687958346;0.8333333328159398;12.055555555566059;3.2777777777987893;3.7777777777793915
1687958347;1.111111112145906;14.333333333343035;3.4444444444387727;3.7222222222226122
1687958348;0.9444444440305233;17.83333333334869;6.611111111103824;3.444444444448891
1687958349;0.9444444440304949;19.77777777776484;6.555555555557163;3.500000000005656
1687958350;0.9444444466175241;19.944444444445253;6.611111111103824;7.555555555548679
1687958351;0.9722222224809229;21.3888888888808;6.555555555577385;8.944444444447669
1687958352;0.8611111125598256;22.44444444444929;6.555555555557163;12.999999999990692
1687958353;0.9722222211874083;22.888888888903438;6.777777777784237;14.33333333333293
1687958354;0.9166666655800952;22.49999999999595;6.8333333333308985;14.722222222210092
1687958355;0.9444444440305091;22.44444444442908;6.444444444423411;14.555555555559991
1687958356;0.8888888884232244;21.111111111107064;6.611111111103824;14.611111111106652
1687958357;0.8888888884232244;17.444444444441203;3.3888888889123336;14.611111111106666
1687958358;0.8888888884232244;15.72222222223192;3.666666666686069;14.33333333333293
1687958359;0.9722222211874083;14.999999999983828;3.555555555572525;10.444444444450099
1687958360;0.8611111112663252;13.61111111111515;3.3888888888719038;9.055555555561213
1687958361;0.888888887129724;11.99999999999919;3.3888888888921116;5.055555555554747
1687958362;0.8888888897167391;11.666666666678793;3.3888888888921116;3.3333333333353465
1687958363;1.0000000009313084;11.833333333318777;3.3333333333454505;3.2222222222218164
1687958364;0.8888888884232244;12.111111111132928;3.2777777777987893;3.3333333333353465
1687958365;0.9444444453240237;11.166666666677983;2.8888888888913016;3.3888888888921116
1687958366;0.8611111112663252;11.444444444451719;2.999999999984638;3.2222222222116983
1687958367;0.8888888897167249;11.166666666657775;2.8333333333244326;3.3888888888921116
1687958368;0.9444444453240237;11.611111111132132;3.111111111118376;3.2222222222319203
1687958369;0.9166666668736241;11.666666666658571;3.055555555571715;3.555555555552317
1687958370;1.0277777793817222;11.61111111111191;2.944444444437977;3.611111111109082
1687958371;0.833333334109426;11.388888888864628;2.7777777777777715;3.611111111119186
1687958372;0.8333333328159398;12.000000000019398;3.055555555551507;3.3333333333353465
1687958373;0.9444444440305233;11.499999999978172;3.1111111110779603;3.8888888888828177
1687958374;4.1388888882162576;11.444444444451719;2.999999999984638;6.444444444433529
1687958375;8.416666666097512;11.277777777771306;2.7777777777777715;11.888888888905868
1687958376;12.749999999586066;11.444444444451719;2.7777777777777715;20.500000000002828
1687958377;16.83333333219504;11.277777777771306;2.500000000004036;27.555555555540593
