Time;{instance="10.231.0.208:9100"};{instance="192.168.221.10:9100"};{instance="192.168.221.11:9100"};{instance="192.168.221.12:9100"}
1687957657;0;187427.3103448276;34886.620689655174;76694.06896551725
1687957658;0;191382.06896551725;34886.620689655174;78530.20689655172
1687957659;0;174856.8275862069;34886.620689655174;78530.20689655172
1687957660;0;153246.89655172414;34886.620689655174;85168.55172413793
1687957661;0;150563.3103448276;32344.275862068964;170478.3448275862
1687957662;0;149292.1379310345;32344.275862068964;1238263.1724137932
1687957663;0;149433.3793103448;32344.275862068964;1238263.1724137932
1687957664;0;155930.4827586207;32344.275862068964;9886755.310344828
1687957665;0;153105.6551724138;32344.275862068964;10073617.655172413
1687957666;1694.896551724138;141665.10344827586;32344.275862068964;12887852.137931034
1687957667;1694.896551724138;142371.3103448276;32344.275862068964;18962361.379310343
1687957668;1694.896551724138;139405.24137931035;32344.275862068964;24833059.310344826
1687957669;1694.896551724138;131636.9655172414;32344.275862068964;32079448.275862068
1687957670;1694.896551724138;121043.86206896552;32344.275862068964;32112922.48275862
1687957671;1694.896551724138;124574.89655172413;32344.275862068964;32112216.275862068
1687957672;2259.862068965517;126411.03448275862;32344.275862068964;35972060.68965517
1687957673;2259.862068965517;125704.8275862069;32344.275862068964;42672834.20689655
1687957674;2259.862068965517;122032.55172413793;32344.275862068964;42672834.20689655
1687957675;2259.862068965517;120196.41379310345;32344.275862068964;47323065.37931035
1687957676;2259.862068965517;117795.31034482758;32344.275862068964;48784348.68965517
1687957677;2259.862068965517;120478.89655172413;32344.275862068964;52699418.48275862
1687957678;2259.862068965517;121750.06896551725;32344.275862068964;61284352
1687957679;2259.862068965517;121185.10344827586;32344.275862068964;63808900.4137931
1687957680;2259.862068965517;120620.13793103448;32344.275862068964;76410597.51724137
1687957681;2259.862068965517;126269.79310344828;32344.275862068964;76403817.93103448
1687957682;2259.862068965517;82484.96551724138;32344.275862068964;76518082.20689654
1687957683;2259.862068965517;81778.75862068965;32344.275862068964;81363226.48275863
1687957684;2259.862068965517;81778.75862068965;32344.275862068964;87546209.10344827
1687957685;2259.862068965517;78530.20689655172;2118.6206896551726;87546209.10344827
1687957686;2259.862068965517;78812.6896551724;2118.6206896551726;97611917.2413793
1687957687;3813.5172413793102;74575.44827586207;2118.6206896551726;97617001.93103448
1687957688;3813.5172413793102;73163.03448275862;2118.6206896551726;102263278.34482758
1687957689;3813.5172413793102;71326.89655172413;2118.6206896551726;102256640
1687957690;3813.5172413793102;67654.62068965517;0;109963617.10344827
1687957691;3813.5172413793102;68078.3448275862;0;110559090.7586207
1687957692;3813.5172413793102;68643.31034482758;988.6896551724137;116500409.37931034
1687957693;4378.482758620689;72033.10344827586;988.6896551724137;113897613.2413793
1687957694;4378.482758620689;72033.10344827586;988.6896551724137;113710750.89655173
1687957695;2683.5862068965516;69349.5172413793;988.6896551724137;116826394.48275863
1687957696;2683.5862068965516;69632;988.6896551724137;115560871.72413793
1687957697;3248.551724137931;64123.58620689655;988.6896551724137;111546085.51724137
1687957698;3248.551724137931;65818.4827586207;988.6896551724137;108475497.93103448
1687957699;3248.551724137931;66100.96551724138;988.6896551724137;108442023.72413793
1687957700;3248.551724137931;63982.3448275862;988.6896551724137;108442023.72413793
1687957701;2683.5862068965516;63276.13793103448;988.6896551724137;122860367.44827586
1687957702;2683.5862068965516;63982.3448275862;988.6896551724137;116163689.93103448
1687957703;2683.5862068965516;64971.03448275862;988.6896551724137;120548528.55172414
1687957704;2683.5862068965516;63417.379310344826;988.6896551724137;116213971.86206897
1687957705;2683.5862068965516;61722.48275862069;988.6896551724137;114685316.4137931
1687957706;2683.5862068965516;59038.89655172414;988.6896551724137;110770387.86206897
1687957707;2683.5862068965516;58615.1724137931;988.6896551724137;120416609.10344827
1687957708;2683.5862068965516;59180.137931034486;988.6896551724137;117892060.68965517
1687957709;2683.5862068965516;58756.41379310345;988.6896551724137;109213484.13793103
1687957710;2683.5862068965516;55225.379310344826;988.6896551724137;113986454.06896551
1687957711;2683.5862068965516;52259.31034482759;988.6896551724137;117472432.55172414
1687957712;2683.5862068965516;52118.06896551724;988.6896551724137;117295598.34482758
1687957713;2683.5862068965516;55225.379310344826;988.6896551724137;113282083.31034483
1687957714;2683.5862068965516;57767.724137931036;988.6896551724137;117295739.5862069
1687957715;2683.5862068965516;57908.96551724138;988.6896551724137;113457081.37931034
1687957716;1129.9310344827586;60310.06896551724;988.6896551724137;119587945.93103448
1687957717;1129.9310344827586;59745.10344827586;5649.6551724137935;114946189.2413793
1687957718;1129.9310344827586;59603.862068965514;5649.6551724137935;119664781.2413793
1687957719;1129.9310344827586;62711.1724137931;5649.6551724137935;114499442.7586207
1687957720;1129.9310344827586;62993.65517241379;5649.6551724137935;116843625.93103448
1687957721;1129.9310344827586;64688.55172413793;4660.9655172413795;118032030.89655173
1687957722;564.9655172413793;56072.8275862069;4802.206896551724;113328269.2413793
1687957723;564.9655172413793;57202.75862068965;4802.206896551724;117997144.27586207
1687957724;564.9655172413793;57767.724137931036;4802.206896551724;112495651.31034483
1687957725;564.9655172413793;56637.793103448275;4802.206896551724;116437980.68965517
1687957726;0;56496.55172413793;4802.206896551724;120114211.31034483
1687957727;0;55649.10344827586;4802.206896551724;115942505.93103448
1687957728;0;55225.379310344826;4802.206896551724;121854305.10344827
1687957729;0;58473.93103448276;4802.206896551724;121854305.10344827
1687957730;0;60027.58620689655;4802.206896551724;111259789.2413793
1687957731;0;59462.620689655174;4802.206896551724;118091069.79310344
1687957732;0;58615.1724137931;4802.206896551724;113706231.1724138
1687957733;0;58050.206896551725;4802.206896551724;117950534.62068966
1687957734;0;59745.10344827586;4802.206896551724;117950534.62068966
1687957735;0;59462.620689655174;4802.206896551724;125977564.68965517
1687957736;0;61440;4802.206896551724;112989289.93103448
1687957737;0;60592.55172413793;4802.206896551724;117079499.03448276
1687957738;0;60310.06896551724;4802.206896551724;117514098.7586207
1687957739;0;57202.75862068965;4802.206896551724;112741128.8275862
1687957740;0;59745.10344827586;4802.206896551724;109140886.06896551
1687957741;0;60168.8275862069;4802.206896551724;113674169.37931034
1687957742;0;57908.96551724138;4802.206896551724;120220848.55172414
1687957743;0;55225.379310344826;4802.206896551724;116211570.7586207
1687957744;0;54801.65517241379;4802.206896551724;110887335.72413793
1687957745;0;55084.137931034486;4802.206896551724;107319296
1687957746;0;55507.862068965514;141.24137931034483;119030042.48275863
1687957747;0;55366.620689655174;564.9655172413793;114453680.55172414
1687957748;0;54095.448275862065;564.9655172413793;117762683.5862069
1687957749;0;52259.31034482759;564.9655172413793;117444325.51724137
1687957750;0;51835.58620689655;564.9655172413793;113771625.93103448
1687957751;0;53671.724137931036;423.7241379310345;119665063.72413793
1687957752;0;53389.24137931034;423.7241379310345;120058279.72413793
1687957753;0;51129.379310344826;423.7241379310345;125601721.37931034
1687957754;1129.9310344827586;50423.1724137931;423.7241379310345;118712531.86206897
1687957755;1129.9310344827586;50140.68965517241;423.7241379310345;113180389.51724137
1687957756;1129.9310344827586;52259.31034482759;423.7241379310345;115889257.93103448
1687957757;1129.9310344827586;51270.620689655174;423.7241379310345;130100259.31034483
1687957758;1129.9310344827586;46468.41379310345;423.7241379310345;130105767.72413793
1687957759;1129.9310344827586;44632.275862068964;423.7241379310345;124284221.79310344
1687957760;1694.896551724138;45056;423.7241379310345;117448845.2413793
1687957761;1694.896551724138;46327.1724137931;423.7241379310345;136755694.3448276
1687957762;1694.896551724138;45479.724137931036;423.7241379310345;134220694.06896552
1687957763;1694.896551724138;44632.275862068964;423.7241379310345;134220694.06896552
1687957764;1694.896551724138;42937.379310344826;423.7241379310345;131052508.68965517
1687957765;1694.896551724138;42654.89655172414;423.7241379310345;129481339.5862069
1687957766;1694.896551724138;44349.793103448275;423.7241379310345;131787246.34482758
1687957767;1694.896551724138;46750.89655172414;423.7241379310345;134057560.27586207
1687957768;1694.896551724138;45903.448275862065;423.7241379310345;139240553.93103448
1687957769;1836.1379310344828;43784.8275862069;423.7241379310345;144147844.4137931
1687957770;2259.862068965517;43219.862068965514;423.7241379310345;141170334.89655173
1687957771;2259.862068965517;44208.55172413793;423.7241379310345;139434195.86206895
1687957772;2259.862068965517;44483.36493707981;423.7241379310345;144870859.03448275
1687957773;2259.862068965517;44773.51724137931;423.7241379310345;150866838.06896552
1687957774;2259.862068965517;43502.3448275862;423.7241379310345;153603389.79310346
1687957775;2259.862068965517;43219.862068965514;423.7241379310345;147194703.44827586
1687957776;2259.862068965517;46750.89655172414;0;152138151.72413793
1687957777;2259.862068965517;46750.89655172414;0;153915250.75862068
1687957778;2259.862068965517;47457.10344827586;0;156222287.44827586
1687957779;2259.862068965517;46609.65517241379;0;158860958.89655173
1687957780;2259.862068965517;45056;0;157705886.89655173
1687957781;2824.8275862068967;44632.275862068964;0;158053058.20689654
1687957782;2824.8275862068967;47457.10344827586;0;163690990.3448276
1687957783;1694.896551724138;47174.620689655174;0;167570184.8275862
1687957784;2118.6206896551726;46750.89655172414;0;169455051.03448275
1687957785;2118.6206896551726;44491.03448275862;0;166742086.62068966
1687957786;3248.551724137931;46044.68965517241;0;146619286.06896552
1687957787;3248.551724137931;48587.03448275862;0;150931667.86206895
1687957788;3248.551724137931;48587.03448275862;0;166062150.62068966
1687957789;2683.5862068965516;49999.448275862065;0;171531299.31034482
1687957790;2683.5862068965516;48163.31034482759;0;153113847.1724138
1687957791;2683.5862068965516;49010.75862068965;0;151088869.5172414
1687957792;3248.551724137931;51694.3448275862;564.9655172413793;151088869.5172414
1687957793;3248.551724137931;52541.793103448275;4801.710167913665;146242030.3448276
1687957794;3531.0344827586205;52965.51724137931;4802.206896551724;162740012.13793102
1687957795;3531.0344827586205;51411.862068965514;4802.206896551724;161620391.72413793
1687957796;3531.0344827586205;49575.724137931036;4802.206896551724;162085640.8275862
1687957797;3531.0344827586205;51976.8275862069;5649.6551724137935;161180283.58620688
1687957798;3389.793103448276;52118.06896551724;5649.6551724137935;156272993.10344827
1687957799;2966.0689655172414;52118.06896551724;5649.6551724137935;150048909.24137932
1687957800;3813.5172413793102;51129.379310344826;5649.6551724137935;163423902.89655173
1687957801;3813.5172413793102;50996.93050525952;5649.6551724137935;163349186.20689654
1687957802;3813.5172413793102;52824.275862068964;5649.6551724137935;157844444.68965518
1687957803;3813.5172413793102;52259.31034482759;5649.6551724137935;152538288.55172414
1687957804;3813.5172413793102;50423.1724137931;5649.6551724137935;148834233.37931034
1687957805;3813.5172413793102;47880.8275862069;5649.6551724137935;156500109.24137932
1687957806;3813.5172413793102;47598.3448275862;5649.6551724137935;156273134.3448276
1687957807;3813.5172413793102;54801.65517241379;5649.6551724137935;154370048
1687957808;3813.5172413793102;54377.93103448276;5649.6551724137935;157394308.4137931
1687957809;3813.5172413793102;52683.03448275862;5649.6551724137935;160406563.31034482
1687957810;3248.551724137931;53248;5649.6551724137935;156877506.20689654
1687957811;3248.551724137931;50988.137931034486;5649.6551724137935;145267747.31034482
1687957812;3248.551724137931;53106.75862068965;5649.6551724137935;146939056.55172414
1687957813;2824.8275862068967;53671.724137931036;5649.6551724137935;160257271.1724138
1687957814;2824.8275862068967;55225.379310344826;5649.6551724137935;160262073.37931034
1687957815;1694.896551724138;52824.275862068964;5649.6551724137935;162015867.58620688
1687957816;1694.896551724138;52400.55172413793;5649.6551724137935;161400196.4137931
1687957817;2118.6206896551726;52259.31034482759;5649.6551724137935;161723074.20689654
1687957818;2118.6206896551726;52541.793103448275;5649.6551724137935;159192028.68965518
1687957819;2118.6206896551726;51553.10344827586;5649.6551724137935;160147667.86206895
1687957820;2118.6206896551726;51553.10344827586;5649.6551724137935;160147667.86206895
1687957821;2259.862068965517;47598.3448275862;5084.689655172414;176442120.8275862
1687957822;2259.862068965517;47598.3448275862;847.5359519950339;176429974.06896552
1687957823;1977.3793103448274;46892.137931034486;988.6896551724137;158212378.4827586
1687957824;1977.3793103448274;47457.10344827586;988.6896551724137;156640220.68965518
1687957825;1977.3793103448274;46892.137931034486;988.6896551724137;155333879.1724138
1687957826;1977.3793103448274;46468.41379310345;141.24137931034483;157162531.31034482
1687957827;2966.0689655172414;45762.206896551725;141.24137931034483;163398761.93103448
1687957828;2966.0689655172414;46892.137931034486;706.2068965517242;172949645.24137932
1687957829;2118.6206896551726;47457.10344827586;847.448275862069;155496165.5172414
1687957830;2118.6206896551726;47457.10344827586;847.448275862069;156448556.13793102
1687957831;2118.6206896551726;46609.65517241379;847.448275862069;157042052.4137931
1687957832;2118.6206896551726;45903.448275862065;847.448275862069;161218277.5172414
1687957833;2118.6206896551726;46892.137931034486;847.448275862069;174133389.24137932
1687957834;2118.6206896551726;46750.89655172414;847.448275862069;163478987.03448275
1687957835;2118.6206896551726;47739.58620689655;847.448275862069;155992911.44827586
1687957836;2118.6206896551726;41242.48275862069;847.448275862069;165701843.86206895
1687957837;2118.6206896551726;41242.48275862069;847.448275862069;164369655.1724138
1687957838;2118.6206896551726;42796.137931034486;847.448275862069;157067475.86206895
1687957839;2118.6206896551726;42796.137931034486;847.448275862069;155187270.62068966
1687957840;2118.6206896551726;43078.620689655174;847.448275862069;155187270.62068966
1687957841;2118.6206896551726;42372.41379310345;847.448275862069;156255479.1724138
1687957842;2118.6206896551726;42937.379310344826;847.448275862069;152757636.4137931
1687957843;2118.6206896551726;41383.724137931036;847.448275862069;157225666.20689654
1687957844;2118.6206896551726;44208.55172413793;847.448275862069;155471872
1687957845;2118.6206896551726;43219.862068965514;847.448275862069;159812502.06896552
1687957846;1694.896551724138;44632.275862068964;847.448275862069;156491211.03448275
1687957847;1694.896551724138;50423.1724137931;847.448275862069;155380630.06896552
1687957848;1694.896551724138;50423.1724137931;847.448275862069;156660276.96551725
1687957849;1694.896551724138;50988.137931034486;847.448275862069;156660276.96551725
1687957850;988.6896551724137;54095.448275862065;847.448275862069;157484702.89655173
1687957851;988.6896551724137;54236.68965517241;847.448275862069;168515513.37931034
1687957852;988.6896551724137;53389.24137931034;706.2068965517242;168097580.13793102
1687957853;988.6896551724137;54236.68965517241;706.2068965517242;164393242.4827586
1687957854;988.6896551724137;57202.75862068965;706.2068965517242;158606300.68965518
1687957855;988.6896551724137;56920.275862068964;706.2068965517242;166237713.6551724
1687957856;0;58897.65517241379;706.2068965517242;166105511.72413793
1687957857;564.9655172413793;57908.96551724138;141.24137931034483;158702768.55172414
1687957858;564.9655172413793;57485.24137931034;0;168339102.89655173
1687957859;564.9655172413793;58191.448275862065;0;163882513.6551724
1687957860;564.9655172413793;56779.03448275862;0;161893835.03448275
1687957861;564.9655172413793;58897.65517241379;0;169102653.79310346
1687957862;564.9655172413793;58050.206896551725;0;164271351.1724138
1687957863;564.9655172413793;57485.24137931034;0;164036325.5172414
1687957864;564.9655172413793;55790.3448275862;0;164036325.5172414
1687957865;564.9655172413793;56637.793103448275;0;157608147.86206895
1687957866;564.9655172413793;57767.724137931036;0;161849061.5172414
1687957867;564.9655172413793;56920.275862068964;0;164466546.75862068
1687957868;564.9655172413793;56637.793103448275;0;164466688
1687957869;564.9655172413793;58756.41379310345;0;167123579.58620688
1687957870;564.9655172413793;58191.448275862065;0;169587676.68965518
1687957871;564.9655172413793;57908.96551724138;0;162942269.79310346
1687957872;1694.896551724138;59603.862068965514;0;168353650.75862068
1687957873;1694.896551724138;57626.48275862069;0;168353650.75862068
1687957874;1694.896551724138;56496.55172413793;0;160627606.06896552
1687957875;1694.896551724138;58897.65517241379;706.2068965517242;155157186.20689654
1687957876;1694.896551724138;52683.03448275862;706.2068965517242;155765654.06896552
1687957877;2542.344827586207;53812.96551724138;706.2068965517242;162878993.6551724
1687957878;2542.344827586207;59603.862068965514;706.2068965517242;162878993.6551724
1687957879;2542.344827586207;57061.51724137931;706.2068965517242;149188749.24137932
1687957880;2542.344827586207;56920.275862068964;706.2068965517242;140391388.68965518
1687957881;2542.344827586207;56355.31034482759;706.2068965517242;140872033.10344827
1687957882;2542.344827586207;55790.3448275862;706.2068965517242;140872033.10344827
1687957883;2824.8275862068967;55084.137931034486;706.2068965517242;140872033.10344827
1687957884;2824.8275862068967;54236.68965517241;706.2068965517242;127134331.5862069
1687957885;2824.8275862068967;51976.8275862069;706.2068965517242;137240858.4827586
1687957886;2259.862068965517;55790.3448275862;706.1338482225977;137045380.4137931
1687957887;2259.862068965517;54801.65517241379;706.2068965517242;136213044.96551725
1687957888;2259.862068965517;54095.448275862065;706.2068965517242;134350918.62068966
1687957889;2259.862068965517;54236.68965517241;706.2068965517242;134350918.62068966
1687957890;2259.862068965517;51835.58620689655;706.2068965517242;128751262.89655173
1687957891;2259.862068965517;52965.51724137931;706.2068965517242;120756577.10344827
1687957892;2259.862068965517;51976.8275862069;706.2068965517242;118894450.7586207
1687957893;2259.862068965517;52965.51724137931;706.2068965517242;132389217.10344827
1687957894;2259.862068965517;49858.206896551725;706.2068965517242;125014722.20689654
1687957895;2259.862068965517;49575.724137931036;706.2068965517242;125446638.34482758
1687957896;2259.862068965517;50140.68965517241;706.2068965517242;121038777.37931034
1687957897;2259.862068965517;52259.31034482759;706.2068965517242;122939886.34482758
1687957898;2259.862068965517;51694.3448275862;706.2068965517242;120282994.7586207
1687957899;2259.862068965517;51694.3448275862;706.2068965517242;116549985.10344827
1687957900;2259.862068965517;51411.862068965514;1271.1724137931035;123812616.8275862
1687957901;1129.9310344827586;49434.48275862069;4943.448275862069;113928403.86206897
1687957902;1129.9310344827586;50281.93103448276;4943.448275862069;113928403.86206897
1687957903;1129.9310344827586;51270.620689655174;4943.448275862069;122724352
1687957904;1129.9310344827586;47598.3448275862;4237.241379310345;114200576
1687957905;1129.9310344827586;46327.1724137931;4237.241379310345;124327865.37931034
1687957906;282.48275862068965;46327.1724137931;4802.206896551724;114089842.7586207
1687957907;282.48275862068965;41807.448275862065;4802.206896551724;114090831.44827586
1687957908;282.48275862068965;41666.206896551725;4802.206896551724;112782936.27586207
1687957909;282.48275862068965;42513.65517241379;4802.206896551724;116735011.31034483
1687957910;282.48275862068965;43361.10344827586;4802.206896551724;117996155.5862069
1687957911;282.48275862068965;48163.31034482759;4802.206896551724;121713769.93103448
1687957912;0;46327.1724137931;4802.206896551724;127792375.1724138
1687957913;0;47174.620689655174;4802.206896551724;133435956.96551724
1687957914;0;51976.8275862069;4802.206896551724;117225401.37931034
1687957915;0;49293.24137931034;4802.703727971859;121349367.1724138
1687957916;0;50705.65517241379;4802.206896551724;111509362.7586207
1687957917;0;52259.31034482759;4802.206896551724;111509362.7586207
1687957918;0;53530.48275862069;4802.206896551724;118704622.34482758
1687957919;0;53671.724137931036;4802.206896551724;120505167.44827586
1687957920;0;53389.24137931034;4802.206896551724;126177703.72413793
1687957921;0;57344;4802.206896551724;126177703.72413793
1687957922;0;55649.10344827586;4802.206896551724;116338829.2413793
1687957923;0;57202.75862068965;4802.206896551724;116489816.27586207
1687957924;0;56496.55172413793;4802.206896551724;115120481.10344827
1687957925;0;56920.275862068964;4802.206896551724;115449149.79310344
1687957926;0;56072.8275862069;5367.172413793103;118068329.93103448
1687957927;0;53954.206896551725;5367.172413793103;125370932.96551724
1687957928;0;57202.75862068965;5367.172413793103;128275703.1724138
1687957929;0;60451.31034482759;4802.206896551724;118444455.72413793
1687957930;0;61016.275862068964;1129.9310344827586;118446856.8275862
1687957931;0;62428.68965517241;1129.9310344827586;120448529.65517241
1687957932;0;63134.89655172414;1129.9310344827586;111335777.10344827
1687957933;0;66100.96551724138;1129.9310344827586;114560459.03448276
1687957934;0;66242.20689655172;1129.9310344827586;119296564.96551724
1687957935;0;65818.4827586207;564.9655172413793;121540325.51724137
1687957936;0;64406.06896551724;564.9655172413793;121539336.8275862
1687957937;0;65818.4827586207;1129.9310344827586;121473942.06896551
1687957938;0;68643.31034482758;1271.1724137931035;115288417.10344827
1687957939;0;66948.41379310345;1271.1724137931035;122111788.13793103
1687957940;0;61298.75862068965;1271.1724137931035;125226019.31034483
1687957941;0;62428.68965517241;2118.6206896551726;119147414.06896551
1687957942;0;61863.724137931036;4943.448275862069;119916332.13793103
1687957943;0;56214.06896551724;5508.413793103448;121580014.34482758
1687957944;0;57485.24137931034;5508.413793103448;122841299.86206897
1687957945;0;57061.51724137931;5508.413793103448;120979738.48275863
1687957946;0;62711.1724137931;5508.413793103448;128727816.8275862
1687957947;0;62287.448275862065;5790.896551724138;126030106.48275863
1687957948;0;61440;5790.896551724138;121933682.7586207
1687957949;0;68502.06896551725;5790.896551724138;116261570.20689654
1687957950;0;64406.06896551724;5790.896551724138;122338621.79310344
1687957951;0;67089.6551724138;6779.586206896552;120562935.1724138
1687957952;0;65677.24137931035;6779.586206896552;131769308.68965517
1687957953;0;65818.4827586207;6779.586206896552;120678046.89655173
1687957954;0;64829.793103448275;6779.586206896552;127541671.72413793
1687957955;0;63841.10344827586;6214.620689655172;123024207.44827586
1687957956;0;63982.3448275862;6214.620689655172;117374128.55172414
1687957957;0;61581.24137931034;10593.103448275862;107257432.27586207
1687957958;0;58473.93103448276;10593.103448275862;119932151.1724138
1687957959;0;60733.793103448275;10593.103448275862;127534185.93103448
1687957960;0;58473.93103448276;10593.103448275862;125534914.20689654
1687957961;0;58191.448275862065;10593.103448275862;127726132.96551724
1687957962;0;55225.379310344826;10593.103448275862;124501451.03448276
1687957963;0;55225.379310344826;10734.344827586207;107202065.65517241
1687957964;0;54519.1724137931;10734.344827586207;126870492.68965517
1687957965;0;60451.31034482759;10734.344827586207;126873035.03448276
1687957966;0;58897.65517241379;10169.379310344828;124817690.48275863
1687957967;0;56214.06896551724;10028.137931034482;126602840.27586207
1687957968;0;57908.96551724138;10028.137931034482;116503516.68965517
1687957969;0;58756.41379310345;10028.137931034482;120036528.55172414
1687957970;0;58191.448275862065;9180.689655172413;132713931.03448276
1687957971;0;57908.96551724138;6355.862068965517;126301431.1724138
1687957972;0;59180.137931034486;5790.896551724138;124637748.96551724
1687957973;0;57626.48275862069;5790.896551724138;118885128.8275862
1687957974;0;57626.48275862069;5790.896551724138;122370824.8275862
1687957975;0;52118.06896551724;5790.896551724138;121451060.96551724
1687957976;0;51553.10344827586;5508.413793103448;121656708.4137931
1687957977;0;53389.24137931034;5508.413793103448;124806814.89655173
1687957978;0;45338.48275862069;5508.413793103448;123114743.1724138
1687957979;0;47174.620689655174;5508.413793103448;123113330.7586207
1687957980;0;46044.68965517241;4519.724137931034;125410621.79310344
1687957981;0;47174.620689655174;4519.724137931034;115955358.89655173
1687957982;0;47880.8275862069;4519.724137931034;119715769.37931034
1687957983;0;48869.51724137931;4519.724137931034;112523475.86206897
1687957984;0;49858.206896551725;4519.724137931034;123636912.55172414
1687957985;0;53248;4519.724137931034;127642094.34482758
1687957986;0;54801.65517241379;141.24137931034483;127644354.20689654
1687957987;0;54519.1724137931;141.24137931034483;116039962.48275863
1687957988;0;51411.862068965514;141.24137931034483;120079042.20689654
1687957989;0;52259.31034482759;141.24137931034483;125003564.13793103
1687957990;0;51976.8275862069;141.24137931034483;122812345.37931034
1687957991;0;52118.06896551724;141.24137931034483;124675460.4137931
1687957992;0;52400.55172413793;0;124675460.4137931
1687957993;0;53248;0;116040244.96551724
1687957994;0;48163.31034482759;0;122576048.55172414
1687957995;0;51694.3448275862;0;122576048.55172414
1687957996;0;51553.10344827586;0;123315305.93103448
1687957997;0;51129.379310344826;0;123315305.93103448
1687957998;0;50846.89655172414;0;112950448.55172414
1687957999;0;49999.448275862065;0;115799569.65517241
1687958000;0;52400.55172413793;0;117970873.37931034
1687958001;0;52824.275862068964;0;126730381.2413793
1687958002;0;53671.724137931036;0;125145088
1687958003;0;53671.724137931036;0;123763888.55172414
1687958004;0;50988.137931034486;4519.724137931034;116935574.06896551
1687958005;0;51129.379310344826;4519.724137931034;122273792
1687958006;0;50423.1724137931;4519.724137931034;118562674.7586207
1687958007;0;52400.55172413793;4519.724137931034;124073913.37931034
1687958008;0;50564.41379310345;4519.724137931034;124472355.31034483
1687958009;0;49858.206896551725;4660.9655172413795;120294859.03448276
1687958010;0;52118.06896551724;4660.9655172413795;123165872.55172414
1687958011;0;51694.3448275862;4660.9655172413795;122374355.86206897
1687958012;0;52259.31034482759;4660.9655172413795;136434228.96551725
1687958013;0;51976.8275862069;4660.9655172413795;125317826.20689654
1687958014;0;48445.793103448275;4660.9655172413795;119660120.27586207
1687958015;0;46892.137931034486;4660.9655172413795;125732369.65517241
1687958016;0;48587.03448275862;4660.9655172413795;124171369.93103448
1687958017;0;48587.03448275862;4660.9655172413795;112527854.34482758
1687958018;0;48587.03448275862;4660.9655172413795;117758163.86206897
1687958019;0;49152;4660.9655172413795;130725111.1724138
1687958020;0;49858.206896551725;4660.9655172413795;128861996.13793103
1687958021;0;52683.03448275862;4660.9655172413795;128864114.7586207
1687958022;0;55649.10344827586;4660.9655172413795;117604210.7586207
1687958023;0;53530.48275862069;4660.9655172413795;111065864.8275862
1687958024;0;51835.58620689655;8615.724137931034;117495737.37931034
1687958025;0;50988.137931034486;8615.724137931034;130763246.34482758
1687958026;0;52400.55172413793;8615.724137931034;130765506.20689654
1687958027;0;53530.48275862069;8615.724137931034;132048119.1724138
1687958028;0;55649.10344827586;9463.172413793103;116521595.5862069
1687958029;0;52400.55172413793;9463.172413793103;114350291.86206897
1687958030;0;50846.89655172414;9463.172413793103;105590784
1687958031;0;52965.51724137931;9463.172413793103;122534382.34482758
1687958032;0;52824.275862068964;9463.172413793103;133426070.06896551
1687958033;0;54519.1724137931;4943.448275862069;133426070.06896551
1687958034;0;54236.68965517241;4943.448275862069;123384655.44827586
1687958035;0;55225.379310344826;4943.448275862069;126482078.89655173
1687958036;0;54801.65517241379;4943.448275862069;122966722.20689654
1687958037;0;56214.06896551724;4943.448275862069;116492641.10344827
1687958038;0;56920.275862068964;4802.206896551724;116492641.10344827
1687958039;0;53389.24137931034;4802.206896551724;133136948.96551724
1687958040;0;54801.65517241379;4802.206896551724;131483577.37931034
1687958041;0;52541.793103448275;4802.206896551724;117426105.37931034
1687958042;0;52683.03448275862;4802.206896551724;117426105.37931034
1687958043;0;55084.137931034486;4802.206896551724;121444422.62068966
1687958044;0;55084.137931034486;4802.206896551724;118814084.4137931
1687958045;0;52683.03448275862;4802.206896551724;124809074.7586207
1687958046;0;55931.58620689655;4802.206896551724;124813735.72413793
1687958047;0;55084.137931034486;4802.206896551724;120737227.03448276
1687958048;0;52683.03448275862;4802.206896551724;109400346.48275863
1687958049;0;52541.793103448275;4802.206896551724;114360037.51724137
1687958050;0;48445.793103448275;4802.206896551724;119917462.06896551
1687958051;0;46468.41379310345;4802.206896551724;130614519.1724138
1687958052;0;48728.275862068964;4802.206896551724;130616637.79310344
1687958053;0;48022.06896551724;847.448275862069;124186765.2413793
1687958054;0;50281.93103448276;847.448275862069;110276466.7586207
1687958055;0;47739.58620689655;847.448275862069;117504494.34482758
1687958056;0;46468.41379310345;847.448275862069;122621952
1687958057;0;45762.206896551725;0;132222834.7586207
1687958058;0;48445.793103448275;0;132222834.7586207
1687958059;0;48304.55172413793;564.9655172413793;133353895.72413793
1687958060;0;45338.48275862069;564.9655172413793;124392130.20689654
1687958061;0;44632.275862068964;564.9655172413793;111391991.1724138
1687958062;0;43926.06896551724;564.9655172413793;118871145.93103448
1687958063;0;48163.31034482759;564.9655172413793;118871145.93103448
1687958064;0;46892.137931034486;564.9655172413793;120229181.79310344
1687958065;0;46468.41379310345;564.9655172413793;124251453.79310344
1687958066;0;46185.93103448276;564.9655172413793;129322725.51724137
1687958067;0;48304.55172413793;564.9655172413793;130151529.93103448
1687958068;0;48304.55172413793;564.9655172413793;109613197.2413793
1687958069;0;47739.58620689655;564.9655172413793;108297675.03448276
1687958070;0;47598.3448275862;564.9655172413793;121541596.68965517
1687958071;0;46892.137931034486;564.9655172413793;124578851.31034483
1687958072;0;43926.06896551724;564.9655172413793;125160907.03448276
1687958073;0;45338.48275862069;564.9655172413793;123595952.55172414
1687958074;0;47174.620689655174;564.9655172413793;115600419.31034483
1687958075;0;46185.93103448276;564.9655172413793;128617931.03448276
1687958076;0;47315.862068965514;564.9655172413793;123999479.1724138
1687958077;0;49010.75862068965;564.9655172413793;123077879.1724138
1687958078;0;53812.96551724138;564.9655172413793;126080105.93103448
1687958079;0;53812.96551724138;564.9655172413793;125390141.79310344
1687958080;0;52118.06896551724;564.9655172413793;119258853.51724137
1687958081;0;52400.55172413793;564.9655172413793;126034484.96551724
1687958082;0;52259.31034482759;564.9655172413793;126034484.96551724
1687958083;0;49152;1271.1724137931035;127190121.93103448
1687958084;0;52824.275862068964;1271.1724137931035;126034343.72413793
1687958085;0;51553.10344827586;1271.1724137931035;129216935.72413793
1687958086;0;51694.3448275862;1271.1724137931035;119616052.96551724
1687958087;0;50423.1724137931;1271.1724137931035;119616052.96551724
1687958088;0;53812.96551724138;706.2068965517242;118484992
1687958089;0;52965.51724137931;706.2068965517242;121920123.5862069
1687958090;0;53671.724137931036;706.2068965517242;126515411.86206897
1687958091;0;55084.137931034486;706.2068965517242;120875784.8275862
1687958092;0;51694.3448275862;706.2068965517242;120875784.8275862
1687958093;0;54236.68965517241;706.2068965517242;126574309.51724137
1687958094;0;56779.03448275862;706.2068965517242;124409926.62068966
1687958095;0;57344;706.2068965517242;123296097.10344827
1687958096;0;54801.65517241379;706.2068965517242;124188318.89655173
1687958097;0;56779.03448275862;706.2068965517242;123309232.55172414
1687958098;0;57061.51724137931;706.2068965517242;123309232.55172414
1687958099;0;57908.96551724138;1412.4137931034484;123181550.34482758
1687958100;0;58615.1724137931;1412.4137931034484;124256538.48275863
1687958101;0;59038.89655172414;1412.4137931034484;121433829.51724137
1687958102;0;57061.51724137931;1412.4137931034484;121706566.62068966
1687958103;0;55649.10344827586;1412.4137931034484;135216445.79310346
1687958104;0;54942.89655172414;1412.4137931034484;122194273.10344827
1687958105;0;55790.3448275862;1412.4137931034484;134246964.96551725
1687958106;0;55366.620689655174;1412.4137931034484;133538498.20689654
1687958107;0;50705.65517241379;1412.4137931034484;125576580.4137931
1687958108;0;51694.3448275862;5367.172413793103;122167013.51724137
1687958109;0;52824.275862068964;10875.58620689655;116108323.31034483
1687958110;0;50988.137931034486;10875.58620689655;116918060.13793103
1687958111;0;51553.10344827586;10875.58620689655;123707392
1687958112;0;54660.41379310345;10169.379310344828;124615009.10344827
1687958113;0;54942.89655172414;11299.310344827587;126450440.8275862
1687958114;0;64688.55172413793;11723.034482758621;116874275.31034483
1687958115;0;65959.72413793103;11723.034482758621;123831684.4137931
1687958116;0;67513.37931034483;11723.034482758621;123845808.55172414
1687958117;0;66807.1724137931;11723.034482758621;123845808.55172414
1687958118;0;68502.06896551725;11723.034482758621;124637748.96551724
1687958119;0;69349.5172413793;11723.034482758621;120042460.68965517
1687958120;0;68219.58620689655;11723.034482758621;118202932.96551724
1687958121;0;67372.13793103448;11723.034482758621;119672125.79310344
1687958122;0;65394.75862068965;11723.034482758621;109704721.65517241
1687958123;0;62569.93103448276;11723.034482758621;116463121.65517241
1687958124;0;61722.48275862069;11723.034482758621;112505679.44827586
1687958125;0;63134.89655172414;11723.034482758621;123678720
1687958126;0;62852.41379310345;11723.034482758621;123680979.86206897
1687958127;0;61298.75862068965;11723.034482758621;123680979.86206897
1687958128;0;62146.206896551725;11016.827586206897;112360200.8275862
1687958129;0;65818.4827586207;11016.827586206897;108247958.06896551
1687958130;0;65818.4827586207;11016.827586206897;126498462.89655173
1687958131;0;65536;11016.827586206897;124349757.79310344
1687958132;0;65536;11016.827586206897;110839878.62068966
1687958133;0;66100.96551724138;11016.827586206897;112288308.96551724
1687958134;0;65818.4827586207;11440.551724137931;102634460.68965517
1687958135;0;69208.27586206897;11440.551724137931;108458548.96551724
1687958136;0;70903.1724137931;11440.551724137931;119275378.7586207
1687958137;0;71891.86206896552;7485.793103448275;117815366.62068966
1687958138;423.7241379310345;73586.75862068965;1977.3793103448274;123209939.86206897
1687958139;423.7241379310345;75846.62068965517;1977.3793103448274;115628808.8275862
1687958140;423.7241379310345;74857.93103448275;2966.0689655172414;117498985.93103448
1687958141;423.7241379310345;73869.24137931035;2966.0689655172414;113554114.20689654
1687958142;423.7241379310345;71326.89655172413;39830.06896551724;105644173.2413793
1687958143;564.9655172413793;62287.448275862065;203387.58620689655;109078881.10344827
1687958144;564.9070785780782;62004.96551724138;207907.3103448276;104761979.5862069
1687958145;564.9655172413793;59180.137931034486;207907.3103448276;110827025.65517241
1687958146;564.9655172413793;60027.58620689655;207907.3103448276;111417414.62068966
1687958147;564.9655172413793;58332.68965517241;207907.3103448276;105617619.86206897
1687958148;564.9655172413793;57908.96551724138;209602.2068965517;110623214.34482758
1687958149;564.9655172413793;59886.3448275862;209743.44827586206;113525583.44827586
1687958150;564.9655172413793;60733.793103448275;209743.44827586206;115093786.48275863
1687958151;564.9655172413793;59886.3448275862;209743.44827586206;118053075.86206897
1687958152;564.9655172413793;61016.275862068964;209743.44827586206;107440904.8275862
1687958153;564.9655172413793;60875.03448275862;209743.44827586206;120335536.55172414
1687958154;564.9655172413793;61157.51724137931;210449.6551724138;107443447.1724138
1687958155;564.9655172413793;60592.55172413793;210449.6551724138;107441187.31034483
1687958156;564.9655172413793;67937.10344827586;210449.6551724138;107441187.31034483
1687958157;564.9655172413793;68360.8275862069;210449.6551724138;111749049.37931034
1687958158;564.9655172413793;63699.862068965514;210449.6551724138;111795659.03448276
1687958159;564.9655172413793;72315.58620689655;210449.6551724138;91770032.55172414
1687958160;564.9655172413793;74010.4827586207;210449.6551724138;91766784
1687958161;564.9655172413793;75987.86206896552;210449.6551724138;91766784
1687958162;564.9655172413793;75846.62068965517;210449.6551724138;90318353.65517241
1687958163;564.9655172413793;74434.20689655172;210025.93103448275;86457238.06896551
1687958164;564.9655172413793;72315.58620689655;210025.93103448275;80640353.10344827
1687958165;564.9655172413793;69914.4827586207;210025.93103448275;69823523.31034483
1687958166;564.9655172413793;71891.86206896552;210025.93103448275;69823523.31034483
1687958167;141.24137931034483;70055.72413793103;210025.93103448275;63904803.31034483
1687958168;141.24137931034483;68502.06896551725;210025.93103448275;63898447.448275864
1687958169;141.24137931034483;71609.37931034483;209037.24137931035;55238938.48275862
1687958170;141.24137931034483;72315.58620689655;209037.24137931035;55238938.48275862
1687958171;141.24137931034483;71326.89655172413;171043.3103448276;55239644.68965517
1687958172;0;72174.3448275862;7062.068965517241;51798439.72413793
1687958173;0;68643.31034482758;2542.344827586207;49166830.344827585
1687958174;0;72174.3448275862;2542.344827586207;43087660.137931034
1687958175;0;68643.31034482758;18361.379310344826;42497271.172413796
1687958176;0;70620.6896551724;18361.379310344826;36088161.10344827
1687958177;0;70338.20689655172;16666.48275862069;31082566.620689657
1687958178;0;70620.6896551724;16525.241379310344;28184293.517241377
1687958179;0;68784.55172413793;16525.241379310344;25146897.655172415
1687958180;0;71750.62068965517;18078.896551724138;19077190.620689657
1687958181;0;70338.20689655172;18502.620689655174;19077190.620689657
1687958182;0;72033.10344827586;18502.620689655174;6182558.896551724
1687958183;0;69067.03448275862;17796.41379310345;6180581.517241379
1687958184;0;69773.24137931035;17796.41379310345;6180581.517241379
1687958185;0;61440;17796.41379310345;6183688.827586207
1687958186;0;62852.41379310345;17796.41379310345;77965.24137931035
1687958187;0;62852.41379310345;17796.41379310345;31355.58620689655
1687958188;0;56072.8275862069;17796.41379310345;28813.241379310344
1687958189;0;53530.48275862069;17796.41379310345;68925.79310344828
1687958190;0;62287.448275862065;17796.41379310345;68925.79310344828
1687958191;0;60733.793103448275;17937.655172413793;68925.79310344828
1687958192;0;61298.75862068965;17937.655172413793;68925.79310344828
1687958193;0;58615.1724137931;17937.655172413793;61722.48275862069
1687958194;0;61016.275862068964;17937.655172413793;61722.48275862069
1687958195;0;58897.65517241379;17937.655172413793;62711.1724137931
1687958196;0;59886.3448275862;17937.655172413793;62711.1724137931
1687958197;0;59180.137931034486;17937.655172413793;62711.1724137931
1687958198;0;58191.448275862065;17937.655172413793;62711.1724137931
1687958199;0;55366.620689655174;17937.655172413793;62711.1724137931
1687958200;0;58897.65517241379;17937.655172413793;62004.96551724138
1687958201;0;57767.724137931036;17937.655172413793;62004.96551724138
1687958202;0;59603.862068965514;17937.655172413793;53106.75862068965
1687958203;0;55931.58620689655;17937.655172413793;53106.75862068965
1687958204;0;57626.48275862069;2118.6206896551726;53106.75862068965
1687958205;0;54801.65517241379;2118.6206896551726;53106.75862068965
1687958206;0;57908.96551724138;2118.6206896551726;53106.75862068965
1687958207;0;54377.93103448276;2118.6206896551726;49010.75862068965
1687958208;0;59745.10344827586;2118.6206896551726;49010.75862068965
1687958209;0;56214.06896551724;564.9655172413793;54095.448275862065
1687958210;0;58191.448275862065;141.24137931034483;54095.448275862065
1687958211;0;57202.75862068965;141.24137931034483;54095.448275862065
1687958212;0;58332.68965517241;141.24137931034483;54095.448275862065
1687958213;0;57202.75862068965;141.24137931034483;54095.448275862065
1687958214;0;60027.58620689655;141.24137931034483;51694.3448275862
1687958215;0;62428.68965517241;141.24137931034483;51694.3448275862
1687958216;0;63841.10344827586;141.24137931034483;51694.3448275862
1687958217;0;61863.724137931036;141.24137931034483;51694.3448275862
1687958218;0;65959.72413793103;141.24137931034483;11581.793103448275
1687958219;0;55931.58620689655;141.24137931034483;11581.793103448275
1687958220;0;56214.06896551724;0;11581.793103448275
1687958221;0;58050.206896551725;0;11581.793103448275
1687958222;0;58897.65517241379;0;11581.793103448275
1687958223;1129.9310344827586;56355.31034482759;0;11581.793103448275
1687958224;1129.9310344827586;55366.620689655174;0;17372.689655172413
1687958225;1129.9310344827586;56637.793103448275;0;17372.689655172413
1687958226;1129.9310344827586;57061.51724137931;0;17372.689655172413
1687958227;1129.9310344827586;55790.3448275862;7627.0344827586205;17372.689655172413
1687958228;3248.551724137931;58332.68965517241;7627.0344827586205;17372.689655172413
1687958229;3248.551724137931;55084.137931034486;7627.0344827586205;18785.103448275862
1687958230;3248.551724137931;55366.620689655174;7627.0344827586205;18785.103448275862
1687958231;3248.551724137931;58473.93103448276;7627.0344827586205;18785.103448275862
1687958232;3248.551724137931;59321.379310344826;7627.0344827586205;18785.103448275862
1687958233;4378.482758620689;60168.8275862069;8050.758620689655;18785.103448275862
1687958234;4943.448275862069;61016.275862068964;8050.758620689655;18785.103448275862
1687958235;4943.448275862069;58615.1724137931;8050.758620689655;18785.103448275862
1687958236;4943.448275862069;61157.51724137931;8050.758620689655;18785.103448275862
1687958237;4943.448275862069;56637.793103448275;8050.758620689655;18785.103448275862
1687958238;4943.448275862069;58332.68965517241;13276.689655172413;9321.931034482759
1687958239;5225.931034482758;60592.55172413793;13276.689655172413;9321.931034482759
1687958240;5225.931034482758;60168.8275862069;13276.689655172413;9321.931034482759
1687958241;5225.931034482758;64264.8275862069;13982.896551724138;9321.931034482759
1687958242;5225.931034482758;64547.31034482759;13982.896551724138;9321.931034482759
1687958243;5225.931034482758;62569.93103448276;13982.896551724138;8615.724137931034
1687958244;5225.931034482758;61298.75862068965;13982.896551724138;8615.724137931034
1687958245;5225.931034482758;61157.51724137931;13982.896551724138;8615.724137931034
1687958246;5225.931034482758;73869.24137931035;13982.896551724138;8615.724137931034
1687958247;5225.931034482758;77259.03448275862;14547.862068965516;8615.724137931034
1687958248;5225.931034482758;76129.10344827586;14547.862068965516;8615.724137931034
1687958249;5225.931034482758;78812.6896551724;14547.862068965516;8615.724137931034
1687958250;5225.931034482758;76129.10344827586;14547.862068965516;8615.724137931034
1687958251;5225.931034482758;78247.72413793103;14547.862068965516;8615.724137931034
1687958252;4096;78953.93103448275;19632.55172413793;8615.724137931034
1687958253;9463.172413793103;79095.1724137931;19632.55172413793;1836.1379310344828
1687958254;9463.172413793103;76552.8275862069;19632.55172413793;1836.1379310344828
1687958255;9463.172413793103;76129.10344827586;19632.55172413793;1836.1379310344828
1687958256;9463.172413793103;76694.06896551725;12005.51724137931;1836.1379310344828
1687958257;7344.551724137931;75140.41379310345;12005.51724137931;1836.1379310344828
1687958258;7344.551724137931;75281.6551724138;12711.724137931034;423.7241379310345
1687958259;7909.51724137931;76270.3448275862;12711.724137931034;423.7241379310345
1687958260;7909.51724137931;72880.55172413793;12711.724137931034;1977.3793103448274
1687958261;7909.51724137931;74575.44827586207;12711.724137931034;1977.3793103448274
1687958262;6779.586206896552;73586.75862068965;12288;1977.3793103448274
1687958263;6214.620689655172;74292.96551724138;12711.724137931034;1977.3793103448274
1687958264;6497.103448275862;73586.75862068965;12711.724137931034;1977.3793103448274
1687958265;6497.103448275862;71891.86206896552;12711.724137931034;1977.3793103448274
1687958266;6497.103448275862;73021.79310344828;12711.724137931034;1977.3793103448274
1687958267;6497.103448275862;72880.55172413793;7485.793103448275;1553.655172413793
1687958268;6214.620689655172;70055.72413793103;7485.793103448275;1553.655172413793
1687958269;6214.620689655172;71044.41379310345;7485.793103448275;1553.494466089715
1687958270;6214.620689655172;67372.13793103448;6779.586206896552;6497.103448275862
1687958271;6214.620689655172;67795.86206896552;6779.586206896552;6497.103448275862
1687958272;6214.620689655172;69632;6779.586206896552;6497.103448275862
1687958273;6214.620689655172;65818.4827586207;6779.586206896552;6497.103448275862
1687958274;6214.620689655172;64547.31034482759;6779.586206896552;6497.103448275862
1687958275;6214.620689655172;52683.03448275862;6779.586206896552;6497.103448275862
1687958276;6214.620689655172;47315.862068965514;6214.620689655172;6638.3448275862065
1687958277;6214.620689655172;47457.10344827586;6214.620689655172;6638.3448275862065
1687958278;6214.620689655172;44773.51724137931;6214.620689655172;6638.3448275862065
1687958279;6214.620689655172;46609.65517241379;6214.620689655172;6638.3448275862065
1687958280;6214.620689655172;46327.1724137931;6214.620689655172;6638.3448275862065
1687958281;6214.620689655172;46185.93103448276;1129.9310344827586;6638.3448275862065
1687958282;847.448275862069;48587.03448275862;1129.9310344827586;6638.3448275862065
1687958283;847.448275862069;47739.58620689655;1129.9310344827586;6638.3448275862065
1687958284;847.448275862069;47739.58620689655;1129.9310344827586;6638.3448275862065
1687958285;847.448275862069;46750.89655172414;1129.9310344827586;11864.275862068966
1687958286;847.448275862069;47739.58620689655;1129.9310344827586;11864.275862068966
1687958287;847.448275862069;47598.3448275862;423.7241379310345;11864.275862068966
1687958288;282.48275862068965;46609.65517241379;423.7241379310345;11864.275862068966
1687958289;282.48275862068965;46892.137931034486;423.7241379310345;10310.620689655172
1687958290;282.48275862068965;47174.620689655174;423.7241379310345;10310.620689655172
1687958291;282.48275862068965;46750.89655172414;423.7241379310345;10451.862068965516
1687958292;282.48275862068965;49010.75862068965;0;10451.862068965516
1687958293;0;48869.51724137931;0;10451.862068965516
1687958294;0;49010.75862068965;0;10451.862068965516
1687958295;0;47880.8275862069;0;10451.862068965516
1687958296;0;49293.24137931034;0;10451.862068965516
1687958297;0;48163.31034482759;0;10451.862068965516
1687958298;0;47033.379310344826;0;10452.943407938752
1687958299;0;46468.41379310345;0;5508.413793103448
1687958300;0;49434.48275862069;0;5508.413793103448
1687958301;0;48445.793103448275;0;5508.413793103448
1687958302;0;50564.41379310345;0;5508.413793103448
1687958303;0;51976.8275862069;0;5508.413793103448
1687958304;0;53248;0;5508.413793103448
1687958305;0;52118.06896551724;0;5367.172413793103
1687958306;0;55084.137931034486;0;5367.172413793103
1687958307;0;55084.137931034486;4660.9655172413795;5367.172413793103
1687958308;0;53530.48275862069;4660.9655172413795;5790.896551724138
1687958309;0;52400.55172413793;4660.9655172413795;5790.896551724138
1687958310;0;53106.75862068965;4660.9655172413795;5790.896551724138
1687958311;0;52824.275862068964;4660.9655172413795;5790.896551724138
1687958312;0;52965.51724137931;4660.9655172413795;5790.896551724138
1687958313;0;55366.620689655174;4802.206896551724;5790.896551724138
1687958314;0;55366.620689655174;4802.206896551724;564.9655172413793
1687958315;0;55084.137931034486;4802.206896551724;564.9655172413793
1687958316;0;56214.06896551724;4802.206896551724;1129.9310344827586
1687958317;0;56214.06896551724;4802.206896551724;1129.9310344827586
1687958318;0;57202.75862068965;4802.206896551724;45620.96551724138
1687958319;0;56072.8275862069;4802.206896551724;45620.96551724138
1687958320;0;55931.58620689655;4802.206896551724;45479.724137931036
1687958321;0;56214.06896551724;4802.206896551724;45479.724137931036
1687958322;0;56214.06896551724;4802.206896551724;45479.724137931036
1687958323;0;64406.06896551724;8756.965517241379;158190.3448275862
1687958324;0;63558.620689655174;9463.172413793103;158190.3448275862
1687958325;0;62428.68965517241;9463.172413793103;158190.3448275862
1687958326;0;62711.1724137931;9463.172413793103;158190.3448275862
1687958327;0;63558.620689655174;9463.172413793103;158190.3448275862
1687958328;0;62569.93103448276;9463.172413793103;158190.3448275862
1687958329;0;61722.48275862069;9463.172413793103;158190.3448275862
1687958330;0;62004.96551724138;9463.172413793103;158190.3448275862
1687958331;0;63276.13793103448;9463.172413793103;158190.3448275862
1687958332;0;66948.41379310345;9463.172413793103;317086.8965517241
1687958333;0;68784.55172413793;9463.172413793103;319205.5172413793
1687958334;0;68643.31034482758;9463.172413793103;319205.5172413793
1687958335;0;66524.6896551724;9463.172413793103;319205.5172413793
1687958336;0;66807.1724137931;4802.206896551724;319205.5172413793
1687958337;0;68502.06896551725;4802.206896551724;318781.7931034483
1687958338;0;66948.41379310345;4802.206896551724;324713.9310344828
1687958339;0;67654.62068965517;5225.931034482758;325985.1034482759
1687958340;0;64547.31034482759;5225.931034482758;325985.1034482759
1687958341;0;68360.8275862069;5225.931034482758;325985.1034482759
1687958342;0;65112.275862068964;5084.689655172414;325985.1034482759
1687958343;0;66100.96551724138;5084.689655172414;325985.1034482759
1687958344;0;65253.51724137931;5084.689655172414;327962.4827586207
1687958345;0;65677.24137931035;5084.689655172414;327397.5172413793
1687958346;0;65959.72413793103;5084.689655172414;327397.5172413793
1687958347;0;65112.275862068964;5084.689655172414;282906.4827586207
1687958348;0;90253.24137931035;5225.931034482758;282906.4827586207
1687958349;0;111721.93103448275;5225.931034482758;282906.4827586207
1687958350;0;115111.72413793103;5225.931034482758;282906.4827586207
1687958351;0;129094.62068965517;5225.931034482758;283047.724137931
1687958352;0;129659.58620689655;1271.1724137931035;170478.3448275862
1687958353;0;136862.89655172414;30649.379310344826;170478.3448275862
1687958354;0;135732.9655172414;30649.379310344826;170478.3448275862
1687958355;0;137004.1379310345;30649.379310344826;174998.06896551725
1687958356;0;151128.27586206896;30649.379310344826;174998.06896551725
1687958357;0;153529.3793103448;30649.379310344826;174998.06896551725
1687958358;0;153105.6551724138;30649.379310344826;174998.06896551725
1687958359;0;152823.1724137931;31779.310344827587;174998.06896551725
1687958360;0;148585.93103448275;31779.310344827587;174998.06896551725
1687958361;0;144913.6551724138;31779.310344827587;16101.51724137931
1687958362;0;144913.6551724138;31779.310344827587;13982.896551724138
1687958363;0;145337.3793103448;31779.310344827587;58615.1724137931
1687958364;0;192653.24137931035;31779.310344827587;58615.1724137931
1687958365;0;194065.6551724138;31779.310344827587;58615.1724137931
1687958366;0;194348.1379310345;31779.310344827587;58615.1724137931
1687958367;0;195336.8275862069;31779.310344827587;52683.03448275862
1687958368;0;195195.58620689655;31355.58620689655;51411.862068965514
1687958369;0;196890.4827586207;31355.58620689655;52400.55172413793
1687958370;0;192935.72413793104;31355.58620689655;52400.55172413793
1687958371;0;194348.1379310345;31355.58620689655;52400.55172413793
1687958372;0;197879.1724137931;31355.58620689655;52400.55172413793
1687958373;0;198020.41379310345;31355.58620689655;65677.24137931035
1687958374;0;203811.3103448276;31355.58620689655;6972.0344827586
1687958375;0;203528.8275862069;31355.58620689655;6972.3793103448
1687958376;0;204658.75862068965;31355.58620689655;6972.3793103448
1687958377;0;183048.8275862069;31214.344827586207;6972.517241379
