Time;{instance="10.231.0.208:9100"};{instance="192.168.221.10:9100"};{instance="192.168.221.11:9100"};{instance="192.168.221.12:9100"}
1687957657;0;0;0;292934.6206896552
1687957658;0;0;0;292934.6206896552
1687957659;0;0;0;292934.6206896552
1687957660;0;0;0;295194.4827586207
1687957661;2123987.8620689656;0;0;327538.7586206896
1687957662;5834116.413793104;0;0;327962.4827586207
1687957663;9309643.034482758;0;0;327962.4827586207
1687957664;12115544.275862068;0;0;329798.6206896552
1687957665;14439812.413793104;0;0;312143.4482758621
1687957666;16471710.896551725;0;0;312143.4482758621
1687957667;18574936.275862068;0;0;151975.72413793104
1687957668;21264030.896551725;0;0;151975.72413793104
1687957669;24411736.275862068;0;0;135591.72413793104
1687957670;27766784;0;0;135591.72413793104
1687957671;30869715.862068966;0;0;135591.72413793104
1687957672;34038324.96551724;0;0;135591.72413793104
1687957673;37401423.448275864;0;0;136156.6896551724
1687957674;40703646.89655172;0;0;136156.6896551724
1687957675;43871126.06896552;0;0;55790.3448275862
1687957676;47786478.344827585;0;0;49293.24137931034
1687957677;51564685.24137931;0;0;47457.10344827586
1687957678;55611956.96551724;0;0;47457.10344827586
1687957679;59371943.72413793;0;0;47457.10344827586
1687957680;63276985.37931035;0;0;47598.3448275862
1687957681;67037395.862068966;0;0;47598.3448275862
1687957682;70141175.1724138;0;0;39830.06896551724
1687957683;72462900.96551724;0;0;39830.06896551724
1687957684;75110894.34482759;0;0;39830.06896551724
1687957685;78059308.13793103;0;0;39830.06896551724
1687957686;80725804.13793103;0;0;39830.06896551724
1687957687;83809809.65517241;0;0;153388.1379310345
1687957688;87502706.7586207;0;0;153388.1379310345
1687957689;91021453.2413793;0;0;163133.79310344826
1687957690;92323416.27586207;0;0;130789.5172413793
1687957691;92631746.20689654;0;0;130365.79310344828
1687957692;92818891.03448276;0;0;131213.24137931035
1687957693;93864642.20689654;0;0;131354.4827586207
1687957694;95342309.51724137;0;0;131354.4827586207
1687957695;97023646.89655173;0;0;131636.9655172414
1687957696;98805971.86206897;0;0;131636.9655172414
1687957697;100036043.03448276;0;0;131636.9655172414
1687957698;100633070.34482758;0;0;131636.9655172414
1687957699;100833068.13793103;0;0;131636.9655172414
1687957700;101622042.48275863;0;0;131636.9655172414
1687957701;102631918.34482758;0;0;131636.9655172414
1687957702;102846040.27586207;0;0;131072
1687957703;103029512.8275862;0;0;131072
1687957704;104014388.96551724;0;0;131072
1687957705;103715098.48275863;0;0;131072
1687957706;103827244.13793103;0;0;130083.31034482758
1687957707;103654647.1724138;0;0;130224.55172413793
1687957708;104063682.20689654;0;0;130224.55172413793
1687957709;103913683.86206897;0;0;130083.31034482758
1687957710;104299837.79310344;0;0;130083.31034482758
1687957711;105288386.20689654;0;0;128812.13793103448
1687957712;106942322.7586207;0;0;128812.13793103448
1687957713;108343578.48275863;0;0;128812.13793103448
1687957714;109444837.51724137;0;0;128812.13793103448
1687957715;110683665.65517241;0;0;128812.13793103448
1687957716;111646931.86206897;0;0;15254.068965517241
1687957717;112290286.34482758;0;0;15254.068965517241
1687957718;112477713.65517241;0;0;3248.551724137931
1687957719;113155389.79310344;0;0;3248.551724137931
1687957720;113475584;0;0;7627.0344827586205
1687957721;113717812.96551724;0;0;6779.586206896552
1687957722;113624028.68965517;0;0;4802.206896551724
1687957723;114301281.10344827;0;0;4802.206896551724
1687957724;114348032;0;0;4519.724137931034
1687957725;114362721.10344827;0;0;4519.724137931034
1687957726;114493086.89655173;0;0;4519.724137931034
1687957727;114797462.06896551;0;0;4519.724137931034
1687957728;115273728;0;0;4519.724137931034
1687957729;115512990.89655173;0;0;4519.724137931034
1687957730;115140113.65517241;0;0;4519.724137931034
1687957731;115424856.27586207;0;0;4519.724137931034
1687957732;115699570.7586207;0;0;4519.724137931034
1687957733;115307767.1724138;0;0;4519.724137931034
1687957734;115152825.37931034;0;0;4519.724137931034
1687957735;114886020.4137931;0;0;4519.724137931034
1687957736;115059182.34482758;0;0;14971.58620689655
1687957737;114794496;0;0;21751.1724137931
1687957738;114943505.65517241;0;0;27965.793103448275
1687957739;115135876.4137931;0;0;27965.793103448275
1687957740;114798027.03448276;0;0;101552.55172413793
1687957741;114726135.1724138;0;0;293640.8275862069
1687957742;115015256.27586207;0;0;310731.0344827586
1687957743;114867094.06896551;0;0;322877.7931034483
1687957744;114957206.06896551;0;0;422452.9655172414
1687957745;115013278.89655173;0;0;556349.7931034482
1687957746;114526702.34482758;0;0;929792
1687957747;114734609.65517241;0;0;962560
1687957748;114502973.79310344;0;0;979791.448275862
1687957749;113906652.68965517;0;0;1012983.172413793
1687957750;114575713.10344827;0;0;1265522.7586206896
1687957751;114867094.06896551;0;0;2309296.5517241377
1687957752;114027131.5862069;0;0;3201659.5862068967
1687957753;114605797.51724137;0;0;4141762.206896552
1687957754;114321196.13793103;0;0;5108983.172413793
1687957755;114610317.2413793;0;0;5972250.482758621
1687957756;114321337.37931034;0;0;6409533.793103448
1687957757;114339133.79310344;0;0;6988058.482758621
1687957758;114206931.86206897;0;0;7928161.1034482755
1687957759;114306224.55172414;0;0;8872783.448275862
1687957760;114421336.27586207;0;0;9623057.655172413
1687957761;114617238.06896551;0;0;10242401.103448275
1687957762;115049154.20689654;0;0;11227700.965517242
1687957763;113345218.20689654;0;0;11987014.620689655
1687957764;112227998.89655173;0;0;12139131.586206896
1687957765;112519097.37931034;0;0;13077680.551724138
1687957766;112375172.4137931;0;0;13898151.72413793
1687957767;112538871.1724138;0;0;14911699.862068966
1687957768;112231529.93103448;0;0;15917056
1687957769;112382093.2413793;0;0;16751933.793103447
1687957770;112527995.5862069;0;0;17490908.689655174
1687957771;112239298.20689654;0;0;18314487.172413792
1687957772;112242829.2413793;0;0;19210804.96551724
1687957773;112441697.10344827;0;0;19950062.344827585
1687957774;112116841.93103448;0;0;20702031.44827586
1687957775;112588023.1724138;0;0;21209935.44827586
1687957776;112687457.10344827;0;0;22099049.931034483
1687957777;112847059.86206897;0;0;23357510.620689657
1687957778;113109203.86206897;0;0;24737862.620689657
1687957779;112584915.86206897;0;0;25854093.24137931
1687957780;112439154.7586207;0;0;26013978.48275862
1687957781;113283495.72413793;0;0;26368353.103448275
1687957782;112750450.7586207;0;0;26630214.620689657
1687957783;113184485.51724137;0;0;26923996.689655174
1687957784;112850308.4137931;0;0;27385008.551724136
1687957785;112986182.62068966;0;0;28366918.620689657
1687957786;111739303.72413793;0;0;28635700.96551724
1687957787;110488328.8275862;0;0;27747716.413793102
1687957788;110542706.7586207;0;0;27917629.79310345
1687957789;109932261.51724137;0;0;28604627.862068966
1687957790;109641163.03448276;0;0;29549108.96551724
1687957791;107763076.4137931;0;0;29680180.96551724
1687957792;106729048.27586207;0;0;29235129.379310343
1687957793;104511982.34482758;0;0;29087673.379310343
1687957794;104078088.8275862;0;0;28468471.172413792
1687957795;104222720;0;0;29049679.44827586
1687957796;104349272.27586207;0;0;29467895.172413792
1687957797;104096167.72413793;0;0;30072125.79310345
1687957798;104367351.1724138;0;0;30894715.586206894
1687957799;102921039.44827586;0;0;30905167.44827586
1687957800;102921039.44827586;0;0;30633984
1687957801;102921039.44827586;0;0;31110956.137931034
1687957802;102631777.10344827;0;0;31859535.44827586
1687957803;102179804.68965517;0;0;32461929.931034483
1687957804;100362875.5862069;0;0;32355292.689655174
1687957805;100353836.13793103;0;0;32011934.896551725
1687957806;100516546.20689654;0;0;31206717.79310345
1687957807;100561743.44827586;0;0;31322959.44827586
1687957808;100362875.5862069;0;0;31368721.655172415
1687957809;100563297.10344827;0;0;31126068.96551724
1687957810;100075166.89655173;0;0;30873670.620689657
1687957811;100228837.51724137;0;0;30688644.413793102
1687957812;99361050.48275863;0;0;29973398.068965517
1687957813;99406247.72413793;0;0;29485267.862068966
1687957814;99559918.34482758;0;0;29021713.655172415
1687957815;100807362.20689654;0;0;29146147.310344826
1687957816;101145070.34482758;0;0;29912099.310344826
1687957817;101235464.8275862;0;0;29516199.724137932
1687957818;101918508.13793103;0;0;29168180.96551724
1687957819;102302967.1724138;0;0;28598695.724137932
1687957820;103748996.4137931;0;0;28491634.75862069
1687957821;106810120.8275862;0;0;29044877.24137931
1687957822;107413221.51724137;0;0;30266473.931034483
1687957823;103508179.86206897;0;0;31676627.862068966
1687957824;99603138.20689654;0;0;32083261.79310345
1687957825;98916140.13793103;0;0;32335236.413793102
1687957826;99042692.4137931;0;0;32259813.517241377
1687957827;99060771.31034483;0;0;32071680
1687957828;100362451.86206897;0;0;32653312
1687957829;100217820.68965517;0;0;33623216.551724136
1687957830;100561319.72413793;0;0;33742848
1687957831;100651714.20689654;0;0;32652605.79310345
1687957832;101085607.72413793;0;0;32615176.827586208
1687957833;102342091.03448276;0;0;33062205.79310345
1687957834;102676550.62068966;0;0;34065302.06896552
1687957835;102098025.93103448;0;0;35068963.31034483
1687957836;101664132.4137931;0;0;34330270.89655172
1687957837;101862576.55172414;0;0;34248068.4137931
1687957838;101952971.03448276;0;0;34697216
1687957839;100578974.89655173;0;0;35113030.62068965
1687957840;98047929.37931034;0;0;34927156.96551724
1687957841;96890880;0;0;34580409.37931035
1687957842;96890880;0;0;35064302.344827585
1687957843;96908958.89655173;0;0;35302011.5862069
1687957844;96601617.65517241;0;0;35695510.06896552
1687957845;97420958.89655173;0;0;35492546.20689655
1687957846;97276327.72413793;0;0;36046777.37931035
1687957847;97131696.55172414;0;0;35789153.10344827
1687957848;97131696.55172414;0;0;36307932.68965517
1687957849;96842434.20689654;0;0;36577703.72413793
1687957850;96963195.5862069;0;0;36488015.448275864
1687957851;99831243.03448276;0;0;36731091.862068966
1687957852;103880915.86206897;0;0;36741543.72413793
1687957853;107930588.68965517;0;0;36639002.48275862
1687957854;107026643.86206897;0;0;35997484.137931034
1687957855;106448119.1724138;0;0;34725888
1687957856;106303488;0;0;34754277.51724138
1687957857;106303488;0;0;34028579.31034483
1687957858;106448119.1724138;0;0;33854569.93103448
1687957859;106249251.31034483;0;0;33927026.75862069
1687957860;102976971.03448276;0;0;34116855.172413796
1687957861;102398446.34482758;0;0;33100340.96551724
1687957862;102687708.68965517;0;0;33327174.620689653
1687957863;102398446.34482758;0;0;33418981.517241377
1687957864;102687708.68965517;0;0;33526748.689655174
1687957865;102253815.1724138;0;0;33773214.89655172
1687957866;102109607.72413793;0;0;33857818.48275862
1687957867;100904253.79310344;0;0;33962337.10344827
1687957868;98282813.79310344;0;0;34641566.89655172
1687957869;96854580.96551724;0;0;35894801.655172415
1687957870;94829885.79310344;0;0;37377694.89655172
1687957871;90780212.96551724;0;0;38407909.51724138
1687957872;86712461.2413793;0;0;39451824.551724136
1687957873;82970129.65517241;0;0;40348707.31034483
1687957874;79065088;0;0;41329063.72413793
1687957875;75160046.34482759;0;0;42302640.551724136
1687957876;71255004.68965517;0;0;43936803.31034483
1687957877;67205331.86206897;0;0;44782980.4137931
1687957878;63734183.72413793;0;0;45990170.48275862
1687957879;59829142.06896552;0;0;47709501.79310345
1687957880;56068731.5862069;0;0;48698897.655172415
1687957881;52019058.75862069;0;0;49461036.137931034
1687957882;47969385.93103448;0;0;50284049.655172415
1687957883;45366024.827586204;0;0;51557764.4137931
1687957884;42039507.862068966;0;0;52097447.72413793
1687957885;37989835.034482755;0;0;51036866.20689655
1687957886;34084793.37931035;0;0;52649277.79310345
1687957887;30035120.551724136;0;0;53441783.17241379
1687957888;25985447.724137932;0;0;54128640
1687957889;25262291.862068966;0;0;55855174.62068965
1687957890;22080406.068965517;0;0;57698798.344827585
1687957891;18030733.24137931;0;0;58740594.75862069
1687957892;13981060.413793104;0;0;59582534.62068965
1687957893;10076018.758620689;0;0;60000609.10344827
1687957894;6894132.9655172415;0;0;61509490.75862069
1687957895;2989091.3103448274;0;0;62320781.24137931
1687957896;141.24137931034483;0;0;63335176.827586204
1687957897;141.24137931034483;0;0;63755369.93103448
1687957898;141.24137931034483;0;0;63863137.10344827
1687957899;0;0;0;64498299.5862069
1687957900;0;0;0;64395617.10344827
1687957901;0;0;0;64471746.20689655
1687957902;0;0;0;64785867.034482755
1687957903;0;0;0;65247020.137931034
1687957904;0;0;0;65385295.448275864
1687957905;0;0;0;65319476.96551724
1687957906;0;0;0;65286567.72413793
1687957907;0;0;0;64958040.27586207
1687957908;0;0;0;63442096.551724136
1687957909;0;0;0;63304668.68965517
1687957910;0;0;0;63250008.27586207
1687957911;0;0;0;62987299.31034483
1687957912;0;0;0;63128399.448275864
1687957913;0;0;0;64717082.48275862
1687957914;0;0;0;66717625.37931035
1687957915;0;0;0;66662541.241379306
1687957916;0;0;0;67112253.79310344
1687957917;0;0;0;67398550.06896551
1687957918;0;0;0;67100813.241379306
1687957919;0;0;0;67254625.10344827
1687957920;0;0;0;67061265.655172415
1687957921;0;0;0;67385414.62068966
1687957922;0;0;0;67816483.31034483
1687957923;0;0;0;67620016.55172414
1687957924;0;0;0;66541214.89655172
1687957925;0;0;0;66659433.93103448
1687957926;0;0;0;66766353.655172415
1687957927;0;0;0;66830194.75862069
1687957928;0;0;0;67165360.55172414
1687957929;0;0;0;67272280.27586207
1687957930;0;0;0;67462391.1724138
1687957931;0;0;0;67338240
1687957932;0;0;0;67826228.96551724
1687957933;0;0;0;67343748.4137931
1687957934;0;0;0;67004627.862068966
1687957935;0;0;0;67204766.89655173
1687957936;0;0;0;67546429.79310344
1687957937;0;0;0;68990622.89655173
1687957938;0;0;0;69033136.55172414
1687957939;0;0;0;68229331.86206897
1687957940;0;0;0;68370008.27586207
1687957941;0;0;0;68317042.7586207
1687957942;1836.1379310344828;0;0;68140773.51724137
1687957943;1836.1379310344828;0;0;67873968.55172414
1687957944;1836.1379310344828;0;0;67725947.5862069
1687957945;1836.1379310344828;0;0;67489085.79310344
1687957946;1836.1379310344828;0;0;67338381.2413793
1687957947;1836.1379310344828;0;0;67661965.2413793
1687957948;1836.1379310344828;0;0;67902923.03448276
1687957949;1836.1379310344828;0;0;67942611.86206897
1687957950;1836.1379310344828;0;0;67458012.68965517
1687957951;1836.1379310344828;0;0;67546429.79310344
1687957952;1836.1379310344828;0;0;67420442.48275863
1687957953;1836.1379310344828;0;0;68809551.44827586
1687957954;1836.1379310344828;0;0;68588508.68965517
1687957955;1836.1379310344828;0;0;68503057.65517241
1687957956;1836.1379310344828;0;0;68964916.96551724
1687957957;1836.1379310344828;0;0;68750371.31034483
1687957958;1836.1379310344828;0;0;68535119.44827586
1687957959;1836.1379310344828;0;0;68227636.96551724
1687957960;1836.1379310344828;0;0;68376081.65517241
1687957961;1836.1379310344828;0;0;68380601.37931034
1687957962;1836.1379310344828;0;0;68856867.31034483
1687957963;1836.1379310344828;0;0;69254744.27586207
1687957964;1836.1379310344828;0;0;68376364.13793103
1687957965;1836.1379310344828;0;0;68462238.89655173
1687957966;1836.1379310344828;0;0;68644016.55172414
1687957967;1836.1379310344828;0;0;68694722.20689654
1687957968;1835.9480053787543;0;0;69444996.4137931
1687957969;1836.1379310344828;0;0;69101497.37931034
1687957970;1836.1379310344828;0;0;68946696.8275862
1687957971;0;0;0;69235959.1724138
1687957972;0;0;0;69395985.65517241
1687957973;0;0;0;69633553.65517241
1687957974;0;0;0;69549232.55172414
1687957975;0;0;0;68482436.4137931
1687957976;0;0;0;67510695.72413793
1687957977;0;0;0;67074401.10344827
1687957978;0;0;0;67260416
1687957979;0;0;0;67210557.79310344
1687957980;0;0;0;67149824
1687957981;0;0;0;67375810.20689654
1687957982;0;0;0;67116773.51724137
1687957983;0;0;0;67163100.68965517
1687957984;0;0;0;67164795.5862069
1687957985;0;0;0;66865081.37931035
1687957986;0;0;0;66956888.27586207
1687957987;0;0;0;67322279.72413793
1687957988;0;0;0;67337675.03448276
1687957989;0;0;0;67093327.448275864
1687957990;0;0;0;67011972.4137931
1687957991;0;0;0;67195868.68965517
1687957992;0;0;0;67241065.93103448
1687957993;0;0;0;67784845.2413793
1687957994;0;0;0;67644733.79310344
1687957995;0;0;0;67848262.62068966
1687957996;0;0;0;67915069.79310344
1687957997;0;0;0;68041622.06896551
1687957998;0;0;0;68369443.31034483
1687957999;0;0;0;68110689.10344827
1687958000;0;0;0;68020577.10344827
1687958001;0;0;0;67903064.27586207
1687958002;0;0;0;67989927.72413793
1687958003;0;0;0;67954334.89655173
1687958004;0;0;0;69184406.06896551
1687958005;0;0;0;69239913.93103448
1687958006;0;0;0;69466747.5862069
1687958007;0;0;0;69399799.1724138
1687958008;0;0;0;69395985.65517241
1687958009;0;0;0;69310110.89655173
1687958010;0;0;0;69065904.55172414
1687958011;0;0;0;69095988.96551724
1687958012;0;0;0;68887657.93103448
1687958013;0;0;0;68802913.10344827
1687958014;0;0;0;68950792.8275862
1687958015;0;0;0;68952064
1687958016;0;0;0;68910821.51724137
1687958017;0;0;0;69063644.68965517
1687958018;0;0;0;69130028.13793103
1687958019;0;0;0;69171835.5862069
1687958020;0;0;0;69146412.13793103
1687958021;0;0;0;69214208
1687958022;0;0;0;69282427.5862069
1687958023;0;0;0;69427482.48275863
1687958024;0;0;0;68834692.4137931
1687958025;0;0;0;68542887.72413793
1687958026;0;0;0;68443453.79310344
1687958027;0;0;0;68500515.31034483
1687958028;0;0;0;68967035.5862069
1687958029;0;0;0;68971272.8275862
1687958030;0;0;0;68831726.34482759
1687958031;141.24137931034483;0;0;67819166.89655173
1687958032;141.24137931034483;0;0;67819166.89655173
1687958033;141.24137931034483;0;0;67732727.1724138
1687958034;141.24137931034483;0;0;68817460.96551724
1687958035;141.24137931034483;0;0;68613932.13793103
1687958036;141.24137931034483;0;0;68623536.55172414
1687958037;141.24137931034483;0;0;68875934.89655173
1687958038;141.24137931034483;0;0;69016046.34482759
1687958039;141.24137931034483;0;0;68826217.93103448
1687958040;141.24137931034483;0;0;68878194.7586207
1687958041;141.24137931034483;0;0;68709693.79310344
1687958042;141.24137931034483;0;0;67792754.7586207
1687958043;141.24137931034483;0;0;66803076.4137931
1687958044;141.24137931034483;0;0;66619745.10344827
1687958045;141.24137931034483;0;0;66316782.344827585
1687958046;141.24137931034483;0;0;66374550.06896552
1687958047;141.24137931034483;0;0;66481187.31034483
1687958048;141.24137931034483;0;0;66449408
1687958049;141.24137931034483;0;0;66342488.27586207
1687958050;141.24137931034483;0;0;66338109.79310345
1687958051;141.24137931034483;0;0;66364945.655172415
1687958052;141.24137931034483;0;0;66269607.72413793
1687958053;141.24137931034483;0;0;66561977.37931035
1687958054;141.24137931034483;0;0;66770732.137931034
1687958055;141.24137931034483;0;0;66817200.551724136
1687958056;141.24137931034483;0;0;66888809.93103448
1687958057;141.24137931034483;0;0;66631185.655172415
1687958058;141.24137931034483;0;0;66590508.137931034
1687958059;141.24137931034483;0;0;66919883.034482755
1687958060;0;0;0;67774110.89655173
1687958061;0;0;0;68020718.34482759
1687958062;0;0;0;67839929.37931034
1687958063;0;0;0;67946284.13793103
1687958064;0;0;0;68054616.27586207
1687958065;0;0;0;68011820.13793103
1687958066;0;0;0;67974673.65517241
1687958067;0;0;0;67813517.2413793
1687958068;0;0;0;68417041.65517241
1687958069;0;0;0;68554893.2413793
1687958070;0;0;0;68671558.62068966
1687958071;0;0;0;69647536.55172414
1687958072;0;0;0;70669276.68965517
1687958073;0;0;0;70934104.27586207
1687958074;0;0;0;71169129.93103448
1687958075;0;0;0;70812636.68965517
1687958076;0;0;0;70628740.4137931
1687958077;0;0;0;70499787.03448276
1687958078;0;0;0;70365042.7586207
1687958079;0;0;0;70075639.1724138
1687958080;0;0;0;69861517.2413793
1687958081;0;0;0;69697677.2413793
1687958082;0;0;0;69630163.86206897
1687958083;0;0;0;69708694.06896551
1687958084;0;0;0;69694569.93103448
1687958085;0;0;0;69409403.5862069
1687958086;0;0;0;69579175.72413793
1687958087;0;0;0;69592876.13793103
1687958088;0;0;0;69530447.44827586
1687958089;0;0;0;69460109.2413793
1687958090;0;0;0;69344573.79310344
1687958091;0;0;0;69561520.55172414
1687958092;0;0;0;69391889.65517241
1687958093;0;0;0;69374093.2413793
1687958094;0;0;0;69595842.20689654
1687958095;0;0;0;69521549.2413793
1687958096;0;0;0;69497396.96551724
1687958097;0;0;0;69230450.7586207
1687958098;0;0;0;69203332.4137931
1687958099;0;0;0;69101779.86206897
1687958100;0;0;0;69125790.89655173
1687958101;0;0;0;69236100.4137931
1687958102;0;0;0;69233840.55172414
1687958103;0;423.7241379310345;0;69040763.5862069
1687958104;0;423.7241379310345;0;69551774.89655173
1687958105;0;423.7241379310345;0;69347963.5862069
1687958106;0;423.7241379310345;0;69315901.79310344
1687958107;0;423.7241379310345;0;68881725.79310344
1687958108;0;423.7241379310345;0;68455459.31034483
1687958109;0;423.7241379310345;0;68118174.89655173
1687958110;0;423.7241379310345;0;67319596.13793103
1687958111;0;423.7241379310345;0;66488531.862068966
1687958112;0;423.7241379310345;0;66366358.06896552
1687958113;0;423.7241379310345;0;66184297.93103448
1687958114;0;423.7241379310345;0;66216359.72413793
1687958115;0;423.7241379310345;0;66084581.51724138
1687958116;0;423.7241379310345;0;66485707.034482755
1687958117;0;423.7241379310345;0;66443475.862068966
1687958118;0;423.7241379310345;0;66283873.10344827
1687958119;0;423.7241379310345;0;66262969.37931035
1687958120;0;423.7241379310345;0;66172574.89655172
1687958121;0;423.7241379310345;0;66000825.37931035
1687958122;0;423.7241379310345;0;65967209.93103448
1687958123;0;423.7241379310345;0;65554078.89655172
1687958124;0;423.7241379310345;0;65626394.48275862
1687958125;0;423.7241379310345;0;65303799.17241379
1687958126;0;423.7241379310345;0;65388261.51724138
1687958127;0;423.7241379310345;0;65230212.4137931
1687958128;0;423.7241379310345;0;65376397.241379306
1687958129;0;423.7241379310345;0;65209167.448275864
1687958130;0;423.7241379310345;0;64444486.62068965
1687958131;0;423.7241379310345;0;64161862.62068965
1687958132;0;0;0;64142512.551724136
1687958133;0;0;0;63757488.551724136
1687958134;0;0;0;63744776.827586204
1687958135;0;0;0;63077411.31034483
1687958136;0;0;0;62841679.448275864
1687958137;0;0;0;63222748.68965517
1687958138;0;0;0;63475429.51724138
1687958139;0;0;0;64642224.551724136
1687958140;0;0;268076.1379310345;65096880.551724136
1687958141;0;0;656489.9310344828;64986429.79310345
1687958142;0;0;759878.6206896552;64941797.51724138
1687958143;0;0;759878.6206896552;64783607.17241379
1687958144;0;0;782759.724137931;64718494.89655172
1687958145;0;0;782759.724137931;64050564.4137931
1687958146;0;0;782759.724137931;63861442.20689655
1687958147;0;0;782759.724137931;63900001.10344827
1687958148;0;0;782759.724137931;63807911.72413793
1687958149;0;0;782759.724137931;63574439.72413793
1687958150;0;0;782759.724137931;63428819.862068966
1687958151;0;0;782759.724137931;63304244.96551724
1687958152;0;0;782759.724137931;63260601.37931035
1687958153;0;0;782759.724137931;62710607.448275864
1687958154;0;0;782759.724137931;62454678.06896552
1687958155;0;0;782759.724137931;60166991.448275864
1687958156;0;0;782759.724137931;57852751.448275864
1687958157;0;0;782759.724137931;55823819.034482755
1687958158;0;0;782759.724137931;53502799.448275864
1687958159;0;0;782759.724137931;51559883.034482755
1687958160;0;0;782759.724137931;49237027.31034483
1687958161;0;0;782759.724137931;47054000.551724136
1687958162;0;0;782759.724137931;44876905.93103448
1687958163;0;564.9655172413793;782759.724137931;42748115.862068966
1687958164;0;564.9655172413793;782759.724137931;41098840.27586207
1687958165;0;564.9655172413793;782759.724137931;39494055.72413793
1687958166;0;564.9655172413793;782759.724137931;37293515.034482755
1687958167;0;564.9655172413793;782759.724137931;35305260.137931034
1687958168;0;564.9655172413793;782759.724137931;32612634.48275862
1687958169;0;564.9655172413793;514683.5862068965;30562515.862068966
1687958170;0;564.9655172413793;126269.79310344828;28318331.586206894
1687958171;0;564.9655172413793;22881.103448275862;26081068.137931034
1687958172;0;564.9655172413793;22881.103448275862;23965837.24137931
1687958173;0;564.9655172413793;0;21792132.413793102
1687958174;0;564.9655172413793;0;19667862.068965517
1687958175;0;564.9655172413793;0;17492321.103448275
1687958176;0;564.9655172413793;0;15311554.206896551
1687958177;0;564.9655172413793;0;13045901.24137931
1687958178;0;564.9655172413793;0;10856801.103448275
1687958179;0;564.9655172413793;0;8629565.793103449
1687958180;0;564.9655172413793;0;6437499.586206896
1687958181;0;564.9655172413793;0;4253201.655172414
1687958182;0;564.9655172413793;0;2292065.103448276
1687958183;0;564.9655172413793;0;542931.8620689656
1687958184;0;564.9655172413793;0;389261.2413793103
1687958185;0;564.9655172413793;0;389261.2413793103
1687958186;0;564.9655172413793;0;161156.41379310345
1687958187;0;564.9655172413793;0;118360.27586206897
1687958188;0;564.9655172413793;0;117654.06896551725
1687958189;0;564.9655172413793;0;114405.5172413793
1687958190;0;564.9655172413793;0;114405.5172413793
1687958191;0;564.9655172413793;0;99998.89655172413
1687958192;0;0;0;101552.55172413793
1687958193;0;0;0;237709.24137931035
1687958194;0;0;0;226127.44827586206
1687958195;0;0;0;193924.41379310345
1687958196;0;0;0;193924.41379310345
1687958197;0;0;0;187286.06896551725
1687958198;0;0;0;175139.3103448276
1687958199;0;0;0;175139.3103448276
1687958200;0;0;0;179659.0344827586
1687958201;0;0;0;179659.0344827586
1687958202;0;0;0;174856.8275862069
1687958203;0;0;0;174856.8275862069
1687958204;0;0;0;167371.0344827586
1687958205;0;0;0;166664.8275862069
1687958206;0;0;0;163416.27586206896
1687958207;0;0;0;167936
1687958208;0;0;0;167936
1687958209;0;0;0;168077.24137931035
1687958210;0;0;0;164828.6896551724
1687958211;0;0;0;161438.89655172414
1687958212;0;8192;0;161438.89655172414
1687958213;0;8192;0;161438.89655172414
1687958214;0;8192;0;161438.89655172414
1687958215;0;8192;0;209460.96551724136
1687958216;0;8192;0;209460.96551724136
1687958217;0;8192;0;209460.96551724136
1687958218;0;8192;0;208189.79310344826
1687958219;0;8192;0;208189.79310344826
1687958220;0;8192;0;219771.58620689655
1687958221;0;8192;0;218217.93103448275
1687958222;0;8192;0;81920
1687958223;15254.068965517241;8192;0;86722.20689655172
1687958224;15254.068965517241;8192;0;86722.20689655172
1687958225;15254.068965517241;8192;0;87852.13793103448
1687958226;15254.068965517241;8192;0;94772.96551724138
1687958227;15254.068965517241;8192;0;90676.96551724138
1687958228;15395.310344827585;8192;0;90676.96551724138
1687958229;15395.310344827585;8192;0;86157.24137931035
1687958230;15395.310344827585;8192;0;86157.24137931035
1687958231;15395.310344827585;8192;0;86157.24137931035
1687958232;15395.310344827585;8192;0;88982.06896551725
1687958233;15395.310344827585;8192;0;88982.06896551725
1687958234;15395.310344827585;8192;0;88982.06896551725
1687958235;15395.310344827585;8192;0;88982.06896551725
1687958236;15395.310344827585;8192;0;84462.3448275862
1687958237;15395.310344827585;8192;0;84462.3448275862
1687958238;15395.310344827585;8192;0;84321.10344827586
1687958239;15395.310344827585;8192;0;85874.75862068965
1687958240;15395.310344827585;8192;0;85874.75862068965
1687958241;15395.310344827585;0;0;85874.75862068965
1687958242;15395.310344827585;0;0;85874.75862068965
1687958243;15395.310344827585;0;0;85874.75862068965
1687958244;15395.310344827585;0;0;37852.68965517241
1687958245;15395.310344827585;0;0;37852.68965517241
1687958246;15395.310344827585;0;0;37852.68965517241
1687958247;15395.310344827585;0;0;37852.68965517241
1687958248;15395.310344827585;0;0;37852.68965517241
1687958249;15395.310344827585;0;0;26270.896551724138
1687958250;15395.310344827585;0;0;26270.896551724138
1687958251;15395.310344827585;0;0;26270.896551724138
1687958252;141.24137931034483;0;0;12429.241379310344
1687958253;141.24137931034483;0;0;14124.137931034482
1687958254;141.24137931034483;0;0;23163.58620689655
1687958255;141.24137931034483;0;0;16242.758620689656
1687958256;141.24137931034483;0;0;16242.758620689656
1687958257;0;0;0;16242.758620689656
1687958258;0;0;0;16242.758620689656
1687958259;0;0;0;16242.758620689656
1687958260;0;0;0;16242.758620689656
1687958261;0;0;0;13417.931034482759
1687958262;0;0;0;13417.931034482759
1687958263;0;0;0;13417.931034482759
1687958264;0;0;0;13417.931034482759
1687958265;0;0;0;18502.620689655174
1687958266;0;0;0;18502.620689655174
1687958267;0;0;0;18502.620689655174
1687958268;0;0;0;16948.96551724138
1687958269;0;0;0;16947.212357342345
1687958270;0;0;0;16948.96551724138
1687958271;0;0;0;16948.96551724138
1687958272;0;0;0;16948.96551724138
1687958273;0;0;0;16948.96551724138
1687958274;0;0;0;16948.96551724138
1687958275;0;0;0;16948.96551724138
1687958276;0;0;0;16948.96551724138
1687958277;0;0;0;16948.96551724138
1687958278;0;0;0;16948.96551724138
1687958279;0;0;0;16948.96551724138
1687958280;0;0;0;16948.96551724138
1687958281;0;0;0;16948.96551724138
1687958282;0;0;0;15254.068965517241
1687958283;0;0;0;5084.689655172414
1687958284;0;0;0;5084.689655172414
1687958285;0;0;0;5084.689655172414
1687958286;0;0;0;5084.689655172414
1687958287;0;0;0;5084.689655172414
1687958288;0;0;0;5084.689655172414
1687958289;0;0;0;5084.689655172414
1687958290;0;0;0;6638.3448275862065
1687958291;0;0;0;6638.3448275862065
1687958292;0;706.2068965517242;0;6638.3448275862065
1687958293;0;706.2068965517242;0;6638.3448275862065
1687958294;0;706.2068965517242;0;1553.655172413793
1687958295;0;706.2068965517242;0;1553.655172413793
1687958296;0;706.2068965517242;0;1553.655172413793
1687958297;0;706.2068965517242;0;1553.655172413793
1687958298;0;706.2068965517242;0;1553.8159119908955
1687958299;0;706.2068965517242;0;1553.655172413793
1687958300;0;706.2068965517242;0;1553.655172413793
1687958301;0;706.2068965517242;0;6073.379310344828
1687958302;0;706.2068965517242;0;6073.379310344828
1687958303;0;706.2068965517242;0;6073.379310344828
1687958304;0;706.2068965517242;0;6073.379310344828
1687958305;0;706.2068965517242;0;8756.965517241379
1687958306;0;706.2068965517242;0;8756.965517241379
1687958307;0;706.2068965517242;0;8756.965517241379
1687958308;0;706.2068965517242;0;8756.965517241379
1687958309;0;706.2068965517242;0;8756.965517241379
1687958310;0;706.2068965517242;0;8756.965517241379
1687958311;0;706.2068965517242;0;8756.965517241379
1687958312;0;706.2068965517242;0;8756.965517241379
1687958313;0;706.2068965517242;0;8756.965517241379
1687958314;0;706.2068965517242;0;12570.48275862069
1687958315;0;706.2068965517242;0;12570.48275862069
1687958316;0;706.2068965517242;0;34321.65517241379
1687958317;0;706.2068965517242;0;272595.8620689655
1687958318;0;706.2068965517242;0;1070468.4137931035
1687958319;0;706.2068965517242;0;1072163.3103448276
1687958320;0;706.2068965517242;0;1072163.3103448276
1687958321;0;0;0;1072163.3103448276
1687958322;0;0;0;1072163.3103448276
1687958323;0;0;0;1072163.3103448276
1687958324;0;0;0;1072163.3103448276
1687958325;0;0;0;1072163.3103448276
1687958326;0;0;0;1072163.3103448276
1687958327;0;0;0;1072163.3103448276
1687958328;0;0;0;1072163.3103448276
1687958329;0;0;0;1072163.3103448276
1687958330;0;0;0;1067643.5862068965
1687958331;0;0;0;1128094.896551724
1687958332;0;0;0;1149281.103448276
1687958333;0;0;0;1189676.1379310344
1687958334;0;0;0;1186992.551724138
1687958335;0;0;0;1186992.551724138
1687958336;0;0;0;1186992.551724138
1687958337;0;0;0;1186992.551724138
1687958338;0;0;0;1186992.551724138
1687958339;0;0;0;1186992.551724138
1687958340;0;0;0;1186992.551724138
1687958341;0;0;0;1190806.0689655172
1687958342;0;0;0;1190806.0689655172
1687958343;0;0;0;1186992.551724138
1687958344;0;0;0;1186992.551724138
1687958345;0;0;0;1165241.3793103448
1687958346;0;0;0;926967.172413793
1687958347;0;4660.9655172413795;0;133614.3448275862
1687958348;0;8615.724137931034;1412.4137931034484;130365.79310344828
1687958349;0;8615.724137931034;1412.4137931034484;130365.79310344828
1687958350;0;8615.724137931034;1412.4137931034484;1436566.0689655172
1687958351;0;8615.724137931034;1412.4137931034484;1675546.4827586208
1687958352;0;8615.724137931034;1412.4137931034484;2956888.275862069
1687958353;0;8615.724137931034;1412.4137931034484;3083864.275862069
1687958354;0;8615.724137931034;1412.4137931034484;3093751.172413793
1687958355;0;8615.724137931034;1412.4137931034484;3093751.172413793
1687958356;0;8615.724137931034;1412.4137931034484;3093751.172413793
1687958357;0;8615.724137931034;1412.4137931034484;3093751.172413793
1687958358;0;8615.724137931034;1412.4137931034484;3093751.172413793
1687958359;0;8615.724137931034;1412.4137931034484;3093751.172413793
1687958360;0;8615.724137931034;1412.4137931034484;3033299.8620689656
1687958361;0;8615.724137931034;1412.4137931034484;3012113.6551724137
1687958362;0;8615.724137931034;1412.4137931034484;2971718.620689655
1687958363;0;8615.724137931034;1412.4137931034484;2971718.620689655
1687958364;0;8615.724137931034;1412.4137931034484;2971718.620689655
1687958365;0;8615.724137931034;1412.4137931034484;2971718.620689655
1687958366;0;8615.724137931034;1412.4137931034484;2971718.620689655
1687958367;0;8615.724137931034;1412.4137931034484;2971718.620689655
1687958368;0;8615.724137931034;1412.4137931034484;2971718.620689655
1687958369;0;8615.724137931034;1412.4137931034484;2971718.620689655
1687958370;0;8615.724137931034;1412.4137931034484;2967905.103448276
1687958371;0;8615.724137931034;1412.4137931034484;2967905.103448276
1687958372;0;8615.724137931034;1412.4137931034484;2967905.103448276
1687958373;0;8615.724137931034;1412.4137931034484;2978074.4827586208
1687958374;1833030.6206896552;8615.724137931034;1412.4137931034484;3002509.2413793104
1687958375;5533554.75862069;8615.724137931034;1412.4137931034484;3002932.9655172415
1687958376;8975607.172413792;3954.758620689655;1412.4137931034484;2998413.2413793104
1687958377;11844925.793103447;0;0;3000673.103448276
