Time;{instance="10.231.0.208:9100"};{instance="192.168.221.10:9100"};{instance="192.168.221.11:9100"};{instance="192.168.221.12:9100"}
1687957657;14.635319422246784;24.35098031033722;13.428175154343991;14.116190669218032
1687957658;14.635319422246784;24.35098031033722;13.436818814964068;14.115892611955271
1687957659;14.635319422246784;24.349490024023414;13.437613634331424;14.115097792587916
1687957660;14.635319422246784;24.36171037179663;13.437613634331424;14.116190669218032
1687957661;14.29047981797089;24.36707540252633;13.437613634331424;14.54658535664538
1687957662;14.341364322095929;24.38505819071294;13.436620110122222;14.619609386021914
1687957663;14.556254263195367;24.38485948587109;13.436620110122222;14.79268130326532
1687957664;14.374623469606219;24.38336919955728;13.443078017482058;14.83947629351885
1687957665;14.887252485722968;24.38336919955728;13.44287931264021;15.258644157382184
1687957666;14.426105443447002;24.382574380189926;13.443674132007576;15.269572923683427
1687957667;14.626257798224518;24.381779560822558;13.443674132007576;15.3311714246541
1687957668;14.615702499912864;24.387243943973182;13.443674132007576;15.369422106708475
1687957669;14.614009669051564;24.386449124605825;13.44287931264021;14.961282361567307
1687957670;14.531060956847753;24.398768824799955;13.448343695790832;14.984034065958085
1687957671;14.733503612202325;24.41128722983593;13.449138515158198;15.019800937489446
1687957672;14.93355638869388;24.436324039907873;13.449138515158198;15.06222442122247
1687957673;14.716276568731423;24.436125335066038;13.449138515158198;15.131671763445864
1687957674;14.845927497049994;24.434833753594077;13.449138515158198;15.153926705732035
1687957675;14.831886958729779;24.435032458435913;13.448542400632679;15.421284070428943
1687957676;14.58373787012004;24.43225059065014;13.448542400632679;15.230527422261698
1687957677;14.60504762331526;24.451524960308713;13.445164418321376;15.297888363645761
1687957678;14.601861118164571;24.452816541780674;13.443872836849414;15.335244873911847
1687957679;14.551076192325496;24.452617836938828;13.443872836849414;15.39873107088
1687957680;14.529268547700491;24.452220427255156;13.443872836849414;15.44582411839629
1687957681;14.650156586854667;24.469607100916225;13.443078017482058;15.456454827434785
1687957682;15.692044192843312;24.46861357670702;13.443078017482058;16.13652214863519
1687957683;15.725303340353602;24.474972131645934;13.443078017482058;16.185900301832657
1687957684;15.920576359119131;24.474972131645934;13.443177369902969;16.228820547670285
1687957685;15.88452901960199;24.4757669510133;13.436123348017626;16.28465660822758
1687957686;15.84788421036909;24.475667598592377;13.436123348017626;16.06379617652144
1687957687;15.798991271963237;24.47546889375053;13.436123348017626;16.093999312481245
1687957688;16.00481958904041;24.46821616702334;13.436918167384981;16.10472937394065
1687957689;15.764039293591637;24.473283140490288;13.442382550535614;16.122016695180807
1687957690;15.829760962324556;24.473183788069363;13.442382550535614;16.08485888975657
1687957691;15.894686004769799;24.485205431000733;13.442382550535614;16.12966683159168
1687957692;15.836432707483805;24.498916065087762;13.442382550535614;16.05336417232479
1687957693;15.53739911474904;24.478946228482744;13.443773484428501;16.048297198857842
1687957694;15.570658262259329;24.47874752364091;13.442382550535614;16.06449164346787
1687957695;15.765532967881024;24.478846876061834;13.442382550535614;16.07492364766452
1687957696;15.938600028877703;24.47785335185263;13.441587731168248;16.067869625779174
1687957697;15.619551200665182;24.486497012472707;13.441587731168248;16.151723069036027
1687957698;15.801580307398167;24.485205431000733;13.442382550535614;16.11605554992559
1687957699;15.738148939242313;24.486695717314543;13.443972189270337;16.118042598343997
1687957700;15.697819733428931;24.485801545526265;13.443177369902969;16.117049074134794
1687957701;15.470681663156526;24.48480802131705;13.443177369902969;16.123208924231857
1687957702;15.685173291112143;24.497525131194877;13.443177369902969;16.15033213514314
1687957703;15.585595005153174;24.497028369090266;13.443177369902969;16.122314752443568
1687957704;15.75836333129198;24.496233549722902;13.443177369902969;16.110789871616802
1687957705;15.63986517100081;24.497028369090266;13.443972189270337;16.108107356251956
1687957706;15.762346462730337;24.497227073932116;13.443972189270337;16.12628884928039
1687957707;15.642752941293626;24.496034844881066;13.443177369902969;16.142085884206736
1687957708;15.61507017779703;24.494941968250938;13.442382550535614;16.125792087175782
1687957709;15.538793210752466;24.496134197301988;13.443276722323894;16.143874227783307
1687957710;15.72759364093066;24.494941968250938;13.443276722323894;16.193649790664445
1687957711;15.500156835800382;24.506864258761397;13.443276722323894;16.144768399571596
1687957712;15.63040523383471;24.506864258761397;13.442481902956526;16.194047200348127
1687957713;15.840913730351957;24.519780073481044;13.448741105474515;16.12539467749211
1687957714;15.856348364675599;24.517892377483562;13.454205488625137;16.15659133766113
1687957715;15.612979033791897;24.517892377483562;13.45579512735987;16.2045785569657
1687957716;15.60401698805558;24.524648342106147;13.45579512735987;16.191662742246038
1687957717;15.869691854994095;24.526237980840882;13.455596422518024;16.20547272875398
1687957718;15.831055480042021;24.52832438168021;13.45639124188539;16.2133215700067
1687957719;15.488207441485313;24.521965826741297;13.462749796824303;16.195239429399177
1687957720;15.798393802247478;24.521568417057615;13.462749796824303;16.23428493082091
1687957721;15.73177592894094;24.53428552693544;13.461954977456935;16.21928271526192
1687957722;15.4853196711925;24.53398746967267;13.461954977456935;16.224349688728868
1687957723;15.51011466439628;24.50189663771537;13.461954977456935;16.283365026755604
1687957724;15.466598953432209;24.504479800659308;13.46116015808957;16.284159846122968
1687957725;15.710366597459757;24.49682966424843;13.46116015808957;16.309196656194924
1687957726;15.729883941507715;24.496034844881066;13.460365338722212;16.307507665039278
1687957727;15.561795794808987;24.4952400255137;13.461954977456935;16.34367194625431
1687957728;15.583703017719952;24.501201170768926;13.449436572420959;16.30154651978405
1687957729;15.71494719861387;24.50130052318985;13.448641753053591;16.311581114297013
1687957730;15.734862855805664;24.501201170768926;13.448641753053591;16.31247528608529
1687957731;15.687762326547073;24.50666555391955;13.448641753053591;16.359369628759744
1687957732;15.575039706841531;24.506168791814954;13.449436572420959;16.388181830826674
1687957733;15.73346875980224;24.50070440866433;13.448641753053591;16.325192395963118
1687957734;15.895084317913632;24.50070440866433;13.448641753053591;16.389970174403235
1687957735;15.957022011780108;24.50060505624341;13.448641753053591;16.38470449609446
1687957736;15.598341025755925;24.500306998980648;13.448641753053591;16.430009200034178
1687957737;15.769814834177264;24.500306998980648;13.454106136204224;16.381127808941322
1687957738;15.856049629817726;24.500306998980648;13.454900955571581;16.402786636701972
1687957739;15.598141869184001;24.500306998980648;13.455695774938947;16.38470449609446
1687957740;15.67650998023371;24.499214122350523;13.455695774938947;16.395434557553866
1687957741;15.70887292317037;24.500008941717887;13.454900955571581;16.383810324306168
1687957742;15.615169756082992;24.5117325273865;13.454900955571581;16.445508177697764
1687957743;15.875367817293762;24.52415158000155;13.454900955571581;16.37596148305346
1687957744;15.619949513809017;24.52415158000155;13.454900955571581;16.469750168402353
1687957745;15.428560048195894;24.53011272525678;13.455695774938947;16.48375885975214
1687957746;15.560899590235355;24.537166747142123;13.454900955571581;16.39970671165344
1687957747;15.637973183567588;24.53637192777477;13.455298365255263;16.430505962138774
1687957748;15.646337759588146;24.54332659723919;13.454503545887908;16.423253235411583
1687957749;15.61158493778847;24.548592275547975;13.455298365255263;16.472035274083517
1687957750;15.78664356450432;24.57362908561993;13.454503545887908;16.500450066466765
1687957751;15.818209881153312;24.584259794658415;13.454503545887908;16.52916291611277
1687957752;15.83772722520127;24.6046270409471;13.454503545887908;16.50720603108936
1687957753;15.569662479399737;24.598367838429112;13.454503545887908;16.473624912818252
1687957754;15.803970186261186;24.59757301906176;13.453708726520542;16.439547032442537
1687957755;15.839818369206416;24.59916265779648;13.453708726520542;16.51416070055379
1687957756;15.774793748475203;24.60482574578895;13.453708726520542;16.735716599206373
1687957757;15.463113713423649;24.60641538452367;13.461557567773252;16.46180197472872
1687957758;15.61327776864977;24.611879767674296;13.467816770291241;16.479983467757165
1687957759;15.709470392886127;24.611879767674296;13.474175325230153;16.49965524709941
1687957760;15.845593909792033;24.611283653148774;13.474175325230153;16.49846301804836
1687957761;15.677804497951175;24.617046093562166;13.473380505862787;16.480082820178076
1687957762;15.475760155740437;24.610786891044178;13.47497014459751;16.43517552592204
1687957763;15.897872509920486;24.60989271925589;13.47497014459751;16.852157636525135
1687957764;15.499260631226752;24.610687538623253;13.47497014459751;16.49031611953289
1687957765;15.381160784079428;24.610389481360496;13.47497014459751;16.462398089254236
1687957766;15.30797074389959;24.610389481360496;13.474175325230153;16.468259882088542
1687957767;15.416013184165056;24.609296604730368;13.474175325230153;16.51286911908183
1687957768;15.664162272774796;24.609296604730368;13.47497014459751;16.48375885975214
1687957769;15.71235816317894;24.610091424097735;13.474175325230153;16.458125935154666
1687957770;15.485518827764421;24.609197252309446;13.473380505862787;16.44054055665174
1687957771;15.5503442919237;24.608899195046686;13.473380505862787;16.467763119983946
1687957772;15.417905171598278;24.60959466199313;13.47258568649542;16.507106678668436
1687957773;15.582308921716525;24.622113067029105;13.474175325230153;16.502139057622422
1687957774;15.645839868158351;24.621218895240816;13.47407597280923;16.515154224762995
1687957775;15.561895373094947;24.62886903165169;13.467816770291241;16.52727522011529
1687957776;15.721718522059081;24.62767680260065;13.467816770291241;16.54029038725586
1687957777;15.802974403401592;24.628471621968018;13.47407597280923;16.5389988057839
1687957778;15.641856736719994;24.628372269547093;13.47407597280923;16.560160871439955
1687957779;15.549746822207943;24.628372269547093;13.475665611543953;16.517439330444162
1687957780;15.555721519365484;24.627180040496043;13.481129994694586;16.56880453206003
1687957781;15.836731442341678;24.6342340623814;13.481129994694586;16.57228186679225
1687957782;15.920277624261258;24.633141185751274;13.481129994694586;16.563936263434933
1687957783;15.81552126743242;24.626981335654207;13.479540355959852;16.57228186679225
1687957784;15.782760011351925;24.626981335654207;13.492158113416753;16.563836911014008
1687957785;15.608995902353529;24.63244571880483;13.499212135302097;16.585495738774668
1687957786;16.017266874785285;24.634035357539553;13.480434527748141;16.79045978313354
1687957787;15.755873874143001;24.63343924301403;13.485898910898763;17.783884639917027
1687957788;16.04843487829044;24.632843128488513;13.485898910898763;16.642623380803922
1687957789;16.002529288463364;24.631750251858385;13.492158113416753;16.597020619601434
1687957790;15.786942299362206;24.632247013962992;13.492952932784108;16.633085548395556
1687957791;15.88542522417562;24.631650899437464;13.492952932784108;16.64341820017128
1687957792;15.804766812548854;24.630458670386425;13.492853580363196;17.098154230724138
1687957793;15.817413254865642;24.632545071225753;13.491959408574905;17.179325158616145
1687957794;15.693637445418652;24.63304183333035;13.504477813610883;16.596424505075912
1687957795;15.590872654308995;24.632942480909435;13.504477813610883;16.60417399390771
1687957796;15.503442919237031;24.63214766154207;13.504477813610883;16.602485002752065
1687957797;15.605311505773056;24.63184960427931;13.505272632978249;16.638549931546187
1687957798;15.583105548004205;24.58147792687264;13.505272632978249;16.647789706691785
1687957799;15.697819733428931;24.582272746240008;13.506266157187452;16.707897921348646
1687957800;15.640064327572734;24.58147792687264;13.492555523100435;16.629310156400578
1687957801;15.606805180062434;24.580583755084362;13.49176070373307;16.649279993005596
1687957802;14.924494764671614;24.580881812347123;13.493350342467792;16.69478340178715
1687957803;14.670370978904334;24.58684295760235;13.493350342467792;16.709984322187978
1687957804;14.808784796387297;24.586048138234982;13.492555523100435;16.750420757502592
1687957805;14.81595443297634;24.586048138234982;13.492555523100435;16.651465746265835
1687957806;14.566510826649138;24.580583755084362;13.492555523100435;16.63914604607171
1687957807;14.768455590573915;24.585750080972225;13.494145161835158;16.67203169739637
1687957808;14.786977151762281;24.59111511170192;13.498814725618423;16.681768234646576
1687957809;14.485852415022382;24.59111511170192;13.505272632978249;16.67997989107001
1687957810;14.342061370097635;24.592009283490214;13.505272632978249;16.60407464148679
1687957811;14.655135501152616;24.59767237148267;13.504477813610883;16.662096455304333
1687957812;14.568502392368321;24.597374314219913;13.504477813610883;16.72776840553274
1687957813;14.571688897519008;24.591214464122846;13.499013430460261;16.664282208564572
1687957814;14.623071293073831;24.592406693173896;13.491959408574905;16.70263224303986
1687957815;14.6015623833067;24.592307340752974;13.491959408574905;16.674813565182145
1687957816;14.671466340049887;24.591512521385607;13.491959408574905;16.679284424123566
1687957817;14.406886834256927;24.591512521385607;13.492754227942271;16.69935361314949
1687957818;14.420429481147345;24.597871076324516;13.492754227942271;16.690113838003896
1687957819;14.439349355479546;24.597076256957152;13.499808249827627;16.725980061956168
1687957820;14.583040822118331;24.597076256957152;13.499808249827627;16.708792093136935
1687957821;14.217688090934889;24.596281437589784;13.499013430460261;16.75360003497205
1687957822;14.307009813440086;24.597771723903595;13.499013430460261;16.74286997351264
1687957823;14.510946143084036;24.59648014243163;13.498218611092893;16.725880709535247
1687957824;14.801814316370177;24.59648014243163;13.499212135302097;16.71316359965743
1687957825;15.078343216478219;24.59648014243163;13.499013430460261;16.77615303452099
1687957826;15.10841585883782;24.59648014243163;13.491959408574905;16.802282721223072
1687957827;14.833281054733206;24.590121587492717;13.491959408574905;16.786485686296714
1687957828;14.93604584584286;24.58982353022996;13.491959408574905;16.854343389785377
1687957829;15.0664934004491;24.58982353022996;13.485600853636004;16.834870315284977
1687957830;15.030047747788123;24.589028710862593;13.485600853636004;16.82503442561385
1687957831;14.986631615110014;24.588730653599832;13.48639567300336;16.80526329385068
1687957832;14.983743844817198;24.59498985611782;13.481328699536421;16.839142469384548
1687957833;15.020089919192225;24.590022235071807;13.479341651118016;16.85633043820379
1687957834;14.877991705128778;24.590220939913642;13.478546831750648;16.858814248726794
1687957835;14.892729291450701;24.58376303255382;13.478546831750648;16.83010139908079
1687957836;14.934950484697307;24.59608273274795;13.479341651118016;16.806058113218047
1687957837;14.977370834515824;24.59528791338058;13.480136470485371;16.77943166441137
1687957838;15.054743162705941;24.595585970643352;13.480136470485371;16.794831289654034
1687957839;15.056535571853203;24.594493094013224;13.480136470485371;16.846097138848982
1687957840;15.278595149541696;24.593598922224935;13.480136470485371;17.230193598127407
1687957841;15.123551758303588;24.60611732726091;13.479341651118016;17.118620829433752
1687957842;14.749037824811918;24.613171349146267;13.480931289852737;16.87252488281382
1687957843;14.769252216861595;24.613171349146267;13.480931289852737;16.800295672804655
1687957844;14.91563229722127;24.611879767674296;13.480136470485371;16.903423485720083
1687957845;15.1125981468481;24.611879767674296;13.480136470485371;17.070931667391942
1687957846;15.042495033532987;24.6123765297789;13.479341651118016;16.870438481974492
1687957847;14.98892191568707;24.61148235799062;13.480931289852737;16.833777438654852
1687957848;14.860366348514042;24.61774156050861;13.480136470485371;16.779133607148612
1687957849;14.845927497049994;24.61774156050861;13.48639567300336;16.8505679977904
1687957850;14.82939750158081;24.617443503245838;13.48639567300336;16.844904909797943
1687957851;14.797034558644139;24.617443503245838;13.485600853636004;16.84122887022388
1687957852;14.820335877558543;24.617244798404002;13.485600853636004;16.798308624386248
1687957853;14.857876891365073;24.629763203439982;13.48639567300336;16.820364861830583
1687957854;14.86793429824692;24.623007238817387;13.48639567300336;16.894879177520917
1687957855;14.82860087529313;24.623603353342915;13.485600853636004;16.878088618385366
1687957856;14.83626840331197;24.623305296080144;13.485600853636004;16.873021644918417
1687957857;14.884364715430154;24.623305296080144;13.487190492370726;16.914054194758567
1687957858;14.928677052681893;24.62876967923078;13.487190492370726;16.856628495466552
1687957859;15.051058766125458;24.629564498598132;13.48639567300336;16.833380028971167
1687957860;14.900894710899337;24.623305296080144;13.487190492370726;17.454332659723914
1687957861;14.955563189890809;24.62221241945003;13.487190492370726;16.86547086092847
1687957862;14.92240362066648;24.62221241945003;13.487190492370726;16.802282721223072
1687957863;15.054344849562106;24.622113067029105;13.48639567300336;16.836360601598777
1687957864;15.010032512310367;24.622113067029105;13.48639567300336;16.871133948920935
1687957865;15.134903682902912;24.620920837978055;13.492654875521348;17.146638212133315
1687957866;15.222831309404672;24.62797485986341;13.492654875521348;16.826127302243975
1687957867;14.778911310599607;24.63343924301403;13.492654875521348;16.801487901855705
1687957868;14.779608358601326;24.63989715037387;13.492654875521348;16.792744888814703
1687957869;14.779608358601326;24.64019520763663;13.491860056153993;16.817384289202973
1687957870;14.779608358601326;24.64178484637135;13.499708897406704;16.777245911151116
1687957871;14.792155222632154;24.65946957729519;13.498914078039338;16.773569871577067
1687957872;14.792155222632154;24.59131381654377;13.49811925867198;16.789764316187096
1687957873;14.797034558644139;24.566277006471815;13.49811925867198;16.803276245432276
1687957874;14.797034558644139;24.566277006471815;13.498914078039338;16.789466258924335
1687957875;14.796536667214344;24.56518412984169;13.49811925867198;16.790360430712614
1687957876;14.796536667214344;24.558130107956345;13.497920553830134;16.811025734264064
1687957877;14.796536667214344;24.565581539525372;13.497920553830134;16.81331083994524
1687957878;14.796536667214344;24.559322337007384;13.497920553830134;16.809038685845657
1687957879;14.796536667214344;24.558527517640027;13.497920553830134;16.82751823613686
1687957880;14.796536667214344;24.558428165219105;13.499510192564868;16.83039945634355
1687957881;14.796536667214344;24.539650557665137;13.499510192564868;16.820066804567823
1687957882;14.796536667214344;24.539749910086062;13.4987153731975;16.809833505213025
1687957883;14.796536667214344;24.546108465024965;13.4987153731975;16.819172632779544
1687957884;14.796337510642433;24.5525663723848;13.497920553830134;16.81281407784063
1687957885;14.796337510642433;24.55147349575467;13.504179756348123;16.802680130906754
1687957886;14.796337510642433;24.552168962701117;13.49990760224854;16.812317315736035
1687957887;15.231693776855016;24.551572848175596;13.492456170679512;16.80466717932516
1687957888;15.273217922099903;24.550380619124546;13.492456170679512;16.820066804567823
1687957889;15.273217922099903;24.556639821642534;13.492456170679512;16.84361332832597
1687957890;15.273217922099903;24.556341764379773;13.491661351312146;16.797911214702566
1687957891;15.273217922099903;24.556937878905295;13.491661351312146;16.81966939488414
1687957892;15.273217922099903;24.557533993430813;13.492456170679512;16.811621848789592
1687957893;15.273217922099903;24.56399190079065;13.492456170679512;16.812317315736035
1687957894;15.273217922099903;24.571045922675992;13.491661351312146;16.810827029422228
1687957895;14.335389624938388;24.569953046045878;13.497920553830134;16.81281407784063
1687957896;14.341663056953802;24.569953046045878;13.504179756348123;16.799699558279137
1687957897;14.347239440967508;24.569257579099435;13.50497457571549;16.786386333875804
1687957898;14.353512872982922;24.570151750887714;13.505769395082845;16.7868830959804
1687957899;14.353512872982922;24.569953046045878;13.505769395082845;16.79622222354692
1687957900;14.353512872982922;24.570549160571396;13.505769395082845;16.802680130906754
1687957901;14.353512872982922;24.57482131467097;13.505769395082845;16.806058113218047
1687957902;14.353512872982922;24.580981164768044;13.50497457571549;16.80168660669754
1687957903;14.366059737013748;24.56905887425759;13.50497457571549;16.82781629339962
1687957904;14.366059737013748;24.56905887425759;13.505769395082845;16.821060328777026
1687957905;14.366059737013748;24.56905887425759;13.50497457571549;16.798209271965327
1687957906;14.366059737013748;24.56826405489022;13.504875223294565;16.80287883574859
1687957907;14.366059737013748;24.56220355721408;13.504875223294565;16.75687866486243
1687957908;14.366059737013748;24.561806147530397;13.5040804039272;16.77674914904651
1687957909;14.372333169029162;24.568065350048386;13.503285584559844;16.831889742657356
1687957910;14.372333169029162;24.567767292785625;13.504875223294565;16.804766531746075
1687957911;14.372333169029162;24.56071327090027;13.504875223294565;16.35350783592544
1687957912;14.378606601044574;24.562700319318676;13.5040804039272;16.3805316944158
1687957913;14.378606601044574;24.561706795109473;13.5040804039272;16.335624400159755
1687957914;14.378606601044574;24.560911975742115;13.5040804039272;16.37208673863756
1687957915;14.378606601044574;24.560216508795673;13.510538311287036;16.351818844769795
1687957916;14.378606601044574;24.56101132816303;13.511333130654391;16.32857037827441
1687957917;14.378606601044574;24.56101132816303;13.512127950021757;16.418881728891087
1687957918;14.378606601044574;24.55952104184923;13.512127950021757;16.378445293576473
1687957919;14.378606601044574;24.565780244367218;13.512127950021757;16.390864346191524
1687957920;14.50367692820903;24.56488607257893;13.510935720970718;16.382320037992372
1687957921;14.50367692820903;24.56637635889274;13.510935720970718;16.382419390413283
1687957922;14.50367692820903;24.565382834683536;13.510935720970718;16.335624400159755
1687957923;14.50367692820903;24.56528348226261;13.510140901603352;16.33393540900411
1687957924;14.50367692820903;24.566873120997336;13.510140901603352;16.337412743736323
1687957925;14.50367692820903;24.57184074204336;13.510140901603352;16.37059645232375
1687957926;14.50367692820903;24.571244627517842;13.510140901603352;16.36433724980577
1687957927;14.50367692820903;24.571244627517842;13.510737016128871;16.31903254586604
1687957928;14.50367692820903;24.557633345851738;13.510737016128871;16.364535954647607
1687957929;14.50367692820903;24.563892548369726;13.510737016128871;16.369602928114546
1687957930;14.50367692820903;24.563892548369726;13.509942196761504;16.353408483504516
1687957931;14.50367692820903;24.545611702920368;13.509942196761504;16.369304870851785
1687957932;14.50367692820903;24.545909760183125;13.509942196761504;16.370199042640078
1687957933;14.50367692820903;24.537762861667655;13.510737016128871;16.352116902032556
1687957934;14.50367692820903;24.544618178711165;13.516201399279492;16.365926888540493
1687957935;14.50367692820903;24.54422076902748;13.516201399279492;16.359568333601583
1687957936;14.50367692820903;24.543525302081036;13.517791038014227;16.3586741618133
1687957937;14.50367692820903;24.54422076902748;13.517791038014227;16.37029839506099
1687957938;14.50367692820903;24.535676460828327;13.516797513805024;16.38331356220157
1687957939;14.50367692820903;24.529615963152175;13.517592333172379;16.372682853163077
1687957940;14.50367692820903;24.53041078251954;13.517592333172379;16.356885818236734
1687957941;14.50367692820903;24.52941725831034;13.517592333172379;16.34238036478235
1687957942;14.50367692820903;24.529119201047568;13.516896866225936;16.334630875950552
1687957943;14.508655842506979;24.535577108407402;13.517492980751467;16.357879342445937
1687957944;14.508655842506979;24.535974518091088;13.517492980751467;16.36632429822418
1687957945;14.508655842506979;24.535974518091088;13.517194923488695;16.36314502075472
1687957946;14.508655842506979;24.541140843978948;13.511333130654391;16.40785361016892
1687957947;14.520505658536099;24.534484231777277;13.509346082235984;16.353607188346352
1687957948;14.520505658536099;24.534484231777277;13.509346082235984;16.35231560687439
1687957949;14.520505658536099;24.540743434295266;13.510140901603352;16.38897665019403
1687957950;14.519908188820342;24.539948614927898;13.516598808963176;16.378544645997383
1687957951;14.519908188820342;24.541140843978948;13.516201399279492;16.344268060779832
1687957952;14.532255896279256;24.54034602461158;13.516201399279492;16.349633091509542
1687957953;14.532255896279256;24.541140843978948;13.516201399279492;16.354501360134645
1687957954;14.532255896279256;24.546605227129568;13.509147377394148;16.37486860642333
1687957955;14.268970908203759;24.546505874708647;13.509942196761504;16.385399963040904
1687957956;14.268970908203759;24.545810407762204;13.510737016128871;16.314164277240938
1687957957;14.268970908203759;24.546406522287732;13.509942196761504;16.37298091042585
1687957958;14.268970908203759;24.546406522287732;13.509942196761504;16.371490624112038
1687957959;14.268970908203759;24.540445377032505;13.509147377394148;16.300751700416683
1687957960;14.268970908203759;24.526933447787325;13.509147377394148;16.345857699514564
1687957961;14.268970908203759;24.533590059988995;13.508352558026782;16.369304870851785
1687957962;14.268970908203759;24.546406522287732;13.509942196761504;16.395931319658462
1687957963;14.268970908203759;24.54441947386932;13.509942196761504;16.37119256684928
1687957964;14.268970908203759;24.54441947386932;13.509048024973225;16.389374059877714
1687957965;14.268970908203759;24.543823359343797;13.515307227491213;16.378246588734623
1687957966;14.268970908203759;24.545313645657608;13.515307227491213;16.350924672981503
1687957967;14.268970908203759;24.54511494081576;13.515307227491213;16.37745176936727
1687957968;14.268970908203759;24.550678676387307;13.516102046858581;16.330259369430056
1687957969;14.268970908203759;24.54362465450196;13.52236124937657;16.363840487701165
1687957970;14.268970908203759;24.545015588394847;13.52871980431547;16.368708756326267
1687957971;14.268970908203759;24.514116985488588;13.527924984948104;16.41411281268691
1687957972;14.268970908203759;24.513719575804906;13.527130165580747;16.393348156714538
1687957973;14.268970908203759;24.513719575804906;13.522063192113798;16.419974605521215
1687957974;14.268970908203759;24.512427994332942;13.521665782430127;16.355196827081087
1687957975;14.268970908203759;24.511633174965574;13.535773826200826;16.371490624112038
1687957976;14.268970908203759;24.50547332486851;13.523652830848532;16.233291406611706
1687957977;14.275244340219173;24.50547332486851;13.522460601797482;16.220375591892044
1687957978;14.275244340219173;24.50547332486851;13.522460601797482;16.25773210215813
1687957979;14.275244340219173;24.506168791814954;13.522460601797482;16.26428936193888
1687957980;14.275244340219173;24.505771382131268;13.523354773585773;16.252565776270266
1687957981;14.275244340219173;24.504976562763904;13.523354773585773;16.236470684081162
1687957982;14.275244340219173;24.504976562763904;13.517095571067783;16.23428493082091
1687957983;14.275244340219173;24.50547332486851;13.517095571067783;16.23587456955564
1687957984;14.275244340219173;24.511931232228335;13.515505932333049;16.215308618425105
1687957985;14.275244340219173;24.5117325273865;13.516300751700417;16.22087235399665
1687957986;14.275244340219173;24.517892377483562;13.516300751700417;16.221071058838486
1687957987;14.275244340219173;24.515905329065156;13.502987527297073;16.192854971297088
1687957988;14.275244340219173;24.515905329065156;13.502987527297073;16.213222217585777
1687957989;14.275244340219173;24.5229593509505;13.502987527297073;16.233788168716313
1687957990;14.275244340219173;24.52444963726431;13.496330915095411;16.227528966198324
1687957991;14.275244340219173;24.523456113055108;13.497721848988299;16.19623295360838
1687957992;14.275244340219173;24.4670239379723;13.497721848988299;16.232297882402502
1687957993;14.275244340219173;24.4490411497857;13.497721848988299;16.232397234823427
1687957994;14.275244340219173;24.448246330418332;13.496927029620931;16.20577078601674
1687957995;14.275244340219173;24.44874309252294;13.504279108769046;16.2274296137774
1687957996;14.275244340219173;24.44218583274219;13.505073928136401;16.233589463874466
1687957997;14.275244340219173;24.441092956112065;13.505073928136401;16.211731931271967
1687957998;14.275244340219173;24.44874309252294;13.504279108769046;16.216004085371548
1687957999;14.275244340219173;24.44725280620913;13.50348428940168;16.226734146830957
1687958000;14.275244340219173;24.446159929579004;13.509743491919668;16.214414446636827
1687958001;14.275244340219173;24.446855396525446;13.510538311287036;16.23498039776735
1687958002;14.275244340219173;24.446457986841764;13.516002694437656;16.238358380078644
1687958003;14.275244340219173;24.452419132096992;13.516002694437656;16.23945125670877
1687958004;14.275244340219173;24.451624312729624;13.51580398959581;16.231801120297895
1687958005;14.275244340219173;24.44635863442084;13.522858011481166;16.232099177560656
1687958006;14.275244340219173;24.441192308532976;13.522858011481166;16.22087235399665
1687958007;14.275244340219173;24.439602669798255;13.522858011481166;16.249883260905417
1687958008;14.275244340219173;24.439602669798255;13.522063192113798;16.22226328788954
1687958009;14.275244340219173;24.445067052948875;13.521963839692885;16.231503063035134
1687958010;14.275244340219173;24.44625928199993;13.516102046858581;16.20696301506779
1687958011;14.275244340219173;24.44625928199993;13.51490981780753;16.23070824366777
1687958012;14.275244340219173;24.444371586002433;13.515704637174897;16.247697507645164
1687958013;14.275244340219173;24.444371586002433;13.515704637174897;16.21183128369289
1687958014;14.275244340219173;24.45182301757147;13.515704637174897;16.209446825590803
1687958015;14.275244340219173;24.451326255466867;13.51580398959581;16.217693076527194
1687958016;14.275244340219173;24.450432083678585;13.51580398959581;16.19772323992219
1687958017;14.275244340219173;24.450432083678585;13.515009170228453;16.217295666843512
1687958018;14.275244340219173;24.451226903045942;13.516598808963176;16.212228693376574
1687958019;14.275244340219173;24.45092884578318;13.516598808963176;16.24451823017572
1687958020;14.275244340219173;24.450332731257664;13.516598808963176;16.212824807902095
1687958021;14.275244340219173;24.450332731257664;13.51580398959581;16.24272988659915
1687958022;14.275244340219173;24.456989343459334;13.515009170228453;16.247598155224253
1687958023;14.275244340219173;24.45063078852042;13.515009170228453;16.228323785565678
1687958024;14.275244340219173;24.45688999103841;13.516598808963176;16.235079750188277
1687958025;14.275244340219173;24.456194524091966;13.51580398959581;16.199610935919672
1687958026;14.275244340219173;24.455002295040927;13.51580398959581;16.231403710614213
1687958027;14.275244340219173;24.455002295040927;13.51580398959581;16.228125080723842
1687958028;14.275244340219173;24.45470423777816;13.515009170228453;16.207956539276992
1687958029;14.275244340219173;24.453909418410802;13.515605284753974;16.21848789589456
1687958030;14.275244340219173;24.455697761987373;13.521963839692885;16.237464208290366
1687958031;14.275244340219173;24.45718804830117;13.521963839692885;16.21779242894812
1687958032;14.275244340219173;24.45599581925013;13.52116902032552;16.25504958679328
1687958033;14.275244340219173;24.45589646682921;13.52116902032552;16.199610935919672
1687958034;14.275244340219173;24.46295048871456;13.521963839692885;16.224548393570704
1687958035;14.275244340219173;24.461857612084437;13.521963839692885;16.23547715987196
1687958036;14.275244340219173;24.46106279271707;13.52275865906024;16.213420922427613
1687958037;14.275244340219173;24.460864087875233;13.52275865906024;16.245014992280314
1687958038;14.275244340219173;24.459969916086944;13.521963839692885;16.21510991358326
1687958039;14.275244340219173;24.459969916086944;13.521963839692885;16.20428049970294
1687958040;14.275244340219173;24.46593106134217;13.52275865906024;16.221567820943093
1687958041;14.275244340219173;24.460864087875233;13.52275865906024;16.202194098863608
1687958042;14.275244340219173;24.46046667819155;13.521963839692885;16.1827210243632
1687958043;14.275244340219173;24.46016862092879;13.521963839692885;16.1919607995088
1687958044;14.275244340219173;24.459373801561423;13.521963839692885;16.221369116101247
1687958045;14.275244340219173;24.459373801561423;13.52275865906024;16.217891781369033
1687958046;14.275244340219173;24.4592744491405;13.52275865906024;16.250777432693695
1687958047;14.275244340219173;24.465334946816654;13.52275865906024;16.22444904114979
1687958048;14.275244340219173;24.466129766184007;13.52116902032552;16.228820547670285
1687958049;14.275244340219173;24.467620052497818;13.52116902032552;16.202094746442686
1687958050;14.275244340219173;24.461857612084437;13.521963839692885;16.227628318619235
1687958051;14.275244340219173;24.459473153982348;13.521963839692885;16.209446825590803
1687958052;14.275244340219173;24.459473153982348;13.52116902032552;16.22117041125941
1687958053;14.281517772234587;24.4602679733497;13.52116902032552;16.2084533013816
1687958054;14.281517772234587;24.46563300407941;13.521963839692885;16.222163935468615
1687958055;14.281517772234587;24.464838184712047;13.533886130203332;16.21809048621088
1687958056;14.281517772234587;24.46563300407941;13.535475768938065;16.21660019989707
1687958057;14.281517772234587;24.464838184712047;13.5346809495707;16.21928271526192
1687958058;14.281517772234587;24.46444077502836;13.5346809495707;16.25534764405604
1687958059;14.281517772234587;24.47069997754635;13.5346809495707;16.22981407187949
1687958060;14.281517772234587;24.46523559439573;13.540344037563168;16.21510991358326
1687958061;14.281517772234587;24.46523559439573;13.540940152088687;16.2361726268184
1687958062;14.281517772234587;24.45897639187774;13.540940152088687;16.214613151478662
1687958063;14.281517772234587;24.45748610556393;13.540940152088687;16.258526921525494
1687958064;14.281517772234587;24.45748610556393;13.54014533272132;16.223952279045186
1687958065;14.281517772234587;24.46295048871456;13.54014533272132;16.25057872785186
1687958066;14.281517772234587;24.456691286196573;13.540940152088687;16.22196523062678
1687958067;14.281517772234587;24.45738675314302;13.5346809495707;16.220077534629283
1687958068;14.281517772234587;24.45738675314302;13.5346809495707;16.212824807902095
1687958069;14.281517772234587;24.463944012923765;13.533886130203332;16.229019252512124
1687958070;14.281517772234587;24.4631491935564;13.533886130203332;16.21928271526192
1687958071;14.281517772234587;24.4631491935564;13.533091310835976;16.22077300157573
1687958072;14.281517772234587;24.46940839607439;13.533091310835976;16.254254767425913
1687958073;14.281517772234587;24.469309043653464;13.522957363902089;16.197226477817583
1687958074;14.281517772234587;24.475270188908695;13.522957363902089;16.237861617974048
1687958075;14.281517772234587;24.48023780995472;13.522957363902089;16.215308618425105
1687958076;14.281517772234587;24.480933276901162;13.52236124937657;16.19076857045776
1687958077;14.281517772234587;24.480833924480237;13.523156068743925;16.225144508096236
1687958078;14.281517772234587;24.47993975269196;13.52236124937657;16.182919729205036
1687958079;14.281517772234587;24.479741047850112;13.52236124937657;16.201200574654408
1687958080;14.281517772234587;24.47993975269196;13.528620451894547;16.201200574654408
1687958081;14.281517772234587;24.48063521963839;13.528620451894547;16.211036464325524
1687958082;14.281517772234587;24.480436514796555;13.528620451894547;16.237762265553123
1687958083;14.281517772234587;24.46791810976058;13.528620451894547;16.20338632791465
1687958084;14.281517772234587;24.46682523313045;13.528421747052711;16.222561345152297
1687958085;14.281517772234587;24.467620052497818;13.5346809495707;16.233291406611706
1687958086;14.281517772234587;24.466626528288614;13.54014533272132;16.214811856320498
1687958087;14.281517772234587;24.46563300407941;13.54014533272132;16.231701767876984
1687958088;14.287094156248292;24.466229118604932;13.540940152088687;16.22415098388702
1687958089;14.287094156248292;24.467620052497818;13.54014533272132;16.234483635662755
1687958090;14.287094156248292;24.467620052497818;13.546603240081156;16.23199982513974
1687958091;14.287094156248292;24.467520700076896;13.54640453523931;16.247200745540567
1687958092;14.287094156248292;24.466527175867693;13.54640453523931;16.23339075903263
1687958093;14.287094156248292;24.47278637838568;13.547994173974033;16.24481628743848
1687958094;14.287094156248292;24.47248832112292;13.547994173974033;16.223952279045186
1687958095;14.287094156248292;24.471693501755553;13.55425337649202;16.22266069757322
1687958096;14.287094156248292;24.4670239379723;13.54640453523931;16.25624181584433
1687958097;14.287094156248292;24.45957250640326;13.533886130203332;16.23587456955564
1687958098;14.287094156248292;24.459075744298666;13.535475768938065;16.209446825590803
1687958099;14.287094156248292;24.459075744298666;13.540940152088687;16.231205005772374
1687958100;14.287094156248292;24.458777687035905;13.540741447246841;16.230906948509617
1687958101;14.287094156248292;24.45867833461498;13.540741447246841;16.27819870086774
1687958102;14.287094156248292;24.458280924931298;13.540741447246841;16.203585032756497
1687958103;14.287094156248292;24.458280924931298;13.546106477976549;16.230310833984095
1687958104;14.287094156248292;24.458280924931298;13.546106477976549;16.21660019989707
1687958105;14.287094156248292;24.457883515247612;13.540642094825927;16.2045785569657
1687958106;14.287094156248292;24.463248545977322;13.533588072940573;16.204975966649382
1687958107;14.287094156248292;24.463944012923765;13.533588072940573;16.19772323992219
1687958108;14.287094156248292;24.464540127449286;13.533588072940573;16.20974488285356
1687958109;14.287094156248292;24.464242070186526;13.532793253573205;16.177753403317176
1687958110;14.287094156248292;24.469706453337146;13.533389368098735;16.214116389374055
1687958111;14.287094156248292;24.470501272704514;13.533389368098735;16.171692905641034
1687958112;14.287094156248292;24.474674074383174;13.533389368098735;16.19772323992219
1687958113;14.287094156248292;24.46911033881163;13.534979006833458;16.638251874283416
1687958114;14.287094156248292;24.46851422428611;13.534184187466092;16.687033912955364
1687958115;14.287094156248292;24.46851422428611;13.534184187466092;16.77674914904651
1687958116;14.287094156248292;24.46831551944426;13.534780301991622;16.714455181129395
1687958117;14.287094156248292;24.4733824929112;13.533985482624256;16.75121557686996
1687958118;14.287094156248292;24.46712329039322;13.533985482624256;16.759163770543594
1687958119;14.287094156248292;24.46295048871456;13.533985482624256;16.740187458147794
1687958120;14.287094156248292;24.461559554821676;13.540244685142245;16.342281012361425
1687958121;14.287094156248292;24.461559554821676;13.539449865774877;16.285252722753096
1687958122;14.287094156248292;24.46106279271707;13.540244685142245;16.314064924820027
1687958123;14.287094156248292;24.4602679733497;13.540244685142245;16.340790726047626
1687958124;14.287094156248292;24.4602679733497;13.540244685142245;16.318138374077762
1687958125;14.287094156248292;24.459373801561423;13.539449865774877;16.320622184600776
1687958126;14.287094156248292;24.459075744298666;13.539449865774877;16.31635003050119
1687958127;14.287094156248292;24.459075744298666;13.54103950450961;16.30512320693719
1687958128;14.287094156248292;24.461162145137994;13.540244685142245;16.315555211133827
1687958129;14.287094156248292;24.459969916086944;13.540244685142245;16.333438646899513
1687958130;14.287094156248292;24.466229118604932;13.540244685142245;16.32747750164428
1687958131;14.287094156248292;24.466229118604932;13.533190663256889;16.327179444381525
1687958132;14.287094156248292;24.466924585551375;13.534780301991622;16.255248291635127
1687958133;14.287094156248292;24.465732356500336;13.53050814789204;16.28902811474807
1687958134;14.287094156248292;24.471991559018313;13.528521099473634;16.260017207839304
1687958135;14.287094156248292;24.472289616281085;13.528521099473634;16.417888204681887
1687958136;14.287094156248292;24.47755529458986;13.533985482624256;16.72776840553274
1687958137;14.287094156248292;24.477157884906187;13.540244685142245;16.760952114120165
1687958138;14.287094156248292;24.477058532485263;13.5472987070276;16.760654056857405
1687958139;14.287094156248292;24.482522915635883;13.5472987070276;16.65454567131437
1687958140;14.293367588263706;24.48172809626852;13.734478668041705;16.637357702495137
1687958141;14.293367588263706;24.48172809626852;13.890859378570475;16.6396428081763
1687958142;14.28689499967637;24.481430039005758;14.502373529335788;16.633284253237402
1687958143;14.280621567660956;24.475965655855138;15.4293316165235;16.163049245020954
1687958144;14.280621567660956;24.47606500827606;15.063217945431672;16.176461821845212
1687958145;14.280621567660956;24.47636306553882;15.06162830669695;16.162751187758197
1687958146;14.280621567660956;24.475568246171452;15.06162830669695;16.171692905641034
1687958147;14.280621567660956;24.475071484066856;14.901571556594117;16.187489940567378
1687958148;14.280621567660956;24.475866303434213;14.90316119532885;16.184708072781607
1687958149;14.280621567660956;24.47636306553882;14.902167671119637;16.21093711190461
1687958150;14.280621567660956;24.474972131645934;14.902167671119637;16.201101222233483
1687958151;14.280621567660956;24.474972131645934;14.901372851752281;16.20696301506779
1687958152;14.280621567660956;24.47487277922501;14.901372851752281;16.188880874460267
1687958153;14.280621567660956;24.473879255015806;14.896405230706256;16.170202619327224
1687958154;14.280621567660956;24.473879255015806;14.894914944392445;16.163247949862793
1687958155;14.280621567660956;24.480833924480237;14.900379327543078;16.160565434497943
1687958156;14.28689499967637;24.4782507615363;14.87673345136401;16.160565434497943
1687958157;14.28689499967637;24.472587673543845;14.875342517471124;16.672131049817295
1687958158;14.28689499967637;24.46493753713297;14.880806900621746;16.468359234509467
1687958159;14.28689499967637;24.461261497558905;14.881601719989114;16.466868948195657
1687958160;14.28689499967637;24.459075744298666;14.885575816825924;16.463888375568047
1687958161;14.28689499967637;24.454604885357245;14.885575816825924;16.463789023147125
1687958162;14.28689499967637;24.460069268507866;14.884780997458568;16.446601054327893
1687958163;14.28689499967637;24.459671858824183;14.884780997458568;16.005774362703896
1687958164;14.28689499967637;24.46016862092879;14.883986178091202;16.003986019127325
1687958165;14.28689499967637;24.47308443564844;14.883986178091202;15.995243006086323
1687958166;14.28689499967637;24.471594149334642;14.886171931351456;15.96603339433572
1687958167;14.28689499967637;24.47219026386016;14.885277759563165;15.966828213703089
1687958168;14.28689499967637;24.47358119775305;14.885277759563165;15.961165125710618
1687958169;14.28689499967637;24.472587673543845;14.88448294019581;15.961463182973379
1687958170;14.28689499967637;24.479542343008276;14.88448294019581;15.967722385491367
1687958171;14.28689499967637;24.42201729129534;14.883688120828442;15.966927566124001
1687958172;14.28689499967637;24.422215996137176;14.883688120828442;15.968517204858735
1687958173;14.28689499967637;24.4096975911012;14.882992653881999;15.976564750953282
1687958174;14.28689499967637;24.410393058047642;14.882992653881999;15.982625248629434
1687958175;14.28689499967637;24.415857441198273;14.888258332190784;15.977359570320647
1687958176;14.28689499967637;24.40979694352212;14.889847970925507;15.976564750953282
1687958177;14.28689499967637;24.408604714471082;14.889847970925507;15.976862808216053
1687958178;14.28689499967637;24.4096975911012;14.89441818228785;15.993852072193448
1687958179;14.28689499967637;24.40830665720831;14.897597459757305;15.993852072193448
1687958180;14.28689499967637;24.40830665720831;14.897597459757305;16.02027981615828
1687958181;14.28689499967637;24.40790924752464;14.898193574282825;16.01799471047711
1687958182;14.28689499967637;24.415261326672745;14.897398754915459;16.01799471047711
1687958183;14.28689499967637;24.415062621830906;14.897398754915459;16.021074635525643
1687958184;14.28689499967637;24.408406009629235;14.896603935548104;15.963748288654545
1687958185;14.28689499967637;24.414665212147224;14.891536962081153;15.963748288654545
1687958186;14.28689499967637;24.41396974520078;14.891536962081153;15.962655412024429
1687958187;14.28689499967637;24.417347727512073;14.889549913662748;15.964245050759152
1687958188;14.28689499967637;24.415758088777352;14.890344733030114;15.964245050759152
1687958189;14.28689499967637;24.421222471927972;14.889549913662748;15.969709433909774
1687958190;14.28689499967637;24.42171923403258;14.889549913662748;15.968815262121494
1687958191;14.28689499967637;24.41546003151459;14.88448294019581;15.957091676452883
1687958192;14.28689499967637;24.420924414665212;14.882595244198315;15.948944777937403
1687958193;14.28689499967637;24.420924414665212;14.883390063565683;15.896884109375097
1687958194;14.28689499967637;24.426885559920443;14.883390063565683;15.895989937586808
1687958195;14.28689499967637;24.4325486479129;14.882595244198315;15.89519511821944
1687958196;14.28689499967637;24.433939581805785;14.88180042483095;15.896586052112326
1687958197;14.28689499967637;24.433939581805785;14.88180042483095;15.890326849594349
1687958198;14.28689499967637;24.43284670517567;14.88180042483095;15.897380871479694
1687958199;14.28689499967637;24.433641524543027;14.883390063565683;15.900957558632832
1687958200;14.28689499967637;24.4325486479129;14.883390063565683;15.89757957632154
1687958201;14.28689499967637;24.431753828545546;14.882595244198315;15.898374395688897
1687958202;14.28689499967637;24.437218211696166;14.88180042483095;15.898374395688897
1687958203;14.28689499967637;24.438807850430887;14.88180042483095;15.898374395688897
1687958204;14.28689499967637;24.438807850430887;14.88180042483095;15.904037483681366
1687958205;14.28689499967637;24.433840229384874;14.881005605463592;15.903838778839518
1687958206;14.28689499967637;24.4310583615991;14.88180042483095;15.904633598206885
1687958207;14.28689499967637;24.43225059065014;14.88180042483095;15.903838778839518
1687958208;14.28689499967637;24.431555123703696;14.88180042483095;15.899864682002708
1687958209;14.28689499967637;24.418838013825884;14.881005605463592;15.899765329581783
1687958210;14.28689499967637;24.41993089045601;14.88180042483095;15.90056014894915
1687958211;14.28689499967637;24.419732185614162;14.88726480798157;15.90056014894915
1687958212;14.28689499967637;24.41238010646606;14.880210786096226;15.90056014894915
1687958213;14.28689499967637;24.41238010646606;14.880210786096226;15.906819351467139
1687958214;14.28689499967637;24.413075573412502;14.880210786096226;15.90602453209977
1687958215;14.292471383690074;24.412876868570656;14.880210786096226;15.897976986005213
1687958216;14.292471383690074;24.41247945888697;14.880210786096226;15.904236188523202
1687958217;14.292471383690074;24.41247945888697;14.873951583578238;15.903441369155846
1687958218;14.292471383690074;24.41218140162421;14.875739927154807;15.911190857987634
1687958219;14.292471383690074;24.41118787741501;14.874746402945604;15.910396038620277
1687958220;14.292471383690074;24.41118787741501;14.874746402945604;15.908408990201861
1687958221;14.292471383690074;24.417943842037605;14.87464705052468;15.909998628936595
1687958222;14.292471383690074;24.42360693003006;14.880111433675303;15.908508342622785
1687958223;14.304719512863029;24.42479915908111;14.880111433675303;15.911091505566722
1687958224;14.304719512863029;24.43046224707357;14.880111433675303;15.910396038620277
1687958225;14.304719512863029;24.429369370443453;14.880111433675303;15.909601219252911
1687958226;14.304719512863029;24.430859656757253;14.879316614307935;15.913575316089723
1687958227;14.304719512863029;24.43135641886186;14.878323090098732;15.910992153145799
1687958228;14.304619934577067;24.430561599494492;14.879912728833467;15.910594743462115
1687958229;14.304619934577067;24.429766780127128;14.8791179094661;15.909700571673834
1687958230;14.304619934577067;24.43135641886186;14.878323090098732;15.911091505566722
1687958231;14.304619934577067;24.4310583615991;14.865804685062756;15.910296686199354
1687958232;14.304619934577067;24.430263542231735;14.872063887580744;15.907514818413581
1687958233;14.304619934577067;24.431455771282785;14.872858706948112;15.907514818413581
1687958234;14.304420778005145;24.430660951915417;14.871765830317985;15.909104457148304
1687958235;14.304420778005145;24.430660951915417;14.871765830317985;15.908309637780949
1687958236;14.304420778005145;24.430362894652657;14.871765830317985;15.908309637780949
1687958237;14.304420778005145;24.42956807528529;14.865506627799995;15.909104457148304
1687958238;14.304420778005145;24.43582727780328;14.865904037483679;15.9081109329391
1687958239;14.304420778005145;24.43443634391039;14.865109218116313;15.9081109329391
1687958240;14.304420778005145;24.43523116327776;14.865109218116313;15.907018056308974
1687958241;14.304420778005145;24.441192308532976;14.871368420634301;15.907018056308974
1687958242;14.304420778005145;24.440397489165623;14.871169715792465;15.907812875676342
1687958243;14.304420778005145;24.440397489165623;14.870374896425098;15.91407207819433
1687958244;14.304221621433232;24.43980137464009;14.870374896425098;15.919536461344952
1687958245;14.304221621433232;24.43980137464009;14.870374896425098;15.918741641977585
1687958246;14.304221621433232;24.444371586002433;14.869580077057742;15.918741641977585
1687958247;14.304221621433232;24.444371586002433;14.869778781899578;15.918741641977585
1687958248;14.304221621433232;24.44357676663508;14.868785257690377;15.919536461344952
1687958249;14.304221621433232;24.456790638617488;14.868785257690377;15.918741641977585
1687958250;14.304221621433232;24.455797114408284;14.869580077057742;15.925000844495575
1687958251;14.304221621433232;24.455797114408284;14.869580077057742;15.925000844495575
1687958252;14.304221621433232;24.450034673994903;14.869580077057742;15.92579566386294
1687958253;14.304221621433232;24.46255307903088;14.867990438323009;15.92579566386294
1687958254;14.304221621433232;24.4680174621815;14.867990438323009;15.916655241138255
1687958255;14.304221621433232;24.4680174621815;14.867990438323009;15.916655241138255
1687958256;14.304221621433232;24.46851422428611;14.869580077057742;15.917450060505622
1687958257;14.304221621433232;24.46851422428611;14.870374896425098;15.91824487987299
1687958258;14.304221621433232;24.461460202400755;14.869580077057742;15.92370926302361
1687958259;14.304221621433232;24.456492581354727;14.869381372215894;15.92370926302361
1687958260;14.304221621433232;24.455697761987373;14.868586552848528;15.923510558181775
1687958261;14.304221621433232;24.454902942620006;14.868586552848528;15.922715738814407
1687958262;14.304221621433232;24.4490411497857;14.870871658529705;15.92430537754913
1687958263;14.304221621433232;24.44755086347189;14.8688846101113;15.92430537754913
1687958264;14.30402246486131;24.448345682839257;14.868089790743932;15.923510558181775
1687958265;14.30402246486131;24.44914050220661;14.868089790743932;15.919933871028636
1687958266;14.30402246486131;24.455399704724602;14.868089790743932;15.919933871028636
1687958267;14.30402246486131;24.455399704724602;14.874348993261922;15.914469487878014
1687958268;14.30402246486131;24.454207475673563;14.874348993261922;15.908210285360024
1687958269;14.30402246486131;24.461956964505347;14.868089790743932;15.913674668510646
1687958270;14.30402246486131;24.461162145137994;14.868089790743932;15.919139051661269
1687958271;14.30402246486131;24.455002295040927;14.868487200427616;15.919139051661269
1687958272;14.30402246486131;24.45629387651289;14.865904037483679;15.919933871028636
1687958273;14.30402246486131;24.455499057145524;14.865904037483679;15.919139051661269
1687958274;14.30402246486131;24.460963440296148;14.865904037483679;15.919139051661269
1687958275;14.30402246486131;24.45987056366602;14.865904037483679;15.925398254179257
1687958276;14.30402246486131;24.45361136114804;14.86083706401674;15.919039699240356
1687958277;14.30402246486131;24.4544061805154;14.861234473700424;15.920629337975079
1687958278;14.30402246486131;24.4544061805154;14.860439654333057;15.920629337975079
1687958279;14.30402246486131;24.454604885357245;14.85964483496569;15.920629337975079
1687958280;14.30402246486131;24.454108123252638;14.861234473700424;15.919834518607711
1687958281;14.30402246486131;24.454108123252638;14.861234473700424;15.919039699240356
1687958282;14.30402246486131;24.453015246622513;14.85964483496569;15.912780496722368
1687958283;14.30402246486131;24.471792854176478;14.85964483496569;15.912780496722368
1687958284;14.30402246486131;24.479641695429187;14.85964483496569;15.912780496722368
1687958285;14.30402246486131;24.472289616281085;14.85964483496569;15.91824487987299
1687958286;14.30402246486131;24.472289616281085;14.860439654333057;15.919635813765876
1687958287;14.30402246486131;24.471494796913717;14.853385632447702;15.919635813765876
1687958288;14.30402246486131;24.47069997754635;14.853385632447702;15.902249140104797
1687958289;14.30402246486131;24.472289616281085;14.853385632447702;15.900063386844543
1687958290;14.30402246486131;24.47099803480911;14.853385632447702;15.906322589362532
1687958291;14.30402246486131;24.47099803480911;14.853385632447702;15.905130360311492
1687958292;14.30402246486131;24.464738832291122;14.859048720440171;15.905925179678848
1687958293;14.30402246486131;24.464738832291122;14.858055196230968;15.912184382196838
1687958294;14.30402246486131;24.464738832291122;14.858055196230968;15.91138956282948
1687958295;14.30402246486131;24.463944012923765;14.858055196230968;15.916853945980103
1687958296;14.30402246486131;24.45738675314302;14.864314398748956;15.919238404082192
1687958297;14.30402246486131;24.458181572510373;14.864314398748956;15.919238404082192
1687958298;14.30402246486131;24.458181572510373;14.871368420634301;15.918443584714826
1687958299;14.30402246486131;24.45738675314302;14.871368420634301;15.918443584714826
1687958300;14.30402246486131;24.45708869588026;14.870573601266946;15.918443584714826
1687958301;14.30402246486131;24.45708869588026;14.869778781899578;15.916059126612737
1687958302;14.30402246486131;24.45599581925013;14.8650098656954;15.916059126612737
1687958303;14.30402246486131;24.45599581925013;14.86351957938159;15.916059126612737
1687958304;14.30402246486131;24.458082220089462;14.86351957938159;15.91526430724537
1687958305;14.30402246486131;24.457287400722095;14.86351957938159;15.91377402093157
1687958306;14.30402246486131;24.45708869588026;14.868983962532212;15.913376611247887
1687958307;14.30402246486131;24.457684810405777;14.868983962532212;15.91258179188052
1687958308;14.30402246486131;24.457684810405777;14.863320874539754;15.91258179188052
1687958309;14.30402246486131;24.457684810405777;14.862526055172387;15.912383087038684
1687958310;14.30402246486131;24.456591933775652;14.856266852654398;15.912383087038684
1687958311;14.30402246486131;24.46285113629364;14.855472033287032;15.913177906406052
1687958312;14.30402246486131;24.46285113629364;14.856664262338082;15.913177906406052
1687958313;14.30402246486131;24.46175825966351;14.856366205075322;15.912383087038684
1687958314;14.30402246486131;24.4680174621815;14.854776566340588;15.912383087038684
1687958315;14.30402246486131;24.467719404918743;14.856366205075322;15.91675459355918
1687958316;14.30402246486131;24.467719404918743;14.856366205075322;15.90294460705124
1687958317;14.30402246486131;24.467818757339664;14.856366205075322;15.930663932488043
1687958318;14.30402246486131;24.46861357670702;14.855571385707956;16.101252039208436
1687958319;14.30402246486131;24.46831551944426;14.854776566340588;14.550956863165887
1687958320;14.30402246486131;24.467520700076896;14.856366205075322;14.548870462326558
1687958321;14.30402246486131;24.46791810976058;14.86262540759331;14.54807564295919
1687958322;14.30402246486131;24.46712329039322;14.861830588225944;14.54390284128053
1687958323;14.30402246486131;24.45987056366602;14.861830588225944;14.524131709517363
1687958324;14.30402246486131;24.466229118604932;14.86083706401674;14.52343624257092
1687958325;14.30402246486131;24.466030413763097;14.862426702751463;14.522939480466324
1687958326;14.30402246486131;24.466030413763097;14.861631883384108;14.524529119201047
1687958327;14.30402246486131;24.46523559439573;14.861631883384108;14.52462847162197
1687958328;14.30402246486131;24.46523559439573;14.86083706401674;14.52462847162197
1687958329;14.30402246486131;24.464738832291122;14.86083706401674;14.517574449736614
1687958330;14.30402246486131;24.46523559439573;14.860042244649375;14.523833652254602
1687958331;14.30402246486131;24.46374530808192;14.86083706401674;14.406895852831248
1687958332;14.30402246486131;24.463248545977322;14.866500152009198;14.619211976338232
1687958333;14.30402246486131;24.4680174621815;14.866500152009198;14.576788492605196
1687958334;14.30402246486131;24.48023780995472;14.867294971376566;14.577980721656248
1687958335;14.30402246486131;24.486497012472707;14.866500152009198;14.576788492605196
1687958336;14.30402246486131;24.485106078579822;14.866500152009198;14.576788492605196
1687958337;14.30402246486131;24.48629830763086;14.867294971376566;14.252005428616277
1687958338;14.30402246486131;24.486198955209936;14.861035768858578;14.25150866651168
1687958339;14.30402246486131;24.486198955209936;14.861035768858578;14.251111256827997
1687958340;14.30402246486131;24.49166333836057;14.861035768858578;14.251906076195354
1687958341;14.30402246486131;24.49136528109781;14.861035768858578;14.251111256827997
1687958342;14.30402246486131;24.49136528109781;14.861035768858578;14.24216953894516
1687958343;14.30402246486131;24.497624483615787;14.859446130123855;14.237301270320057
1687958344;14.30402246486131;24.50547332486851;14.859446130123855;14.244057234942641
1687958345;14.29884439399145;24.51143447012374;14.859446130123855;14.243262415575275
1687958346;14.297749032845896;24.51143447012374;14.859446130123855;14.237003213057298
1687958347;14.297749032845896;24.354060235385756;14.85964483496569;14.233029116220475
1687958348;14.297749032845896;24.70238982313282;15.028047188425841;14.233029116220475
1687958349;14.297749032845896;24.71381535153867;15.04692414840072;14.233029116220475
1687958350;14.297749032845896;24.786938733336118;15.053183350918708;14.436800931528293
1687958351;14.297749032845896;24.966667262781193;15.065701755954686;14.192493328484934
1687958352;14.297749032845896;24.744415897182172;15.077624046465143;14.129007131516769
1687958353;14.297749032845896;24.702787232816505;14.72899640145532;14.470978164324933
1687958354;14.297749032845896;24.695435153668388;14.728201582087951;14.489159657353367
1687958355;14.297749032845896;24.7032839949211;14.729691868401762;14.4907492960881
1687958356;14.297749032845896;24.739150218873384;14.73595107091975;14.49671044134332
1687958357;14.297749032845896;24.737461227717738;14.734361432185016;14.495915621975964
1687958358;14.297749032845896;24.74292561086836;14.740521282282081;14.11072628606741
1687958359;14.297749032845896;24.744217192340322;14.74678048480007;14.109931466700054
1687958360;14.297749032845896;24.749681575490946;14.746581779958234;14.109931466700054
1687958361;14.297749032845896;24.749681575490946;14.75303968731806;14.097413061664078
1687958362;14.297749032845896;24.755046606220652;14.752046163108856;14.097413061664078
1687958363;14.297749032845896;24.75584142558802;14.75363580184358;14.103572911761141
1687958364;14.297749032845896;24.757431064322745;14.75363580184358;14.104367731128509
1687958365;14.297749032845896;24.756338187692617;14.75363580184358;14.110626933646497
1687958366;14.297749032845896;24.75524531106249;14.747873361430198;14.110626933646497
1687958367;14.297749032845896;24.749780927911868;14.752840982476222;14.110626933646497
1687958368;14.297749032845896;24.762001275685087;14.75363580184358;14.109832114279131
1687958369;14.297749032845896;24.779984063871684;14.75363580184358;14.109633409437283
1687958370;14.297749032845896;24.792502468907664;14.75363580184358;14.115892611955271
1687958371;14.297749032845896;24.798761671425652;14.75363580184358;14.115892611955271
1687958372;14.297749032845896;24.80959108530597;14.752840982476222;14.104069673865737
1687958373;14.297749032845896;24.809392380464136;14.746581779958234;14.116190669218032
1687958374;14.866540202243495;24.80899497078045;14.747376599325602;14.671570702163294
1687958375;14.364068171294564;24.828964807385457;14.747376599325602;14.727903524825193
1687958376;14.297649454559934;24.82787193075534;14.746581779958234;14.854279804235993
1687958377;14.50795879450527;24.832740199380442;14.75303968731806;14.996651823414986
