Time;{instance="10.231.0.208:9100"};{instance="192.168.221.10:9100"};{instance="192.168.221.11:9100"};{instance="192.168.221.12:9100"}
1687957657;11271.555555555557;22068.88888888889;12138.77777777778;12456.555555555557
1687957658;11279.88888888889;24334.77777777778;12132.555555555557;12455.88888888889
1687957659;11285.77777777778;28454.88888888889;12127.555555555557;12458.111111111111
1687957660;11284.333333333334;29195.333333333336;11991.222222222223;12812
1687957661;7018863.777777778;32453.55555555556;11991.555555555557;12884.333333333334
1687957662;20052030.77777778;34610.222222222226;11994.77777777778;24244.444444444445
1687957663;33184908.77777778;34106.88888888889;11995.444444444445;42447.11111111112
1687957664;46360177.222222224;41551.77777777778;11989.111111111111;58887.55555555556
1687957665;59300648.44444445;38388.333333333336;11990.666666666668;80805.22222222223
1687957666;72054856.44444445;46127.88888888889;11864.88888888889;111831.66666666667
1687957667;85337497.55555557;44326.66666666667;11905.444444444445;142883.11111111112
1687957668;97835100.55555557;46375.88888888889;11987.555555555557;170633.11111111112
1687957669;110974357.00000001;43400.222222222226;11989.111111111111;197374.6666666667
1687957670;116924307.44444445;39743.333333333336;11989.333333333334;224240.00000000003
1687957671;116881957.77777779;43461.77777777778;11989.88888888889;238463.55555555556
1687957672;116813432.55555557;44200.444444444445;11990.444444444445;248408.00000000003
1687957673;116499686.33333334;36626.444444444445;11991.555555555557;259724.6666666667
1687957674;116638582.22222222;40205.444444444445;12009.555555555557;269412.55555555556
1687957675;116438899.22222222;34629.88888888889;12009.88888888889;266230.3333333334
1687957676;116205828.55555557;38050.77777777778;11968;265022.44444444444
1687957677;116584055.66666667;36974.88888888889;11926.555555555557;266799.1111111111
1687957678;116346684.00000001;43627.55555555556;12021.333333333334;269192.22222222225
1687957679;115652293.33333334;43069.77777777778;12022.222222222223;265622.44444444444
1687957680;115232590.11111112;38209.11111111112;12028.222222222223;258351.55555555556
1687957681;114087096.55555557;45272.55555555556;12028.77777777778;259954.00000000003
1687957682;113580021.00000001;46871.77777777778;12155.77777777778;251144.77777777778
1687957683;113559751.44444445;45029.444444444445;12137.222222222223;280138.1111111111
1687957684;114113534.55555557;42285.444444444445;12140.111111111111;307882.55555555556
1687957685;114086649.8888889;41267;12158.666666666668;340012.3333333334
1687957686;114276428.44444445;34410.88888888889;12132.222222222223;363028.3333333334
1687957687;114750187.55555557;29083.333333333336;12052.333333333334;389877.88888888893
1687957688;115477006.8888889;33730.11111111112;12216.111111111111;421150.7777777778
1687957689;116011542.8888889;33370.222222222226;12262.444444444445;453239.00000000006
1687957690;117127331.55555557;25394.111111111113;12263;480716.7777777778
1687957691;117968756.00000001;26167.77777777778;12136.111111111111;518900.88888888893
1687957692;118072225.77777779;24937.666666666668;12135.222222222223;514294.22222222225
1687957693;117964829.00000001;28012.444444444445;12133.555555555557;514150.6666666667
1687957694;117962435.44444445;25245.88888888889;12116.88888888889;512368.88888888893
1687957695;118139117.33333334;26563.666666666668;12100.444444444445;518409.7777777778
1687957696;117717567.8888889;28167.000000000004;12084.77777777778;518442.22222222225
1687957697;117611522.55555557;22213.666666666668;11920;519364.22222222225
1687957698;117593007.22222222;23594.444444444445;11912.444444444445;516215.5555555556
1687957699;117408108.00000001;23329.666666666668;12009;516428.22222222225
1687957700;117047642.55555557;23399.55555555556;12008.222222222223;513087.7777777778
1687957701;116763530.77777779;22919.88888888889;12009.222222222223;510933.1111111111
1687957702;116868064.77777779;21694.666666666668;12009.111111111111;517326.6666666667
1687957703;117230181.22222222;24586.88888888889;12015.88888888889;514715.7777777778
1687957704;116739424.66666667;23298.444444444445;12014.77777777778;518724.00000000006
1687957705;116702394.77777779;21775.111111111113;12014.555555555557;520170.22222222225
1687957706;116548481.33333334;23515;12016;513748.6666666667
1687957707;116576502.00000001;22152.444444444445;11970.555555555557;508960.00000000006
1687957708;116848565.33333334;26250.000000000004;11927;509912.6666666667
1687957709;117097969.33333334;25967.77777777778;12000.666666666668;516576.88888888893
1687957710;117264746.22222222;29171.000000000004;12014.111111111111;520924.00000000006
1687957711;117129325.8888889;27885.222222222223;12087.555555555557;516507.7777777778
1687957712;116933399.33333334;26914.111111111113;12078.77777777778;515725.5555555556
1687957713;117347601.77777779;28243.444444444445;12130.444444444445;511174.4444444445
1687957714;117572489.33333334;27936.88888888889;12145;509266.88888888893
1687957715;118000878.77777779;28142.55555555556;12144.111111111111;511885.7777777778
1687957716;118090020.55555557;29556.333333333336;12151;519132.88888888893
1687957717;118075847.77777779;26343.88888888889;12097.333333333334;519823.5555555556
1687957718;118274447.22222222;25990.333333333336;12077.666666666668;516134.6666666667
1687957719;118294799.33333334;23893.55555555556;12082.444444444445;514105.5555555556
1687957720;118569915.77777779;25547.222222222223;12097.111111111111;513944.88888888893
1687957721;118482021.77777779;25292.88888888889;12097.222222222223;514967.5555555556
1687957722;118452464.44444445;24539.444444444445;12046.555555555557;515848.88888888893
1687957723;118628646.00000001;26016.111111111113;12031.666666666668;520025.7777777778
1687957724;118387098.00000001;24973.77777777778;12030;519543.5555555556
1687957725;118080435.77777779;23677.444444444445;12022.88888888889;520324.22222222225
1687957726;118240355.77777779;24737.444444444445;12023.111111111111;516780.22222222225
1687957727;118018152.66666667;23687.111111111113;11970.111111111111;517107.7777777778
1687957728;117971502.44444445;24043.666666666668;11950.88888888889;518937.7777777778
1687957729;117831585.55555557;22851.55555555556;11917.333333333334;519185.7777777778
1687957730;117862405.22222222;23258.77777777778;12005;518090.22222222225
1687957731;117875166.33333334;22372;12004.333333333334;515922.4444444445
1687957732;117646123.66666667;22041.111111111113;12004.111111111111;513451.1111111111
1687957733;117769353.55555557;21707.111111111113;12004.333333333334;514900.6666666667
1687957734;117777389.33333334;22262.77777777778;12004.222222222223;516413.3333333334
1687957735;117572328.00000001;21182.55555555556;12003.333333333334;517218.6666666667
1687957736;117483172.66666667;23052.88888888889;12000.333333333334;516829.5555555556
1687957737;117641730.11111112;22063;11999.666666666668;515917.3333333334
1687957738;117772294.66666667;25195.111111111113;11944.444444444445;517295.1111111111
1687957739;117552922.44444445;26716.55555555556;11912.555555555557;521146.4444444445
1687957740;117615706.22222222;28629.222222222223;12002.111111111111;527851.7777777779
1687957741;117437159.00000001;27450.55555555556;12000.77777777778;525281.7777777779
1687957742;117616631.8888889;27535.222222222223;12007.111111111111;520162.88888888893
1687957743;117787524.11111112;27942.55555555556;12005.88888888889;518299.5555555556
1687957744;117780068.8888889;27585.111111111113;12002.222222222223;521480.00000000006
1687957745;117537347.00000001;27148.88888888889;12001.444444444445;522921.1111111111
1687957746;117362162.66666667;28584.333333333336;12045.88888888889;519517.1111111111
1687957747;117061913.77777779;24983.444444444445;12066;519346.6666666667
1687957748;117478904.33333334;22929.77777777778;12031;513563.1111111111
1687957749;117057253.00000001;21905.444444444445;11986.222222222223;507108.6666666667
1687957750;117319873.44444445;23160.666666666668;11987.444444444445;502733.7777777778
1687957751;117283945.66666667;23104.222222222223;12071.77777777778;504327.3333333334
1687957752;117299508.44444445;21930.77777777778;12070.555555555557;502333.7777777778
1687957753;117307621.77777779;23248.444444444445;12072.333333333334;497218.00000000006
1687957754;117954206.8888889;21541.111111111113;12071.555555555557;493201.55555555556
1687957755;117689645.66666667;20427.444444444445;12027;489470.22222222225
1687957756;117276830.11111112;23181.111111111113;12005.111111111111;460728.6666666667
1687957757;117036372.33333334;22148.88888888889;11983.555555555557;442849.3333333334
1687957758;117373716.8888889;22767;11938.444444444445;440605.1111111111
1687957759;117328637.55555557;21574.666666666668;11983.111111111111;444107.7777777778
1687957760;116809150.77777779;21905.222222222223;11892;432113.55555555556
1687957761;116678917.77777779;23025.444444444445;11984.111111111111;408909.3333333334
1687957762;116695379.11111112;21323.222222222223;11986.222222222223;408634
1687957763;109834165.55555557;23188.77777777778;11997.666666666668;394658.88888888893
1687957764;107168479;22602.444444444445;11997;355043.1111111111
1687957765;107688390.66666667;20337.222222222223;11997.555555555557;363938.22222222225
1687957766;107279957.22222222;23181.444444444445;11997.555555555557;360638
1687957767;107236745.77777779;24067.222222222223;11997.77777777778;344293.55555555556
1687957768;107246872.11111112;26550.000000000004;11952.88888888889;329325.1111111111
1687957769;107611912.8888889;29650.55555555556;11998.88888888889;323370.44444444444
1687957770;107654499.22222222;28606.88888888889;11907.111111111111;332624.88888888893
1687957771;107533481.11111112;29013.88888888889;11987;314982
1687957772;114003832.00000001;28367.68461965574;12003.77777777778;314281.3333333334
1687957773;116843441.44444445;30178.77777777778;12003.222222222223;340874
1687957774;116955105.66666667;30557.88888888889;12003;342757.55555555556
1687957775;117242329.66666667;28593.333333333336;12001.555555555557;346048.4444444445
1687957776;117229739.00000001;29208.222222222223;12009.666666666668;349847.55555555556
1687957777;117279715.33333334;28177.333333333336;12010.88888888889;340113.1111111111
1687957778;117070020.77777779;25128.222222222223;11964.222222222223;329121.55555555556
1687957779;117167065.8888889;24980.55555555556;11996.222222222223;314233.1111111111
1687957780;117544120.44444445;25513;11912.88888888889;302728
1687957781;117403280.00000001;24282.267926625904;11887.444444444445;288077.7777777778
1687957782;117540234.77777779;24332.333333333336;11971.555555555557;284311.55555555556
1687957783;117406826.55555557;23590.444444444445;11972.333333333334;273038.22222222225
1687957784;117634674.66666667;24295.77777777778;11972;265942.6666666667
1687957785;117634077.55555557;21251.55555555556;11963.77777777778;252569.55555555556
1687957786;113201962.77777779;21009.88888888889;12012.77777777778;252674.6666666667
1687957787;108265461.55555557;22495.666666666668;12064.77777777778;231165.77777777778
1687957788;108301841.55555557;23134.88888888889;12032.666666666668;229394.8888888889
1687957789;108083274.44444445;22585.111111111113;12034.88888888889;239856.00000000003
1687957790;107745850.55555557;23709.111111111113;12076.88888888889;236651.55555555556
1687957791;102502616;22182.77777777778;12037.333333333334;216586.00000000003
1687957792;91776620.55555557;24216.222222222223;12128.555555555557;189869.77777777778
1687957793;79304078.33333334;23683;12126.735532600245;160324.6666666667
1687957794;79092861.44444445;25528.444444444445;12131.444444444445;140855.55555555556
1687957795;83288743.77777778;24361.222222222223;12082;123332.22222222223
1687957796;88322299.8888889;24023.444444444445;12032.111111111111;133081.77777777778
1687957797;88182555.77777779;24743.55555555556;12033.222222222223;122087.55555555556
1687957798;87800680.55555557;27784.333333333336;12030.555555555557;101207.77777777778
1687957799;84168696.33333334;29712.666666666668;11988.222222222223;86808
1687957800;89283602.11111112;30239.444444444445;11986.444444444445;85217.11111111112
1687957801;100110230.44444445;28322.333333333336;11894.333333333334;96392.66666666667
1687957802;112372986.00000001;27680.77777777778;11916.75002778704;109095.11111111112
1687957803;109634051.11111112;27618.55555555556;12002.88888888889;113185.55555555556
1687957804;105054095.66666667;27815.88888888889;12001.333333333334;104807.55555555556
1687957805;105119542.22222222;26847.444444444445;12000.111111111111;107120.66666666667
1687957806;105111200.55555557;25396.444444444445;12015.222222222223;109240.88888888889
1687957807;105490240.66666667;24265.222222222223;12036.444444444445;107847.77777777778
1687957808;109344603.8888889;22493.77777777778;12050.222222222223;112612.22222222223
1687957809;109413816.77777779;22207.222222222223;12008.666666666668;121143.55555555556
1687957810;109440568.11111112;23099.77777777778;12064.555555555557;128251.55555555556
1687957811;109273926.22222222;22319.666666666668;12044.88888888889;136418.8888888889
1687957812;109586294.77777779;22805.77777777778;11954.222222222223;135433.77777777778
1687957813;114279421.11111112;22833.444444444445;12043.222222222223;149221.77777777778
1687957814;114298276.22222222;23590;12042;155360.8888888889
1687957815;114127096.33333334;23466.55555555556;12024.444444444445;161276.8888888889
1687957816;112942104.66666667;21397.666666666668;12004.77777777778;164718.6666666667
1687957817;113071893.44444445;20744.111111111113;12011.111111111111;166428.8888888889
1687957818;113184369.11111112;22296.77777777778;12011;163583.55555555556
1687957819;113037550.66666667;21097;11955.444444444445;158548.8888888889
1687957820;112795203.77777779;23158.444444444445;12011.88888888889;153437.55555555556
1687957821;114825386.44444445;21001.333333333336;12011;153194
1687957822;105307665.44444445;21247.222222222223;11922.111111111111;143898.6666666667
1687957823;92306836.44444445;20753.111111111113;11998.111111111111;122218.22222222223
1687957824;79488190.66666667;21230.111111111113;12027;100519.55555555556
1687957825;76174055;23537.77777777778;12028.555555555557;87936.55555555556
1687957826;76405651;25082.222222222223;12010.444444444445;84015.88888888889
1687957827;76215762.33333334;22749;12011.111111111111;75294.55555555556
1687957828;76293433.44444445;27377.88888888889;12013.666666666668;66836.77777777778
1687957829;76732921.22222222;28648.666666666668;11957.333333333334;58844.11111111112
1687957830;77394935.8888889;29983.222222222223;11959.88888888889;53974.333333333336
1687957831;86708430;29520.000000000004;12014.77777777778;62354.333333333336
1687957832;98893665.77777779;28596.111111111113;11939.77777777778;70655.88888888889
1687957833;111788915.55555557;29010.000000000004;11932.88888888889;77136.11111111111
1687957834;116120483.44444445;27296.666666666668;12023.333333333334;80903.77777777778
1687957835;115123822.55555557;26384.000000000004;12020;78689.77777777778
1687957836;114020543.00000001;28386.666666666668;12026.111111111111;78146.44444444445
1687957837;113984655.11111112;24450.333333333336;12023.666666666668;78049.11111111111
1687957838;113946864.77777779;22785.88888888889;12024.222222222223;81706.44444444445
1687957839;110038759.66666667;21644.77777777778;12023.555555555557;82891.77777777778
1687957840;100887044;22598.77777777778;11968.88888888889;68080.22222222223
1687957841;96173561.22222222;22608;12014.555555555557;60783.333333333336
1687957842;96293140.55555557;22151.666666666668;11994.77777777778;64596.222222222226
1687957843;96303347.66666667;21896.666666666668;11902.666666666668;69219.11111111111
1687957844;96450171.44444445;21522.222222222223;11994.111111111111;71530.22222222223
1687957845;97112561.66666667;21513.333333333336;12027.666666666668;72976.88888888889
1687957846;97004139.66666667;21981;12028.555555555557;75272.44444444445
1687957847;96791738.22222222;22110;12026;77322.22222222223
1687957848;100584453.44444445;22785.666666666668;12031.77777777778;78552.22222222223
1687957849;107651395.11111112;22309;12032.111111111111;85478.88888888889
1687957850;112494495.66666667;23526.111111111113;11984.222222222223;91973.55555555556
1687957851;112485170.22222222;23452.111111111113;12021.666666666668;90956.44444444445
1687957852;112558120.00000001;24175.111111111113;12023.222222222223;89520.22222222223
1687957853;113023380.77777779;24112.222222222223;11933.444444444445;90391.55555555556
1687957854;109148661.00000001;24514.111111111113;11892.111111111111;87666
1687957855;107062416.11111112;25927.88888888889;11979.666666666668;80545.77777777778
1687957856;107316079.44444445;26748.000000000004;11982.444444444445;79414.44444444445
1687957857;107232629.44444445;26525.111111111113;11976.88888888889;84597.55555555556
1687957858;109728855.8888889;29222.88888888889;11976;86103.77777777778
1687957859;110049542.44444445;31516.88888888889;11976.666666666668;89850.22222222223
1687957860;99121611.77777779;31969.666666666668;11937.555555555557;85003.77777777778
1687957861;96768501.8888889;31937.55555555556;11984.222222222223;77382.44444444445
1687957862;97175574.33333334;31032.000000000004;11982.444444444445;77466.88888888889
1687957863;101606913.11111112;29575.222222222223;12008.111111111111;81986
1687957864;103423347;26971.333333333336;11919.666666666668;89655.77777777778
1687957865;100569533.22222222;25610.77777777778;12015.444444444445;84277.11111111112
1687957866;100737297.55555557;27936.444444444445;12036.88888888889;79691.55555555556
1687957867;99199190;24653.222222222223;12043.555555555557;78041.33333333334
1687957868;86836841;21454.666666666668;12084.111111111111;69330.88888888889
1687957869;84759270.55555557;21857.88888888889;12130.77777777778;64884.222222222226
1687957870;74082520.77777778;21450.77777777778;12099.333333333334;61518.222222222226
1687957871;60969476.44444445;23312.222222222223;12201.77777777778;50711.55555555556
1687957872;47941645.888888896;23216.55555555556;12191.555555555557;39544.222222222226
1687957873;35276648.11111111;24044;12192.555555555557;29240.666666666668
1687957874;25113070;23357.88888888889;12097.444444444445;22013.77777777778
1687957875;12018710.222222224;22318;12165.333333333334;14205.333333333334
1687957876;284460.3333333334;24748.111111111113;12159.77777777778;14269.333333333334
1687957877;11266.88888888889;24958.77777777778;12121.333333333334;14249.222222222223
1687957878;11263;24923.88888888889;12096.555555555557;14241.444444444445
1687957879;11271;24047.77777777778;12081.88888888889;14240.666666666668
1687957880;11268.666666666668;23303.88888888889;11978.444444444445;14242.222222222223
1687957881;11266.111111111111;22531.111111111113;11965.111111111111;14247.444444444445
1687957882;11254.77777777778;21582.444444444445;12022;14203.444444444445
1687957883;11245.88888888889;22768.222222222223;12020.88888888889;14243.222222222223
1687957884;11247.666666666668;21454.77777777778;11930.77777777778;14235.555555555557
1687957885;11246.222222222223;18413;12006.111111111111;14143.77777777778
1687957886;11244.222222222223;21471.55555555556;12017.438631567256;14234.111111111111
1687957887;11243;20158.666666666668;12001.111111111111;14234.000000000002
1687957888;11232.111111111111;24583.222222222223;12001;14234.222222222223
1687957889;11234.444444444445;26630.666666666668;12004.555555555557;14230.111111111111
1687957890;11235.222222222223;27266.333333333336;12004;14222.555555555557
1687957891;11237.77777777778;27882.77777777778;11954.555555555557;14217.000000000002
1687957892;11239.666666666668;26189.444444444445;12012.222222222223;14176.666666666668
1687957893;11237.555555555557;28976.77777777778;12031.222222222223;14223.444444444445
1687957894;11251.666666666668;29109.000000000004;11957.111111111111;14221.88888888889
1687957895;11253.333333333334;25985.111111111113;11945.315105035012;14122.444444444445
1687957896;11254.77777777778;26603.88888888889;12017.77777777778;14122.555555555557
1687957897;11308;24682.55555555556;12045.111111111111;14220.444444444445
1687957898;11330.222222222223;23325.333333333336;12046.555555555557;14242.88888888889
1687957899;11329.88888888889;22830.444444444445;12047;14243.333333333334
1687957900;11328.666666666668;24204.222222222223;12039.88888888889;14256.000000000002
1687957901;11329.333333333334;24091.111111111113;11985.333333333334;14264.77777777778
1687957902;11330;21362.55555555556;12013.111111111111;14210.555555555557
1687957903;11318.666666666668;23380.333333333336;12009.88888888889;14256.333333333334
1687957904;11318.222222222223;22849.222222222223;12011.111111111111;14258.111111111111
1687957905;11319.666666666668;22934.444444444445;11934.111111111111;14259.88888888889
1687957906;11267.555555555557;23046.88888888889;11912.666666666668;14162.555555555557
1687957907;11242.111111111111;22109.444444444445;11998.88888888889;14142.666666666668
1687957908;11242;23313.111111111113;12005.88888888889;14228.88888888889
1687957909;11251.88888888889;22524;12004.111111111111;14219.88888888889
1687957910;11250.77777777778;23683.88888888889;12001.222222222223;14211.77777777778
1687957911;11249.111111111111;23570.444444444445;11955;14209.555555555557
1687957912;11248;21968.88888888889;12003.555555555557;14164.444444444445
1687957913;11249.222222222223;23696;12002;14210.666666666668
1687957914;11249.333333333334;23290.666666666668;12002;14210.444444444445
1687957915;11250.77777777778;21297.88888888889;11995.333333333334;14209.000000000002
1687957916;11251.222222222223;22138.55555555556;11906.222222222223;14227.111111111111
1687957917;11250.77777777778;21479.88888888889;11972;14139.666666666668
1687957918;11239.333333333334;25489.88888888889;11986.555555555557;14231.000000000002
1687957919;11241.111111111111;27889.88888888889;11985.222222222223;14231.666666666668
1687957920;11241.222222222223;28992.55555555556;11985;14235.000000000002
1687957921;11242;29811.222222222223;11936.444444444445;14280.666666666668
1687957922;11242.222222222223;27677.111111111113;11936.77777777778;14250.111111111111
1687957923;11243;28638.111111111113;11988.444444444445;14250.555555555557
1687957924;11253.222222222223;28405.000000000004;11988.666666666668;14301.111111111111
1687957925;11262.222222222223;27506.111111111113;11988.77777777778;14280.88888888889
1687957926;11259;29240.88888888889;11930.222222222223;14310.555555555557
1687957927;11260.666666666668;24528.111111111113;11925.222222222223;14250.222222222223
1687957928;11258.555555555557;23506.666666666668;12040;14408.333333333334
1687957929;11262.77777777778;22644.55555555556;12046.88888888889;14421.444444444445
1687957930;11261.666666666668;22492.333333333336;12048.222222222223;14374.000000000002
1687957931;11261;23648.111111111113;12046.77777777778;14356.666666666668
1687957932;11259.111111111111;23938;11993.666666666668;14356.111111111111
1687957933;11247.88888888889;28929.222222222223;12239.88888888889;14374.333333333334
1687957934;11239;29313.55555555556;12240.666666666668;14443.77777777778
1687957935;11241.222222222223;27644.111111111113;12224.444444444445;14417.111111111111
1687957936;11240.555555555557;27600.222222222223;12216.333333333334;14388.666666666668
1687957937;11240;26604.55555555556;12143.222222222223;14230.77777777778
1687957938;11235.555555555557;36048.444444444445;12170.88888888889;14240.555555555557
1687957939;11244.444444444445;34717.11111111112;12269.111111111111;14326.88888888889
1687957940;11250.555555555557;35281;12271.333333333334;14328.222222222223
1687957941;11251.222222222223;34126.66666666667;12272.222222222223;14335.666666666668
1687957942;11249.77777777778;30587.333333333336;12027.333333333334;14269.666666666668
1687957943;11251.666666666668;29563.77777777778;12083;14204.77777777778
1687957944;11260;30738.222222222223;12084.77777777778;14253.444444444445
1687957945;11259.333333333334;30003.55555555556;12131.666666666668;14267.555555555557
1687957946;11259.88888888889;31907.666666666668;12106.88888888889;14274.77777777778
1687957947;11260.88888888889;21856.111111111113;12070.666666666668;14259.444444444445
1687957948;11253.222222222223;26039.88888888889;11970;14183.666666666668
1687957949;11247;28722.222222222223;12055.222222222223;14267.666666666668
1687957950;11253.88888888889;28490.000000000004;12054.666666666668;14260.222222222223
1687957951;11254.77777777778;28115.666666666668;12059.88888888889;14258.555555555557
1687957952;11253.77777777778;27799.55555555556;12005.88888888889;14258.444444444445
1687957953;11254.444444444445;27776.88888888889;12060.444444444445;14210.666666666668
1687957954;11267;28744.333333333336;12012.666666666668;14237.111111111111
1687957955;11268.77777777778;25797.111111111113;11998;14235.111111111111
1687957956;11269;26567.444444444445;12001.666666666668;14226.222222222223
1687957957;11276.111111111111;24101.77777777778;12005.333333333334;14219.222222222223
1687957958;11276;21867.444444444445;11919;14137.000000000002
1687957959;11276.111111111111;23346;12008.111111111111;14238.88888888889
1687957960;11275.88888888889;22385.222222222223;11998.333333333334;14246.222222222223
1687957961;11283.555555555557;23683.222222222223;11993.88888888889;14245.333333333334
1687957962;11275.666666666668;22109.77777777778;11936.77777777778;14250.222222222223
1687957963;11263.88888888889;22625.55555555556;11992.77777777778;14210.222222222223
1687957964;11262.444444444445;23503.88888888889;11990.555555555557;14206.333333333334
1687957965;11262.111111111111;23771.111111111113;11985.77777777778;14263.222222222223
1687957966;11254.555555555557;22913.222222222223;11989.88888888889;14263.444444444445
1687957967;11254.555555555557;22027.88888888889;11995.333333333334;14263.333333333334
1687957968;11250.805287126514;22445.55555555556;11926.111111111111;14181.77777777778
1687957969;11267.444444444445;21893.444444444445;12015.88888888889;14176.333333333334
1687957970;11259.222222222223;22708.77777777778;12016.666666666668;14266.444444444445
1687957971;11260.111111111111;22114.111111111113;12018.77777777778;14258.222222222223
1687957972;11260.666666666668;22362.333333333336;11962.444444444445;14255.222222222223
1687957973;11258.88888888889;22403;11961.333333333334;14255.666666666668
1687957974;11256.333333333334;21489.333333333336;12019.444444444445;14220.555555555557
1687957975;11258.666666666668;22637.444444444445;12013.666666666668;14268.333333333334
1687957976;11258.77777777778;22278.666666666668;12006.77777777778;14271.555555555557
1687957977;11254.751583861287;21872.77777777778;11987.555555555557;14268.111111111111
1687957978;11237.88888888889;25131.55555555556;11899.88888888889;14274.222222222223
1687957979;11237.333333333334;26466.222222222223;11898.444444444445;14199.111111111111
1687957980;11245.666666666668;28372.77777777778;11987.111111111111;14304.222222222223
1687957981;11244.88888888889;27501.000000000004;11986.333333333334;14362.77777777778
1687957982;11244.88888888889;27702.444444444445;11985.88888888889;14375.000000000002
1687957983;11245.222222222223;28834.55555555556;11936.333333333334;14369.77777777778
1687957984;11252.333333333334;27617.111111111113;11991.111111111111;14449.555555555557
1687957985;11251.88888888889;27676.55555555556;11991.444444444445;14484.77777777778
1687957986;11250.666666666668;28230.77777777778;12005.666666666668;14511.444444444445
1687957987;11258.222222222223;25401.77777777778;12024;14517.000000000002
1687957988;11258.111111111111;23189;12060.77777777778;14517.000000000002
1687957989;11248.111111111111;22605.333333333336;11969.88888888889;14423.444444444445
1687957990;11247.88888888889;23481.222222222223;12059.555555555557;14357.666666666668
1687957991;11249.333333333334;22339.55555555556;12060.88888888889;14435.77777777778
1687957992;11250.444444444445;21833;12055.222222222223;14420.333333333334
1687957993;11239.333333333334;22696.444444444445;11999.88888888889;14292.88888888889
1687957994;11238.77777777778;22491.111111111113;12047.444444444445;14255.333333333334
1687957995;11248.222222222223;25562.77777777778;12060;14475.88888888889
1687957996;11240.555555555557;26227.55555555556;12040.444444444445;14463.333333333334
1687957997;11248.333333333334;26521.88888888889;12024.444444444445;14447.111111111111
1687957998;11257.444444444445;26951.000000000004;12068.333333333334;14437.77777777778
1687957999;11268;26529.000000000004;11987;14455.666666666668
1687958000;11268.555555555557;28402.000000000004;12074;14403.555555555557
1687958001;11268.333333333334;28572.88888888889;12124.555555555557;14502.111111111111
1687958002;11269.444444444445;28041.444444444445;12124;14507.444444444445
1687958003;11271.666666666668;29132.88888888889;12078.333333333334;14505.666666666668
1687958004;11269.88888888889;23526.111111111113;12107.666666666668;14241.444444444445
1687958005;11269.444444444445;25845.222222222223;12107.88888888889;14307.77777777778
1687958006;11261.77777777778;25029.666666666668;12088.222222222223;14308.666666666668
1687958007;11253.222222222223;25484.333333333336;12043.88888888889;14308.555555555557
1687958008;11251;27998.000000000004;12036.77777777778;14293.000000000002
1687958009;11256.222222222223;30344.88888888889;11950.444444444445;14252.222222222223
1687958010;11257.555555555557;31134.88888888889;11897;14155.666666666668
1687958011;11255.77777777778;30375.88888888889;11995.333333333334;14239.444444444445
1687958012;11253.555555555557;30232.666666666668;11995.333333333334;14241.333333333334
1687958013;11248;31975.222222222223;11940.77777777778;14299.88888888889
1687958014;11259.333333333334;29460.000000000004;12000.111111111111;14233.555555555557
1687958015;11260.111111111111;29062.222222222223;12002;14266.666666666668
1687958016;11261.77777777778;29889.444444444445;12003;14286.77777777778
1687958017;11254;25951;12002.444444444445;14292.77777777778
1687958018;11255.88888888889;23716;12002.444444444445;14294.88888888889
1687958019;11261.666666666668;22797.222222222223;12004.111111111111;14299.77777777778
1687958020;11264;24543.111111111113;11907.222222222223;14247.88888888889
1687958021;11263.111111111111;22549.222222222223;11987.111111111111;14322.333333333334
1687958022;11261.555555555557;23652.77777777778;12060.111111111111;14275.444444444445
1687958023;11250.77777777778;23381.55555555556;12003.111111111111;14276.77777777778
1687958024;11250.88888888889;24855.55555555556;12061.444444444445;14245.111111111111
1687958025;11250.333333333334;21966;12083.333333333334;14244.77777777778
1687958026;11258;23687.333333333336;12080.88888888889;14301.555555555557
1687958027;11249.88888888889;20519.55555555556;12094.222222222223;14300.333333333334
1687958028;11242.222222222223;22554.88888888889;12096;14295.444444444445
1687958029;11258.333333333334;21621.444444444445;12096.555555555557;14259.111111111111
1687958030;11259.555555555557;22352.111111111113;12021.88888888889;14185.111111111111
1687958031;11259.555555555557;20943.55555555556;11956.666666666668;14176.111111111111
1687958032;11259.666666666668;20226.777777777777;12090.222222222223;14263.333333333334
1687958033;11258.111111111111;20734.77777777778;12030.77777777778;14259.88888888889
1687958034;11257.444444444445;21106.77777777778;12009.666666666668;14237.333333333334
1687958035;11250.555555555557;21609.444444444445;12074;14202.444444444445
1687958036;11256;23672.77777777778;12061.555555555557;14259.333333333334
1687958037;11255.111111111111;21742.111111111113;12073.77777777778;14257.111111111111
1687958038;11238;25838.444444444445;12149.333333333334;14254.77777777778
1687958039;11237.222222222223;28458.88888888889;12142.333333333334;14254.000000000002
1687958040;11244.555555555557;29925.444444444445;12134.444444444445;14251.77777777778
1687958041;11251.333333333334;29803.222222222223;12000.333333333334;14169.000000000002
1687958042;11259.333333333334;29567.000000000004;12001.222222222223;14259.77777777778
1687958043;11257.555555555557;29775.444444444445;12100.444444444445;14261.77777777778
1687958044;11274.666666666668;29681.88888888889;12038.555555555557;14255.111111111111
1687958045;11268.77777777778;28633.88888888889;12100.444444444445;14197.666666666668
1687958046;11269.88888888889;30231.666666666668;12095.666666666668;14260.222222222223
1687958047;11268.77777777778;26042.444444444445;12027.77777777778;14275.222222222223
1687958048;11270;23609.88888888889;12054;14281.333333333334
1687958049;11269.77777777778;21914;12059.333333333334;14296.000000000002
1687958050;11264.666666666668;22767.444444444445;12066.111111111111;14291.88888888889
1687958051;11258;22305.88888888889;12093.444444444445;14201.666666666668
1687958052;11258;21470;12003;14200.222222222223
1687958053;11240.222222222223;21834.88888888889;12081.111111111111;14279.77777777778
1687958054;11246.555555555557;23009.77777777778;12032.444444444445;14279.555555555557
1687958055;11253.77777777778;20100.55555555556;12084.88888888889;14217.111111111111
1687958056;11253.666666666668;22232;12083;14203.88888888889
1687958057;11252;22273.666666666668;12075.88888888889;14255.666666666668
1687958058;11253.111111111111;23426.111111111113;12105.111111111111;14241.555555555557
1687958059;11260.444444444445;22378;12097.222222222223;14242.88888888889
1687958060;11259.333333333334;23524.55555555556;12069.555555555557;14246.88888888889
1687958061;11259.77777777778;23281.77777777778;12061.111111111111;14269.000000000002
1687958062;11265.222222222223;21642.444444444445;11990.666666666668;14174.222222222223
1687958063;11265.333333333334;22494.111111111113;11975.333333333334;14183.444444444445
1687958064;11269.555555555557;23184.55555555556;12003.666666666668;14307.444444444445
1687958065;11270.111111111111;21644.222222222223;11998.111111111111;14306.333333333334
1687958066;11270.555555555557;21776.88888888889;12033.555555555557;14247.555555555557
1687958067;11261;22621.222222222223;11997.444444444445;14304.333333333334
1687958068;11258.222222222223;25874;11999.111111111111;14301.666666666668
1687958069;11263.111111111111;27159.77777777778;11998;14295.88888888889
1687958070;11262.111111111111;28583.444444444445;11997.555555555557;14275.555555555557
1687958071;11255.333333333334;29245.444444444445;11988.77777777778;14274.222222222223
1687958072;11247.666666666668;27054.88888888889;11995.555555555557;14264.555555555557
1687958073;11235.666666666668;28889.222222222223;11905.444444444445;14199.88888888889
1687958074;11246.77777777778;29020.88888888889;11993.77777777778;14268.444444444445
1687958075;11245.77777777778;29142.55555555556;11939;14294.88888888889
1687958076;11247.111111111111;28076.222222222223;11984.555555555557;14236.88888888889
1687958077;11239.111111111111;25867.55555555556;12031.444444444445;14268.000000000002
1687958078;11233.88888888889;24456.111111111113;12047.666666666668;14270.333333333334
1687958079;11235.88888888889;23279;12048.88888888889;14271.222222222223
1687958080;11235.77777777778;24252.88888888889;12051;14280.666666666668
1687958081;11237.222222222223;25822.444444444445;12045.666666666668;14282.222222222223
1687958082;11238.88888888889;24674;12045;14222.222222222223
1687958083;11227.444444444445;23617.111111111113;11955.444444444445;14152.333333333334
1687958084;11227.444444444445;24308.111111111113;12044.666666666668;14124.222222222223
1687958085;11226.666666666668;22701.88888888889;11999;14214.555555555557
1687958086;11235.444444444445;24223.88888888889;12012.666666666668;14184.222222222223
1687958087;11236.111111111111;22425.55555555556;11996.88888888889;14238.000000000002
1687958088;11237.444444444445;25126.444444444445;12024;14236.333333333334
1687958089;11249.111111111111;23492.333333333336;12022.333333333334;14226.555555555557
1687958090;11249.111111111111;23350.222222222223;12021.555555555557;14225.111111111111
1687958091;11245.222222222223;23097.55555555556;12023.111111111111;14226.111111111111
1687958092;11246;24304.55555555556;12031;14229.111111111111
1687958093;11247.555555555557;23030.55555555556;12045.666666666668;14231.000000000002
1687958094;11247.666666666668;24781.55555555556;12046.111111111111;14181.222222222223
1687958095;11240.333333333334;22425.111111111113;12073.444444444445;14272.444444444445
1687958096;11239.88888888889;24068.55555555556;12131.77777777778;14219.222222222223
1687958097;11237.111111111111;21080.77777777778;12101.444444444445;14262.333333333334
1687958098;11225.88888888889;26542.333333333336;12116.555555555557;14312.222222222223
1687958099;11225.444444444445;28533.444444444445;12118.555555555557;14328.88888888889
1687958100;11235.555555555557;29045.55555555556;12118.111111111111;14329.555555555557
1687958101;11233.555555555557;28594.55555555556;12109.77777777778;14334.88888888889
1687958102;11233.666666666668;28470.000000000004;12005.333333333334;14335.555555555557
1687958103;11235.444444444445;27641.000000000004;12003.333333333334;14298.333333333334
1687958104;11245.88888888889;28095.77777777778;11914.333333333334;14220.111111111111
1687958105;11246.444444444445;26212.77777777778;11954.111111111111;14309.000000000002
1687958106;11247.88888888889;27617.111111111113;12012.222222222223;14273.222222222223
1687958107;11248.111111111111;23901.55555555556;11996.88888888889;14238.111111111111
1687958108;11249.444444444445;21687.222222222223;12009.77777777778;14285.444444444445
1687958109;11244.666666666668;21228;12018.222222222223;14286.444444444445
1687958110;11244.88888888889;21303.88888888889;12026.222222222223;14288.666666666668
1687958111;11251.666666666668;22178.222222222223;12068;14286.000000000002
1687958112;11251;22636.444444444445;12077.555555555557;14364.444444444445
1687958113;11241;23007.444444444445;12078.88888888889;14582.666666666668
1687958114;11247.77777777778;24103.333333333336;11981.77777777778;14499.555555555557
1687958115;11248.222222222223;24884.88888888889;12016.555555555557;14772.444444444445
1687958116;11249.444444444445;27130.55555555556;12072.111111111111;15213.555555555557
1687958117;11255.555555555557;27456.222222222223;12057.555555555557;15141.444444444445
1687958118;11261.222222222223;27736.111111111113;12075.88888888889;15169.77777777778
1687958119;11272.555555555557;27664.111111111113;12069.111111111111;15123.222222222223
1687958120;11271.666666666668;26924.55555555556;12030.111111111111;15092.77777777778
1687958121;11270.555555555557;25506.222222222223;12023.444444444445;14975.000000000002
1687958122;11270.333333333334;26372.444444444445;12030.222222222223;14710.77777777778
1687958123;11263;26296.333333333336;12029.111111111111;14676.77777777778
1687958124;11261.555555555557;25147;11938.333333333334;14367.000000000002
1687958125;11261;21854.444444444445;11884.77777777778;13966.111111111111
1687958126;11252.88888888889;21730.666666666668;11986.222222222223;13938.77777777778
1687958127;11251.666666666668;21925.444444444445;12005;13873.333333333334
1687958128;11249;24789.222222222223;12003.666666666668;13929.666666666668
1687958129;11243.111111111111;28906.88888888889;12049;13925.666666666668
1687958130;11243.333333333334;29843.666666666668;12047;13926.555555555557
1687958131;11243.666666666668;28621.666666666668;12039.444444444445;13922.666666666668
1687958132;11252.222222222223;28518.222222222223;12045.111111111111;13915.77777777778
1687958133;11251.222222222223;29105.333333333336;12045.666666666668;13911.111111111111
1687958134;11261.444444444445;28898.666666666668;12044;13824.444444444445
1687958135;11262.77777777778;29891.666666666668;11945.444444444445;14063.111111111111
1687958136;11255.555555555557;29165.55555555556;11901.111111111111;14255.111111111111
1687958137;11259.222222222223;27675.444444444445;12037.555555555557;14208.444444444445
1687958138;11258.77777777778;28370.88888888889;12020.333333333334;14490.333333333334
1687958139;11265.77777777778;28828.333333333336;12021.88888888889;14676.444444444445
1687958140;11266.111111111111;29906.77777777778;12020.555555555557;14641.444444444445
1687958141;11258;28830.77777777778;12016.444444444445;14671.222222222223
1687958142;11267.444444444445;29434.77777777778;12016.88888888889;14633.77777777778
1687958143;11263.111111111111;29483.333333333336;12026.444444444445;14593.444444444445
1687958144;11261.246251249584;27600.444444444445;12062.666666666668;14319.88888888889
1687958145;11267;27337.000000000004;12062;14091.444444444445
1687958146;11256.333333333334;27164.55555555556;11927;14124.444444444445
1687958147;11256.666666666668;22127.222222222223;12049;13824.333333333334
1687958148;11251.111111111111;23135;12100.222222222223;13603.88888888889
1687958149;11260.444444444445;22382.333333333336;12115.555555555557;13662.333333333334
1687958150;11263.111111111111;24141;12116.88888888889;13594.333333333334
1687958151;11256.111111111111;22154.88888888889;12117.555555555557;13594.444444444445
1687958152;11250.77777777778;23403.55555555556;12111.77777777778;13598.111111111111
1687958153;11252.862065132822;23298.88888888889;12091;13598.77777777778
1687958154;11247.111111111111;23247.55555555556;12090.555555555557;13598.000000000002
1687958155;11246.88888888889;21378.222222222223;12090.555555555557;13521.88888888889
1687958156;11256;24545.77777777778;11941.555555555557;13506.222222222223
1687958157;11261.444444444445;24466.666666666668;11947.111111111111;14058.222222222223
1687958158;11251.77777777778;28419.222222222223;12032.333333333334;14287.77777777778
1687958159;11249.88888888889;30597.88888888889;12041;14340.88888888889
1687958160;11248.222222222223;33205.66666666667;12041.111111111111;14266.77777777778
1687958161;11247.555555555557;31984.111111111113;12041;14183.88888888889
1687958162;11254.555555555557;33284.66666666667;12024.444444444445;14113.555555555557
1687958163;11255.555555555557;34131.444444444445;12023.88888888889;14046.111111111111
1687958164;11265.444444444445;34810.222222222226;12024.77777777778;14002.222222222223
1687958165;11264.666666666668;31817.111111111113;12022.444444444445;14018.555555555557
1687958166;11265.444444444445;31824.77777777778;11966.666666666668;13396.555555555557
1687958167;11274.444444444445;28589.111111111113;11866.88888888889;13128.77777777778
1687958168;11274.333333333334;25405;12029.111111111111;13006.88888888889
1687958169;11287.88888888889;28461.333333333336;12132;13349.333333333334
1687958170;11294;29886.333333333336;12176.444444444445;13464.000000000002
1687958171;11285.555555555557;28787.666666666668;12178.444444444445;13456.444444444445
1687958172;11286.333333333334;28322.88888888889;12195.444444444445;13458.77777777778
1687958173;11275;27903.666666666668;12197.333333333334;13427.666666666668
1687958174;11265.555555555557;29267.333333333336;12201.111111111111;13375.222222222223
1687958175;11259.88888888889;26600.111111111113;12202.77777777778;13378.222222222223
1687958176;11250.444444444445;27765.111111111113;12205.555555555557;13298.333333333334
1687958177;11249.444444444445;27069.666666666668;12035.444444444445;13297.111111111111
1687958178;11237.111111111111;24088;12079.333333333334;13046
1687958179;11241.444444444445;21198;12033.222222222223;12938.333333333334
1687958180;11241.111111111111;24097;12032.333333333334;13004
1687958181;11240.555555555557;22985.111111111113;12018.666666666668;12996.333333333334
1687958182;11241;23328.55555555556;12017.444444444445;12996.333333333334
1687958183;11242.555555555557;22843.88888888889;12022.333333333334;12957.222222222223
1687958184;11240.222222222223;24558;12022.333333333334;12964.333333333334
1687958185;11238.666666666668;23290.55555555556;12020.666666666668;12948.666666666668
1687958186;11237.88888888889;25821;12019.666666666668;12936.88888888889
1687958187;11237.333333333334;23449.444444444445;11873.88888888889;12848
1687958188;11226.222222222223;29792.77777777778;12034.555555555557;12940.555555555557
1687958189;11225.77777777778;28736.444444444445;12041;12878
1687958190;11224.444444444445;32097.77777777778;12039.666666666668;12934.666666666668
1687958191;11224.555555555557;30929.333333333336;12038.111111111111;12934.666666666668
1687958192;11224.222222222223;30843.77777777778;12030.111111111111;12934.111111111111
1687958193;11225.222222222223;30273.333333333336;12029.555555555557;12925.666666666668
1687958194;11240.111111111111;30091.444444444445;12030;12964.333333333334
1687958195;11241.111111111111;26967.88888888889;12026.88888888889;12972.88888888889
1687958196;11241.444444444445;29733.77777777778;12025.333333333334;12970.88888888889
1687958197;11243;24339.88888888889;11865.666666666668;12876.88888888889
1687958198;11244.555555555557;24502.333333333336;12000.555555555557;12972.555555555557
1687958199;11244.555555555557;21074.88888888889;12000.222222222223;12913.666666666668
1687958200;11248.666666666668;24466.444444444445;12021.333333333334;12994
1687958201;11248.444444444445;22815.111111111113;12022.222222222223;12993
1687958202;11248.333333333334;23232.77777777778;12022.555555555557;12986.222222222223
1687958203;11235.222222222223;22832;12022.555555555557;12948.444444444445
1687958204;11237.666666666668;24326.333333333336;12024.222222222223;12949.222222222223
1687958205;11237;21084.88888888889;12032.444444444445;12950.555555555557
1687958206;11235.555555555557;23653.444444444445;12031;12952.555555555557
1687958207;11235.555555555557;20680.88888888889;11896.111111111111;12855.222222222223
1687958208;11237.444444444445;24736.666666666668;12079.88888888889;13007.555555555557
1687958209;11244.666666666668;21220.222222222223;12059;12926.111111111111
1687958210;11246.222222222223;24162.111111111113;12060.222222222223;12989.88888888889
1687958211;11246.77777777778;23102.77777777778;12059.333333333334;12990.333333333334
1687958212;11247.666666666668;23261.77777777778;12060.555555555557;12990.444444444445
1687958213;11245.333333333334;23323.222222222223;12076.222222222223;12999
1687958214;11245.333333333334;25505.77777777778;12067.77777777778;13014.333333333334
1687958215;11246.77777777778;22407.333333333336;12068.88888888889;13052.666666666668
1687958216;11247.222222222223;25529.666666666668;12061.88888888889;13053.88888888889
1687958217;11246;21784.77777777778;11876.88888888889;12900.111111111111
1687958218;11236.666666666668;27462.000000000004;11930.222222222223;12899.666666666668
1687958219;11236.444444444445;28219.444444444445;12026.333333333334;12925
1687958220;11237.88888888889;29651.77777777778;12026.222222222223;12922
1687958221;11237.555555555557;29280.111111111113;12026.666666666668;12978.666666666668
1687958222;11238.555555555557;28674.77777777778;12012.222222222223;12976.555555555557
1687958223;11239.88888888889;28543.55555555556;12013.88888888889;12966.222222222223
1687958224;11250.77777777778;29668.88888888889;12013.333333333334;12933.111111111111
1687958225;11250.444444444445;28302.77777777778;12013.77777777778;12987.333333333334
1687958226;11258;30313.88888888889;12017.88888888889;12987.77777777778
1687958227;11255.444444444445;25336.444444444445;11964.77777777778;12987.666666666668
1687958228;11262;24056.111111111113;11867.222222222223;12905.222222222223
1687958229;11265.666666666668;23058.111111111113;12004.88888888889;12985.88888888889
1687958230;11267.333333333334;23536.88888888889;12011.444444444445;12928.333333333334
1687958231;11268.333333333334;24433.88888888889;12012.444444444445;12994.666666666668
1687958232;11275.666666666668;24152.88888888889;12027.88888888889;12987.333333333334
1687958233;11264.333333333334;24694.444444444445;12089;12981.555555555557
1687958234;11263.333333333334;24501.88888888889;12089.222222222223;12925.88888888889
1687958235;11262.333333333334;23754.333333333336;12087.444444444445;12943.333333333334
1687958236;11261.88888888889;25355.222222222223;12086.88888888889;12961.444444444445
1687958237;11256;23903.55555555556;12087.555555555557;12956.111111111111
1687958238;11252.555555555557;24841.333333333336;11974.666666666668;12878.555555555557
1687958239;11261.111111111111;29043.55555555556;12260.77777777778;12996.555555555557
1687958240;11260.555555555557;28692.111111111113;12261.77777777778;12930.666666666668
1687958241;11254.555555555557;29650.333333333336;12297.555555555557;12977.77777777778
1687958242;11256.333333333334;28538.000000000004;12236.77777777778;12978.444444444445
1687958243;11267.222222222223;28710.333333333336;12245;12973.222222222223
1687958244;11269.555555555557;36081.555555555555;12271.333333333334;12965.555555555557
1687958245;11272.444444444445;34978;12274.77777777778;12969.444444444445
1687958246;11272;36870.66666666667;12276.444444444445;12961.444444444445
1687958247;11272;35380.88888888889;12252.555555555557;12960
1687958248;11265.333333333334;33665;11961.222222222223;12833.333333333334
1687958249;11264.88888888889;36388.88888888889;12109.77777777778;12914.666666666668
1687958250;11264.444444444445;35505;12062.555555555557;12865.333333333334
1687958251;11265.444444444445;36890.11111111112;12062.333333333334;12920.444444444445
1687958252;11266.88888888889;36127;12060.444444444445;12925.88888888889
1687958253;11260.666666666668;28621.222222222223;12075.333333333334;12913
1687958254;11270.88888888889;28931.111111111113;12072.333333333334;12948.77777777778
1687958255;11277.77777777778;26997.000000000004;12071.666666666668;12963.77777777778
1687958256;11283;29181.88888888889;12069.88888888889;12955.333333333334
1687958257;11288;26062.111111111113;12066.111111111111;12965.88888888889
1687958258;11294.77777777778;23341;11914.111111111111;12877.111111111111
1687958259;11299.555555555557;23318.333333333336;11964.77777777778;12971.222222222223
1687958260;11296.222222222223;22771.333333333336;12062.333333333334;12925.555555555557
1687958261;11286.333333333334;24200;12052.88888888889;12928.88888888889
1687958262;11283.111111111111;23627;12008.77777777778;13003.444444444445
1687958263;11282.222222222223;23099.77777777778;12008.666666666668;12948.333333333334
1687958264;11282.77777777778;23114.55555555556;12004.666666666668;12942.88888888889
1687958265;11275.88888888889;21771;12012.88888888889;12972.77777777778
1687958266;11268.333333333334;23468.111111111113;12011.88888888889;12972
1687958267;11269.333333333334;22779.55555555556;12020.333333333334;12973.666666666668
1687958268;11263.555555555557;22720;11966.222222222223;12882.88888888889
1687958269;11281.444444444445;22629;11925.666666666668;12868.043985338221
1687958270;11288;21537.222222222223;12009.333333333334;12960.555555555557
1687958271;11289.77777777778;22044.77777777778;12011.111111111111;12884.77777777778
1687958272;11288.333333333334;23064.666666666668;12012.444444444445;12930.222222222223
1687958273;11282;23628.77777777778;12028.444444444445;12931.444444444445
1687958274;11281.333333333334;23734.333333333336;12038.88888888889;12909.555555555557
1687958275;11281.333333333334;22419.55555555556;12039.555555555557;12936.222222222223
1687958276;11274;24036.111111111113;12031.555555555557;12934.77777777778
1687958277;11274.444444444445;23264.666666666668;12030.333333333334;12931.88888888889
1687958278;11256.444444444445;26114.55555555556;11980.111111111111;12938.312770923641
1687958279;11248.88888888889;29353.444444444445;11904.555555555557;12834.88888888889
1687958280;11249;29520.333333333336;12051.77777777778;12998.88888888889
1687958281;11240.88888888889;28332.222222222223;12050.333333333334;12953.111111111111
1687958282;11240.333333333334;29291.000000000004;12035.555555555557;13007.666666666668
1687958283;11241.444444444445;29223.111111111113;12015.666666666668;13009.222222222223
1687958284;11250.444444444445;29071.222222222223;12019.666666666668;12999.222222222223
1687958285;11249.88888888889;27690.333333333336;12020.88888888889;13013.222222222223
1687958286;11250.77777777778;29387.111111111113;12020.88888888889;13016.444444444445
1687958287;11252.88888888889;25879.55555555556;12013.333333333334;13023.88888888889
1687958288;11254.111111111111;23180.88888888889;12007.222222222223;13034.222222222223
1687958289;11258.666666666668;22753.77777777778;11859.444444444445;12876.666666666668
1687958290;11258.444444444445;23689.77777777778;12012.77777777778;12966.88888888889
1687958291;11258.444444444445;21933.333333333336;12019.555555555557;12901.88888888889
1687958292;11257.666666666668;23394.77777777778;12028.77777777778;12959.555555555557
1687958293;11245.88888888889;24011.666666666668;12025.666666666668;12943.77777777778
1687958294;11245.666666666668;23851.111111111113;12023;12932.222222222223
1687958295;11243.88888888889;22583.222222222223;12022.88888888889;12947.333333333334
1687958296;11242.77777777778;24174.55555555556;12024;12954.77777777778
1687958297;11239.88888888889;23302.666666666668;12024.444444444445;12953.88888888889
1687958298;11235;23987;12033.444444444445;12954.666666666668
1687958299;11245.77777777778;22976.666666666668;11881.111111111111;12864.444444444445
1687958300;11244.111111111111;25084;12031.555555555557;12961.555555555557
1687958301;11252.333333333334;23539.77777777778;12026.444444444445;12910.555555555557
1687958302;11254.666666666668;23789;12094.111111111111;12946.222222222223
1687958303;11262.444444444445;24595.444444444445;12097.111111111111;12948.88888888889
1687958304;11270.222222222223;25012.55555555556;12094.77777777778;12932.111111111111
1687958305;11268.444444444445;23936.444444444445;12093.555555555557;12924.444444444445
1687958306;11270.666666666668;26074.77777777778;12094.444444444445;12961.333333333334
1687958307;11277.666666666668;25392.666666666668;12086.77777777778;12961.88888888889
1687958308;11267.333333333334;29273.222222222223;12086.88888888889;12959.333333333334
1687958309;11269.333333333334;30176.666666666668;11932.222222222223;12868.666666666668
1687958310;11262;30816.88888888889;11985.666666666668;12863
1687958311;11262.444444444445;29939.111111111113;12009.222222222223;12918.222222222223
1687958312;11256.222222222223;29856.444444444445;12007.444444444445;12914.555555555557
1687958313;11249;30102.88888888889;12018.111111111111;12980.88888888889
1687958314;11262.77777777778;30755.666666666668;12018.666666666668;12972.77777777778
1687958315;11261.77777777778;28731.111111111113;12016.111111111111;12943.333333333334
1687958316;11262.666666666668;30810.55555555556;12016.88888888889;12942.88888888889
1687958317;11262.88888888889;27543.333333333336;12015.555555555557;12935.77777777778
1687958318;11262.555555555557;25738.222222222223;12073.333333333334;12936.555555555557
1687958319;11261.444444444445;25359.77777777778;12017.333333333334;12931.555555555557
1687958320;11266.111111111111;25401.222222222223;11982.111111111111;12829.222222222223
1687958321;11273.333333333334;25721.55555555556;12073.88888888889;12921.333333333334
1687958322;11280;24560.222222222223;12066.333333333334;12912.222222222223
1687958323;11267.88888888889;25879.111111111113;12067.444444444445;12973.88888888889
1687958324;11268.222222222223;24904.333333333336;12068.555555555557;12963.88888888889
1687958325;11257.555555555557;23417.77777777778;12073;12980.444444444445
1687958326;11256.333333333334;24561.77777777778;12072.555555555557;12985.77777777778
1687958327;11254.666666666668;24175.111111111113;12021.77777777778;12982.222222222223
1687958328;11255.666666666668;23340.666666666668;12040.88888888889;12982.333333333334
1687958329;11262.222222222223;23651.444444444445;11983.555555555557;12989.222222222223
1687958330;11254.111111111111;25899.666666666668;11892.444444444445;12892.555555555557
1687958331;11247;27091.77777777778;12037.666666666668;13035.555555555557
1687958332;11247.111111111111;32786.555555555555;12035.555555555557;13181.333333333334
1687958333;11248.333333333334;36374.66666666667;12050.111111111111;13399.88888888889
1687958334;11251.77777777778;35188;12042.666666666668;13331.000000000002
1687958335;11253;34144.77777777778;12044.333333333334;13291.222222222223
1687958336;11252.77777777778;34632.333333333336;12034.666666666668;13242.222222222223
1687958337;11251.333333333334;36035.444444444445;12016.444444444445;13193.444444444445
1687958338;11239.555555555557;38445.88888888889;12025.111111111111;13145.88888888889
1687958339;11241.111111111111;38719;12031.444444444445;13097.444444444445
1687958340;11241.555555555557;37271.444444444445;11883.333333333334;12848.444444444445
1687958341;11240.222222222223;30337.222222222223;12036.444444444445;12672.444444444445
1687958342;11247.111111111111;27138.88888888889;12023;12404.444444444445
1687958343;11253.111111111111;29516.000000000004;12023.222222222223;12476.333333333334
1687958344;11264.111111111111;28818.55555555556;12024.666666666668;12471.111111111111
1687958345;11266.444444444445;28432.444444444445;12027.88888888889;12496.555555555557
1687958346;11267.555555555557;28142.111111111113;12027.444444444445;12497.333333333334
1687958347;11274.88888888889;37626.555555555555;12033.88888888889;12499
1687958348;11281.333333333334;92128.66666666667;14485.111111111111;12555
1687958349;11289.444444444445;186776.6666666667;15032.77777777778;12613.88888888889
1687958350;11294.333333333334;225915.11111111112;15044.666666666668;12590.444444444445
1687958351;11293.444444444445;250168.8888888889;15060.222222222223;12962.77777777778
1687958352;11295.222222222223;268258.6666666667;15101.555555555557;13230.666666666668
1687958353;11290.555555555557;280167.7777777778;15100.000000000002;15448.444444444445
1687958354;11296.666666666668;278706;15098.111111111111;16141.77777777778
1687958355;11295.666666666668;286210.55555555556;15099.444444444445;16150.000000000002
1687958356;11297.333333333334;318445.22222222225;15133.000000000002;16177.000000000002
1687958357;11296.666666666668;260863.00000000003;12674.77777777778;16190.88888888889
1687958358;11289.666666666668;167681.77777777778;12176.222222222223;16131.333333333334
1687958359;11295.111111111111;128032.33333333334;12102.77777777778;16073.111111111113
1687958360;11289.111111111111;103528.88888888889;12087.88888888889;15704.111111111111
1687958361;11286.88888888889;83718.66666666667;12049.222222222223;15368.000000000002
1687958362;11280.88888888889;80854.66666666667;12113.333333333334;13149.222222222223
1687958363;11273.333333333334;82932.66666666667;12114.77777777778;12876.88888888889
1687958364;11274.77777777778;74677;12115;12867.88888888889
1687958365;11265.88888888889;32294.222222222226;12068.111111111111;12838.333333333334
1687958366;11257.88888888889;37973.333333333336;12090.222222222223;12768.666666666668
1687958367;11258.222222222223;36714.333333333336;12043.88888888889;12866
1687958368;11258.555555555557;40290.66666666667;11955.88888888889;12867.77777777778
1687958369;11259;44293.66666666667;12077.222222222223;12866.444444444445
1687958370;11252.666666666668;44162;12075.88888888889;12865.222222222223
1687958371;11252.222222222223;34864;12012;12864.555555555557
1687958372;11254;40643.333333333336;12007.555555555557;12420.88888888889
1687958373;11255.333333333334;40985.222222222226;12006.222222222223;12917.333333333334
1687958374;17156.111111112;44396.55555555556;12020.666666666668;12988
1687958375;18859.555555556;38394.444444444445;12129.111111111111;23420.77777777778
1687958376;14313.444444448;40533.77777777778;12128.111111111111;42980.55555555556
1687958377;17870.77777778;42568.444444444445;12125.111111111111;59446.77777777778
