Time;{instance="10.231.0.208:9100"};{instance="192.168.221.10:9100"};{instance="192.168.221.11:9100"};{instance="192.168.221.12:9100"}
1687957657;605.8888888888889;22068.88888888889;1297.6666666666667;1246.3333333333335
1687957658;606.5555555555555;24334.77777777778;1282.3333333333335;1252.111111111111
1687957659;619.8888888888889;28454.88888888889;1255.4444444444446;1246.3333333333335
1687957660;598.8888888888889;29195.333333333336;1225.7777777777778;2689.5555555555557
1687957661;7007578.222222223;32453.55555555556;1220;1303092.4444444445
1687957662;20040741.77777778;34610.222222222226;1225.7777777777778;14259732.000000002
1687957663;33182164.444444448;34106.88888888889;1220;27329259.555555556
1687957664;46348882.888888896;41551.77777777778;1203.111111111111;40361174.88888889
1687957665;59289352.66666667;38388.333333333336;1197.3333333333335;53498569.222222224
1687957666;72043555.33333334;46127.88888888889;586.8888888888889;66282406.77777778
1687957667;85326194.8888889;44326.66666666667;1111.4444444444446;79409897.33333334
1687957668;98163162.22222222;46375.88888888889;1203.111111111111;92190754.66666667
1687957669;110967233.55555557;43400.222222222226;1197.3333333333335;105079838.44444445
1687957670;116914755.77777779;39743.333333333336;1203.111111111111;116539535.11111112
1687957671;116870630.66666667;43461.77777777778;1197.3333333333335;116766319.55555557
1687957672;116797754.00000001;44200.444444444445;1203.111111111111;116753409.55555557
1687957673;116488356.44444445;36626.444444444445;1197.3333333333335;116600857.33333334
1687957674;116636452.44444445;40205.444444444445;1222.111111111111;116395194.77777779
1687957675;116477925.11111112;34629.88888888889;1216.3333333333335;116419285.8888889
1687957676;116194504.8888889;38050.77777777778;691.7777777777778;116169358.44444445
1687957677;116240302.22222222;36974.88888888889;1123.111111111111;116260083.11111112
1687957678;116333915.55555557;43627.55555555556;1214.6666666666667;116527338.22222222
1687957679;115779322.44444445;43069.77777777778;1208.888888888889;116055253.11111112
1687957680;115226282.44444445;38209.11111111112;1269.5555555555557;115150581.55555557
1687957681;114071588.66666667;45272.55555555556;1263.7777777777778;114951820.22222222
1687957682;113574694.44444445;46871.77777777778;1304.888888888889;113146293.11111112
1687957683;113539243.33333334;45029.444444444445;1280.1111111111113;113380238.00000001
1687957684;114068361.11111112;42285.444444444445;1285.888888888889;113711934.8888889
1687957685;114075321.33333334;41267;1299.1111111111113;114036824.00000001
1687957686;114262213.11111112;34410.88888888889;822.7777777777778;114177733.77777779
1687957687;114736115.33333334;29083.333333333336;774.6666666666667;114137954.22222222
1687957688;115325885.77777779;33730.11111111112;1403.3333333333335;115041158.44444445
1687957689;115999585.77777779;33370.222222222226;2115.888888888889;115726568.8888889
1687957690;117121354.44444445;25394.111111111113;2121.666666666667;115924791.77777779
1687957691;117951451.55555557;26167.77777777778;2080.5555555555557;117898224.44444445
1687957692;118063653.33333334;24937.666666666668;2086.3333333333335;117966916.8888889
1687957693;117940892.8888889;28012.444444444445;2080.5555555555557;117795024.00000001
1687957694;117951119.55555557;25245.88888888889;2067.3333333333335;117668819.11111112
1687957695;118123748.00000001;26563.666666666668;2020.6666666666667;117756121.77777779
1687957696;117724720.00000001;28167.000000000004;1983.0000000000002;117698140.00000001
1687957697;117599883.55555557;22213.666666666668;1354.3333333333335;117452358.44444445
1687957698;117579264.00000001;23594.444444444445;1124.6666666666667;117208043.11111112
1687957699;117393714.22222222;23329.666666666668;1225.7777777777778;117466353.55555557
1687957700;117039712.66666667;23399.55555555556;1231.5555555555557;117066645.33333334
1687957701;116762403.55555557;22919.88888888889;1225.7777777777778;116412701.11111112
1687957702;116854963.11111112;21694.666666666668;1231.5555555555557;116870423.11111112
1687957703;117218868.44444445;24586.88888888889;1246.5555555555557;116668139.33333334
1687957704;116728117.33333334;23298.444444444445;1252.3333333333335;116829382.44444445
1687957705;116677155.77777779;21775.111111111113;1246.5555555555557;116438496.22222222
1687957706;116548827.55555557;23515;1252.3333333333335;116697532.8888889
1687957707;116789269.77777779;22152.444444444445;708.7777777777778;116654064.22222222
1687957708;116834990.44444445;26250.000000000004;1145.4444444444446;116190178.00000001
1687957709;117091361.77777779;25967.77777777778;1147;116738530.00000001
1687957710;117240490.66666667;29171.000000000004;1233.6666666666667;117344044.00000001
1687957711;117115921.11111112;27885.222222222223;1358.5555555555557;116807090.44444445
1687957712;116923549.33333334;26914.111111111113;1343.5555555555557;116896730.22222222
1687957713;117338075.55555557;28243.444444444445;1345.1111111111113;116993614.66666667
1687957714;117556629.11111112;27936.88888888889;1451.7777777777778;117379242.8888889
1687957715;117977895.55555557;28142.55555555556;1446;117317047.55555557
1687957716;117852669.11111112;29556.333333333336;1474.4444444444446;117699044.44444445
1687957717;118069705.11111112;26343.88888888889;930.8888888888889;118090584.8888889
1687957718;118255034.44444445;25990.333333333336;1459.7777777777778;118042806.44444445
1687957719;118286390.44444445;23893.55555555556;1392.1111111111113;117888573.77777779
1687957720;118558590.00000001;25547.222222222223;1355.4444444444446;118204870.44444445
1687957721;118476040.44444445;25292.88888888889;1349.6666666666667;118455901.33333334
1687957722;118439352.66666667;24539.444444444445;1348.1111111111113;117999614.44444445
1687957723;118620412.22222222;26016.111111111113;1241.4444444444446;118231002.22222222
1687957724;118377892.66666667;24973.77777777778;1247.2222222222224;118227932.22222222
1687957725;118069126.8888889;23677.444444444445;1218.7777777777778;118055459.33333334
1687957726;118225484.66666667;24737.444444444445;1224.5555555555557;117975957.55555557
1687957727;118006834.44444445;23687.111111111113;688.3333333333334;117976097.77777779
1687957728;117972009.11111112;24043.666666666668;675.1111111111112;117825497.33333334
1687957729;117859923.77777779;22851.55555555556;1111.5555555555557;117874202.44444445
1687957730;117850446.44444445;23258.77777777778;1207;117706120.00000001
1687957731;117876663.11111112;22372;1201.2222222222224;117634173.77777779
1687957732;117631727.11111112;22041.111111111113;1207;117450349.77777779
1687957733;117755929.55555557;21707.111111111113;1201.2222222222224;117137671.33333334
1687957734;117766071.11111112;22262.77777777778;1207;117556665.33333334
1687957735;117559392.66666667;21182.55555555556;1201.2222222222224;117368591.11111112
1687957736;117479958.44444445;23052.88888888889;1207;117281789.77777779
1687957737;117617800.66666667;22063;1201.2222222222224;117443021.77777779
1687957738;117722631.77777779;25195.111111111113;676.5555555555557;117316458.66666667
1687957739;117552776.22222222;26716.55555555556;1111.5555555555557;117300709.11111112
1687957740;117591587.55555557;28629.222222222223;1205.6666666666667;117544692.8888889
1687957741;117427468.44444445;27450.55555555556;1199.888888888889;117690260.66666667
1687957742;117605324.00000001;27535.222222222223;1260.5555555555557;117577823.55555557
1687957743;117777669.77777779;27942.55555555556;1254.7777777777778;117463689.33333334
1687957744;117924045.55555557;27585.111111111113;1260.5555555555557;117439738.00000001
1687957745;117523419.11111112;27148.88888888889;1254.7777777777778;117510906.00000001
1687957746;117348718.22222222;28584.333333333336;1327.7777777777778;117072823.55555557
1687957747;117049288.22222222;24983.444444444445;1388.6666666666667;117119608.66666667
1687957748;117450256.66666667;22929.77777777778;928.4444444444445;116992294.22222222
1687957749;117045919.33333334;21905.444444444445;1375;117062358.66666667
1687957750;117306924.22222222;23160.666666666668;1380.7777777777778;117029892.00000001
1687957751;117308770.44444445;23104.222222222223;1415.7777777777778;117204343.55555557
1687957752;117290122.8888889;21930.77777777778;1421.5555555555557;117135169.55555557
1687957753;117141004.77777779;23248.444444444445;1415.7777777777778;117231246.55555557
1687957754;117941119.22222222;21541.111111111113;1421.5555555555557;117184426.55555557
1687957755;117680111.66666667;20427.444444444445;1348.5555555555557;117666167.8888889
1687957756;117266974.55555557;23181.111111111113;1287.6666666666667;117198913.44444445
1687957757;117027967.22222222;22148.88888888889;1217.4444444444446;116903168.33333334
1687957758;117363701.44444445;22767;682.5555555555557;116954329.44444445
1687957759;117317321.22222222;21574.666666666668;1207.2222222222224;117027876.33333334
1687957760;116761677.22222222;21905.222222222223;1117.3333333333335;116778998.33333334
1687957761;116664206.77777779;23025.444444444445;1199.888888888889;116556827.44444445
1687957762;116686971.11111112;21323.222222222223;1205.6666666666667;116621640.44444445
1687957763;109819780.00000001;23188.77777777778;1220.6666666666667;114244435.11111112
1687957764;107158610;22602.444444444445;1226.4444444444446;106823865.22222222
1687957765;107677218.00000001;20337.222222222223;1220.6666666666667;107326432
1687957766;107269599.33333334;23181.444444444445;1226.4444444444446;107455509.11111112
1687957767;107229464.8888889;24067.222222222223;1220.6666666666667;107238817.77777779
1687957768;107244279.11111112;26550.000000000004;696;107084966.66666667
1687957769;107600592.44444445;29650.55555555556;1232.111111111111;107273895.11111112
1687957770;107643171.33333334;28606.88888888889;1149.5555555555557;108348923.77777779
1687957771;107522805.55555557;29013.88888888889;1179.5555555555557;107240960.22222222
1687957772;113992499.77777779;28367.68461965574;1257.6666666666667;109651052.44444445
1687957773;116828885.33333334;30178.77777777778;1251.888888888889;116877952.55555557
1687957774;116944255.55555557;30557.88888888889;1257.6666666666667;116702562.44444445
1687957775;117231644.22222222;28593.333333333336;1251.888888888889;117083749.33333334
1687957776;117213066.44444445;29208.222222222223;1280.3333333333335;116986130.22222222
1687957777;117259825.11111112;28177.333333333336;1274.5555555555557;116888819.55555557
1687957778;117058688.8888889;25128.222222222223;738.4444444444445;117226690.00000001
1687957779;117155742.8888889;24980.55555555556;1270.4444444444446;115921617.55555557
1687957780;117529236.00000001;25513;1240.4444444444446;117096546.66666667
1687957781;117391308.44444445;24282.267926625904;1141.5555555555557;117136828.00000001
1687957782;117533764.66666667;24332.333333333336;1254.2222222222224;117255483.33333334
1687957783;117394721.77777779;23590.444444444445;1248.4444444444446;117091612.8888889
1687957784;117618838.00000001;24295.77777777778;1254.2222222222224;117260913.33333334
1687957785;117626329.33333334;21251.55555555556;1225.7777777777778;117536396.00000001
1687957786;113193410.8888889;21009.88888888889;1267;116656083.33333334
1687957787;108274206.22222222;22495.666666666668;1404.1111111111113;108871508.00000001
1687957788;108290852.8888889;23134.88888888889;872.1111111111112;108302500.8888889
1687957789;108080512.33333334;22585.111111111113;866.3333333333334;108304446.00000001
1687957790;107780645.11111112;23709.111111111113;1409.888888888889;108029972.00000001
1687957791;102486444.22222222;22182.77777777778;1304.5555555555557;105666284
1687957792;91763994;24216.222222222223;1498.7777777777778;97229682
1687957793;79292760.66666667;23683;1492.5024991669443;84382289.33333334
1687957794;79077977.11111112;25528.444444444445;1498.7777777777778;79032187.11111112
1687957795;83440729.77777778;24361.222222222223;1457.5555555555557;79940590
1687957796;88294316;24023.444444444445;1320.4444444444446;87433585.55555557
1687957797;88170916.66666667;24743.55555555556;1314.6666666666667;88261748
1687957798;87780817.8888889;27784.333333333336;1320.4444444444446;88132117.11111112
1687957799;84128212.8888889;29712.666666666668;776.8888888888889;84619351.11111112
1687957800;89272305.55555557;30239.444444444445;1305.6666666666667;86061350
1687957801;100103928.44444445;28322.333333333336;1111.4444444444446;94622813.77777779
1687957802;112361682.66666667;27680.77777777778;1129.2653106591088;107243339.11111112
1687957803;109622751.55555557;27618.55555555556;1266.3333333333335;111876173.55555557
1687957804;104889773.77777779;27815.88888888889;1272.111111111111;105846549.11111112
1687957805;105112101.11111112;26847.444444444445;1266.3333333333335;105006014
1687957806;105099886.8888889;25396.444444444445;1313;105010434.8888889
1687957807;105481826.8888889;24265.222222222223;1373.888888888889;105022392.44444445
1687957808;109316349.33333334;22493.77777777778;1434.3333333333335;108336665.55555557
1687957809;109402490.8888889;22207.222222222223;898.2222222222223;109406888.44444445
1687957810;109424250.22222222;23099.77777777778;1434.4444444444446;109381394.44444445
1687957811;109262605.55555557;22319.666666666668;1417;109212976.00000001
1687957812;109577876.66666667;22805.77777777778;1279.5555555555557;107664821.77777779
1687957813;114258916.66666667;22833.444444444445;1362.1111111111113;113099843.55555557
1687957814;114279708.44444445;23590;1367.888888888889;114150808.66666667
1687957815;114115786.8888889;23466.55555555556;1321.2222222222224;114308402.8888889
1687957816;112927890.77777779;21397.666666666668;1260.3333333333335;113119249.00000001
1687957817;113062683.22222222;20744.111111111113;1218.888888888889;113174718.55555557
1687957818;113180308.77777779;22296.77777777778;1224.6666666666667;112949328.77777779
1687957819;113026231.44444445;21097;688.4444444444445;113171229.66666667
1687957820;112783887.00000001;23158.444444444445;1224.7777777777778;113223362.33333334
1687957821;114817930.8888889;21001.333333333336;1219;114625774.8888889
1687957822;105292319.55555557;21247.222222222223;1136.4444444444446;111248063.33333334
1687957823;92295521.55555557;20753.111111111113;1138;98162450
1687957824;79476878.8888889;21230.111111111113;1232.111111111111;85071911.33333334
1687957825;76162754.33333334;23537.77777777778;1226.3333333333335;76111864.11111112
1687957826;76392251.8888889;25082.222222222223;1213.111111111111;76331189.8888889
1687957827;76204153.44444445;22749;1207.3333333333335;76357375
1687957828;76282156.55555557;27377.88888888889;1213.111111111111;76304135.8888889
1687957829;76721639.8888889;28648.666666666668;676.7777777777778;76182906.33333334
1687957830;77405588.22222222;29983.222222222223;682.5555555555557;76904883.77777778
1687957831;86739221.55555557;29520.000000000004;1235.6666666666667;81052630.44444445
1687957832;98882370.8888889;28596.111111111113;1234.111111111111;93739716.44444445
1687957833;111781320.66666667;29010.000000000004;1151.6666666666667;105889549.55555557
1687957834;116113036.22222222;27296.666666666668;1253.4444444444446;115956071.77777779
1687957835;115112497.77777779;26384.000000000004;1247.6666666666667;116019660.22222222
1687957836;114191904.00000001;28386.666666666668;1276.1111111111113;114228040.00000001
1687957837;113973334.00000001;24450.333333333336;1270.3333333333335;113859912.66666667
1687957838;113935543.33333334;22785.88888888889;1276.1111111111113;113994430.66666667
1687957839;110027630.00000001;21644.77777777778;1270.3333333333335;112851280.00000001
1687957840;100833661.77777779;22598.77777777778;717.2222222222223;105606897.33333334
1687957841;96162266.22222222;22608;1249.2222222222224;95340599.33333334
1687957842;96278138.22222222;22151.666666666668;1243.3333333333335;96240005.11111112
1687957843;96288188.44444445;21896.666666666668;1141.5555555555557;96224720
1687957844;96439058.22222222;21522.222222222223;1265.6666666666667;96104935.11111112
1687957845;96911652.66666667;21513.333333333336;1265.2222222222224;96806908.8888889
1687957846;96992844.8888889;21981;1271;96907303.11111112
1687957847;96791404.66666667;22110;1265.2222222222224;96735625.11111112
1687957848;100544277.55555557;22785.666666666668;1291.7777777777778;97771741.55555557
1687957849;107640086.8888889;22309;1286;104414294.66666667
1687957850;112483179.55555557;23526.111111111113;754;112760746.00000001
1687957851;112477724.44444445;23452.111111111113;1272.7777777777778;112378636.22222222
1687957852;112554060.8888889;24175.111111111113;1278.5555555555557;112334425.77777779
1687957853;113011896.44444445;24112.222222222223;1154.4444444444446;112672474.22222222
1687957854;109137351.77777779;24514.111111111113;1132.2222222222224;112586556.00000001
1687957855;107051098;25927.88888888889;1214.7777777777778;107148415.55555557
1687957856;107293799.11111112;26748.000000000004;1220.5555555555557;107433096.8888889
1687957857;107241459.33333334;26525.111111111113;1194;107619930.66666667
1687957858;109717538.8888889;29222.88888888889;1199.7777777777778;107849130.00000001
1687957859;110038224.8888889;31516.88888888889;1194;110213821.55555557
1687957860;99106428.66666667;31969.666666666668;675.2222222222223;104987586.22222222
1687957861;96749942.44444445;31937.55555555556;1199.888888888889;96904798.44444445
1687957862;97164271.11111112;31032.000000000004;1205.6666666666667;96740866.44444445
1687957863;101595606.66666667;29575.222222222223;1266.4444444444446;98012329.33333334
1687957864;103413648.44444445;26971.333333333336;1183.888888888889;103294822
1687957865;100754331.55555557;25610.77777777778;1287.888888888889;100549954.8888889
1687957866;100705837.11111112;27936.444444444445;1355.3333333333335;100329110.44444445
1687957867;99187886.8888889;24653.222222222223;1372.2222222222224;100290124.8888889
1687957868;86825546.8888889;21454.666666666668;1475.4444444444446;92174656.22222222
1687957869;84747976.44444445;21857.88888888889;1484.3333333333335;84733742.66666667
1687957870;74071224;21450.77777777778;1062;79896061.11111112
1687957871;60958186.222222224;23312.222222222223;1616;66817323.55555556
1687957872;47930361.77777778;23216.55555555556;1656.1111111111113;53761100.00000001
1687957873;35263757.55555556;24044;1650.3333333333335;41046674.66666667
1687957874;24905684.444444448;23357.88888888889;1546.3333333333335;30721096.000000004
1687957875;12007434.222222224;22318;1580.888888888889;17847102.444444444
1687957876;273192.44444444444;24748.111111111113;1564;5016597.333333334
1687957877;626.1111111111112;24958.77777777778;1460.7777777777778;1311.2222222222224
1687957878;593.7777777777778;24923.88888888889;1463.5555555555557;1293.7777777777778
1687957879;619.1111111111112;24047.77777777778;1355.4444444444446;1288
1687957880;612.4444444444445;23303.88888888889;801.4444444444445;1293.7777777777778
1687957881;619.1111111111112;22531.111111111113;694.7777777777778;1310.6666666666667
1687957882;605.1111111111112;21582.444444444445;1223.6666666666667;777.5555555555557
1687957883;604.4444444444445;22768.222222222223;1217.888888888889;1310.6666666666667
1687957884;604.4444444444445;21454.77777777778;1121.6666666666667;1337.2222222222224
1687957885;563;18413;1123.2222222222224;1229.4444444444446
1687957886;556.3333333333334;21471.55555555556;1210.1521714983894;1351.888888888889
1687957887;563;20158.666666666668;1193.111111111111;1346.1111111111113
1687957888;537.6666666666667;24583.222222222223;1198.888888888889;1351.888888888889
1687957889;544.3333333333334;26630.666666666668;1193.111111111111;1346.1111111111113
1687957890;537.6666666666667;27266.333333333336;1198.888888888889;1329.2222222222224
1687957891;558.6666666666667;27882.77777777778;691.1111111111112;1323.4444444444446
1687957892;565.2222222222223;26189.444444444445;1220;790.3333333333334
1687957893;565.2222222222223;28976.77777777778;1225.888888888889;1310.1111111111113
1687957894;562.8888888888889;29109.000000000004;1224.3333333333335;1315.888888888889
1687957895;569.5555555555555;25985.111111111113;1137.3791263754586;1193.4444444444446
1687957896;562.8888888888889;26603.88888888889;1150.111111111111;1199.2222222222224
1687957897;648.2222222222223;24682.55555555556;1232.6666666666667;1300.7777777777778
1687957898;672.2222222222223;23325.333333333336;1238.4444444444446;1318.2222222222224
1687957899;678.8888888888889;22830.444444444445;1232.6666666666667;1312.4444444444446
1687957900;657.8888888888889;24204.222222222223;1217.3333333333335;1336.6666666666667
1687957901;651.3333333333334;24091.111111111113;688.4444444444445;1349.4444444444446
1687957902;644.6666666666667;21362.55555555556;1220.3333333333335;808.8888888888889
1687957903;632.6666666666667;23380.333333333336;1214.5555555555557;1334.7777777777778
1687957904;680.1111111111112;22849.222222222223;1220.3333333333335;1340.5555555555557
1687957905;686.7777777777778;22934.444444444445;1207.2222222222224;1334.7777777777778
1687957906;663.8888888888889;23046.88888888889;1147.3333333333335;1233.2222222222224
1687957907;639.8888888888889;22109.444444444445;1237.2222222222224;1215.7777777777778
1687957908;633.2222222222223;23313.111111111113;1263.7777777777778;1317.1111111111113
1687957909;658.5555555555557;22524;1258;1292.888888888889
1687957910;651.8888888888889;23683.88888888889;1263.7777777777778;1280.1111111111113
1687957911;658.5555555555557;23570.444444444445;720.2222222222223;1274.3333333333335
1687957912;651.8888888888889;21968.88888888889;1263.888888888889;748.4444444444445
1687957913;604.4444444444445;23696;1258.111111111111;1281.5555555555557
1687957914;612.1111111111112;23290.666666666668;1263.888888888889;1287.3333333333335
1687957915;556.3333333333334;21297.88888888889;1235.4444444444446;1281.5555555555557
1687957916;549.6666666666667;22138.55555555556;1145.5555555555557;1299
1687957917;556.3333333333334;21479.88888888889;1133.6666666666667;1197.6666666666667
1687957918;531;25489.88888888889;1220.4444444444446;1299
1687957919;537.6666666666667;27889.88888888889;1214.6666666666667;1293.2222222222224
1687957920;531;28992.55555555556;1220.4444444444446;1299
1687957921;537.6666666666667;29811.222222222223;676.7777777777778;1307.888888888889
1687957922;531;27677.111111111113;682.5555555555557;881.2222222222223
1687957923;523.3333333333334;28638.111111111113;1269.4444444444446;875.4444444444445
1687957924;535.3333333333334;28405.000000000004;1275.2222222222224;1420.1111111111113
1687957925;549.3333333333334;27506.111111111113;1269.4444444444446;1402.6666666666667
1687957926;542.6666666666667;29240.88888888889;1301.4444444444446;1493.1111111111113
1687957927;549.3333333333334;24528.111111111113;1235.4444444444446;1488.3333333333335
1687957928;542.6666666666667;23506.666666666668;1414.1111111111113;1629.3333333333335
1687957929;549.3333333333334;22644.55555555556;1431.5555555555557;1701.6666666666667
1687957930;549.3333333333334;22492.333333333336;1437.3333333333335;1692.7777777777778
1687957931;556;23648.111111111113;1431.5555555555557;1580.5555555555557
1687957932;549.3333333333334;23938;844.6666666666667;1586.3333333333335
1687957933;537.3333333333334;28929.222222222223;3650.1111111111113;1739.1111111111113
1687957934;523.3333333333334;29313.55555555556;3655.888888888889;2374.777777777778
1687957935;530;27644.111111111113;3609.2222222222226;2284.3333333333335
1687957936;620.8888888888889;27600.222222222223;3594.2222222222226;2193.5555555555557
1687957937;627.5555555555555;26604.55555555556;3430.2222222222226;2052.5555555555557
1687957938;656;36048.444444444445;4356.555555555556;2815.1111111111113
1687957939;674.6666666666667;34717.11111111112;4455.111111111111;2897.5555555555557
1687957940;710.4444444444445;35281;4460.88888888889;2903.3333333333335
1687957941;717.1111111111112;34126.66666666667;4455.111111111111;2920.2222222222226
1687957942;710.4444444444445;30587.333333333336;1649.6666666666667;2228.5555555555557
1687957943;717.1111111111112;29563.77777777778;2174.222222222222;1592.888888888889
1687957944;752.8888888888889;30738.222222222223;2180;2151.1111111111113
1687957945;662;30003.55555555556;2181.5555555555557;2145.3333333333335
1687957946;655.3333333333334;31907.666666666668;2274;2151.1111111111113
1687957947;626.8888888888889;21856.111111111113;1324.4444444444446;1310.4444444444446
1687957948;601.5555555555555;26039.88888888889;1225.888888888889;1228
1687957949;565.7777777777778;28722.222222222223;1308.7777777777778;1310.5555555555557
1687957950;566.4444444444445;28490.000000000004;1314.5555555555557;1293.6666666666667
1687957951;586.4444444444445;28115.666666666668;1329.888888888889;1287.888888888889
1687957952;579.7777777777778;27799.55555555556;805.3333333333334;1293.6666666666667
1687957953;551.3333333333334;27776.88888888889;1324.2222222222224;735.4444444444445
1687957954;563.3333333333334;28744.333333333336;1322.6666666666667;1272.7777777777778
1687957955;570;25797.111111111113;1215.5555555555557;1267
1687957956;583.3333333333334;26567.444444444445;1221.3333333333335;1272.7777777777778
1687957957;597.3333333333334;24101.77777777778;1215.5555555555557;1267
1687957958;590.6666666666667;21867.444444444445;1132.6666666666667;1184.4444444444446
1687957959;597.3333333333334;23346;1215.111111111111;1274.2222222222224
1687957960;577.3333333333334;22385.222222222223;1199.7777777777778;1298.4444444444446
1687957961;591.3333333333334;23683.222222222223;1194;1292.6666666666667
1687957962;577.3333333333334;22109.77777777778;675.1111111111112;1317
1687957963;565.3333333333334;22625.55555555556;1199.888888888889;779.6666666666667
1687957964;558.6666666666667;23503.88888888889;1205.6666666666667;785.4444444444445
1687957965;599.4444444444445;23771.111111111113;1199.888888888889;1325.888888888889
1687957966;647.8888888888889;22913.222222222223;1228.3333333333335;1331.6666666666667
1687957967;654.5555555555557;22027.88888888889;1243.3333333333335;1325.888888888889
1687957968;647.6729978895924;22445.55555555556;1179.888888888889;1255.111111111111
1687957969;666.5555555555557;21893.444444444445;1265.3333333333335;1230.888888888889
1687957970;659.2222222222223;22708.77777777778;1271.111111111111;1332.3333333333335
1687957971;665.8888888888889;22114.111111111113;1265.3333333333335;1308
1687957972;659.2222222222223;22362.333333333336;740.5555555555557;1313.7777777777778
1687957973;665.8888888888889;22403;734.7777777777778;1308
1687957974;605.1111111111112;21489.333333333336;1271;779.2222222222223
1687957975;556;22637.444444444445;1242.5555555555557;1312.3333333333335
1687957976;549.3333333333334;22278.666666666668;1227.5555555555557;1318.1111111111113
1687957977;548.8496165388464;21872.77777777778;1202.7777777777778;1293.3333333333335
1687957978;530;25131.55555555556;1117.3333333333335;1299.1111111111113
1687957979;530;26466.222222222223;1111.5555555555557;1216.2222222222224
1687957980;530.6666666666667;28372.77777777778;1205.5555555555557;1347.3333333333335
1687957981;537.3333333333334;27501.000000000004;1199.7777777777778;1384.4444444444446
1687957982;530.6666666666667;27702.444444444445;1205.5555555555557;1408.7777777777778
1687957983;537.3333333333334;28834.55555555556;724.2222222222223;1412.1111111111113
1687957984;542.6666666666667;27617.111111111113;1260.4444444444446;1061.7777777777778
1687957985;549.3333333333334;27676.55555555556;1254.6666666666667;1594
1687957986;542.6666666666667;28230.77777777778;1301.3333333333335;1670.6666666666667
1687957987;556.6666666666667;25401.77777777778;1323.6666666666667;1702.0000000000002
1687957988;550;23189;1439.7777777777778;1765.2222222222224
1687957989;549.3333333333334;22605.333333333336;1345.7777777777778;1657.3333333333335
1687957990;542.6666666666667;23481.222222222223;1453.5555555555557;1612.888888888889
1687957991;549.3333333333334;22339.55555555556;1447.7777777777778;1676.888888888889
1687957992;542.6666666666667;21833;1398.6666666666667;1661.888888888889
1687957993;530.6666666666667;22696.444444444445;862.4444444444445;1473.3333333333335
1687957994;524;22491.111111111113;1406.1111111111113;941.1111111111112
1687957995;538;25562.77777777778;2044.4444444444446;3635.777777777778
1687957996;586.4444444444445;26227.55555555556;2022.1111111111113;3604.444444444445
1687957997;600.4444444444445;26521.88888888889;1917.6666666666667;3522.666666666667
1687957998;601.1111111111112;26951.000000000004;1938.1111111111113;3505.2222222222226
1687957999;626.4444444444445;26529.000000000004;1932.5555555555557;3525.3333333333335
1687958000;619.7777777777778;28402.000000000004;1975.6666666666667;3470.666666666667
1687958001;626.4444444444445;28572.88888888889;2088.1111111111113;3553.666666666667
1687958002;619.7777777777778;28041.444444444445;2093.888888888889;3582.1111111111113
1687958003;626.4444444444445;29132.88888888889;1550.2222222222224;3576.3333333333335
1687958004;619.7777777777778;23526.111111111113;1408.7777777777778;810.7777777777778
1687958005;564;25845.222222222223;1403;1364.6666666666667
1687958006;550;25029.666666666668;1397.1111111111113;1370.4444444444446
1687958007;549.3333333333334;25484.333333333336;1376.6666666666667;1364.6666666666667
1687958008;545.6666666666667;27998.000000000004;1280.2222222222224;1344.5555555555557
1687958009;559.6666666666667;30344.88888888889;1237.111111111111;1310.888888888889
1687958010;553;31134.88888888889;1124.6666666666667;1227.888888888889
1687958011;559.6666666666667;30375.88888888889;1228.3333333333335;1295.1111111111113
1687958012;553;30232.666666666668;1234.111111111111;1300.888888888889
1687958013;552.3333333333334;31975.222222222223;690.5555555555557;1411
1687958014;564.3333333333334;29460.000000000004;1226.7777777777778;857.1111111111112
1687958015;571;29062.222222222223;1221;1387.2222222222224
1687958016;564.3333333333334;29889.444444444445;1226.7777777777778;1407.6666666666667
1687958017;549.3333333333334;25951;1221;1409.2222222222224
1687958018;542.6666666666667;23716;1226.7777777777778;1415
1687958019;569.2222222222223;22797.222222222223;1221;1429.6666666666667
1687958020;576.8888888888889;24543.111111111113;1117.3333333333335;1375.1111111111113
1687958021;583.5555555555555;22549.222222222223;1130.111111111111;1376.6666666666667
1687958022;576.8888888888889;23652.77777777778;1322.5555555555557;1347.888888888889
1687958023;564.8888888888889;23381.55555555556;786.3333333333334;1342.1111111111113
1687958024;558.2222222222223;24855.55555555556;1322.4444444444446;812
1687958025;619;21966;1335.6666666666667;810.5555555555557
1687958026;682.1111111111112;23687.333333333336;1341.4444444444446;1347.888888888889
1687958027;681.4444444444445;20519.55555555556;1379.1111111111113;1342.1111111111113
1687958028;654.8888888888889;22554.88888888889;1384.888888888889;1327.4444444444446
1687958029;673.2222222222223;21621.444444444445;1379.1111111111113;1286.3333333333335
1687958030;666.5555555555557;22352.111111111113;1384.888888888889;1284.7777777777778
1687958031;673.2222222222223;20943.55555555556;1211;1197.6666666666667
1687958032;680.8888888888889;20226.777777777777;1330.4444444444446;1291.7777777777778
1687958033;687.5555555555557;20734.77777777778;794.3333333333334;1286
1687958034;626.7777777777778;21106.77777777778;781.1111111111112;1272.7777777777778
1687958035;563.6666666666667;21609.444444444445;1305.6666666666667;747.1111111111112
1687958036;564.3333333333334;23672.77777777778;1268;1284.4444444444446
1687958037;571;21742.111111111113;1301.2222222222224;1278.6666666666667
1687958038;538.3333333333334;25838.444444444445;1366.6666666666667;1284.4444444444446
1687958039;545;28458.88888888889;1342.3333333333335;1278.6666666666667
1687958040;545.6666666666667;29925.444444444445;1329.5555555555557;1284.4444444444446
1687958041;545.3333333333334;29803.222222222223;1210.111111111111;1208.888888888889
1687958042;546;29567.000000000004;1215.888888888889;1303
1687958043;552.6666666666667;29775.444444444445;1353.2222222222224;1297.2222222222224
1687958044;572;29681.88888888889;828.6666666666667;1330.6666666666667
1687958045;571.3333333333334;28633.88888888889;1360.6666666666667;793.3333333333334
1687958046;564.6666666666667;30231.666666666668;1347.888888888889;1351.1111111111113
1687958047;571.3333333333334;26042.444444444445;1303.2222222222224;1386.5555555555557
1687958048;564.6666666666667;23609.88888888889;1353.4444444444446;1413.4444444444446
1687958049;571.3333333333334;21914;1370.888888888889;1485.7777777777778
1687958050;557.3333333333334;22767.444444444445;1397.4444444444446;1473
1687958051;556.6666666666667;22305.88888888889;1427;1378.888888888889
1687958052;550;21470;1289.6666666666667;1384.6666666666667
1687958053;530.6666666666667;21834.88888888889;1298.5555555555557;1439.1111111111113
1687958054;531.3333333333334;23009.77777777778;847.8888888888889;1444.888888888889
1687958055;545.3333333333334;20100.55555555556;1423.1111111111113;887.1111111111112
1687958056;601.1111111111112;22232;1463;851.6666666666667
1687958057;607.7777777777778;22273.666666666668;1424.4444444444446;1356.3333333333335
1687958058;601.1111111111112;23426.111111111113;1442.3333333333335;1284
1687958059;626.4444444444445;22378;1415.7777777777778;1278.2222222222224
1687958060;619.7777777777778;23524.55555555556;1386.2222222222224;1284
1687958061;626.4444444444445;23281.77777777778;1380.4444444444446;1374.3333333333335
1687958062;627.1111111111112;21642.444444444445;1394.2222222222224;1280.5555555555557
1687958063;633.7777777777778;22494.111111111113;1307.1111111111113;1285.5555555555557
1687958064;633.7777777777778;23184.55555555556;807.1111111111112;1425
1687958065;578;21644.222222222223;746.4444444444445;1419.2222222222224
1687958066;571.3333333333334;21776.88888888889;1281.2222222222224;893.4444444444445
1687958067;570.6666666666667;22621.222222222223;1240.111111111111;1419.2222222222224
1687958068;552.6666666666667;25874;1245.888888888889;1425
1687958069;566.6666666666667;27159.77777777778;1240.111111111111;1419.2222222222224
1687958070;560;28583.444444444445;1245.888888888889;1328.888888888889
1687958071;559.3333333333334;29245.444444444445;1217.4444444444446;1323.1111111111113
1687958072;545.3333333333334;27054.88888888889;1244.3333333333335;1318.1111111111113
1687958073;538;28889.222222222223;1142.888888888889;1288.2222222222224
1687958074;550;29020.88888888889;1244.2222222222224;1294
1687958075;556.6666666666667;29142.55555555556;697.7777777777778;1376.5555555555557
1687958076;550;28076.222222222223;1241.3333333333335;850.7777777777778
1687958077;549.3333333333334;25867.55555555556;1250.2222222222224;1383.888888888889
1687958078;535.3333333333334;24456.111111111113;1358.6666666666667;1389.6666666666667
1687958079;542;23279;1352.888888888889;1383.888888888889
1687958080;535.3333333333334;24252.88888888889;1358.6666666666667;1410.1111111111113
1687958081;542;25822.444444444445;1331.7777777777778;1404.3333333333335
1687958082;535.3333333333334;24674;1337.5555555555557;1300.5555555555557
1687958083;523.3333333333334;23617.111111111113;1236.2222222222224;1294.7777777777778
1687958084;516.6666666666667;24308.111111111113;1344;1212.2222222222224
1687958085;577.4444444444445;22701.88888888889;800.4444444444445;1302.1111111111113
1687958086;640.5555555555557;24223.88888888889;1352;769
1687958087;647.2222222222223;22425.55555555556;1243.5555555555557;1302.1111111111113
1687958088;640.5555555555557;25126.444444444445;1289.1111111111113;1307.888888888889
1687958089;665.8888888888889;23492.333333333336;1283.3333333333335;1281.6666666666667
1687958090;659.2222222222223;23350.222222222223;1289.1111111111113;1287.4444444444446
1687958091;665.8888888888889;23097.55555555556;1283.3333333333335;1281.6666666666667
1687958092;659.2222222222223;24304.55555555556;1309.5555555555557;1287.4444444444446
1687958093;665.8888888888889;23030.55555555556;1354.4444444444446;1281.6666666666667
1687958094;605.1111111111112;24781.55555555556;1360.2222222222224;1215.111111111111
1687958095;542;22425.111111111113;882.1111111111112;1297.6666666666667
1687958096;535.3333333333334;24068.55555555556;1418.3333333333335;764.5555555555557
1687958097;542;21080.77777777778;1372.7777777777778;766.1111111111112
1687958098;516.6666666666667;26542.333333333336;1417.5555555555557;1314.888888888889
1687958099;523.3333333333334;28533.444444444445;1411.7777777777778;1416.2222222222224
1687958100;524;29045.55555555556;1417.5555555555557;1422
1687958101;530.6666666666667;28594.55555555556;1391.3333333333335;1434.7777777777778
1687958102;524;28470.000000000004;1244.4444444444446;1440.5555555555557
1687958103;530.6666666666667;27641.000000000004;1238.6666666666667;1411.4444444444446
1687958104;542.6666666666667;28095.77777777778;1156.3333333333335;1368.2222222222224
1687958105;549.3333333333334;26212.77777777778;720.1111111111112;1458.1111111111113
1687958106;542.6666666666667;27617.111111111113;1249;1477
1687958107;549.3333333333334;23901.55555555556;1204.2222222222224;969.4444444444445
1687958108;542.6666666666667;21687.222222222223;1247.111111111111;1435.4444444444446
1687958109;555.3333333333334;21228;1264.5555555555557;1429.6666666666667
1687958110;548.6666666666667;21303.88888888889;1288.888888888889;1440.1111111111113
1687958111;562.6666666666667;22178.222222222223;1315;1434.3333333333335
1687958112;556;22636.444444444445;1341.5555555555557;1553.4444444444446
1687958113;544;23007.444444444445;1335.7777777777778;2314.1111111111113
1687958114;544.6666666666667;24103.333333333336;1241.5555555555557;2947.888888888889
1687958115;551.3333333333334;24884.88888888889;801.1111111111112;2948.1111111111113
1687958116;607.1111111111112;27130.55555555556;1330;3510.666666666667
1687958117;621.1111111111112;27456.222222222223;1287.1111111111113;2974
1687958118;608.4444444444445;27736.111111111113;1336.2222222222224;3518.5555555555557
1687958119;633.7777777777778;27664.111111111113;1311.888888888889;3489.5555555555557
1687958120;627.1111111111112;26924.55555555556;1285.7777777777778;3513.888888888889
1687958121;633.7777777777778;25506.222222222223;1259.2222222222224;3394.777777777778
1687958122;627.1111111111112;26372.444444444445;1287.6666666666667;3059.777777777778
1687958123;626.4444444444445;26296.333333333336;1281.888888888889;3098.1111111111113
1687958124;619.7777777777778;25147;1199.2222222222224;2793.2222222222226
1687958125;564;21854.444444444445;670.3333333333334;1405.2222222222224
1687958126;550;21730.666666666668;771.7777777777778;1374.5555555555557
1687958127;556.6666666666667;21925.444444444445;1253.2222222222224;830.0000000000001
1687958128;538.6666666666667;24789.222222222223;1259;1367.3333333333335
1687958129;538;28906.88888888889;1313.2222222222224;1343
1687958130;531.3333333333334;29843.666666666668;1319;1348.7777777777778
1687958131;538;28621.666666666668;1290.5555555555557;1343
1687958132;541.3333333333334;28518.222222222223;1317.4444444444446;1293.888888888889
1687958133;548;29105.333333333336;1311.6666666666667;1267.3333333333335
1687958134;574.3333333333334;28898.666666666668;1317.4444444444446;1184.4444444444446
1687958135;581;29891.666666666668;1216;1382.4444444444446
1687958136;567;29165.55555555556;668;1702.888888888889
1687958137;579.6666666666667;27675.444444444445;1293.1111111111113;1165.5555555555557
1687958138;573;28370.88888888889;1960.3333333333335;1721.3333333333335
1687958139;599.5555555555555;28828.333333333336;1954.5555555555557;4250.111111111111
1687958140;592.8888888888889;29906.77777777778;1960.3333333333335;4255.88888888889
1687958141;589.5555555555555;28830.77777777778;1933.4444444444446;4387.88888888889
1687958142;590.2222222222223;29434.77777777778;104234.33333333334;4393.666666666667
1687958143;585.5555555555555;29483.333333333336;104228.55555555556;4387.88888888889
1687958144;578.6959902254804;27600.444444444445;104234.33333333334;4189.88888888889
1687958145;647.4444444444445;27337.000000000004;104214.55555555556;3869.444444444445
1687958146;689.8888888888889;27164.55555555556;104239;3882.5555555555557
1687958147;696.5555555555557;22127.222222222223;104219.22222222223;3407.777777777778
1687958148;670;23135;104239;879.0000000000001
1687958149;695.3333333333334;22382.333333333336;104233.22222222223;1442.3333333333335
1687958150;688.6666666666667;24141;103252.11111111112;1310.3333333333335
1687958151;688;22154.88888888889;1416.1111111111113;1304.5555555555557
1687958152;659.6666666666667;23403.55555555556;1398.6666666666667;1310.3333333333335
1687958153;666.5555185061687;23298.88888888889;1396.6666666666667;1304.5555555555557
1687958154;597.7777777777778;23247.55555555556;1402.4444444444446;1310.3333333333335
1687958155;542;21378.222222222223;1396.6666666666667;1297.2222222222224
1687958156;542.6666666666667;24545.77777777778;756.1111111111112;1222
1687958157;556.6666666666667;24466.666666666668;1254.111111111111;1894.1111111111113
1687958158;531.3333333333334;28419.222222222223;1264;1876.2222222222224
1687958159;552.3333333333334;30597.88888888889;1276.7777777777778;2589
1687958160;545.6666666666667;33205.66666666667;1282.5555555555557;2594.777777777778
1687958161;552.3333333333334;31984.111111111113;1276.7777777777778;2581.666666666667
1687958162;553;33284.66666666667;1243.5555555555557;2606
1687958163;559.6666666666667;34131.444444444445;1237.7777777777778;2618.777777777778
1687958164;571.6666666666667;34810.222222222226;1243.5555555555557;2682.444444444445
1687958165;571;31817.111111111113;1237.7777777777778;2843
1687958166;564.3333333333334;31824.77777777778;711.6666666666667;2191.3333333333335
1687958167;578.3333333333334;28589.111111111113;599.6666666666667;1757.2222222222224
1687958168;557.3333333333334;25405;1231.2222222222224;1067.111111111111
1687958169;578;28461.333333333336;2134.5555555555557;1687.3333333333335
1687958170;578.6666666666667;29886.333333333336;2168.3333333333335;4245.777777777778
1687958171;578;28787.666666666668;2162.5555555555557;4221.444444444444
1687958172;571.3333333333334;28322.88888888889;2207.666666666667;4231.333333333334
1687958173;559.3333333333334;27903.666666666668;2201.888888888889;4167.666666666667
1687958174;552.6666666666667;29267.333333333336;2207.666666666667;4043.7777777777783
1687958175;552;26600.111111111113;2201.888888888889;4040.2222222222226
1687958176;600.4444444444445;27765.111111111113;2207.666666666667;3965.888888888889
1687958177;607.1111111111112;27069.666666666668;1557.5555555555557;3937.444444444445
1687958178;586.4444444444445;24088;1328.2222222222224;3415.777777777778
1687958179;604.4444444444445;21198;1294.4444444444446;864.6666666666667
1687958180;597.7777777777778;24097;1300.2222222222224;1510.3333333333335
1687958181;604.4444444444445;22985.111111111113;1255.111111111111;1481.888888888889
1687958182;597.7777777777778;23328.55555555556;1260.888888888889;1487.6666666666667
1687958183;604.4444444444445;22843.88888888889;1277.7777777777778;1445.2222222222224
1687958184;597.7777777777778;24558;1283.5555555555557;1504
1687958185;542;23290.55555555556;1277.7777777777778;1461.2222222222224
1687958186;535.3333333333334;25821;1283.5555555555557;1459.6666666666667
1687958187;542;23449.444444444445;603.7777777777778;1355.3333333333335
1687958188;516.6666666666667;29792.77777777778;1250.6666666666667;1456.7777777777778
1687958189;523.3333333333334;28736.444444444445;1263.4444444444446;811.1111111111112
1687958190;516.6666666666667;32097.77777777778;1269.2222222222224;1423.5555555555557
1687958191;523.3333333333334;30929.333333333336;1263.4444444444446;1417.7777777777778
1687958192;516.6666666666667;30843.77777777778;1246.5555555555557;1423.5555555555557
1687958193;523.3333333333334;30273.333333333336;1240.7777777777778;1362.5555555555557
1687958194;535.3333333333334;30091.444444444445;1246.5555555555557;1396.3333333333335
1687958195;542;26967.88888888889;1240.7777777777778;1397.888888888889
1687958196;535.3333333333334;29733.77777777778;1246.5555555555557;1403.6666666666667
1687958197;542;24339.88888888889;599.6666666666667;1302.2222222222224
1687958198;535.3333333333334;24502.333333333336;1195.6666666666667;1407.5555555555557
1687958199;542;21074.88888888889;1189.888888888889;795.1111111111112
1687958200;542;24466.444444444445;1207.3333333333335;1428
1687958201;548.6666666666667;22815.111111111113;1201.5555555555557;1422.2222222222224
1687958202;542;23232.77777777778;1207.3333333333335;1407.5555555555557
1687958203;530;22832;1201.5555555555557;1373.7777777777778
1687958204;523.3333333333334;24326.333333333336;1207.3333333333335;1379.5555555555557
1687958205;584.1111111111112;21084.88888888889;1224.7777777777778;1373.7777777777778
1687958206;639.8888888888889;23653.444444444445;1230.5555555555557;1379.5555555555557
1687958207;646.5555555555557;20680.88888888889;638.6666666666667;1274.2222222222224
1687958208;639.8888888888889;24736.666666666668;1300.2222222222224;1470.888888888889
1687958209;658.5555555555557;21220.222222222223;1290.1111111111113;838.0000000000001
1687958210;651.8888888888889;24162.111111111113;1295.888888888889;1457.7777777777778
1687958211;658.5555555555557;23102.77777777778;1290.1111111111113;1452
1687958212;651.8888888888889;23261.77777777778;1295.888888888889;1457.7777777777778
1687958213;658.5555555555557;23323.222222222223;1329.1111111111113;1472.7777777777778
1687958214;597.7777777777778;25505.77777777778;1311.6666666666667;1497.5555555555557
1687958215;542;22407.333333333336;1305.888888888889;1527.1111111111113
1687958216;535.3333333333334;25529.666666666668;1289;1532.888888888889
1687958217;542;21784.77777777778;627.4444444444445;1336.2222222222224
1687958218;516.6666666666667;27462.000000000004;1184;1342
1687958219;523.3333333333334;28219.444444444445;1290.3333333333335;811
1687958220;516.6666666666667;29651.77777777778;1296.1111111111113;816.7777777777778
1687958221;523.3333333333334;29280.111111111113;1290.3333333333335;1417.6666666666667
1687958222;516.6666666666667;28674.77777777778;1257.111111111111;1421.2222222222224
1687958223;523.3333333333334;28543.55555555556;1251.3333333333335;1419.6666666666667
1687958224;535.3333333333334;29668.88888888889;1257.111111111111;1408.6666666666667
1687958225;542;28302.77777777778;1251.3333333333335;1470.2222222222224
1687958226;542.6666666666667;30313.88888888889;1257.111111111111;1476
1687958227;549.3333333333334;25336.444444444445;693.2222222222223;1470.2222222222224
1687958228;556.6666666666667;24056.111111111113;586.8888888888889;1408.3333333333335
1687958229;570;23058.111111111113;1212;1483.5555555555557
1687958230;563.3333333333334;23536.88888888889;1238.888888888889;882.6666666666667
1687958231;570;24433.88888888889;1233.111111111111;1472.3333333333335
1687958232;570.6666666666667;24152.88888888889;1278.2222222222224;1454.888888888889
1687958233;558.6666666666667;24694.444444444445;1389.5555555555557;1430.5555555555557
1687958234;552;24501.88888888889;1395.3333333333335;1369
1687958235;558.6666666666667;23754.333333333336;1389.5555555555557;1408.5555555555557
1687958236;621.1111111111112;25355.222222222223;1395.3333333333335;1451.3333333333335
1687958237;613.7777777777778;23903.55555555556;1389.5555555555557;1424.4444444444446
1687958238;600.4444444444445;24841.333333333336;838.3333333333334;1349.2222222222224
1687958239;625.7777777777778;29043.55555555556;3676.444444444445;2129.222222222222
1687958240;619.1111111111112;28692.111111111113;3682.2222222222226;1539.5555555555557
1687958241;618.4444444444445;29650.333333333336;3745.666666666667;2140.444444444445
1687958242;611.7777777777778;28538.000000000004;3634.3333333333335;2146.222222222222
1687958243;633.5555555555555;28710.333333333336;3651.2222222222226;2133.1111111111113
1687958244;633.5555555555555;36081.555555555555;4491.88888888889;2148.444444444445
1687958245;571.1111111111112;34978;4486.111111111111;2933.2222222222226
1687958246;564.4444444444445;36870.66666666667;4491.88888888889;2931.666666666667
1687958247;571.1111111111112;35380.88888888889;4412.222222222223;2925.888888888889
1687958248;545.7777777777778;33665;1553;2138.5555555555557
1687958249;552.4444444444445;36388.88888888889;2163.3333333333335;2209.888888888889
1687958250;545.7777777777778;35505;2079.1111111111113;1609
1687958251;552.4444444444445;36890.11111111112;2073.3333333333335;2230.888888888889
1687958252;544.6666666666667;36127;2077.222222222222;2244
1687958253;551.6666666666667;28621.222222222223;1264.5555555555557;2176
1687958254;563.6666666666667;28931.111111111113;1270.3333333333335;1476
1687958255;577.6666666666667;26997.000000000004;1264.5555555555557;1498
1687958256;578.3333333333334;29181.88888888889;1270.3333333333335;1496.4444444444446
1687958257;592.3333333333334;26062.111111111113;1264.5555555555557;1498
1687958258;593;23341;654.2222222222223;1408.1111111111113
1687958259;606.3333333333334;23318.333333333336;1152.888888888889;1490.4444444444446
1687958260;599.6666666666667;22771.333333333336;1255.6666666666667;889.0000000000001
1687958261;592.3333333333334;24200;1229.111111111111;883.2222222222223
1687958262;571.3333333333334;23627;1206.888888888889;1503
1687958263;566.6666666666667;23099.77777777778;1201.111111111111;1375.4444444444446
1687958264;560;23114.55555555556;1206.888888888889;1360.7777777777778
1687958265;626.6666666666667;21771;1224.3333333333335;1381.3333333333335
1687958266;612.6666666666667;23468.111111111113;1230.111111111111;1387.1111111111113
1687958267;681.7777777777778;22779.55555555556;1247;1381.3333333333335
1687958268;668.4444444444445;22720;729.7777777777778;1299
1687958269;701.1111111111112;22629;1157.3333333333335;1272.3536598911473
1687958270;701.7777777777778;21537.222222222223;1248.888888888889;1366.888888888889
1687958271;728.4444444444445;22044.77777777778;1243.111111111111;747.1111111111112
1687958272;721.7777777777778;23064.666666666668;1248.888888888889;1352.2222222222224
1687958273;721.1111111111112;23628.77777777778;1282.1111111111113;1346.4444444444446
1687958274;661.4444444444445;23734.333333333336;1283.6666666666667;1333.2222222222224
1687958275;668.1111111111112;22419.55555555556;1277.888888888889;1367.2222222222224
1687958276;591.6666666666667;24036.111111111113;1261;1373
1687958277;598.3333333333334;23264.666666666668;1255.2222222222224;1367.2222222222224
1687958278;565.6666666666667;26114.55555555556;751.1111111111112;1373.4578192730912
1687958279;558.3333333333334;29353.444444444445;678.1111111111112;1271.5555555555557
1687958280;538.3333333333334;29520.333333333336;1302.5555555555557;1495.6666666666667
1687958281;537.6666666666667;28332.222222222223;1296.7777777777778;890.5555555555557
1687958282;531;29291.000000000004;1263.5555555555557;1514.2222222222224
1687958283;523.3333333333334;29223.111111111113;1238.7777777777778;1508.4444444444446
1687958284;535.3333333333334;29071.222222222223;1244.5555555555557;1513.7777777777778
1687958285;542;27690.333333333336;1238.7777777777778;1549.7777777777778
1687958286;535.3333333333334;29387.111111111113;1244.5555555555557;1555.5555555555557
1687958287;556.3333333333334;25879.55555555556;1218.3333333333335;1570.888888888889
1687958288;556.3333333333334;23180.88888888889;1205.5555555555557;1584
1687958289;563;22753.77777777778;581.1111111111112;1367.2222222222224
1687958290;556.3333333333334;23689.77777777778;1228.2222222222224;1461.4444444444446
1687958291;563;21933.333333333336;1241;830.4444444444445
1687958292;556.3333333333334;23394.77777777778;1267.5555555555557;1442.888888888889
1687958293;544.3333333333334;24011.666666666668;1261.7777777777778;1397.7777777777778
1687958294;537.6666666666667;23851.111111111113;1267.5555555555557;1361.7777777777778
1687958295;544.3333333333334;22583.222222222223;1261.7777777777778;1401.3333333333335
1687958296;585.7777777777778;24174.55555555556;1267.5555555555557;1423
1687958297;592.4444444444445;23302.666666666668;1261.7777777777778;1417.2222222222224
1687958298;579.1111111111112;23987;1322.4444444444446;1423
1687958299;604.4444444444445;22976.666666666668;675.3333333333334;1328.7777777777778
1687958300;597.7777777777778;25084;1281.6666666666667;1430.5555555555557
1687958301;611.7777777777778;23539.77777777778;1262.4444444444446;836.6666666666667
1687958302;605.1111111111112;23789;1414.1111111111113;1434.4444444444446
1687958303;619.1111111111112;24595.444444444445;1408.3333333333335;1483.5555555555557
1687958304;619.7777777777778;25012.55555555556;1414.1111111111113;1444
1687958305;564;23936.444444444445;1408.3333333333335;1422
1687958306;557.3333333333334;26074.77777777778;1414.1111111111113;1459.6666666666667
1687958307;571.3333333333334;25392.666666666668;1353.4444444444446;1453.888888888889
1687958308;546;29273.222222222223;1359.2222222222224;1459.6666666666667
1687958309;552.6666666666667;30176.666666666668;734.3333333333334;1365.2222222222224
1687958310;538.6666666666667;30816.88888888889;1289.1111111111113;1352.4444444444446
1687958311;545.3333333333334;29939.111111111113;1233.4444444444446;843.1111111111112
1687958312;531.3333333333334;29856.444444444445;1239.2222222222224;794
1687958313;530.6666666666667;30102.88888888889;1254.2222222222224;1402.2222222222224
1687958314;542.6666666666667;30755.666666666668;1260;1387.2222222222224
1687958315;549.3333333333334;28731.111111111113;1254.2222222222224;1370
1687958316;542.6666666666667;30810.55555555556;1260;1375.7777777777778
1687958317;549.3333333333334;27543.333333333336;1254.2222222222224;1362.6666666666667
1687958318;542.6666666666667;25738.222222222223;1368.2222222222224;1368.4444444444446
1687958319;549.3333333333334;25359.77777777778;806.1111111111112;1362.6666666666667
1687958320;549.3333333333334;25401.222222222223;1252.6666666666667;1272.6666666666667
1687958321;563.3333333333334;25721.55555555556;1335.1111111111113;1375.6666666666667
1687958322;564;24560.222222222223;1320.1111111111113;876.1111111111112
1687958323;552;25879.111111111113;1314.3333333333335;1477
1687958324;545.3333333333334;24904.333333333336;1320.1111111111113;1462.3333333333335
1687958325;598.7777777777778;23417.77777777778;1337.5555555555557;1475.5555555555557
1687958326;654.5555555555557;24561.77777777778;1343.3333333333335;1488.6666666666667
1687958327;661.2222222222223;24175.111111111113;1252;1482.888888888889
1687958328;654.5555555555557;23340.666666666668;1269.4444444444446;1488.6666666666667
1687958329;673.2222222222223;23651.444444444445;726.8888888888889;1490.2222222222224
1687958330;659.2222222222223;25899.666666666668;644.4444444444445;1387.2222222222224
1687958331;658.5555555555557;27091.77777777778;1254.6666666666667;2063.777777777778
1687958332;651.8888888888889;32786.555555555555;1260.4444444444446;2446.888888888889
1687958333;658.5555555555557;36374.66666666667;1293.6666666666667;5401.666666666667
1687958334;597.7777777777778;35188;1276.2222222222224;5381.111111111111
1687958335;542;34144.77777777778;1270.4444444444446;5388.777777777778
1687958336;535.3333333333334;34632.333333333336;1253.5555555555557;5387.222222222223
1687958337;542;36035.444444444445;1236.111111111111;5374.111111111111
1687958338;516.6666666666667;38445.88888888889;1260.4444444444446;5372.555555555556
1687958339;524.4444444444445;38719;1275.1111111111113;5359.444444444445
1687958340;524.4444444444445;37271.444444444445;664.8888888888889;4566.88888888889
1687958341;531.1111111111112;30337.222222222223;1286.7777777777778;3671.5555555555557
1687958342;531.7777777777778;27138.88888888889;1253.5555555555557;709.4444444444445
1687958343;552.4444444444445;29516.000000000004;1247.7777777777778;1336.2222222222224
1687958344;564.4444444444445;28818.55555555556;1253.5555555555557;1321.2222222222224
1687958345;571.1111111111112;28432.444444444445;1247.7777777777778;1375.7777777777778
1687958346;564.4444444444445;28142.111111111113;1253.5555555555557;1381.5555555555557
1687958347;578.4444444444445;37626.555555555555;1270.4444444444446;1375.7777777777778
1687958348;578;92128.66666666667;12268;3070.888888888889
1687958349;585.3333333333334;186776.6666666667;16240.555555555557;5421
1687958350;585.3333333333334;225915.11111111112;15879.333333333334;5523.555555555556
1687958351;592;250168.8888888889;16191.555555555557;6687.777777777778
1687958352;578.6666666666667;268258.6666666667;17534.333333333336;7033.333333333334
1687958353;574;280167.7777777778;17528.55555555556;15669.88888888889
1687958354;574.6666666666667;278706;17534.333333333336;19860.222222222223
1687958355;581.3333333333334;286210.55555555556;17528.55555555556;19877.111111111113
1687958356;637.1111111111112;318445.22222222225;18487;20191
1687958357;643.7777777777778;260863.00000000003;7469.000000000001;20217
1687958358;629.7777777777778;167681.77777777778;4102.777777777778;17866.88888888889
1687958359;648.4444444444445;128032.33333333334;3929.888888888889;17662.55555555556
1687958360;634.4444444444445;103528.88888888889;3617.666666666667;16498.333333333336
1687958361;641.1111111111112;83718.66666666667;2274.888888888889;15520.222222222223
1687958362;627.1111111111112;80854.66666666667;3660.888888888889;6883.666666666667
1687958363;626.4444444444445;82932.66666666667;3655.1111111111113;7331.777777777778
1687958364;619.7777777777778;74677;3660.888888888889;7314.88888888889
1687958365;556.6666666666667;32294.222222222226;2661.2222222222226;7001.000000000001
1687958366;542.6666666666667;37973.333333333336;3327.444444444445;5285.666666666667
1687958367;549.3333333333334;36714.333333333336;2715.3333333333335;6967.000000000001
1687958368;531.3333333333334;40290.66666666667;2627.5555555555557;6972.777777777778
1687958369;538;44293.66666666667;3240.5555555555557;6967.000000000001
1687958370;524;44162;3246.3333333333335;6972.777777777778
1687958371;530.6666666666667;34864;1860.3333333333335;6967.000000000001
1687958372;524;40643.333333333336;1866.1111111111113;2274
1687958373;530.6666666666667;40985.222222222226;1860.3333333333335;6972.444444444444
1687958374;530.666666667;44396.55555555556;1909.5555555555557;6972.33333333334
1687958375;550.555555556;38394.444444444445;1278.6666666666667;6972.222222224
1687958376;540.444444448;40533.77777777778;1284.4444444444446;6972.555555556
1687958377;540.44444445;42568.444444444445;1278.6666666666667;6972.77777778
