Time;{mode="idle"};{mode="iowait"};{mode="irq"};{mode="nice"};{mode="softirq"};{mode="steal"};{mode="system"};{mode="user"}
1687957657;1.902631578947445;0.008947368421050476;0;0;0.0005263157894739534;0.0021052631578950655;0.029999999999996647;0.04315789473685072
1687957658;1.902105263157864;0.009473684210523683;0;0;0.0005263157894739534;0.0021052631578950655;0.030000000000002632;0.04421052631579713
1687957659;1.90736842105262;0.007894736842104066;0;0;0.0005263157894739534;0.0015789473684211124;0.028421052631583014;0.041052631578957895
1687957660;1.8999999999999233;0.007894736842104066;0;0;0.0010526315789475328;0.0015789473684211124;0.030526315789475837;0.04684210526316316
1687957661;1.8731578947368497;0.010526315789470093;0;0;0.0021052631578946917;0.003157894736842225;0.036842105263160285;0.058947368421058854
1687957662;1.8163157894736957;0.0110526315789433;0;0;0.004210526315789758;0.004736842105263338;0.04736842105263636;0.09736842105263877
1687957663;1.7315789473684018;0.0110526315789433;0;0;0.007368421052631609;0.004736842105263338;0.06631578947368373;0.1552631578947392
1687957664;1.6652631578947061;0.014210526315788514;0;0;0.009473684210526299;0.006842105263157655;0.08263157894737105;0.1978947368421048
1687957665;1.611578947368463;0.010526315789476076;0;0;0.012631578947368525;0.006842105263157655;0.0989473684210464;0.23210526315788707
1687957666;1.5815789473684783;0.011052631578949283;0;0;0.015789473684210378;0.007368421052631608;0.10263157894736483;0.25578947368420524
1687957667;1.5321052631578296;0.013157894736842105;0;0;0.018421052631579393;0.007368421052631608;0.11368421052631411;0.28526315789474066
1687957668;1.4757894736841606;0.017368421052627748;0;0;0.022105263157894826;0.0126315789473689;0.1247368421052634;0.31631578947368366
1687957669;1.4068421052632307;0.03473684210526148;0;0;0.02578947368421063;0.020000000000000507;0.13473684210526027;0.3494736842105316
1687957670;1.3310526315789932;0.06315789473683851;0;0;0.026842105263158163;0.02368421052631594;0.1489473684210488;0.37631578947368893
1687957671;1.2557894736841453;0.09105263157894233;0;0;0.028947368421052857;0.02421052631578989;0.1599999999999981;0.40736842105263205
1687957672;1.1815789473684593;0.11526315789473372;0;0;0.03157894736842075;0.025789473684210255;0.17052631578947414;0.4363157894736942
1687957673;1.1094736842105224;0.1394736842105251;0;0;0.0342105263157894;0.030526315789474342;0.18157894736842345;0.46789473684209854
1687957674;1.0342105263157704;0.16631578947368253;0;0;0.03526315789473655;0.031052631578947547;0.1926315789473667;0.49684210526314876
1687957675;0.951052631578932;0.20526315789473565;0;0;0.03684210526315767;0.033157894736841866;0.2026315789473696;0.5268421052631453
1687957676;0.8757894736841798;0.23263157894736625;0;0;0.03894736842105273;0.035789473684210885;0.21210526315789927;0.5563157894736688
1687957677;0.7773684210525589;0.28368421052631504;0;0;0.04210526315789458;0.036842105263157295;0.22105263157894378;0.587894736842097
1687957678;0.6978947368421167;0.3136842105263117;0;0;0.04526315789473681;0.03999999999999952;0.23210526315789304;0.6178947368421057
1687957679;0.6042105263158621;0.3668421052631593;0;0;0.045789473684210394;0.04526315789473681;0.24263157894736914;0.6426315789473702
1687957680;0.5326315789474105;0.41157894736842365;0;0;0.0473684210526315;0.04894736842105299;0.24842105263158037;0.6610526315789444
1687957681;0.48736842105264305;0.46421052631579207;0;0;0.047368421052631504;0.05368421052631558;0.24631578947368155;0.6505263157894684
1687957682;0.4831578947368574;0.4763157894736878;0;0;0.04842105263157903;0.05789473684210496;0.2515789473684196;0.6347368421052603
1687957683;0.4952631578947292;0.4757894736842146;0;0;0.0505263157894741;0.06157894736842114;0.24578947368420836;0.6205263157894717
1687957684;0.504736842105175;0.4747368421052621;0;0;0.05157894736842126;0.06631578947368447;0.2400000000000031;0.6126315789473618
1687957685;0.5010526315789703;0.47421052631578897;0;0;0.05105263157894768;0.06526315789473733;0.24157894736842273;0.6142105263157933
1687957686;0.4815789473684976;0.4842105263157918;0;0;0.05526315789473669;0.06684210526315842;0.24368421052631556;0.6157894736842009
1687957687;0.4552631578948134;0.5115789473684285;0;0;0.05526315789473669;0.06263157894736829;0.24315789473684235;0.61368421052632
1687957688;0.4478947368421167;0.5200000000000057;0;0;0.05473684210526311;0.05526315789473669;0.24736842105263396;0.6084210526315761
1687957689;0.44631578947375694;0.5136842105263213;0;0;0.05789473684210533;0.054736842105263486;0.24473684210526198;0.61368421052632
1687957690;0.4400000000000306;0.5121052631579016;0;0;0.062105263157894344;0.05631578947368385;0.24789473684210117;0.6094736842105344
1687957691;0.4315789473684593;0.5205263157894789;0;0;0.06315789473684225;0.055789473684211395;0.24736842105262796;0.6084210526315761
1687957692;0.41999999999997695;0.5247368421052646;0;0;0.06526315789473694;0.05368421052631558;0.24999999999999997;0.6094736842105344
1687957693;0.4178947368421321;0.5194736842105265;0;0;0.06842105263157917;0.05526315789473669;0.252631578947372;0.6105263157894689
1687957694;0.4505263157895426;0.4805263157894734;0;0;0.07315789473684213;0.053157894736842376;0.2515789473684196;0.6099999999999957
1687957695;0.4657894736842296;0.4552631578947416;0;0;0.07368421052631571;0.05052631578947335;0.25736842105263086;0.6121052631579005
1687957696;0.5078947368420861;0.4052631578947392;0;0;0.07473684210526324;0.0505263157894741;0.26105263157894926;0.6121052631578885
1687957697;0.5321052631579253;0.376315789473689;0;0;0.07526315789473682;0.04842105263157978;0.2642105263157885;0.6142105263157933
1687957698;0.5505263157894278;0.3494736842105256;0;0;0.08000000000000015;0.0447368421052636;0.26526315789474086;0.6147368421052666
1687957699;0.5715789473683559;0.32789473684210624;0;0;0.08000000000000015;0.039473684210526314;0.2626315789473689;0.6157894736842129
1687957700;0.5978947368420402;0.3010526315789488;0;0;0.08157894736842089;0.033157894736842615;0.26578947368421413;0.618947368421064
1687957701;0.6157894736842487;0.30421052631578804;0;0;0.08315789473684201;0.031052631578946797;0.25736842105263685;0.6036842105263172
1687957702;0.6178947368420937;0.301578947368416;0;0;0.08105263157894695;0.0252631578947363;0.25631578947368444;0.6084210526315761
1687957703;0.5910526315790201;0.3284210526315794;0;0;0.08315789473684201;0.02157894736842087;0.25631578947368444;0.6089473684210611
1687957704;0.5605263157894546;0.3547368421052636;0;0;0.08368421052631558;0.02368421052631594;0.2573684210526308;0.6089473684210492
1687957705;0.5463157894736421;0.3657894736842069;0;0;0.08263157894736843;0.02789473684210532;0.25578947368421123;0.6094736842105344
1687957706;0.5426315789473416;0.3631578947368409;0;0;0.08157894736842126;0.032631578947367915;0.25736842105263685;0.6142105263157813
1687957707;0.5531578947367579;0.3415789473684155;0;0;0.08421052631578954;0.038421052631578405;0.2626315789473629;0.6189473684210521
1687957708;0.553684210526243;0.3421052631578947;0;0;0.0836842105263156;0.035263157894736184;0.2626315789473689;0.6173684210526206
1687957709;0.5499999999999425;0.34684210526315357;0;0;0.08105263157894732;0.033684210526315816;0.26210526315790167;0.621052631578945
1687957710;0.5326315789473148;0.3584210526315761;0;0;0.08210526315789485;0.0378947368421052;0.26578947368421413;0.6205263157894837
1687957711;0.5478947368420019;0.34631578947368635;0;0;0.08052631578947336;0.036315789473683344;0.2647368421052617;0.6205263157894718
1687957712;0.5710526315789665;0.32631578947368656;0;0;0.08000000000000017;0.034210526315789025;0.2631578947368361;0.6194736842105253
1687957713;0.5478947368420976;0.3478947368421059;0;0;0.07842105263157904;0.034736842105262976;0.2642105263157885;0.6221052631579034
1687957714;0.515789473684268;0.38368421052631385;0;0;0.0799999999999998;0.035789473684210135;0.2621052631578957;0.618421052631579
1687957715;0.48947368421058374;0.4094736842105249;0;0;0.08263157894736842;0.034736842105262976;0.2626315789473689;0.6200000000000105
1687957716;0.48736842105264305;0.4099999999999981;0;0;0.08526315789473671;0.035263157894736184;0.2626315789473689;0.618947368421052
1687957717;0.5178947368421128;0.38421052631578706;0;0;0.08315789473684201;0.034210526315789025;0.2605263157894701;0.6189473684210521
1687957718;0.5147368421052976;0.38473684210526027;0;0;0.08473684210526312;0.034736842105262976;0.26052631578947605;0.6194736842105253
1687957719;0.5084210526315712;0.3894736842105251;0;0;0.08421052631578954;0.03526315789473693;0.26157894736842247;0.6152631578947396
1687957720;0.5063157894737262;0.39631578947368873;0;0;0.08052631578947411;0.034210526315789774;0.25631578947367845;0.6189473684210521
1687957721;0.4994736842105148;0.39789473684210835;0;0;0.0836842105263156;0.034736842105263725;0.25947368421052963;0.6142105263157933
1687957722;0.5305263157894698;0.36999999999999855;0;0;0.07947368421052621;0.034736842105262976;0.26157894736842247;0.6131578947368349
1687957723;0.5252631578947138;0.376315789473683;0;0;0.08105263157894768;0.033157894736841866;0.26000000000000284;0.6147368421052665
1687957724;0.5063157894736305;0.4036842105263196;0;0;0.07842105263157867;0.02736842105263137;0.2594736842105237;0.611052631578954
1687957725;0.5010526315789703;0.41210526315789686;0;0;0.08157894736842089;0.02368421052631594;0.2636842105263153;0.6084210526315881
1687957726;0.49947368421061056;0.4184210526315813;0;0;0.07894736842105263;0.018947368421053348;0.25789473684211006;0.6073684210526296
1687957727;0.5205263157894431;0.3957894736842095;0;0;0.07842105263157904;0.019473684210526553;0.25789473684211;0.6121052631579005
1687957728;0.5094736842105416;0.4052631578947392;0;0;0.07842105263157904;0.02157894736842087;0.2584210526315773;0.6100000000000076
1687957729;0.5089473684210565;0.41052631578947724;0;0;0.07631578947368435;0.016315789473683583;0.2547368421052648;0.6163157894736742
1687957730;0.48842105263170915;0.43052631578947104;0;0;0.07842105263157904;0.015789473684211124;0.255263157894738;0.6131578947368468
1687957731;0.47736842105261623;0.43736842105262863;0;0;0.0799999999999998;0.02157894736842162;0.2584210526315832;0.6105263157894809
1687957732;0.5015789473683597;0.41578947368420927;0;0;0.07842105263157867;0.024736842105263095;0.2589473684210565;0.6094736842105344
1687957733;0.49473684210514823;0.4231578947368402;0;0;0.07842105263157904;0.026842105263158163;0.25789473684210407;0.6126315789473737
1687957734;0.47526315789467555;0.44473684210526554;0;0;0.07473684210526324;0.033157894736841866;0.25684210526315765;0.6094736842105224
1687957735;0.44526315789469084;0.4752631578947414;0;0;0.07210526315789459;0.03526315789473693;0.25631578947368444;0.6110526315789302
1687957736;0.43842105263167086;0.4778947368421074;0;0;0.07210526315789459;0.03526315789473693;0.25789473684210407;0.6131578947368468
1687957737;0.46157894736844396;0.4531578947368428;0;0;0.07263157894736855;0.035789473684210135;0.26105263157894926;0.6105263157894808
1687957738;0.45578947368420286;0.45473684210526244;0;0;0.07421052631578967;0.035789473684209386;0.2636842105263153;0.6157894736842009
1687957739;0.4284210526314526;0.47947368421052106;0;0;0.07526315789473682;0.035789473684210885;0.2652631578947349;0.6136842105263081
1687957740;0.38473684210523634;0.5263157894736782;0;0;0.07368421052631607;0.03526315789473693;0.26631578947368134;0.6173684210526325
1687957741;0.3642105263157933;0.5378947368421007;0;0;0.07736842105263152;0.036315789473684836;0.26526315789473487;0.618947368421052
1687957742;0.38947368421050715;0.5099999999999969;0;0;0.07684210526315756;0.037368421052631245;0.26578947368420813;0.6221052631579034
1687957743;0.41315789473686126;0.48526315789473223;0;0;0.07526315789473682;0.04210526315789459;0.26578947368421413;0.6226315789473645
1687957744;0.4015789473683789;0.49684210526314876;0;0;0.07368421052631571;0.04315789473684249;0.2605263157894701;0.6231578947368377
1687957745;0.36789473684209373;0.5378947368421068;0;0;0.07421052631578967;0.04210526315789458;0.2584210526315773;0.6189473684210521
1687957746;0.324736842105267;0.5763157894736806;0;0;0.0757894736842104;0.04473684210526285;0.26157894736841647;0.6157894736842129
1687957747;0.3431578947368651;0.5584210526315796;0;0;0.07473684210526287;0.04684210526315792;0.2621052631578957;0.6194736842105133
1687957748;0.355789473684222;0.5426315789473656;0;0;0.07631578947368399;0.04789473684210582;0.2642105263157885;0.6147368421052665
1687957749;0.37105263157890905;0.5273684210526306;0;0;0.07631578947368436;0.04894736842105299;0.2647368421052617;0.6136842105263081
1687957750;0.3384210526315942;0.5605263157894784;0;0;0.07473684210526287;0.043684210526315694;0.26578947368420813;0.6215789473684181
1687957751;0.2963157894737378;0.5615789473684248;0;0;0.07789473684210546;0.041052631578947424;0.27947368421052343;0.6473684210526172
1687957752;0.30578947368427944;0.5168421052631604;0;0;0.07842105263157904;0.04210526315789459;0.2873684210526275;0.6747368421052597
1687957753;0.31526315789472537;0.4710526315789437;0;0;0.08052631578947336;0.035789473684210885;0.2973684210526304;0.7031578947368369
1687957754;0.30842105263151387;0.44631578947368516;0;0;0.08210526315789485;0.032105263157894706;0.30421052631579404;0.7289473684210598
1687957755;0.2721052631578028;0.45421052631578923;0;0;0.08263157894736843;0.032105263157894706;0.30894736842105286;0.7531578947368271
1687957756;0.22736842105261623;0.48789473684211027;0;0;0.08210526315789485;0.03157894736842075;0.31263157894735927;0.7668421052631544
1687957757;0.21578947368432538;0.4710526315789497;0;0;0.08631578947368386;0.03263157894736866;0.3163157894736837;0.7873684210526335
1687957758;0.22000000000011105;0.4331578947368431;0;0;0.08789473684210497;0.03368421052631507;0.32631578947368656;0.8168421052631689
1687957759;0.22000000000011105;0.39736842105263515;0;0;0.08894736842105251;0.03368421052631507;0.33210526315789185;0.8452631578947338
1687957760;0.18947368421054545;0.41105263157895044;0;0;0.09000000000000004;0.03157894736842;0.3373684210526299;0.8642105263157933
1687957761;0.15000000000001915;0.430526315789477;0;0;0.09157894736842152;0.032105263157894706;0.34526315789473394;0.8768421052631502
1687957762;0.1326315789473914;0.41210526315789686;0;0;0.09578947368421054;0.02789473684210532;0.350526315789478;0.9078947368420932
1687957763;0.1326315789473914;0.39684210526316194;0;0;0.09578947368421054;0.025789473684211004;0.35473684210526363;0.9242105263157866
1687957764;0.1326315789473914;0.4052631578947332;0;0;0.09473684210526263;0.031052631578946797;0.3515789473684244;0.917368421052623
1687957765;0.13052631578954643;0.37631578947368893;0;0;0.09421052631578943;0.033157894736841866;0.3578947368421088;0.943684210526319
1687957766;0.11105263157897799;0.3657894736842129;0;0;0.09736842105263165;0.0315789473684215;0.3631578947368409;0.9626315789473665
1687957767;0.09894736842110624;0.34684210526315357;0;0;0.09736842105263127;0.033157894736841866;0.3731578947368438;0.9889473684210507
1687957768;0.07157894736845169;0.3421052631578947;0;0;0.09736842105263165;0.03157894736842075;0.37736842105262935;1.0205263157894788
1687957769;0.0663157894736957;0.3121052631578921;0;0;0.09736842105263202;0.033157894736841866;0.38315789473684664;1.0442105263157853
1687957770;0.05789473684212441;0.3284210526315794;0;0;0.0989473684210524;0.03263157894736866;0.37842105263158177;1.0463157894736899
1687957771;0.04842105263158278;0.33526315789473704;0;0;0.10105263157894745;0.02789473684210532;0.37736842105263535;1.0426315789473655
1687957772;0.04631578947373782;0.3384210526315763;0;0;0.10105263157894745;0.028947368421053228;0.3778947368421026;1.0415789473684192
1687957773;0.04210526315804791;0.3447368421052608;0;0;0.10105263157894745;0.028947368421053228;0.37894736842104904;1.0421052631579042
1687957774;0.037894736842166536;0.34526315789473394;0;0;0.10157894736842103;0.029473684210525687;0.381578947368421;1.038947368421065
1687957775;0.04526315789476748;0.3157894736842045;0;0;0.10157894736842102;0.03157894736842075;0.38842105263158466;1.0557894736842075
1687957776;0.04894736842106795;0.30789473684210045;0;0;0.09684210526315806;0.030526315789473592;0.38842105263157867;1.064736842105264
1687957777;0.045263157894767474;0.3010526315789428;0;0;0.09736842105263127;0.028421052631579277;0.38789473684211145;1.0773684210526329
1687957778;0.04578947368415691;0.2900000000000055;0;0;0.09894736842105276;0.028421052631579277;0.3900000000000043;1.0905263157894751
1687957779;0.046315789473546344;0.2657894736842141;0;0;0.09842105263157919;0.02947368421052718;0.3894736842105251;1.1142105263157813
1687957780;0.04578947368415691;0.24473684210526195;0;0;0.09947368421052596;0.030000000000000387;0.3894736842105311;1.1331578947368406
1687957781;0.03947368421043058;0.2394736842105239;0;0;0.09947368421052635;0.034736842105262976;0.3952631578947363;1.138947368421058
1687957782;0.04210526315785644;0.20631578947368207;0;0;0.10315789473684214;0.038421052631578405;0.4052631578947332;1.1542105263157927
1687957783;0.04315789473682678;0.14947368421052798;0;0;0.10631578947368436;0.0378947368421052;0.4178947368421021;1.1989473684210632
1687957784;0.04315789473682679;0.13999999999999832;0;0;0.10894736842105264;0.035789473684210885;0.4142105263157897;1.2131578947368395
1687957785;0.039473684210526314;0.13105263157894187;0;0;0.10631578947368436;0.035789473684210135;0.4168421052631557;1.2326315789473723
1687957786;0.040000000000011485;0.13947368421053108;0;0;0.1052631578947372;0.035789473684210885;0.4131578947368433;1.2226315789473694
1687957787;0.040000000000011485;0.2031578947368488;0;0;0.10263157894736818;0.03631578947368409;0.399473684210528;1.1689473684210545
1687957788;0.040000000000011485;0.19315789473684591;0;0;0.10631578947368399;0.03526315789473693;0.40105263157894755;1.1815789473684233
1687957789;0.04105263157888609;0.1763157894736854;0;0;0.10473684210526325;0.034736842105262976;0.4052631578947392;1.1910526315789411
1687957790;0.03789473684207079;0.17052631578947414;0;0;0.1026315789473682;0.034736842105262976;0.4094736842105249;1.2094736842105274
1687957791;0.034210526315770325;0.18368421052632222;0;0;0.1005263157894735;0.03368421052631507;0.404736842105266;1.2047368421052682
1687957792;0.030526315789374116;0.24473684210526198;0;0;0.09684210526315806;0.03526315789473618;0.3894736842105251;1.1642105263157836
1687957793;0.02789473684204399;0.3294736842105318;0;0;0.09263157894736868;0.03526315789473693;0.37052631578947176;1.110526315789469
1687957794;0.019999999999957874;0.3678947368421057;0;0;0.09263157894736831;0.03947368421052706;0.35894736842104924;1.0868421052631625
1687957795;0.014210526315716714;0.36052631578947486;0;0;0.09210526315789475;0.0447368421052636;0.36052631578947486;1.0978947368421
1687957796;0.015263157894687058;0.3594736842105285;0;0;0.090526315789474;0.0447368421052636;0.3610526315789421;1.098421052631573
1687957797;0.015263157894782794;0.35894736842104324;0;0;0.0868421052631578;0.04526315789473756;0.35894736842104924;1.1021052631578976
1687957798;0.015263157894878532;0.3573684210526237;0;0;0.08315789473684163;0.04421052631578965;0.36473684210526647;1.1047368421052757
1687957799;0.016315789473753138;0.3852631578947335;0;0;0.07947368421052659;0.04210526315789533;0.35894736842105524;1.0863157894736895
1687957800;0.016315789473753138;0.40736842105263205;0;0;0.07842105263157867;0.039473684210526314;0.3542105263157844;1.0710526315789546
1687957801;0.013684210526327276;0.4136842105263225;0;0;0.07421052631578967;0.03526315789473618;0.35105263157895117;1.0784210526315792
1687957802;0.012631578947356933;0.41105263157895044;0;0;0.07105263157894744;0.029999999999999638;0.3542105263157904;1.0889473684210556
1687957803;0.011578947368386588;0.4168421052631557;0;0;0.06736842105263163;0.02736842105263137;0.35736842105262967;1.0857894736842044
1687957804;0.011578947368386588;0.44947368421053036;0;0;0.0663157894736841;0.025789473684210258;0.3521052631578976;1.0557894736842195
1687957805;0.010526315789416242;0.453684210526316;0;0;0.06684210526315769;0.024210526315789144;0.3489473684210464;1.0610526315789517
1687957806;0.010526315789416242;0.3831578947368347;0;0;0.0684210526315788;0.02368421052631594;0.3594736842105285;1.1278947368420966
1687957807;0.010526315789416242;0.3821052631578883;0;0;0.06684210526315805;0.023157894736841985;0.3568421052631564;1.131578947368421
1687957808;0.009473684210541634;0.38736842105263225;0;0;0.06421052631578979;0.02421052631578989;0.35368421052631127;1.1331578947368406
1687957809;0.011052631578901415;0.39842105263157557;0;0;0.06315789473684225;0.02526315789473705;0.35052631578947796;1.1210526315789568
1687957810;0.007368421052600943;0.39684210526315594;0;0;0.0636842105263162;0.025789473684211;0.34999999999999876;1.12684210526315
1687957811;0.007368421052600943;0.3389473684210555;0;0;0.06526315789473658;0.0247368421052631;0.3621052631578945;1.1673684210526227
1687957812;0.007368421052600943;0.28368421052631504;0;0;0.0684210526315788;0.024736842105263845;0.3742105263157902;1.2078947368421076
1687957813;0.01421052631581245;0.2494736842105268;0;0;0.06684210526315768;0.01999999999999976;0.3821052631579002;1.2278947368420894
1687957814;0.021578947368413395;0.2589473684210505;0;0;0.06526315789473694;0.014736842105263218;0.3805263157894686;1.2136842105263248
1687957815;0.019999999999957878;0.27526315789473776;0;0;0.064736842105263;0.015263157894736423;0.37736842105263535;1.201052631578956
1687957816;0.020526315789443045;0.29842105263158275;0;0;0.06368421052631583;0.01631578947368433;0.37842105263158177;1.1736842105263134
1687957817;0.023157894736773172;0.3205263157894813;0;0;0.06526315789473694;0.017368421052631488;0.3742105263157842;1.1452631578947243
1687957818;0.028421052631624897;0.3005263157894756;0;0;0.06684210526315768;0.016842105263157534;0.37263157894737053;1.16000000000001
1687957819;0.03526315789474067;0.2873684210526335;0;0;0.06526315789473731;0.014736842105263217;0.3721052631578974;1.1678947368420962
1687957820;0.03526315789474067;0.29894736842104996;0;0;0.064736842105263;0.015263157894737919;0.3678947368421057;1.1584210526315664
1687957821;0.03526315789474067;0.3194736842105229;0;0;0.06684210526315769;0.015789473684211124;0.36526315789473973;1.134210526315787
1687957822;0.03526315789474067;0.3357894736842103;0;0;0.06526315789473694;0.01526315789473717;0.36105263157894807;1.1210526315789568
1687957823;0.03526315789474067;0.32631578947368056;0;0;0.06263157894736868;0.014210526315790012;0.3621052631578885;1.1378947368420995
1687957824;0.03526315789474067;0.3205263157894753;0;0;0.05947368421052644;0.01368421052631531;0.3673684210526325;1.144736842105263
1687957825;0.03736842105258562;0.3321052631578978;0;0;0.05684210526315818;0.014736842105263218;0.3752631578947366;1.1278947368421086
1687957826;0.03842105263155597;0.33263157894737105;0;0;0.055789473684210264;0.015789473684210374;0.3752631578947366;1.126842105263162
1687957827;0.03842105263155597;0.3268421052631538;0;0;0.05473684210526311;0.015263157894736423;0.37842105263158177;1.1326315789473793
1687957828;0.03736842105268136;0.31421052631579094;0;0;0.05473684210526311;0.014210526315789264;0.37894736842104904;1.149999999999995
1687957829;0.03736842105268136;0.296315789473684;0;0;0.05526315789473669;0.01368421052631531;0.3857894736842067;1.1631578947368493
1687957830;0.03736842105268136;0.27999999999999664;0;0;0.055789473684210646;0.013157894736842105;0.39263157894736433;1.1794736842105187
1687957831;0.03736842105268136;0.2736842105263122;0;0;0.055263157894736695;0.014210526315789264;0.39263157894737033;1.1873684210526165
1687957832;0.029999999999984678;0.26526315789474086;0;0;0.05684210526315818;0.016842105263158283;0.3915789473684179;1.2031578947368606
1687957833;0.02315789473686891;0.2626315789473689;0;0;0.059473684210526075;0.018421052631578647;0.39789473684210835;1.2073684210526223
1687957834;0.023684210526258347;0.24631578947368754;0;0;0.05947368421052644;0.017894736842105442;0.4015789473684208;1.2226315789473574
1687957835;0.022631578947288004;0.2273684210526342;0;0;0.06315789473684225;0.016315789473683583;0.40263157894736723;1.2431578947368362
1687957836;0.02105263157892822;0.22473684210526218;0;0;0.062105263157895094;0.017368421052630742;0.4052631578947452;1.2478947368421072
1687957837;0.01684210526304684;0.2142105263157921;0;0;0.061578947368421136;0.018421052631578647;0.4105263157894653;1.2594736842105057
1687957838;0.010526315789416242;0.21105263157894688;0;0;0.06052631578947361;0.017894736842105442;0.4136842105263165;1.2689473684210593
1687957839;0.012631578947356932;0.20368421052631003;0;0;0.06052631578947398;0.017368421052631488;0.4178947368421021;1.271052631578952
1687957840;0.012631578947356932;0.23263157894737224;0;0;0.05684210526315818;0.017368421052632237;0.40684210526315284;1.2542105263157857
1687957841;0.013157894736842105;0.28526315789474066;0;0;0.05736842105263138;0.017894736842105442;0.39631578947368273;1.211052631578947
1687957842;0.01578947368417223;0.26157894736842247;0;0;0.0605263157894736;0.018947368421051852;0.40210526315789996;1.2210526315789616
1687957843;0.016315789473657402;0.252631578947366;0;0;0.06368421052631583;0.0189473684210526;0.40263157894736723;1.2263157894736696
1687957844;0.01789473684211292;0.2378947368421043;0;0;0.06526315789473694;0.017894736842104693;0.3989473684210547;1.2394736842105238
1687957845;0.01789473684211292;0.2763157894736842;0;0;0.06315789473684189;0.018421052631579393;0.3915789473684239;1.2052631578947297
1687957846;0.01789473684211292;0.28315789473684183;0;0;0.06368421052631545;0.019473684210526553;0.3899999999999983;1.1989473684210272
1687957847;0.017894736842112922;0.30894736842105286;0;0;0.062105263157894344;0.019473684210526553;0.3915789473684179;1.1699999999999888
1687957848;0.019473684210472703;0.30947368421052607;0;0;0.06105263157894756;0.01999999999999976;0.38894736842105787;1.1731578947368282
1687957849;0.022631578947383737;0.3157894736842105;0;0;0.06052631578947361;0.020526315789473712;0.381578947368427;1.1689473684210545
1687957850;0.024736842105228692;0.3063157894736869;0;0;0.058947368421052866;0.02368421052631594;0.3857894736842067;1.1731578947368522
1687957851;0.02684210526316938;0.30526315789473446;0;0;0.05789473684210533;0.019473684210525807;0.3899999999999983;1.173157894736828
1687957852;0.02631578947368421;0.29789473684210954;0;0;0.05526315789473706;0.017368421052631488;0.38315789473684064;1.1894736842105336
1687957853;0.025789473684294774;0.29789473684210355;0;0;0.054736842105263105;0.017368421052631488;0.38105263157894786;1.1921052631578875
1687957854;0.025789473684294774;0.3121052631578921;0;0;0.05263157894736842;0.017368421052631488;0.376315789473683;1.1826315789473818
1687957855;0.024210526315839254;0.34999999999999876;0;0;0.05315789473684163;0.01789473684210619;0.3642105263157873;1.1568421052631708
1687957856;0.021578947368509127;0.35157894736842443;0;0;0.05210526315789446;0.016842105263158283;0.3668421052631593;1.1557894736842003
1687957857;0.021052631579023956;0.37105263157895096;0;0;0.05263157894736804;0.017368421052631488;0.36052631578946887;1.1415789473684117
1687957858;0.018947368421083265;0.3642105263157933;0;0;0.05421052631578953;0.016842105263157534;0.36052631578947486;1.1515789473684266
1687957859;0.018947368421083265;0.3163157894736778;0;0;0.05631578947368422;0.016315789473683583;0.37263157894736454;1.1894736842105216
1687957860;0.018421052631598094;0.301578947368422;0;0;0.055789473684210646;0.015789473684210374;0.376315789473683;1.2073684210526223
1687957861;0.016315789473657402;0.3542105263157904;0;0;0.05526315789473707;0.014736842105263964;0.36631578947368615;1.1678947368420722
1687957862;0.016315789473657402;0.34157894736842154;0;0;0.055263157894736695;0.014736842105263218;0.36842105263158487;1.175789473684218
1687957863;0.013157894736842105;0.33526315789473704;0;0;0.05578947368421027;0.014736842105263218;0.371052631578939;1.185789473684221
1687957864;0.013157894736842105;0.29947368421052317;0;0;0.05578947368421101;0.01263157894736815;0.376315789473683;1.2210526315789496
1687957865;0.01421052631581245;0.3157894736842105;0;0;0.055789473684210646;0.013157894736842105;0.36947368421052534;1.2047368421052802
1687957866;0.013157894736842105;0.29315789473683873;0;0;0.055789473684210646;0.013157894736842105;0.37000000000000455;1.2305263157894792
1687957867;0.012105263157967497;0.29526315789473156;0;0;0.05631578947368385;0.0126315789473689;0.3678947368421057;1.2310526315789645
1687957868;0.008947368421056461;0.2910526315789459;0;0;0.05526315789473706;0.012105263157894945;0.37421052631579016;1.2342105263158039
1687957869;0.006842105263211507;0.275789473684211;0;0;0.05473684210526311;0.006842105263157655;0.38315789473684664;1.2463157894736994
1687957870;0.004736842105270817;0.3005263157894756;0;0;0.053157894736842;0.007368421052631609;0.3794736842105282;1.229473684210533
1687957871;0.004210526315785644;0.301578947368422;0;0;0.05157894736842089;0.007368421052631609;0.3868421052631591;1.224736842105262
1687957872;0.004736842105270817;0.30263157894736836;0;0;0.05105263157894768;0.008421052631579516;0.3910526315789447;1.2205263157895003
1687957873;0.007894736842086116;0.28473684210526745;0;0;0.047894736842105455;0.010000000000000626;0.39631578947368873;1.2299999999999942
1687957874;0.013157894736842105;0.2489473684210476;0;0;0.044210526315790026;0.012105263157894198;0.4052631578947332;1.2568421052631398
1687957875;0.014210526315716714;0.2515789473684196;0;0;0.04210526315789496;0.014210526315788514;0.4052631578947392;1.2547368421052707
1687957876;0.016315789473657402;0.22421052631578897;0;0;0.04052631578947422;0.014210526315789262;0.4131578947368433;1.2747368421052525
1687957877;0.0194736842104727;0.22105263157894975;0;0;0.03631578947368409;0.014736842105263217;0.4131578947368433;1.2778947368420919
1687957878;0.023684210526354083;0.21894736842105694;0;0;0.033684210526315816;0.014736842105263217;0.41105263157895044;1.2847368421052794
1687957879;0.02736842105255882;0.15894736842105167;0;0;0.03263157894736828;0.014736842105263217;0.4284210526315842;1.3236842105263205
1687957880;0.027894736842139726;0.10315789473684402;0;0;0.03052631578947322;0.014210526315789264;0.44105263157894714;1.3668421052631712
1687957881;0.02999999999998468;0.10368421052631722;0;0;0.02736842105263137;0.014210526315790012;0.4368421052631495;1.3752631578947425
1687957882;0.03263157894741054;0.10368421052631722;0;0;0.023684210526315565;0.014210526315790012;0.4368421052631615;1.3747368421052575
1687957883;0.034736842105255496;0.10473684210526363;0;0;0.02157894736842087;0.014210526315790012;0.43947368421052146;1.3710526315789568
1687957884;0.04157894736837126;0.13894736842105193;0;0;0.018421052631579022;0.012105263157894945;0.43210526315789666;1.3421052631578947
1687957885;0.04210526315785644;0.20578947368421482;0;0;0.018421052631579022;0.014210526315789264;0.4194736842105277;1.2826315789473628
1687957886;0.044210526315701396;0.20368421052632202;0;0;0.014736842105263218;0.0189473684210526;0.42263157894736697;1.2778947368421156
1687957887;0.04684210526312726;0.20631578947368207;0;0;0.014210526315789264;0.023157894736841985;0.4231578947368402;1.2705263157894668
1687957888;0.0510526315789129;0.19631578947367917;0;0;0.013157894736842105;0.02736842105263137;0.42210526315789376;1.273157894736845
1687957889;0.053157894736853596;0.17105263157894138;0;0;0.01210526315789457;0.02631578947368421;0.42368421052631333;1.2963157894736899
1687957890;0.055263157894698545;0.1705263157894682;0;0;0.01210526315789457;0.02631578947368421;0.4242105263157866;1.2957894736842048
1687957891;0.055789473684183716;0.16947368421052175;0;0;0.010526315789473085;0.0252631578947363;0.41736842105262895;1.302105263157883
1687957892;0.05263157894736842;0.16947368421052178;0;0;0.011052631578947038;0.024210526315788395;0.4194736842105218;1.3068421052631538
1687957893;0.04842105263158277;0.1647368421052689;0;0;0.012631578947367777;0.019473684210525803;0.42105263157894735;1.3152631578947491
1687957894;0.04842105263167851;0.1599999999999981;0;0;0.012105263157894572;0.018421052631579393;0.4268421052631526;1.3184210526315885
1687957895;0.04947368421055312;0.1599999999999981;0;0;0.013157894736842105;0.02368421052631594;0.42473684210526574;1.3136842105263176
1687957896;0.047894736842193336;0.15894736842105167;0;0;0.013157894736842105;0.026842105263157418;0.42631578947367943;1.3136842105263415
1687957897;0.04526315789467174;0.15894736842105167;0;0;0.013157894736842105;0.03157894736842075;0.4294736842105246;1.3031578947368296
1687957898;0.04421052631589287;0.1610526315789445;0;0;0.013157894736842105;0.037368421052631245;0.427894736842105;1.2999999999999905
1687957899;0.046842105263222994;0.16368421052631052;0;0;0.01315789473684248;0.0436842105263157;0.42263157894736697;1.2931578947368507
1687957900;0.047368421052708165;0.1647368421052629;0;0;0.014210526315790012;0.04684210526315792;0.4289473684210574;1.2773684210526306
1687957901;0.045789473684156916;0.16684210526315574;0;0;0.01473684210526359;0.04684210526315792;0.4326315789473698;1.27263157894736
1687957902;0.04368421052631196;0.1636842105263165;0;0;0.014210526315789637;0.04684210526315792;0.43210526315789666;1.2789473684210622
1687957903;0.040000000000011485;0.11052631578947487;0;0;0.015789473684210374;0.05210526315789446;0.4410526315789471;1.3242105263158057
1687957904;0.041578947368467005;0.04105263157894593;0;0;0.013684210526315684;0.05368421052631633;0.4542105263157832;1.3810526315789597
1687957905;0.04052631578959239;0.041578947368419134;0;0;0.01578947368421075;0.05000000000000014;0.4568421052631552;1.3821052631578823
1687957906;0.03789473684216653;0.038947368421053105;0;0;0.014210526315789637;0.04578947368421076;0.4589473684210481;1.3889473684210458
1687957907;0.03368421052638089;0.04526315789474354;0;0;0.014210526315789637;0.04157894736842138;0.4568421052631553;1.3952631578947243
1687957908;0.0315789473684402;0.1021052631578976;0;0;0.014736842105263217;0.042631578947368534;0.44578947368421196;1.3515789473684123
1687957909;0.034736842105255496;0.10421052631579641;0;0;0.015263157894736796;0.042631578947368534;0.4415789473684203;1.3500000000000048
1687957910;0.0378947368420708;0.10315789473685;0;0;0.01526315789473717;0.04315789473684174;0.4473684210526315;1.3431578947368412
1687957911;0.041578947368467;0.10421052631579042;0;0;0.015263157894736796;0.04368421052631644;0.4442105263157923;1.3400000000000019
1687957912;0.04263157894734161;0.0873684210526299;0;0;0.014210526315789637;0.04526315789473756;0.4436842105263191;1.3536842105263291
1687957913;0.04526315789467174;0.0873684210526299;0;0;0.014736842105263217;0.04473684210526285;0.4421052631578995;1.3515789473684123
1687957914;0.045789473684156916;0.0873684210526299;0;0;0.012631578947368152;0.038947368421052356;0.4431578947368399;1.3615789473684392
1687957915;0.04684210526303152;0.08789473684210311;0;0;0.013157894736841732;0.035789473684210885;0.43947368421053346;1.3631578947368468
1687957916;0.04736842105261242;0.08947368421052272;0;0;0.012631578947368152;0.031052631578947547;0.4368421052631615;1.3726315789473884
1687957917;0.04684210526303152;0.0894736842105287;0;0;0.012105263157894572;0.02526315789473705;0.4315789473684174;1.3821052631579063
1687957918;0.04578947368415691;0.09368421052632034;0;0;0.012631578947368152;0.01999999999999976;0.4336842105263162;1.3836842105263139
1687957919;0.04631578947373782;0.09368421052631434;0;0;0.012631578947368152;0.016842105263157534;0.43105263157894425;1.3926315789473702
1687957920;0.048947368421163685;0.09526315789473994;0;0;0.013157894736842105;0.018421052631578647;0.430526315789471;1.386842105263177
1687957921;0.047894736842193336;0.09631578947368635;0;0;0.013684210526315684;0.018421052631578647;0.43421052631578944;1.3847368421052364
1687957922;0.043684210526407696;0.09526315789473397;0;0;0.013157894736842105;0.014210526315790013;0.4378947368421079;1.3889473684210458
1687957923;0.041578947368467005;0.09631578947368039;0;0;0.013684210526316059;0.010526315789473833;0.43894736842106025;1.3931578947368315
1687957924;0.040000000000011485;0.14421052631578996;0;0;0.01263157894736815;0.00999999999999988;0.4284210526315842;1.3573684210526296
1687957925;0.0410526315788861;0.14210526315789712;0;0;0.013157894736842105;0.010526315789473833;0.42210526315789976;1.3647368421052786
1687957926;0.04157894736837127;0.13842105263157273;0;0;0.013157894736842105;0.011052631578947038;0.42000000000000093;1.3694736842105253
1687957927;0.042105263157760704;0.08421052631579067;0;0;0.013684210526315684;0.00999999999999988;0.43421052631578944;1.410000000000022
1687957928;0.03842105263155597;0.08210526315789186;0;0;0.014210526315789637;0.010526315789473833;0.433157894736849;1.412631578947352
1687957929;0.03684210526319619;0.08263157894736507;0;0;0.014736842105263217;0.010000000000000628;0.43526315789473585;1.4142105263157836
1687957930;0.03631578947361528;0.07999999999999904;0;0;0.014210526315789639;0.008947368421052721;0.43842105263158104;1.4157894736842151
1687957931;0.034210526315770325;0.08210526315789186;0;0;0.014210526315789639;0.007894736842104814;0.44210526315789356;1.4163157894736766
1687957932;0.030526315789469852;0.08631578947368349;0;0;0.013157894736842105;0.007368421052631608;0.4378947368421079;1.4221052631578939
1687957933;0.026842105263169384;0.10210526315789761;0;0;0.014210526315789639;0.007894736842105562;0.4378947368421079;1.4052631578947272
1687957934;0.02684210526316938;0.1142105263157933;0;0;0.015263157894737171;0.007894736842104814;0.43947368421052746;1.3910526315789387
1687957935;0.02631578947368421;0.1147368421052665;0;0;0.015263157894737171;0.008421052631578767;0.4384210526315751;1.3915789473684237
1687957936;0.024210526315839254;0.11526315789473374;0;0;0.01578947368421075;0.008421052631578767;0.44105263157894714;1.3921052631579092
1687957937;0.02157894736841339;0.11157894736842128;0;0;0.014736842105263218;0.007894736842105562;0.44421052631578634;1.3973684210526172
1687957938;0.017894736842017187;0.1131578947368409;0;0;0.013157894736842105;0.007368421052631609;0.4468421052631584;1.3984210526315874
1687957939;0.014210526315716714;0.1363157894736799;0;0;0.013157894736842105;0.006842105263157655;0.4436842105263131;1.3810526315789358
1687957940;0.015263157894687058;0.13473684210526626;0;0;0.013684210526315684;0.007894736842105562;0.4421052631578995;1.3821052631579063
1687957941;0.01578947368417223;0.13421052631579306;0;0;0.013157894736842105;0.006842105263157655;0.44473684210525954;1.3847368421052604
1687957942;0.016315789473657402;0.13315789473684664;0;0;0.013684210526315684;0.008421052631578019;0.44631578947367917;1.3810526315789597
1687957943;0.01894736842098753;0.0868421052631567;0;0;0.012631578947368525;0.014210526315789264;0.4568421052631612;1.4105263157894832
1687957944;0.02157894736841339;0.08894736842104951;0;0;0.013157894736842105;0.019473684210525807;0.46000000000000046;1.39947368421051
1687957945;0.022631578947288;0.08684210526316267;0;0;0.013157894736842105;0.02368421052631594;0.4610526315789469;1.3915789473684237
1687957946;0.022105263157898562;0.0868421052631567;0;0;0.012105263157894945;0.02421052631578989;0.45789473684210164;1.3963157894736709
1687957947;0.023684210526354083;0.0868421052631567;0;0;0.011578947368420993;0.02368421052631594;0.4578947368421017;1.3942105263158018
1687957948;0.023684210526354083;0.08789473684210311;0;0;0.01052631578947346;0.02421052631578914;0.45473684210526844;1.3978947368421024
1687957949;0.022631578947383737;0.08789473684210311;0;0;0.01105263157894704;0.025789473684210255;0.4521052631578904;1.397368421052641
1687957950;0.024210526315839254;0.0868421052631567;0;0;0.012105263157894945;0.02526315789473705;0.45315789473684276;1.3952631578947243
1687957951;0.025789473684199034;0.08421052631579067;0;0;0.012631578947368525;0.02526315789473705;0.45578947368420886;1.3921052631579092
1687957952;0.025789473684199034;0.07052631578946937;0;0;0.013157894736842105;0.025789473684211004;0.4568421052631553;1.4042105263157807
1687957953;0.02578947368429477;0.057894736842100475;0;0;0.011052631578947411;0.0252631578947378;0.45421052631578324;1.4210526315789234
1687957954;0.0284210526316249;0.056315789473680856;0;0;0.012105263157894945;0.024736842105263845;0.45842105263158084;1.4152631578947061
1687957955;0.031052631578955027;0.05473684210526124;0;0;0.011578947368421367;0.024736842105263845;0.4542105263157892;1.4152631578947061
1687957956;0.031052631578955027;0.05263157894736243;0;0;0.012105263157894945;0.02421052631578989;0.4463157894736851;1.4273684210526496
1687957957;0.031052631578955027;0.05315789473684761;0;0;0.012105263157894945;0.02421052631578989;0.4452631578947387;1.4273684210526019
1687957958;0.030526315789469856;0.03157894736842225;0;0;0.013157894736842105;0.023684210526315936;0.44947368421053036;1.4431578947368457
1687957959;0.035263157894740674;0.031052631578943057;0;0;0.013157894736842105;0.0252631578947363;0.44842105263157794;1.4373684210526285
1687957960;0.03894736842104114;0.02842105263157703;0;0;0.012631578947368525;0.0252631578947363;0.4431578947368399;1.4415789473684142
1687957961;0.03842105263155597;0.030526315789475837;0;0;0.012105263157894945;0.02421052631578989;0.4373684210526347;1.448421052631578
1687957962;0.035789473684225845;0.03157894736842225;0;0;0.013157894736842105;0.017894736842105442;0.4363157894736763;1.4552631578947417
1687957963;0.03210526315792537;0.035789473684213875;0;0;0.01210526315789457;0.0126315789473689;0.43421052631578944;1.4610526315789587
1687957964;0.030526315789565592;0.056842105263160046;0;0;0.014210526315789264;0.009473684210526674;0.43526315789473585;1.4426315789473607
1687957965;0.0315789473684402;0.05421052631579402;0;0;0.014210526315789264;0.008947368421052721;0.4368421052631615;1.443684210526307
1687957966;0.028947368421014336;0.05421052631579402;0;0;0.013157894736842105;0.008947368421052721;0.4378947368421079;1.4473684210526314
1687957967;0.026842105263073644;0.053684210526320816;0;0;0.013157894736842105;0.008947368421052721;0.4415789473684203;1.4431578947368457
1687957968;0.024736842105228692;0.05526315789474043;0;0;0.01315789473684248;0.007368421052631609;0.4468421052631584;1.4431578947368218
1687957969;0.024736842105228692;0.06421052631579091;0;0;0.01315789473684173;0.009473684210526674;0.44526315789473875;1.435789473684221
1687957970;0.025789473684294774;0.06736842105263613;0;0;0.015263157894736794;0.009473684210526674;0.4478947368421048;1.4263157894736793
1687957971;0.026315789473779945;0.06789473684210934;0;0;0.013684210526315684;0.008421052631578767;0.44526315789473875;1.4284210526315961
1687957972;0.023684210526354083;0.07157894736842775;0;0;0.013684210526315684;0.008421052631578767;0.44894736842105715;1.425789473684218
1687957973;0.01947368421056844;0.07315789473684736;0;0;0.01315789473684173;0.008947368421051972;0.44894736842105715;1.4294736842105427
1687957974;0.016842105263238313;0.0763157894736866;0;0;0.01368421052631531;0.009999999999999131;0.45789473684210763;1.420526315789486
1687957975;0.016842105263238313;0.1126315789473677;0;0;0.013684210526315684;0.015263157894736423;0.4552631578947356;1.3794736842105282
1687957976;0.020000000000053614;0.13947368421051914;0;0;0.015263157894736794;0.020526315789472966;0.4473684210526315;1.3494736842105435
1687957977;0.021052631579023956;0.13473684210526027;0;0;0.013684210526315684;0.02263157894736803;0.45000000000000356;1.3515789473684363
1687957978;0.01947368421056844;0.13421052631578706;0;0;0.013157894736842105;0.01999999999999976;0.44947368421051836;1.3563157894736833
1687957979;0.01894736842098753;0.13473684210526027;0;0;0.014210526315789264;0.020526315789473712;0.4573684210526344;1.3489473684210584
1687957980;0.022105263157898566;0.1321052631578883;0;0;0.014210526315789264;0.020526315789473712;0.46368421052631287;1.3399999999999779
1687957981;0.02315789473686891;0.12842105263157583;0;0;0.013157894736842105;0.020526315789473712;0.46210526315789924;1.3468421052631654
1687957982;0.023684210526258347;0.12421052631579019;0;0;0.014210526315789639;0.020526315789473712;0.4668421052631521;1.343157894736841
1687957983;0.023684210526258347;0.10421052631578444;0;0;0.012105263157894945;0.0189473684210526;0.4673684210526313;1.3678947368420937
1687957984;0.024210526315839254;0.10526315789473085;0;0;0.012631578947368525;0.0189473684210526;0.46842105263157774;1.36105263157893
1687957985;0.02684210526316938;0.10473684210525765;0;0;0.01315789473684248;0.019473684210525807;0.46842105263157774;1.3594736842105224
1687957986;0.028421052631624897;0.10368421052631124;0;0;0.01315789473684248;0.019473684210526553;0.46421052631579207;1.3615789473684152
1687957987;0.03263157894741055;0.10263157894736483;0;0;0.013684210526315684;0.021052631578947663;0.4605263157894677;1.361578947368439
1687957988;0.034736842105255496;0.09210526315789473;0;0;0.01315789473684248;0.0189473684210526;0.4636842105263129;1.364210526315793
1687957989;0.03473684210515976;0.08789473684209712;0;0;0.01157894736842099;0.01999999999999976;0.46210526315789324;1.3715789473684181
1687957990;0.03684210526310045;0.0852631578947311;0;0;0.01157894736842099;0.020526315789472966;0.4668421052631581;1.3689473684210403
1687957991;0.03947368421043058;0.08157894736841267;0;0;0.01157894736842099;0.020526315789472966;0.46789473684210453;1.3705263157894956
1687957992;0.04210526315785644;0.07947368421051984;0;0;0.01157894736842099;0.01999999999999976;0.4689473684210509;1.3678947368420937
1687957993;0.04631578947364208;0.0752631578947342;0;0;0.012105263157894945;0.020000000000000507;0.46789473684210453;1.365789473684201
1687957994;0.047894736842001864;0.037894736842106695;0;0;0.012105263157894572;0.014736842105263217;0.47578947368421454;1.3978947368420784
1687957995;0.04631578947364208;0.007368421052630861;0;0;0.01105263157894704;0.010000000000000628;0.4826315789473662;1.427894736842111
1687957996;0.048421052631487035;0.006842105263157655;0;0;0.011052631578947411;0.008421052631578767;0.4789473684210478;1.435263157894712
1687957997;0.04578947368415691;0.007368421052630861;0;0;0.010526315789473833;0.008421052631578767;0.4805263157894794;1.4363157894736822
1687957998;0.04421052631589287;0.008947368421056461;0;0;0.010000000000000253;0.007894736842104814;0.47684210526315496;1.438421052631575
1687957999;0.04368421052631195;0.0142105263157945;0;0;0.011578947368421365;0.011052631578947786;0.4763157894736818;1.4300000000000037
1687958000;0.04421052631579713;0.0142105263157945;0;0;0.012105263157894945;0.015789473684210374;0.47368421052631576;1.4263157894736553
1687958001;0.04421052631579713;0.015263157894734926;0;0;0.013157894736842105;0.015789473684209628;0.47315789473684855;1.4263157894736795
1687958002;0.045789473684252645;0.014210526315788514;0;0;0.013684210526315684;0.018421052631578647;0.47000000000000336;1.4247368421052955
1687958003;0.0447368421052823;0.014210526315788516;0;0;0.012631578947368525;0.018947368421051852;0.47210526315789614;1.425263157894757
1687958004;0.041578947368467005;0.015263157894734928;0;0;0.01263157894736815;0.0189473684210526;0.47473684210526224;1.4263157894736795
1687958005;0.039473684210526314;0.05000000000000239;0;0;0.013684210526315684;0.018421052631578647;0.46842105263157174;1.3989473684210487
1687958006;0.03526315789474067;0.04947368421052918;0;0;0.013157894736842105;0.01999999999999976;0.46842105263158373;1.4015789473684028
1687958007;0.03263157894741054;0.04947368421052918;0;0;0.01263157894736815;0.01999999999999976;0.4673684210526313;1.4099999999999742
1687958008;0.0352631578948364;0.0505263157894756;0;0;0.013157894736842105;0.01999999999999976;0.4621052631578933;1.4094736842105369
1687958009;0.03263157894741054;0.05526315789474043;0;0;0.013157894736842105;0.020000000000000507;0.4605263157894737;1.4089473684210754
1687958010;0.030000000000080417;0.059473684210532056;0;0;0.013684210526315684;0.020000000000000507;0.46578947368421175;1.399999999999995
1687958011;0.02789473684204399;0.060526315789478466;0;0;0.013684210526316059;0.02052631578947446;0.46789473684210453;1.3968421052631559
1687958012;0.023684210526258347;0.061052631578951674;0;0;0.015789473684210378;0.019473684210526553;0.46315789473683966;1.4094736842105369
1687958013;0.023684210526354083;0.061052631578951674;0;0;0.015263157894736798;0.019473684210526553;0.4652631578947385;1.4089473684210754
1687958014;0.02315789473686891;0.061052631578951674;0;0;0.014736842105263218;0.019473684210525807;0.4647368421052653;1.4105263157894592
1687958015;0.022631578947383737;0.06157894736842488;0;0;0.014736842105262844;0.019473684210526553;0.46421052631579207;1.4084210526315664
1687958016;0.022631578947383737;0.06421052631579091;0;0;0.015263157894736794;0.019473684210526553;0.4626315789473725;1.4089473684210516
1687958017;0.02052631578944305;0.06421052631579091;0;0;0.014736842105263215;0.019473684210526553;0.4647368421052713;1.4073684210526438
1687958018;0.02052631578944305;0.05947368421052607;0;0;0.01368421052631531;0.015789473684209628;0.4610526315789468;1.4210526315789713
1687958019;0.019473684210472703;0.060526315789472485;0;0;0.015263157894736422;0.01157894736842099;0.4673684210526313;1.417894736842108
1687958020;0.01947368421056844;0.056842105263160046;0;0;0.01315789473684173;0.011052631578947786;0.4657894736842057;1.4242105263157865
1687958021;0.018947368421083265;0.056315789473686845;0;0;0.01263157894736815;0.008421052631578767;0.4689473684210509;1.425263157894709
1687958022;0.018947368421083265;0.059473684210526075;0;0;0.013157894736842105;0.010526315789473833;0.4689473684210569;1.4215789473684084
1687958023;0.018947368421083265;0.061052631578951674;0;0;0.012631578947368525;0.010526315789473833;0.4642105263157861;1.425789473684218
1687958024;0.018947368421083265;0.034736842105261484;0;0;0.012105263157894572;0.010526315789473833;0.47210526315789614;1.446315789473709
1687958025;0.02105263157892822;0.036842105263160285;0;0;0.013684210526316059;0.008947368421052721;0.471578947368417;1.4431578947368457
1687958026;0.022105263157898566;0.036842105263160285;0;0;0.013684210526316059;0.008947368421052721;0.4668421052631581;1.4457894736842238
1687958027;0.02052631578944305;0.03631578947368708;0;0;0.012631578947368525;0.007894736842105562;0.4689473684210569;1.448421052631554
1687958028;0.022105263157898566;0.032105263157895456;0;0;0.012631578947368525;0.007894736842104814;0.4657894736842117;1.4521052631578784
1687958029;0.022631578947288;0.028947368421050237;0;0;0.012631578947368525;0.007894736842104814;0.4636842105263129;1.4568421052631493
1687958030;0.022105263157898566;0.038421052631579904;0;0;0.01263157894736815;0.00736842105263086;0.45842105263158084;1.4521052631579021
1687958031;0.022631578947383737;0.06947368421052295;0;0;0.011578947368420993;0.009999999999999879;0.45421052631579517;1.422631578947379
1687958032;0.02157894736841339;0.06999999999999616;0;0;0.013157894736842105;0.009999999999999879;0.4515789473684172;1.425263157894733
1687958033;0.02052631578944305;0.06999999999999616;0;0;0.013157894736842105;0.009473684210526674;0.4552631578947356;1.4247368421052717
1687958034;0.01947368421056844;0.06947368421052297;0;0;0.01315789473684248;0.008947368421053469;0.453684210526316;1.4278947368421349
1687958035;0.02105263157892822;0.06789473684210334;0;0;0.013684210526315684;0.010526315789473833;0.45473684210526244;1.4247368421052715
1687958036;0.022631578947383737;0.06578947368420454;0;0;0.013684210526315684;0.011052631578947788;0.45368421052631003;1.4289473684210334
1687958037;0.022105263157898562;0.06526315789473133;0;0;0.013157894736842105;0.011052631578947788;0.456315789473688;1.4278947368420871
1687958038;0.022105263157898562;0.06473684210526412;0;0;0.011052631578947411;0.010526315789473833;0.45000000000000356;1.435263157894736
1687958039;0.02157894736841339;0.07368421052631459;0;0;0.013684210526316059;0.012105263157894945;0.4510526315789499;1.4215789473684324
1687958040;0.020526315789443045;0.07842105263157942;0;0;0.014210526315789639;0.012105263157894945;0.4526315789473696;1.4178947368421082
1687958041;0.02052631578944305;0.08526315789474306;0;0;0.013684210526315684;0.009473684210526674;0.4468421052631584;1.4173684210526467
1687958042;0.02052631578944305;0.11052631578947487;0;0;0.014210526315789264;0.009473684210525926;0.44473684210526554;1.3921052631579092
1687958043;0.023684210526354083;0.1268421052631622;0;0;0.014210526315789264;0.014210526315789264;0.4405263157894739;1.3705263157894478
1687958044;0.023684210526354083;0.1252631578947366;0;0;0.013157894736841732;0.017368421052631488;0.43842105263158704;1.3705263157894716
1687958045;0.025263157894713863;0.1257894736842098;0;0;0.014210526315789264;0.025789473684210255;0.4410526315789471;1.3584210526315998
1687958046;0.024210526315743518;0.1247368421052634;0;0;0.013684210526315684;0.02631578947368421;0.4426315789473667;1.3578947368421148
1687958047;0.025263157894713863;0.12421052631579019;0;0;0.014736842105263218;0.026315789473684955;0.44631578947368516;1.3552631578947367
1687958048;0.024736842105324428;0.1247368421052634;0;0;0.01526315789473717;0.026315789473684955;0.4421052631578995;1.360526315789469
1687958049;0.0252631578948096;0.11578947368420693;0;0;0.016842105263157908;0.026842105263158163;0.44315789473684;1.3673684210526325
1687958050;0.02684210526316938;0.08421052631579067;0;0;0.01578947368421075;0.02421052631578914;0.44473684210525954;1.396842105263132
1687958051;0.02736842105255882;0.08473684210526387;0;0;0.01631578947368433;0.02526315789473705;0.4468421052631584;1.3905263157894774
1687958052;0.02736842105255882;0.08473684210526387;0;0;0.01631578947368433;0.02526315789473705;0.44473684210526554;1.3942105263158018
1687958053;0.0257894736841033;0.08578947368421028;0;0;0.015789473684210374;0.0247368421052631;0.4463157894736851;1.3936842105262928
1687958054;0.023684210526258347;0.08631578947368349;0;0;0.01578947368421075;0.02368421052631594;0.44631578947367917;1.3957894736842094
1687958055;0.023157894736773176;0.08631578947368349;0;0;0.017368421052631863;0.02368421052631594;0.44473684210526554;1.3942105263158018
1687958056;0.02105263157892822;0.08631578947368349;0;0;0.017894736842105442;0.02421052631578989;0.4463157894736851;1.3942105263158018
1687958057;0.023684210526354083;0.0868421052631567;0;0;0.020000000000000136;0.02789473684210532;0.451052631578944;1.3821052631578823
1687958058;0.023684210526354083;0.08052631578947225;0;0;0.017368421052631488;0.028421052631579277;0.44842105263157794;1.3931578947368315
1687958059;0.024210526315839254;0.07789473684210023;0;0;0.017894736842105068;0.028421052631579277;0.4426315789473727;1.4005263157894803
1687958060;0.024210526315743518;0.07157894736842177;0;0;0.0189473684210526;0.029473684210526437;0.44421052631578034;1.404736842105242
1687958061;0.028421052631529165;0.043684210526317935;0;0;0.01842105263157902;0.028947368421053228;0.44473684210526554;1.4299999999999797
1687958062;0.025263157894618127;0.021578947368419376;0;0;0.019473684210526556;0.024736842105263845;0.4531578947368428;1.451578947368441
1687958063;0.023157894736773176;0.02263157894736579;0;0;0.0189473684210526;0.020000000000000507;0.4531578947368428;1.4600000000000124
1687958064;0.02052631578944305;0.02315789473683899;0;0;0.017894736842105068;0.012105263157894945;0.45473684210526244;1.4647368421052354
1687958065;0.020526315789538785;0.02315789473683899;0;0;0.0189473684210526;0.012105263157894198;0.4568421052631552;1.464210526315798
1687958066;0.01894736842098753;0.024210526315785404;0;0;0.0189473684210526;0.012105263157894198;0.4568421052631553;1.464210526315798
1687958067;0.02105263157892822;0.02421052631579139;0;0;0.018421052631578647;0.015263157894736422;0.45842105263157484;1.456315789473688
1687958068;0.02105263157892822;0.023684210526318184;0;0;0.01631578947368433;0.014736842105263217;0.4552631578947356;1.4621052631579052
1687958069;0.02000000000005361;0.024736842105264594;0;0;0.015263157894736798;0.014736842105263217;0.456315789473688;1.4631578947368515
1687958070;0.0221052631579943;0.027894736842103824;0;0;0.015789473684210378;0.015263157894736423;0.4510526315789499;1.4652631578947444
1687958071;0.023684210526354083;0.02842105263157703;0;0;0.016315789473683957;0.015263157894736423;0.4478947368421048;1.4626315789473665
1687958072;0.026842105263169384;0.02736842105263062;0;0;0.01842105263157902;0.015789473684209628;0.44578947368420596;1.4610526315789587
1687958073;0.02631578947368421;0.026842105263157414;0;0;0.017894736842105068;0.015263157894736423;0.44894736842105115;1.4599999999999884
1687958074;0.025263157894713863;0.028421052631583014;0;0;0.016315789473683954;0.014736842105262469;0.45578947368420886;1.4557894736842028
1687958075;0.025263157894713863;0.03157894736842823;0;0;0.017368421052631488;0.015263157894736423;0.456315789473682;1.4499999999999855
1687958076;0.02210526315780283;0.032105263157895456;0;0;0.015789473684210374;0.011578947368420993;0.4573684210526284;1.4557894736842267
1687958077;0.02210526315780283;0.03210526315790144;0;0;0.01631578947368433;0.009473684210525926;0.4573684210526284;1.4584210526315808
1687958078;0.021578947368317655;0.03315789473684785;0;0;0.01736842105263186;0.009473684210525926;0.4615789473684201;1.4526315789473636
1687958079;0.022631578947383737;0.03263157894736866;0;0;0.017368421052631488;0.008421052631578767;0.4647368421052653;1.4473684210526554
1687958080;0.02000000000005361;0.040526315789466735;0;0;0.018947368421052976;0.008947368421052721;0.46842105263157774;1.4378947368421138
1687958081;0.02000000000005361;0.038421052631573915;0;0;0.017894736842105442;0.00999999999999988;0.46789473684210453;1.4410526315789292
1687958082;0.021578947368509127;0.036842105263154304;0;0;0.018421052631579022;0.00999999999999988;0.4710526315789437;1.4347368421052504
1687958083;0.0221052631579943;0.03578947368420789;0;0;0.018421052631579022;0.010000000000000628;0.47052631578947657;1.438421052631599
1687958084;0.02052631578944305;0.036315789473681095;0;0;0.018421052631579022;0.009473684210527421;0.4689473684210569;1.4410526315789292
1687958085;0.02157894736841339;0.036842105263160285;0;0;0.018421052631579022;0.008947368421053469;0.4694736842105301;1.4394736842105216
1687958086;0.019473684210472703;0.038421052631573915;0;0;0.01842105263157902;0.005789473684211245;0.4699999999999973;1.4421052631578994
1687958087;0.01894736842098753;0.04105263157894593;0;0;0.01842105263157902;0.005789473684211245;0.4752631578947354;1.4336842105263041
1687958088;0.017894736842017187;0.04210526315789234;0;0;0.0189473684210526;0.005789473684211245;0.47842105263157464;1.4289473684210572
1687958089;0.01578947368417223;0.039473684210526314;0;0;0.017894736842105442;0.004736842105263338;0.4852631578947323;1.427894736842087
1687958090;0.015789473684267967;0.0400000000000055;0;0;0.018421052631579022;0.005263157894736543;0.48631578947368465;1.4263157894736793
1687958091;0.013684210526423013;0.04157894736842512;0;0;0.016315789473683957;0.00526315789473729;0.48736842105263706;1.4284210526315722
1687958092;0.013684210526423013;0.0400000000000055;0;0;0.016315789473683957;0.00526315789473729;0.4852631578947383;1.4321052631578965
1687958093;0.015263157894878532;0.03894736842105909;0;0;0.017894736842105068;0.006842105263158402;0.4763157894736818;1.4368421052631435
1687958094;0.015789473684267967;0.035789473684213875;0;0;0.016842105263157908;0.005789473684210495;0.47315789473684255;1.443684210526307
1687958095;0.017368421052723487;0.034736842105267465;0;0;0.016842105263157908;0.005789473684210495;0.471578947368423;1.4473684210526314
1687958096;0.018421052631598094;0.034736842105261484;0;0;0.016842105263157908;0.009473684210525926;0.4700000000000033;1.4442105263157923
1687958097;0.018947368421083265;0.032105263157895456;0;0;0.015263157894736796;0.01263157894736815;0.4673684210526253;1.446315789473685
1687958098;0.017368421052627748;0.03263157894736866;0;0;0.014210526315789639;0.01263157894736815;0.46210526315789924;1.4526315789473636
1687958099;0.018421052631598094;0.03000000000000263;0;0;0.014210526315789262;0.01368421052631531;0.46684210526315806;1.4468421052631464
1687958100;0.0194736842104727;0.029473684210529427;0;0;0.014736842105263217;0.012105263157894198;0.46157894736842603;1.4521052631579023
1687958101;0.017894736842017187;0.031052631578955027;0;0;0.013684210526316059;0.012105263157894198;0.4605263157894737;1.4542105263157952
1687958102;0.016842105263046837;0.032631578947374645;0;0;0.014736842105263217;0.011578947368420243;0.45842105263157484;1.456315789473688
1687958103;0.01578947368417223;0.03421052631579426;0;0;0.015263157894736796;0.012631578947368152;0.4605263157894677;1.4494736842105482
1687958104;0.015263157894782796;0.034210526315788276;0;0;0.014210526315789262;0.012631578947368152;0.4600000000000004;1.4521052631579023
1687958105;0.017368421052723484;0.034736842105267465;0;0;0.015263157894736798;0.012631578947368152;0.456315789473682;1.4494736842105245
1687958106;0.017368421052723484;0.03473684210526148;0;0;0.015263157894736798;0.014210526315789264;0.4552631578947416;1.4531578947368247
1687958107;0.031578947368535934;0.04210526315789832;0;0;0.014736842105263218;0.014736842105262469;0.45315789473684276;1.4326315789473818
1687958108;0.04578947368425265;0.04842105263158277;0;0;0.013684210526315684;0.014210526315789264;0.4468421052631584;1.4184210526315932
1687958109;0.04421052631579713;0.07157894736842177;0;0;0.013157894736842105;0.018947368421053348;0.43947368421052746;1.4005263157894563
1687958110;0.04894736842106795;0.09368421052632034;0;0;0.014736842105263218;0.02157894736842087;0.43210526315789066;1.3715789473684181
1687958111;0.04894736842106794;0.11842105263157893;0;0;0.014736842105263217;0.028421052631578528;0.4242105263157926;1.3473684210526267
1687958112;0.04736842105261243;0.12315789473683181;0;0;0.013684210526316059;0.02736842105263137;0.42947368421053056;1.3415789473684334
1687958113;0.04894736842106795;0.12421052631578419;0;0;0.014210526315789639;0.028421052631579274;0.43473684210526264;1.3331578947368623
1687958114;0.047368421052612436;0.1252631578947306;0;0;0.014210526315789639;0.031052631578947547;0.43473684210526264;1.3289473684210766
1687958115;0.047368421052708165;0.12578947368420382;0;0;0.015263157894736796;0.028421052631579274;0.4415789473684203;1.3242105263157817
1687958116;0.046842105263222994;0.126315789473683;0;0;0.014736842105263217;0.025789473684210258;0.4473684210526315;1.3173684210526182
1687958117;0.05000000000003829;0.12157894736841818;0;0;0.015263157894736796;0.025789473684210258;0.453684210526316;1.314736842105264
1687958118;0.04999999999994255;0.11894736842105214;0;0;0.01578947368421075;0.024210526315789144;0.4531578947368368;1.3189473684210498
1687958119;0.05263157894736842;0.11894736842105214;0;0;0.015263157894736794;0.0247368421052631;0.4573684210526284;1.3110526315789635
1687958120;0.05473684210530911;0.11736842105262654;0;0;0.015263157894736794;0.0247368421052631;0.45894736842105405;1.3110526315789397
1687958121;0.05473684210530911;0.11736842105262654;0;0;0.013684210526316059;0.0247368421052631;0.45789473684210763;1.3105263157894784
1687958122;0.05473684210530911;0.11894736842105215;0;0;0.012631578947368525;0.02368421052631519;0.4526315789473696;1.3173684210526182
1687958123;0.05315789473685359;0.12210526315789737;0;0;0.014210526315789639;0.02368421052631519;0.4526315789473636;1.3136842105262936
1687958124;0.054210526315728196;0.11842105263157894;0;0;0.012631578947368525;0.02421052631578914;0.45421052631579517;1.3184210526315645
1687958125;0.059999999999969356;0.1152631578947397;0;0;0.014210526315789264;0.02473684210526235;0.45578947368420886;1.3105263157895024
1687958126;0.04684210526303152;0.10684210526315646;0;0;0.014736842105262842;0.024210526315789144;0.4557894736842088;1.3331578947368383
1687958127;0.03157894736834446;0.10210526315789761;0;0;0.014210526315789264;0.024210526315789144;0.46000000000000046;1.3494736842105195
1687958128;0.03210526315782963;0.08157894736841866;0;0;0.013684210526315684;0.018947368421051852;0.4678947368420985;1.3668421052631712
1687958129;0.026315789473588473;0.059999999999999276;0;0;0.01210526315789457;0.015789473684210374;0.47842105263157464;1.3936842105263167
1687958130;0.030526315789374116;0.039473684210526314;0;0;0.014210526315789637;0.011578947368420993;0.4889473684210507;1.4015789473684506
1687958131;0.034210526315770325;0.035789473684213875;0;0;0.013684210526315684;0.01105263157894704;0.484736842105265;1.4063157894736975
1687958132;0.03210526315792537;0.04210526315789832;0;0;0.012105263157894572;0.010526315789473085;0.47789473684210737;1.409473684210513
1687958133;0.03210526315792537;0.04684210526315718;0;0;0.012631578947368525;0.008947368421051972;0.4800000000000002;1.4036842105262957
1687958134;0.033684210526285153;0.04947368421052919;0;0;0.012105263157894945;0.008421052631578767;0.476842105263161;1.4031578947368344
1687958135;0.040000000000011485;0.0636842105263177;0;0;0.012631578947368525;0.01052631578947458;0.4710526315789497;1.387368421052638
1687958136;0.039473684210526314;0.08105263157894545;0;0;0.014736842105263218;0.012105263157895695;0.4705263157894706;1.3684210526315788
1687958137;0.040526315789496656;0.08052631578947224;0;0;0.01315789473684173;0.012105263157895695;0.4663157894736909;1.3731578947368497
1687958138;0.04105263157907757;0.08421052631579067;0;0;0.014210526315789264;0.0126315789473689;0.4673684210526313;1.3684210526315548
1687958139;0.04526315789476748;0.08578947368421028;0;0;0.015789473684210374;0.0126315789473689;0.47210526315789614;1.3552631578947607
1687958140;0.049999999999942556;0.0894736842105347;0;0;0.015789473684210374;0.014736842105263217;0.476842105263161;1.342631578947332
1687958141;0.055263157894698545;0.08578947368421627;0;0;0.01578947368421075;0.01631578947368433;0.48157894736841983;1.3342105263157844
1687958142;0.06210526315791005;0.08105263157895143;0;0;0.014736842105263217;0.01631578947368433;0.47947368421052694;1.3336842105263473
1687958143;0.062105263157910054;0.08210526315789785;0;0;0.015789473684210374;0.017894736842105442;0.48210526315789304;1.3263157894736985
1687958144;0.05947368421048419;0.08473684210526387;0;0;0.014736842105263591;0.01631578947368433;0.4815789473684199;1.3305263157894602
1687958145;0.062105263157910054;0.08736842105263588;0;0;0.01473684210526359;0.01631578947368433;0.4910526315789495;1.3178947368421032
1687958146;0.06473684210533592;0.0868421052631567;0;0;0.01473684210526359;0.01631578947368433;0.4926315789473691;1.3100000000000172
1687958147;0.06421052631585074;0.08842105263158229;0;0;0.01526315789473717;0.017368421052632234;0.49684210526316075;1.3047368421052612
1687958148;0.06421052631585074;0.09052631578946913;0;0;0.01526315789473717;0.018421052631579393;0.4926315789473751;1.3042105263158
1687958149;0.06421052631585075;0.0889473684210555;0;0;0.013157894736842105;0.016315789473685078;0.4889473684210507;1.3157894736841866
1687958150;0.06526315789472535;0.08789473684210909;0;0;0.013684210526316059;0.016315789473685078;0.49210526315788994;1.3110526315789397
1687958151;0.06842105263154065;0.08105263157894545;0;0;0.014736842105263215;0.016842105263158283;0.49526315789473513;1.312631578947395
1687958152;0.07315789473681146;0.07473684210526699;0;0;0.014210526315789264;0.020000000000000507;0.49210526315789593;1.3152631578947491
1687958153;0.07368421052629665;0.07736842105263302;0;0;0.014210526315789264;0.021052631578947666;0.4926315789473691;1.3084210526315856
1687958154;0.07631578947362677;0.07842105263157942;0;0;0.014210526315789264;0.018421052631578647;0.48947368421052984;1.3100000000000172
1687958155;0.12210526315787942;0.10947368421052846;0;0;0.01157894736842099;0.016842105263157534;0.4663157894736849;1.2610526315789492
1687958156;0.1689473684211024;0.15789473684211125;0;0;0.011052631578947411;0.016842105263157534;0.4436842105263131;1.1868421052631675
1687958157;0.20052631578944685;0.1878947368421019;0;0;0.009473684210526299;0.02105263157894692;0.43157894736841745;1.1342105263157989
1687958158;0.24315789473678848;0.21789473684210453;0;0;0.007894736842105187;0.02210526315789408;0.4131578947368373;1.0784210526315674
1687958159;0.3357894736842641;0.2126315789473605;0;0;0.007894736842105187;0.020526315789473712;0.3889473684210519;1.0147368421052736
1687958160;0.4326315789473339;0.2126315789473605;0;0;0.007894736842104814;0.0189473684210526;0.36368421052632005;0.9473684210526554
1687958161;0.5294736842104995;0.2126315789473605;0;0;0.007894736842104814;0.0189473684210526;0.34157894736842154;0.8752631578947185
1687958162;0.6257894736841798;0.2121052631578873;0;0;0.006842105263157655;0.016842105263157534;0.31789473684210934;0.8073684210526393
1687958163;0.7236842105263157;0.20894736842104805;0;0;0.006315789473683702;0.01631578947368433;0.2931578947368447;0.7384210526315895
1687958164;0.8210526315789666;0.20526315789472965;0;0;0.005789473684210122;0.01631578947368433;0.2621052631578957;0.6747368421052478
1687958165;0.9199999999999771;0.20315789473683682;0;0;0.005789473684210122;0.01631578947368433;0.2357894736842115;0.6068421052631445
1687958166;1.0205263157894429;0.1978947368420988;0;0;0.005263157894736543;0.015263157894736423;0.20947368421052726;0.5368421052631482
1687958167;1.1215789473683944;0.19368421052631316;0;0;0.005263157894736543;0.014736842105263218;0.1889473684210483;0.46315789473685165
1687958168;1.2168421052631042;0.19105263157894115;0;0;0.004736842105262963;0.014210526315789264;0.16684210526315574;0.3894736842105311
1687958169;1.314210526315755;0.19105263157894115;0;0;0.0042105263157890096;0.014210526315789264;0.14315789473684354;0.3194736842105349
1687958170;1.4121052631578908;0.19052631578946794;0;0;0.003157894736841851;0.013157894736842105;0.11736842105263252;0.2463157894736756
1687958171;1.5110526315789015;0.19052631578946794;0;0;0.0026315789473682714;0.008947368421052721;0.09473684210526076;0.17684210526316457
1687958172;1.610526315789493;0.18210526315789066;0;0;0.0015789473684207384;0.007368421052631608;0.06999999999999616;0.11368421052633206
1687958173;1.6973684210526314;0.16631578947367653;0;0;0.0015789473684211124;0.007368421052631608;0.055789473684207655;0.059473684210508124
1687958174;1.750526315789485;0.11789473684209975;0;0;0.0015789473684211124;0.007368421052631608;0.05473684210526124;0.0542105263158
1687958175;1.802105263157883;0.06736842105262415;0;0;0.0015789473684211124;0.007368421052631608;0.05473684210526124;0.054210526315800006
1687958176;1.8689473684209683;0.033684210526315074;0;0;0.0015789473684211124;0.0021052631578950655;0.038947368421059086;0.041578947368419134
1687958177;1.9221052631579176;0.002105263157892822;0;0;0.0015789473684211124;0.0010526315789479068;0.02894736842105622;0.032105263157877505
1687958178;1.9242105263157625;0.002105263157892822;0;0;0.0015789473684211124;0.0005263157894739534;0.02842105263157703;0.03315789473684785
1687958179;1.923157894736888;0.002105263157892822;0;0;0.0010526315789475328;0.0005263157894739534;0.02842105263157703;0.033157894736823915
1687958180;1.9194736842105873;0.002105263157892822;0;0;0.0005263157894739534;0.0005263157894739534;0.028947368421050237;0.035263157894716735
1687958181;1.9226315789474029;0.0015789473684196167;0;0;0.0005263157894739534;0.0005263157894739534;0.027894736842103827;0.033157894736823915
1687958182;1.9247368421052478;0.0015789473684196167;0;0;0.0005263157894739534;0.0005263157894739534;0.026842105263157418;0.031052631578931088
1687958183;1.9252631578948285;0.0015789473684196167;0;0;0.0010526315789479068;0.0005263157894739534;0.027894736842103827;0.030000000000008617
1687958184;1.9247368421052478;0.001052631578946411;0;0;0.0010526315789479068;0.0005263157894739534;0.02842105263157703;0.03052631578946985
1687958185;1.9273684210526736;0.0015789473684196167;0;0;0.0010526315789479068;0.0005263157894739534;0.02736842105263062;0.030000000000008617
1687958186;1.9294736842105185;0.0015789473684196167;0;0;0.0010526315789479068;0.0005263157894739534;0.0252631578947378;0.028947368421038268
1687958187;1.9321052631579443;0.0015789473684196167;0;0;0.0010526315789479068;0.0005263157894739534;0.02473684210526459;0.02842105263157703
1687958188;1.9289473684210334;0.001052631578946411;0;0;0.0010526315789479068;0.0005263157894739534;0.0242105263157854;0.02842105263157703
1687958189;1.9300000000000037;0.001052631578946411;0;0;0.0010526315789479068;0.0005263157894739534;0.02631578947368421;0.030000000000008617
1687958190;1.9278947368421586;0.001052631578946411;0;0;0.0010526315789479068;0.0005263157894739534;0.025789473684211004;0.02999999999998468
1687958191;1.9284210526315482;0.001052631578946411;0;0;0.0010526315789479068;0.0005263157894739534;0.0252631578947378;0.030000000000008617
1687958192;1.9331578947368189;0.0005263157894732055;0;0;0.0005263157894739534;0.0005263157894739534;0.021578947368419376;0.03210526315790144
1687958193;1.9315789473684593;0.0005263157894732055;0;0;0.0005263157894739534;0.001052631578947159;0.02157894736842536;0.033684210526285153
1687958194;1.9300000000000037;0.0005263157894732055;0;0;0.0005263157894739534;0.0015789473684211124;0.022105263157898566;0.035263157894716735
1687958195;1.9305263157894887;0.0005263157894732055;0;0;0.0005263157894739534;0.002105263157895066;0.022631578947365786;0.03526315789474067
1687958196;1.9300000000000037;0.0005263157894732055;0;0;0.0005263157894739534;0.002105263157895066;0.02263157894736579;0.035789473684225845
1687958197;1.9321052631579443;0.0005263157894732055;0;0;0.0005263157894739534;0.002105263157895066;0.02105263157894617;0.032631578947362676
1687958198;1.9315789473684593;0.0005263157894732055;0;0;0.0005263157894739534;0.0026315789473682714;0.02157894736842536;0.031578947368416266
1687958199;1.9326315789472381;0.0005263157894732055;0;0;0.0005263157894739534;0.0036842105263154303;0.02263157894737177;0.031052631578955027
1687958200;1.9321052631579443;0.0005263157894732055;0;0;0.0005263157894739534;0.004736842105262589;0.02210526315789258;0.031578947368416266
1687958201;1.931052631578974;0.0005263157894732055;0;0;0.0005263157894739534;0.004736842105262589;0.02210526315789258;0.031578947368416266
1687958202;1.9315789473683633;0.0005263157894732055;0;0;0.0005263157894735795;0.004736842105262589;0.021578947368419376;0.03210526315790144
1687958203;1.9315789473683636;0.0005263157894732055;0;0;0.0005263157894735795;0.005263157894736543;0.023157894736844976;0.0321052631578775
1687958204;1.930526315789489;0;0;0;0.0005263157894735795;0.005789473684210495;0.02368421052631818;0.03421052631579426
1687958205;1.9289473684210332;0;0;0;0.0005263157894735795;0.005263157894736543;0.02473684210526459;0.03315789473684785
1687958206;1.9278947368420631;0;0;0;0.0005263157894735795;0.005263157894736543;0.0252631578947378;0.033684210526309086
1687958207;1.9326315789473338;0;0;0;0.0005263157894735795;0.005263157894736543;0.0252631578947378;0.03315789473684785
1687958208;1.9300000000000037;0;0;0;0.0005263157894735795;0.005789473684210495;0.02631578947368421;0.031578947368416266
1687958209;1.9294736842105187;0;0;0;0.0005263157894735795;0.006315789473683702;0.0268421052631634;0.031578947368416266
1687958210;1.925789473684314;0;0;0;0.0005263157894735795;0.006842105263157655;0.02631578947369019;0.03421052631579426
1687958211;1.9284210526316439;0;0;0;0.0005263157894735795;0.007894736842104814;0.02631578947369019;0.030526315789493788
1687958212;1.930526315789489;0;0;0;0.0005263157894735795;0.007368421052631609;0.0252631578947378;0.030000000000008614
1687958213;1.929999999999908;0;0;0;0.0005263157894735795;0.006842105263157655;0.025789473684211004;0.030000000000008614
1687958214;1.9289473684211291;0;0;0;0.0005263157894735795;0.006315789473683702;0.02473684210526459;0.02947368421052344
1687958215;1.9289473684210334;0.0005263157894732055;0;0;0.0005263157894735795;0.006842105263157655;0.02421052631579139;0.030000000000008614
1687958216;1.9294736842105187;0.0005263157894732055;0;0;0.0005263157894735795;0.007368421052631609;0.0252631578947378;0.031052631578955027
1687958217;1.9310526315788783;0.0005263157894732055;0;0;0.0005263157894735795;0.006842105263158402;0.02473684210525861;0.031052631578955027
1687958218;1.9310526315790697;0.0005263157894732055;0;0;0.0005263157894735795;0.00631578947368445;0.02315789473683899;0.030526315789493788
1687958219;1.929999999999908;0.0005263157894732055;0;0;0.0005263157894735795;0.005789473684211244;0.0236842105263122;0.03210526315790144
1687958220;1.928421052631644;0.0005263157894732055;0;0;0.0005263157894735795;0.0063157894736851974;0.024210526315791386;0.03315789473687178
1687958221;1.9289473684210332;0.0005263157894732055;0;0;0;0.007368421052632357;0.023157894736844976;0.034210526315770325
1687958222;1.9278947368422545;0.0005263157894732055;0;0;0;0.006842105263158403;0.021578947368419376;0.03684210526319619
1687958223;1.9236842105262775;0.0021052631578988056;0;0;0;0.006842105263158403;0.02263157894737177;0.035263157894740674
1687958224;1.925789473684314;0.0021052631578988056;0;0;0;0.006842105263158403;0.02315789473684498;0.037368421052633494
1687958225;1.9247368421052478;0.0021052631578988056;0;0;0;0.006842105263158403;0.02263157894737177;0.036842105263172255
1687958226;1.9221052631580133;0.0021052631578988056;0;0;0;0.006842105263158403;0.023157894736844976;0.03789473684209473
1687958227;1.9231578947367922;0.0021052631578988056;0;0;0.0005263157894735795;0.006842105263157655;0.02105263157894617;0.03894736842104114
1687958228;1.922631578947307;0.0021052631578988056;0;0;0.0005263157894735795;0.00631578947368445;0.0221052631578866;0.038421052631579904
1687958229;1.9231578947367922;0.0021052631578988056;0;0;0.0005263157894735795;0.006315789473683702;0.0242105263157854;0.0389473684210172
1687958230;1.920526315789462;0.0021052631578988056;0;0;0.0005263157894735795;0.005263157894736543;0.024210526315785404;0.039473684210526314
1687958231;1.9215789473684324;0.0021052631578988056;0;0;0.0005263157894735795;0.005263157894736543;0.02473684210525861;0.03947368421055025
1687958232;1.923157894736888;0.0021052631578988056;0;0;0.0005263157894735795;0.005263157894736543;0.02368421052631818;0.038947368421065075
1687958233;1.9231578947367922;0.0021052631578988056;0;0;0.0005263157894735795;0.005789473684210496;0.025789473684211004;0.039473684210526314
1687958234;1.9236842105262775;0.0015789473684256002;0;0;0.0005263157894735795;0.005263157894736543;0.02473684210526459;0.040526315789472724
1687958235;1.922631578947307;0.0015789473684256002;0;0;0.0005263157894735795;0.005263157894735795;0.0252631578947378;0.039473684210526314
1687958236;1.9221052631580133;0.0015789473684256002;0;0;0.0005263157894735795;0.005263157894735795;0.024210526315791386;0.039473684210526314
1687958237;1.922631578947307;0.0015789473684256002;0;0;0.0005263157894735795;0.005263157894736543;0.02368421052631818;0.039473684210502374
1687958238;1.9215789473684324;0.0015789473684256002;0;0;0.0005263157894735795;0.005263157894736543;0.02473684210526459;0.0384210526315799
1687958239;1.922631578947307;0.0015789473684256002;0;0;0.0005263157894735795;0.004736842105262589;0.025263157894731814;0.039473684210502374
1687958240;1.9194736842104918;0.0015789473684256002;0;0;0.0005263157894735795;0.0036842105263154303;0.02578947368420502;0.039473684210526314
1687958241;1.9231578947367922;0.0015789473684256002;0;0;0.0005263157894735795;0.0036842105263154303;0.025263157894731814;0.037368421052609554
1687958242;1.9278947368421586;0;0;0;0.0005263157894735795;0.003157894736841477;0.02315789473683301;0.037368421052633494
1687958243;1.924736842105152;0;0;0;0.0005263157894735795;0.003157894736841477;0.02368421052631818;0.036842105263172255
1687958244;1.9273684210526736;0;0;0;0.0005263157894735795;0.003157894736841477;0.023157894736844976;0.037894736842094726
1687958245;1.9289473684209377;0;0;0;0.0005263157894735795;0.003157894736841477;0.02263157894737177;0.035789473684201906
1687958246;1.9310526315790697;0;0;0;0;0.0026315789473682714;0.02315789473684498;0.03421052631579426
1687958247;1.9326315789474298;0;0;0;0;0.0026315789473682714;0.021052631578952152;0.034736842105279435
1687958248;1.9326315789473338;0;0;0;0;0.0021052631578950655;0.020526315789472963;0.03368421052633302
1687958249;1.9331578947368189;0;0;0;0;0.0021052631578950655;0.020526315789472966;0.03473684210523156
1687958250;1.9310526315788783;0;0;0;0;0.002631578947369019;0.020526315789472963;0.032631578947338744
1687958251;1.9331578947369148;0;0;0;0;0.002631578947369019;0.02052631578946698;0.032105263157877505
1687958252;1.9321052631578488;0;0;0;0;0.0021052631578950655;0.018947368421047366;0.033157894736823915
1687958253;1.931052631578974;0.0005263157894732055;0;0;0;0.0021052631578950655;0.02210526315789258;0.032631578947338744
1687958254;1.9305263157894887;0.0005263157894732055;0;0;0;0.002105263157895066;0.01999999999999976;0.03315789473684785
1687958255;1.9310526315788783;0.0005263157894732055;0;0;0;0.0026315789473690195;0.02105263157894617;0.03315789473684785
1687958256;1.9315789473684593;0.0005263157894732055;0;0;0;0.0026315789473682714;0.022105263157898566;0.03315789473684785
1687958257;1.9336842105263041;0.0005263157894732055;0;0;0;0.002105263157894318;0.020526315789478947;0.033684210526309086
1687958258;1.9315789473684593;0.0005263157894732055;0;0;0;0.0026315789473682714;0.02052631578947895;0.03315789473684785
1687958259;1.9326315789474295;0.0005263157894732055;0;0;0.0005263157894735795;0.0036842105263161784;0.020526315789478947;0.03473684210527943
1687958260;1.9284210526315482;0.0005263157894732055;0;0;0.0005263157894735795;0.004210526315789383;0.02157894736842536;0.036842105263172255
1687958261;1.9273684210525779;0.0005263157894732055;0;0;0.0005263157894735795;0.004210526315789383;0.022105263157898566;0.035789473684201906
1687958262;1.9294736842105185;0.0005263157894732055;0;0;0.0005263157894735795;0.004210526315789383;0.02105263157894019;0.035789473684201906
1687958263;1.9273684210525779;0.0005263157894732055;0;0;0.0005263157894735795;0.004210526315789383;0.02210526315789258;0.03631578947368708
1687958264;1.9273684210526736;0.0005263157894732055;0;0;0.0005263157894735795;0.004210526315789383;0.021578947368419376;0.03631578947368708
1687958265;1.9257894736841223;0.0005263157894732055;0;0;0.0005263157894735795;0.004210526315789383;0.02105263157894617;0.037368421052633494
1687958266;1.9263157894736076;0.0005263157894732055;0;0;0.0005263157894735795;0.004210526315789383;0.02105263157894617;0.037894736842094726
1687958267;1.9289473684211291;0.0005263157894732055;0;0;0.0005263157894735795;0.004210526315789383;0.02105263157894617;0.03684210526314832
1687958268;1.9284210526315482;0.0005263157894732055;0;0;0.0005263157894735795;0.004210526315789383;0.022105263157898566;0.035789473684225845
1687958269;1.928642845866423;0.0005262327000995057;0;0;0.0005262327000998796;0.003683628900699531;0.02210177340420317;0.0373625217071008
1687958270;1.9268421052630926;0.0005263157894732055;0;0;0.0005263157894735795;0.0036842105263154303;0.023157894736844976;0.037894736842094726
1687958271;1.9278947368421588;0.0005263157894732055;0;0;0.0005263157894735795;0.0036842105263154303;0.02315789473684498;0.036842105263172255
1687958272;1.9294736842105187;0;0;0;0.0005263157894735795;0.0036842105263154303;0.01999999999999976;0.035789473684225845
1687958273;1.9294736842106142;0;0;0;0.0005263157894735795;0.0036842105263154303;0.021578947368419376;0.036842105263172255
1687958274;1.931052631578974;0;0;0;0.0005263157894735795;0.003157894736841477;0.021578947368419376;0.03684210526314832
1687958275;1.9310526315788783;0;0;0;0.0005263157894735795;0.0026315789473682714;0.021052631578940186;0.036842105263172255
1687958276;1.930526315789489;0;0;0;0.0005263157894735795;0.0026315789473682714;0.021052631578940186;0.035789473684225845
1687958277;1.934736842105179;0;0;0;0.0005263157894735795;0.002105263157894318;0.020526315789472966;0.03421052631579426
1687958278;1.9347368421052744;0;0;0;0;0.001052631578946411;0.02105263157894617;0.031052631578931088
1687958279;1.9368421052631195;0;0;0;0;0.0005263157894732055;0.020526315789472963;0.029473684210499507
1687958280;1.93631578947373;0;0;0;0;0.0005263157894732055;0.022105263157898566;0.030526315789469852
1687958281;1.9368421052632152;0;0;0;0;0.0005263157894732055;0.02157894736842536;0.028947368421038268
1687958282;1.9368421052632154;0;0;0;0;0.0005263157894732055;0.02105263157894617;0.02947368421052344
1687958283;1.9342105263157894;0;0;0;0;0.0005263157894732055;0.02210526315789258;0.030526315789493788
1687958284;1.9357894736841492;0;0;0;0;0.0005263157894732055;0.02210526315789258;0.031052631578931088
1687958285;1.9347368421053703;0;0;0;0;0.0005263157894732055;0.023157894736844976;0.030000000000008614
1687958286;1.9336842105262084;0;0;0;0;0.0005263157894732055;0.022105263157898566;0.029473684210547375
1687958287;1.935789473684245;0;0;0;0;0.0005263157894732055;0.021578947368419376;0.029999999999984678
1687958288;1.9355687740169731;0;0;0;0;0.0005263989050897987;0.0215823551086997;0.030004737590154436
1687958289;1.9347368421052744;0;0;0;0;0.001052631578947159;0.021578947368419376;0.029473684210523442
1687958290;1.933157894736819;0;0;0;0;0.001052631578947159;0.02315789473684498;0.030000000000008617
1687958291;1.9336842105263043;0;0;0;0;0.001052631578947159;0.02368421052631818;0.029473684210547378
1687958292;1.935263157894664;0;0;0;0;0.0005263157894739534;0.02315789473684498;0.028947368421038268
1687958293;1.9315789473683633;0;0;0;0;0.0005263157894739534;0.02315789473684498;0.0289473684210622
1687958294;1.9326315789473338;0;0;0;0;0.0005263157894739534;0.02368421052631818;0.02947368421052344
1687958295;1.9347368421052744;0;0;0;0;0.0005263157894739534;0.02421052631579139;0.030000000000008614
1687958296;1.9342105263157894;0;0;0;0;0.0005263157894739534;0.02368421052631818;0.030526315789469856
1687958297;1.9342105263157894;0;0;0;0.0005263157894735795;0.0005263157894739534;0.02315789473684498;0.029473684210547378
1687958298;1.9347368421052744;0;0;0;0.0005263157894735795;0.0005263157894739534;0.02473684210526459;0.029473684210547375
1687958299;1.9342105263156935;0;0;0;0.0005263157894735795;0.0005263157894739534;0.024210526315785404;0.029473684210547378
1687958300;1.9336842105263041;0;0;0;0.0005263157894735795;0.0010526315789479068;0.025263157894731814;0.031578947368416266
1687958301;1.9342105263157894;0;0;0;0.0005263157894735795;0.0010526315789479068;0.024210526315785404;0.028947368421062204
1687958302;1.9368421052632152;0;0;0;0.0005263157894735795;0.0010526315789479068;0.02315789473683899;0.028947368421038268
1687958303;1.935789473684245;0;0;0;0.0005263157894735795;0.0015789473684218601;0.024210526315785404;0.028421052631600968
1687958304;1.9368421052631195;0;0;0;0.0005263157894735795;0.0015789473684218601;0.0236842105263122;0.029473684210523442
1687958305;1.9363157894736345;0;0;0;0.0005263157894735795;0.0015789473684218601;0.02421052631579139;0.029473684210523442
1687958306;1.935789473684245;0;0;0;0.0005263157894735795;0.0021052631578958136;0.02368421052631818;0.028947368421062204
1687958307;1.9368421052631195;0;0;0;0.0005263157894735795;0.0021052631578958136;0.02263157894737177;0.027894736842091858
1687958308;1.9363157894736345;0;0;0;0.0005263157894735795;0.0015789473684218601;0.0252631578947378;0.02736842105265455
1687958309;1.9368421052632154;0;0;0;0.0005263157894735795;0.0015789473684218601;0.02473684210525861;0.02736842105263062
1687958310;1.935789473684245;0;0;0;0.0005263157894735795;0.0015789473684218601;0.0252631578947378;0.02894736842103827
1687958311;1.93631578947373;0;0;0;0.0005263157894735795;0.0015789473684218601;0.024736842105264594;0.02947368421052344
1687958312;1.9368421052632154;0;0;0;0.0005263157894735795;0.0015789473684218601;0.02368421052631818;0.030526315789469852
1687958313;1.9342105263158853;0;0;0;0.0005263157894735795;0.002105263157895066;0.024210526315791386;0.031578947368416266
1687958314;1.9336842105263043;0;0;0;0.0005263157894735795;0.002105263157895066;0.02473684210526459;0.029999999999984678
1687958315;1.9321052631579443;0;0;0;0.0005263157894735795;0.0026315789473690195;0.02578947368420502;0.029999999999984678
1687958316;1.930526315789489;0.0036842105263184223;0;0;0;0.003157894736842225;0.0252631578947378;0.030526315789469856
1687958317;1.9226315789474029;0.009473684210529666;0;0;0;0.003157894736842225;0.02421052631579139;0.031052631578931088
1687958318;1.855789473684222;0.00210526315789258;0;0;0.0005263157894735795;0.004736842105264085;0.02421052631579378;0.035263157894716735
1687958319;1.8273684210525971;0.00315789473683899;0;0;0.0010526315789475328;0.004210526315790132;0.02789473684211196;0.035789473684225845
1687958320;1.825789473684237;0.00315789473683899;0;0;0.0010526315789475328;0.004210526315790132;0.0210526315789510;0.037894736842094726
1687958321;1.824736842105171;0.00315789473683899;0;0;0.0010526315789475328;0.004210526315790132;0.0215789473684244;0.03631578947368708
1687958322;1.8263157894737225;0.00315789473683899;0;0;0.0010526315789475328;0.0036842105263161784;0.0210526315789512;0.036315789473687084
1687958323;1.824736842105171;0.000684210526312196;0;0;0.0010526315789475328;0.004210526315789383;0.0210526315789452;0.037368421052633494
1687958324;1.8247368421053625;0.003684210526312196;0;0;0.0010526315789475328;0.004210526315789383;0.01999999999999282;0.037368421052633494
1687958325;1.8257894736842373;0.003684210526312196;0;0;0.0010526315789475328;0.0036842105263154303;0.02052631578947199;0.038421052631579904
1687958326;1.8257894736842373;0.003684210526312196;0;0;0.0010526315789475328;0.0036842105263154303;0.0210526315789452;0.039473684210550246
1687958327;1.8273684210525971;0.003684210526312196;0;0;0.0010526315789475328;0.0036842105263154303;0.02684210526315956;0.039473684210526314
1687958328;1.8294736842105377;0.003684210526312196;0;0;0.0010526315789475328;0.0036842105263154303;0.02578947368421316;0.03842105263155597
1687958329;1.8278947368420821;0.003684210526312196;0;0;0.0010526315789475328;0.0036842105263154303;0.02789473684209998;0.037894736842094726
1687958330;1.8257894736841416;0.003684210526312196;0;0;0.0010526315789475328;0.0036842105263154303;0.02947368421051961;0.03789473684209473
1687958331;1.825789473684237;0.003684210526312196;0;0;0.0015789473684211124;0.0036842105263154303;0.02052631578946603;0.037894736842094726
1687958332;1.812631578947395;0.00473684210526459;0;0;0.0015789473684211124;0.003157894736842225;0.02578947368421004;0.04315789473685072
1687958333;1.8078947368421243;0.00473684210526459;0;0;0.0015789473684211124;0.004210526315789383;0.02526315789473684;0.04631578947368995
1687958334;1.8057894736841835;0.00473684210526459;0;0;0.0015789473684211124;0.0036842105263154303;0.02421052631579042;0.04736842105263636
1687958335;1.8084210526315139;0.00105263157894617;0;0;0.0015789473684211124;0.003157894736842225;0.02578947368420405;0.04736842105261243
1687958336;1.817368421052666;0.005263157894734926;0;0;0.0015789473684211124;0.003157894736842225;0.02473684210525765;0.04578947368422871
1687958337;1.8852631578948174;0.002631578947372011;0;0;0.001052631578947533;0.0015789473684203643;0.025263157894734447;0.04315789473682678
1687958338;1.912105263157891;0.0015789473684256002;0;0;0.0005263157894735795;0.0015789473684203643;0.020526315789469852;0.0415789473683952
1687958339;1.9121052631578908;0.0015789473684256002;0;0;0.0005263157894735795;0.0015789473684203643;0.02000000000000263;0.0410526315789579
1687958340;1.9110526315790162;0.0015789473684256002;0;0;0.0005263157894735795;0.002105263157894318;0.020526315789475837;0.04263157894736555
1687958341;1.9105263157894354;0.0015789473684256002;0;0;0.0005263157894735795;0.0026315789473682714;0.020526315789475837;0.04210526315788037
1687958342;1.9126315789474717;0.0010526315789523945;0;0;0.0005263157894735795;0.0026315789473682714;0.020526315789475837;0.04052631578944879
1687958343;1.9136842105262506;0.0010526315789523945;0;0;0.0005263157894735795;0.003157894736842225;0.022105263157895456;0.04105263157893396
1687958344;1.9099999999999502;0.0010526315789523945;0;0;0.0005263157894735795;0.003157894736842225;0.021578947368416266;0.03999999999998755
1687958345;1.9105263157894352;0.0010526315789523945;0;0;0.0005263157894735795;0.0036842105263154303;0.02210526315788947;0.04105263157893396
1687958346;1.9084210526316863;0.0010526315789523945;0;0;0.0005263157894735795;0.004210526315789383;0.02368421052631507;0.0415789473683952
1687958347;1.906842105263039;0.0015789473684256002;0;0;0.0005263157894735795;0.004736842105263338;0.024210526315788276;0.04263157894736555
1687958348;1.9089473684210754;0.0015789473684256002;0;0;0.0005263157894735795;0.004736842105263338;0.02157894736842225;0.04263157894736555
1687958349;1.9078947368421053;0.0015789473684256002;0;0;0.0005263157894735795;0.005789473684210495;0.02157894736842823;0.042631578947365543
1687958350;1.8715789473683941;0.002105263157895456;0;0;0.0005263157894735795;0.006842105263157655;0.024736842105267465;0.044210526315797125
1687958351;1.8742105263157243;0.007368421052633494;0;0;0.0005263157894735795;0.008421052631578767;0.029473684210523442;0.039473684210526314
1687958352;1.8394736842105646;0.005789473684213636;0;0;0.0005263157894735795;0.010526315789473833;0.0278947368421067;0.04842105263155884
1687958353;1.8268421052632076;0.007894736842106456;0;0;0.001052631578947159;0.012105263157894945;0.02315789473684473;0.05421052631582393
1687958354;1.8242105263158774;0.007894736842106456;0;0;0.001052631578947159;0.012105263157894945;0.02315789473684473;0.05578947368423158
1687958355;1.8226315789473262;0.007894736842106456;0;0;0.001052631578947159;0.0126315789473689;0.02421052631579114;0.05684210526315406
1687958356;1.822105263157841;0.007894736842106456;0;0;0.001052631578947159;0.013684210526316059;0.02368421052631196;0.05473684210528518
1687958357;1.8236842105263924;0.007894736842106456;0;0;0.0015789473684211124;0.013684210526316059;0.02368421052631195;0.05473684210528518
1687958358;1.8263157894736266;0.007894736842106456;0;0;0.0015789473684211124;0.013684210526316059;0.02157894736841315;0.055789473684207655
1687958359;1.8268421052631119;0.007894736842106456;0;0;0.0015789473684211124;0.013157894736842105;0.02210526315789234;0.05473684210526124
1687958360;1.8273684210525971;0.007894736842106456;0;0;0.0015789473684211124;0.01263157894736815;0.021578947368425115;0.055263157894722484
1687958361;1.8257894736842373;0.007894736842106456;0;0;0.0015789473684211124;0.0126315789473689;0.02052631578947871;0.055789473684207655
1687958362;1.8268421052632076;0.007894736842106456;0;0;0.0015789473684211124;0.012105263157894945;0.029473684210532295;0.055789473684207655
1687958363;1.8273684210526926;0.008421052631579665;0;0;0.0015789473684211124;0.01263157894736815;0.0200000000000055;0.05736842105263923
1687958364;1.825263157894752;0.008421052631579665;0;0;0.0015789473684211124;0.012105263157894945;0.02052631578947871;0.05684210526315406
1687958365;1.8257894736841416;0.008421052631579665;0;0;0.0015789473684211124;0.012105263157894945;0.021052631578945925;0.056315789473692826
1687958366;1.828421052631759;0.007894736842106456;0;0;0.0015789473684211124;0.01157894736842099;0.02999999999999952;0.056315789473692826
1687958367;1.8268421052631116;0.007894736842106456;0;0;0.0015789473684211124;0.01157894736842099;0.020526315789472724;0.05736842105266317
1687958368;1.829473684210442;0.007894736842106456;0;0;0.0015789473684211124;0.010526315789473833;0.029999999999993534;0.05736842105266317
1687958369;1.8652631578946677;0.007368421052636604;0;0;0.0010526315789475328;0.009473684210526676;0.025789473684207894;0.05578947368423158
1687958370;1.8763157894737608;0.00105263157894617;0;0;0.0010526315789475328;0.007894736842105562;0.025789473684207894;0.053684210526314835
1687958371;1.9157894736840957;0.0026315789473660275;0;0;0.0010526315789475328;0.004736842105263338;0.02684210526315143;0.043157894736874654
1687958372;1.9315789473684593;0.0005263157894732055;0;0;0.0005263157894739534;0.003157894736842225;0.021578947368419376;0.03578947368417797
1687958373;1.9278947368420631;0.001052631578946411;0;0;0.0010526315789479068;0.004210526315788636;0.023157894736844976;0.037894736842094726
1687958374;1.902631578947445;0.004210526315791627;0;0;0.0015789473684214863;0.003684210526314682;0.02657894736842225;0.0478947368420976
1687958375;1.8542105263157662;0.005263157894738038;0;0;0.003157894736842225;0.0036842105263154303;0.02663157894737153;0.07894736842105263
1687958376;1.7710526315788324;0.005263157894738038;0;0;0.005789473684210496;0.0036842105263154303;0.02610526315789808;0.07894736842104594
1687958377;1.704210526315843;0.00226842105263086;0;0;0.008947368421052721;0.006315789473683702;0.02605263157895143;0.07473684210524784
